-1.2378081118493443	-2.5403410180682875	0.18130953274194414	2549.491	2555.399075674201
-1.2378081118493443	-3.9983112898593633	0.02970928363994472	2548.6205	2548.857482537116
-1.69293078744224	-3.3758453175554934	0.08721093842541079	2618.8720000000003	2624.3046815221896
-1.69293078744224	-5.766098567298892	0.007548079153880369	2614.9049999999997	2615.3864429143105
-2.5068816416868627	-3.5842737167624827	0.06065971675300091	2459.779	2480.271457893082
-2.126261033679204	-3.0567966299807177	0.112061597821857	2633.465	2648.1887862220283
-1.4916971122775107	-2.5950526119985105	0.16328316817409058	2557.616	2563.6943537592106
-1.4916971122775107	-2.019573216162959	0.2836520554335433	2593.378	2614.6766672258836
-1.4916971122775107	-2.4496827520745565	0.3951038726263578	2632.8950000000004	2638.7602057210224
-1.8596877466820172	-3.3648748563490765	0.08566634185416794	2626.7270000000003	2637.402328701691
-0.8927617112289723	-6.705623745510616	0.003312858924720006	2539.574	2543.060499300759
-0.8927617112289723	-3.3439986207795505	0.06476688952668887	2543.8835	2552.4427317981517
-2.3352439824431217	-4.004348957398547	0.03550635968436691	2451.978	2462.483839928288
-2.3352439824431217	-2.863289696694915	0.15551812412340354	2471.319	2483.3100492324725
