nan	-3.6457896170376825	0.05936980792438455	22.64	22.809570975597747
nan	-3.7648430309672114	0.04740160226829934	17.6	17.947572933377725
nan	-5.718108945647653	0.011997290967376985	17.645000000000003	17.704490764343923
nan	-3.8293982798778314	0.04628273432644157	17.400000000000002	17.558080503108975
nan	-3.9189589612848748	0.060962750672663546	17.67	17.742844354273334
nan	-4.307130683649627	0.10918199842445694	17.725	17.915525286669528
nan	-2.963340285472298	0.12118272221036959	18.46	18.46560793422505
nan	-2.8249681591191598	0.1338127417809684	15.25	15.672561930728392
nan	-4.256098103755602	0.026323728654724914	19.0	19.10562517257409
nan	-2.2624128370519694	0.23617715493828362	17.18	17.52914974235935
nan	-2.4436850401053167	0.08684025130375043	17.21	17.222130681443847
nan	-4.139719359527936	0.03491895261526209	19.2	19.401160483677316
nan	-3.6790858418207626	0.04223671738204789	13.6	13.62975544361143
nan	-3.8615175701091977	0.0695452906030363	13.73	13.802808884276894
nan	-3.5053485848100343	0.04128177956317617	15.33	15.452044605549288
nan	-2.9230319870468735	0.16761601129754056	15.52	15.589445623498783
nan	-3.3476346659588327	0.22878005769119775	15.440000000000001	15.502273260868362
nan	-2.7617551799674147	0.13044309693506026	40.295	40.560533259071676
nan	-3.601886897346298	0.06443923413602125	40.394999999999996	40.51482545951628
nan	-2.6423796292833854	0.17042210187638482	14.870000000000001	14.943627684907254
nan	-2.72999566542161	0.18705036061250943	14.955000000000002	15.009757875901377
nan	-3.239390145612428	0.08353164292572089	17.195	17.713162436157052
nan	-2.297794404783413	0.24191040042979856	17.955000000000002	18.025118614982897
nan	-3.8969433468721446	0.04619506870043832	21.18	21.354322489612517
nan	-5.435242090350595	0.009733671699253979	20.1	20.166572141841776
nan	-3.016597955583662	0.15247137716783338	20.82	20.884158616809575
nan	-3.1548446665766114	0.3099858148196493	20.93	21.111704888567594
nan	-3.591732114923029	0.04032815315905674	19.51	19.545059680130716
nan	-3.2907881422389447	0.13391090889371235	19.400000000000002	19.64321931432021
nan	-2.833386332208428	0.27683548661709473	19.71	19.784570263809368
nan	-4.711473953327781	0.021984089770993545	22.56	22.581598270561184
nan	-2.2351069589800323	0.39767391872134383	22.845	22.922805979849315
nan	-3.233731017532678	0.10591417460803408	22.7	22.85020667136655
nan	-4.5050675904084825	0.02162044550039847	18.375	18.46615826577422
nan	-4.83143439523961	0.015305936503906365	34.800000000000004	34.835377575700484
nan	-4.642255078700941	0.03655210381703358	34.72	34.94689971054727
nan	-4.955623456680701	0.04342411278036986	34.965	35.042074234822756
nan	-3.9991567743721776	0.0405174903507375	15.700000000000001	15.81312087132429
nan	-3.5252122806843573	0.09498102596003478	15.905000000000001	15.942609730503575
nan	-3.3268476972582492	0.22392399798810222	16.03	16.114929811858765
nan	-2.303498218197131	0.2221690288511054	16.2	16.246559313384683
nan	-9.08150937987851	0.00025059288523949087	38.88	38.89846587064485
nan	-4.649760760842019	0.034235920259499314	38.79	39.22339437843506
nan	-3.081412918191402	0.29602275544585704	39.5	39.75927438447926
nan	-3.0724626774359205	0.10721819497864765	16.285	16.398588434719663
nan	-3.4307538130247304	0.09997455013486924	16.23	16.385698363283044
nan	-3.2465308413704195	0.10075415077749167	19.29	19.37377757515646
nan	-2.3649159023903934	0.20677719254160867	34.44	35.51137290596315
nan	-2.322715287272525	0.30598022066989394	35.650000000000006	36.15103821979062
nan	-3.3747952350579413	0.08284276277799306	20.400000000000002	20.53322840379639
nan	-2.4158231183920327	0.20510386391976443	18.81	18.898231027365647
nan	-3.2066432689806064	0.08295160961742132	18.05	18.263586768241687
nan	-3.198774258147997	0.06340908023008066	14.99	14.992291845462962
nan	-3.9945091409839812	0.044702206079127435	36.660000000000004	36.84510760859869
nan	-3.4521356033228545	0.096330988890909	36.335	36.48682370962697
nan	-2.9522422381031865	0.12494641555379848	15.370000000000001	15.43214379027181
nan	-2.577676282416294	0.22007222717729719	15.475000000000001	15.54525719344794
nan	-3.133713406225459	0.3140760744050134	15.575	15.62074984196128
nan	-2.2888388507497393	0.12685289220069132	17.09	17.093006014447766
nan	-2.5399223514483316	0.22486710736801097	17.12	17.276639695482753
nan	-2.582673795773593	0.0998955347629621	15.370000000000001	15.397153662359356
nan	-2.806157020973323	0.17610841313237457	15.42	15.461934706258255
nan	-3.0590409178832503	0.327152848038053	15.465	15.526388218376107
nan	-3.628817508104611	0.06240279516422292	17.59	17.776722000639403
nan	-3.746156917509497	0.06578069277537804	15.67	15.768498898971608
nan	-4.502986093667676	0.029659278254915288	15.725000000000001	15.808088229108844
nan	-4.009644733207362	0.08778948135120408	15.68	15.770350968908929
nan	-2.1245114473341045	0.23587189951450954	18.0	18.728922152910346
nan	-3.223120167552308	0.15110425218514534	18.66	18.768519045660653
nan	-2.71729101080747	0.4424277190304204	18.985	19.12814892231061
nan	-3.166697494207369	0.05472176686984031	36.925	36.97281373173247
nan	-4.349079154856813	0.042089623114473326	36.815	37.163561525146626
nan	-3.494977395996509	0.07402030017251342	18.81	19.258815191552443
nan	-2.6990125215170337	0.13986453033472968	19.490000000000002	19.69458366131221
nan	-3.285980843905719	0.07534256157718139	17.78	18.04000410865979
nan	-4.113281192540118	0.06208025039897448	17.73	17.75059240975665
nan	-3.7993700209113492	0.1344908105659062	17.63	17.761438231339653
nan	-3.797069632973263	0.0551614015898939	17.150000000000002	17.20510465588319
nan	-2.2963463327240796	0.269671424407593	17.225	17.748634790640676
nan	-3.100663538192711	0.12237097826789708	15.450000000000001	15.804353741145652
nan	-2.922705053485293	0.15157872341231268	16.155	16.230936851189636
nan	-3.6099912904643867	0.2435335254344022	16.15	16.160937616969772
nan	-3.159999597825641	0.08782185051490711	22.240000000000002	22.503906155196763
nan	-5.4111454700612	0.015277826456902248	22.425	22.447666980919255
nan	-3.97919876023666	0.03222896035210192	36.230000000000004	36.24644443830093
nan	-3.6717952828016114	0.049419908593654	19.16	19.4227927687748
nan	-3.061639467742285	0.09403234634866788	18.580000000000002	18.855039053974647
nan	-2.2691268472086543	0.21088222848497584	22.64	22.94231790377328
nan	-3.2314525998367833	0.09404903723724466	17.84	18.09131321023562
nan	-1.9352081860330972	0.37966225574937096	18.86	19.070962926790795
nan	-1.8414092000431093	0.4681587223876134	19.305	19.339712513508946
nan	-2.25258376089831	0.6133012787466974	19.335	19.36378643062321
nan	-2.0534868203372345	0.3202885516080024	19.07	19.282855940607554
nan	-1.7303482028819261	0.4717980133693856	19.41	19.56856351729579
nan	-3.224209249863578	0.2917216286064571	19.634999999999998	19.65087191268701
nan	-3.7960211080785364	0.05381233601691541	17.78	17.82829804565691
nan	-4.419579543287754	0.03318362463459473	17.565	17.69703085385383
nan	-4.00751395318799	0.04212614946162145	20.06	20.360701665932933
nan	-1.6192411511573401	0.5756447381755632	20.825000000000003	21.484480961248114
nan	-3.609026435908775	0.07122216633866119	25.2	25.315586419958297
nan	-2.8706269298043114	0.1325704289770956	21.0	21.218546730098712
nan	-2.74989579597867	0.11594898886672171	24.55	24.768712987198683
nan	-2.487398284528383	0.18565284844986732	15.15	15.369761871013468
nan	-2.3754458403692933	0.20235378566426043	15.665	15.687186831212236
nan	-3.415084767170081	0.07823468705814145	15.76	15.847009688346589
nan	-4.302097922930132	0.027983724725621627	17.495	17.52453394959879
nan	-3.005856632102345	0.10541593605139386	18.82	19.16997557572752
nan	-2.9334569672000823	0.1202733379741236	19.125	19.180947680417322
nan	-2.1492412284017	0.308495830118696	16.5	16.863827194344506
nan	-2.4817369801429248	0.22552930054568002	17.73	17.772706155549184
nan	-6.462803226536516	0.0025339879479609954	36.129999999999995	36.29749873338073
nan	-2.658386540866049	0.1857370460060295	20.330000000000002	20.3380284129923
nan	-2.4138646379314346	0.1995257527581779	31.975	32.362842068129225
nan	-3.3743273264080744	0.10540027559570429	32.625	33.11302064425859
nan	-2.234470884567399	0.22998615202069078	20.09	20.758430242057873
nan	-2.825164865082206	0.21370869467576284	21.2	21.213304621217333
nan	-3.7759757833482817	0.06294089920707978	15.540000000000001	15.636267142125007
nan	-3.2519159887117097	0.07734964958987624	22.75	23.176116553098527
nan	-5.496468367630908	0.01649833869752199	22.915	22.975026234517646
nan	-3.7348553628933434	0.1782686094181768	22.925	23.114704907670227
nan	-4.593890865448076	0.02395078545269934	14.200000000000001	14.433163303510675
nan	-1.6229477179271337	0.40425096127307136	15.08	15.2131089003541
nan	-2.9384982406457127	0.11205257971080446	16.38	16.40664877716699
nan	-4.042649595894656	0.0612698643813466	16.7	16.72084883724385
nan	-3.99056425504664	0.1077243584903561	16.54	16.615668764377002
nan	-3.1525188716891956	0.0910339883559642	19.77	19.905927276560313
nan	-2.974430852398746	0.1087345668669178	20.55	20.68370037496161
nan	-3.505728164290581	0.061229100313050025	24.95	25.18785943402014
nan	-4.686021756638846	0.02739303961758182	25.19	25.24245708376228
nan	-3.4288233811780624	0.14843953874209012	25.42	25.480014211249877
nan	-3.294377951441454	0.09854005689976623	18.46	18.600473748143465
nan	-2.5969321788295607	0.21476423119365817	18.64	18.7026750422474
nan	-2.242231949590164	0.2331683169792536	22.75	23.562404754366764
nan	-3.287840136408895	0.07440148534411757	39.125	40.12026559382017
nan	-2.758894273660254	0.1401863561214529	40.7	41.2144176524456
nan	-4.352477745852098	0.045861968354600345	41.725	41.765957331269476
nan	-2.5351028219595886	0.18526878780286693	16.005000000000003	16.290436884403576
nan	-2.9827520067926363	0.1625822592529009	16.39	16.463664437151053
nan	-4.646606710486155	0.017396973327355448	14.73	14.782170597344015
nan	-3.692257433543281	0.10379032402673903	14.940000000000001	14.94727944553642
nan	-2.8978628698818696	0.4065261711683606	14.975000000000001	15.086872392456865
nan	-2.31612387646958	0.21093828869471395	36.065	36.976699486619054
nan	-2.199561039967707	0.2186597011318238	20.35	20.379361226888257
nan	-3.225732577409933	0.1363137377542091	20.395000000000003	20.42502321293012
nan	-3.1581495194460474	0.08786389366668808	35.835	36.189490752019225
nan	-3.344474143000096	0.13284650017000227	36.58	36.82220091610003
nan	-2.916179520695838	0.14075256102205025	15.040000000000001	15.121833629776223
nan	-1.6388411474916416	0.5824267559817847	15.215	15.297000669572347
nan	-3.5582450885670514	0.1546124613738411	15.32	15.33697816832336
nan	-3.33133424968192	0.055463676182555176	16.27	16.747686774661723
nan	-2.068620758647386	0.6411284115871041	16.695	17.140444821147042
nan	-2.896849795178179	0.7568956666129937	17.345	17.411903786112827
nan	-3.3663655222454114	0.07664596360180508	15.76	15.77118548366189
nan	-3.7823655204386575	0.0693471572556984	15.67	15.798305410629935
nan	-3.756932764554457	0.16244179514531576	15.850000000000001	15.902870646957002
nan	-2.5810184433842083	0.0756968717738348	33.11	33.32766386468222
nan	-3.7064373167076794	0.05133009563659821	22.66	22.801166897717746
nan	-3.890220951461211	0.0712637320394629	22.715	22.7474839411609
nan	-4.447538437312565	0.028553506743759876	17.37	17.571200667324636
nan	-3.135886869363115	0.08619029825112287	32.25	32.68363512457137
nan	-2.990032240432469	0.1821679248535294	32.715	32.882887509108635
nan	-3.0916572168854954	0.30118527856763483	33.16	33.28572340447209
nan	-3.3871231505325827	0.09454799846173441	19.55	19.57930379136986
nan	-2.635244167555724	0.1662840381407504	19.39	19.490264849877953
nan	-2.6816084639845226	0.25631721049019135	19.62	19.79840220043346
nan	-2.242815207774378	0.47915715125929	19.87	20.052714689158055
nan	-1.1060833644284285	0.6672770536505489	22.3	22.741974470602035
nan	-2.073904094787564	0.42358771919585586	22.785	22.96521606508295
nan	-2.7983526985880185	0.451446723795079	22.915	22.989031892364725
nan	-2.6238616342235903	0.14918473194055357	14.02	14.363664685894374
nan	-3.192476793695882	0.1458792428558805	14.435	14.560200880856838
nan	-4.423774073323392	0.08891263286739633	14.91	15.040742817307176
nan	-2.865366713510867	0.12979766610742433	14.8	15.069366298295625
nan	-3.7004859749601215	0.08274970433369778	14.920000000000002	15.02155343052415
nan	-3.460144334562434	0.17482296570947697	15.135000000000002	15.179274964737878
nan	-2.66252135969329	0.1551693360825169	19.16	19.2625524060661
nan	-1.5432020698933722	0.6139991777772579	19.259999999999998	19.567283564885862
nan	-4.238454961964789	0.02541226192768556	15.02	15.028251140517646
nan	-2.6885279097557504	0.28935134496219816	14.985	14.999853604673639
nan	-3.8540624030632373	0.17463664651659064	15.065000000000001	15.0766539044329
nan	-2.938209711315545	0.12499765293844284	19.18	19.24302584749695
nan	-4.1765473295621796	0.03071812342435053	19.400000000000002	19.439426460415973
nan	-2.614926493663567	0.15600875802121875	40.754999999999995	41.1822217276067
nan	-2.746526889624757	0.1378232207250914	19.54	19.833756510659597
nan	-3.067344715856345	0.16414751320128504	20.009999999999998	20.083691566792556
nan	-3.095177276603341	0.29314841597352015	20.095	20.127337668055056
nan	-4.399862233121684	0.024867310213404787	33.68	33.802028266151204
nan	-6.248091453139257	0.0041653950429078115	20.06	20.179437223536866
nan	-4.847331623724472	0.027788832470965804	19.905	20.00427950697037
nan	-6.405036261877597	0.0016532102721059597	22.96	23.06198534135882
nan	-1.9977431951199285	0.13564105346636204	16.23	16.32735697664189
nan	-2.895815552002793	0.10865051377749028	21.25	21.710546956141783
nan	-4.323553705671511	0.030552064926795564	19.5	19.69289538009418
nan	-5.474748122106721	0.009960720487085153	16.06	16.067492313875114
nan	-4.0809234956427645	0.05018908606878964	16.125	16.179416655946333
nan	-3.1610270356794827	0.09865660247187023	17.07	17.10317507189859
nan	-3.0921472543775046	0.09991793416273567	16.950000000000003	16.973975531057906
nan	-4.181776141045518	0.03464360968962193	35.89	36.272810520579156
nan	-2.99563131176343	0.16181481430383401	36.900000000000006	37.25663646695238
nan	-5.001439443851509	0.016251917940051198	22.85	23.015507680469018
nan	-2.474941295956771	0.1816278136716604	17.71	18.008572393536422
nan	0.5178559537800516	1.7043836019087797	18.490000000000002	18.588934886831556
nan	-3.1208389371909044	0.09915796875319341	40.4	41.16931575004738
nan	-3.8038871476466998	0.0578801682833273	13.55	13.569857767199016
nan	-3.761676293345714	0.07274978188070402	13.32	13.384045637518426
nan	-4.213525660039093	0.03653069937573573	13.200000000000001	13.212733387827637
nan	-3.5997050771619894	0.07782162708264256	13.06	13.273222888536257
nan	-2.469942143455662	0.2001440888664889	22.2	22.462220744268404
nan	-2.758706088646106	0.13810999092298581	14.55	15.486067408908587
nan	-2.7150822859714885	0.2179769571019537	15.8	16.070397584802198
nan	-3.0455227325092435	0.28739785209671564	16.090000000000003	16.33326222590983
nan	-3.3559503110255866	0.07932471501991169	22.56	22.569040569391206
nan	-2.6079399534677954	0.26108752878659885	22.535	22.720894091483274
nan	-2.2780664314268075	0.5354906991909524	22.91	23.090701696035495
nan	-0.7477883907936429	1.0514337781834684	16.91	18.116641632658986
nan	-3.0639176616265034	0.10718707464858307	15.780000000000001	15.882924293804537
nan	-4.422366081640408	0.02724278291792734	17.52	17.576077292865854
nan	-3.828363678091001	0.048084328387723155	15.01	15.11642054098901
nan	-3.1676583812950114	0.14112886400582994	15.06	15.245538630080295
nan	-2.2745325005214947	0.21124399987130976	16.490000000000002	17.08871519093971
nan	-4.763019823069844	0.031525146587021366	16.845	16.950280921462795
nan	-3.5331189525600255	0.17007643269405745	16.935000000000002	17.100911745067133
nan	-3.08697309099943	0.12243394472667622	16.25	16.293840903358905
nan	-2.1116356549281323	0.23659460760517045	18.28	18.281866089969974
nan	-2.9258260210435667	0.17369701546046373	18.299999999999997	18.32450221711833
nan	-3.26912979651734	0.08221715421651231	19.88	19.96583966804738
nan	-3.400631533508497	0.10429605757443948	20.32	20.612668462730753
nan	-2.887959206892305	0.1019705325463632	25.25	26.70957899257938
nan	-2.922148652387162	0.204687007941598	26.14	26.62051341030669
nan	-4.496460719406957	0.10740746276275454	26.945	27.0212987351098
nan	-2.996140410703034	0.11319678757220114	19.42	19.78597495302172
nan	-2.6311344007609008	0.2265208872500678	19.815	19.984437147130876
nan	-2.6189446571848296	0.47115025063533045	19.89	20.13889812946633
nan	-3.2965194071131543	0.08608663109172643	17.85	18.11014011158138
nan	-2.4654253142396803	0.23696071921870487	18.4	18.91672763740778
nan	-4.135036544215887	0.12073476039741765	18.98	19.028241392662732
nan	-1.7704284306450733	0.2348224725251166	17.69	17.782215526293644
nan	-1.769736989706615	0.4305452502809408	17.68	17.900730565237726
nan	-3.0973246620940746	0.06153289284490971	19.0	19.04488684105474
nan	-3.2468128461905863	0.14324874592000428	19.060000000000002	19.079097944159326
nan	-3.2293569633615116	0.22657366497703427	19.14	19.20282279584708
nan	-2.389303932089021	0.19975606668239693	18.8	19.359146903367087
nan	-7.0540052317174835	0.002122397973655247	37.565	37.62150828758728
nan	-2.4733918015222955	0.2618355284355668	37.3	38.77508812654684
nan	-4.691375972801415	0.043436882194532914	40.025000000000006	40.31911676963845
nan	-2.7885847296915096	0.10828624752891626	25.13	26.183468403169492
nan	-4.2849863738347045	0.056461241957493816	25.915	25.969849176239887
nan	-2.2679494075717828	0.23430454636470044	15.88	15.984553417997972
nan	-2.1036544168962448	0.38717993352094476	16.12	16.18246994624028
nan	-5.985810740072017	0.003581279274659311	15.9	15.900229124502976
nan	-4.125722932413322	0.0530901205494389	15.84	15.957018518717728
nan	-3.2751283915903455	0.1960349018295224	15.9	16.115347007743612
nan	-4.036476059261434	0.04008102370045735	43.905	43.92584777543606
nan	-4.362005548313746	0.03955159459452625	44.155	44.247516593009834
nan	-3.5186906455224	0.2071785456405158	44.04	44.42597025306963
nan	-2.8611174290946857	0.1152121795097702	17.900000000000002	18.216099258208946
nan	-3.5705231983025083	0.07169147195930294	14.48	14.51602399838837
nan	-3.593534023469294	0.08096743445652066	14.625	14.64591947859971
nan	-1.5868885225144125	0.28152629032834536	14.81	14.833144741895598
nan	-1.8347996058392246	0.4350453325500958	14.855	14.957196266092051
nan	-2.787771518941693	0.12206191860344817	36.97	38.20320036891004
nan	-2.6954871367854314	0.24377849497024928	39.415000000000006	39.69363328257218
nan	-3.171295568795706	0.08481267917083046	34.2	34.395170942470806
nan	-3.9604837969878055	0.04455689894874068	34.275	34.36157076460494
nan	-3.454305735913381	0.04662643822751411	16.13	16.170818934041503
nan	-2.0391429622210198	0.35657847971858153	16.21	16.432463281178787
nan	-4.159382512265656	0.08117813168338507	16.65	16.661199324867514
nan	-3.2489053178805083	0.07228367420519907	43.985	44.10482116963836
nan	-4.469386233330214	0.015936898150860437	25.900000000000002	25.932388285492813
nan	-3.7065114568144866	0.07794889127756789	25.945	26.362197365656677
nan	-4.811623533292796	0.050783306156203724	26.575000000000003	26.891325173662377
nan	-2.4155689287049023	0.08931650973782176	36.815	36.83345832578633
nan	-1.7375561762747682	0.4400882710341154	15.0	15.20509268310386
nan	-2.4239127314348385	0.252741287130965	15.370000000000001	15.402387978464333
nan	-1.5610772361377518	1.0732744538854742	15.4	15.50478773132461
nan	-3.7137494094842403	0.0315314463770226	19.0	19.17923663800148
nan	-2.5935581992858587	0.2766998489915383	19.07	19.720310370584706
nan	-3.7827118924007297	0.028796452831745874	13.24	13.305853458891727
nan	-4.786055138297485	0.028720120923508494	13.395	13.51864074171614
nan	-3.5881045966599916	0.0649395687301297	16.31	16.65666351842992
nan	-2.179493059681799	0.33638920252757554	16.71	16.73429874936219
nan	-2.6436678594581657	0.46218080771555536	16.775	16.794468353628222
nan	-3.295225581593829	0.08541605624445474	18.22	18.646394746101915
nan	-2.764567344688214	0.19820672010295215	18.865000000000002	18.963504982347896
nan	-3.764427522575935	0.15967096967412903	18.93	18.97556469359879
nan	-1.8111347642976812	0.16346853325914654	36.25	36.47673452459255
nan	-3.28767073914949	0.08400494368936898	17.490000000000002	17.64109945962688
nan	-3.908010019211013	0.06378195515262232	17.490000000000002	17.5388433603674
nan	-2.972990275088298	0.11739358245140867	19.6	19.778861279364207
nan	-1.8530659990334457	0.4549874261198374	19.57	19.786796887061435
nan	-2.774171812566342	0.13521160054828288	17.69	17.703403389279647
nan	-2.327694582853255	0.20917581528641024	17.905	17.99304679485326
nan	-3.543746705339029	0.08284509158034732	12.81	12.844678286816197
nan	-3.359431449967372	0.12536147605210174	12.855	12.975760285876687
nan	-3.688427330744343	0.08407348956555162	13.225000000000001	13.66918234326644
nan	-2.759760710972939	0.14919789135455916	22.46	22.57588790230076
nan	-1.9205284170485222	0.3055364890786214	22.775	22.789834004012413
nan	-4.0236085861551	0.041254485004772766	13.89	13.8999382423773
nan	-2.4462224297245085	0.2087915008965177	19.44	19.745906030853888
nan	-2.0632873673949224	0.42998546499073653	19.875	19.923203430822866
nan	-2.5178280723135558	0.3773638440961496	19.95	20.02559644693855
nan	-4.072899114751682	0.03508475895664724	17.05	17.11488111359142
nan	-1.2240301055448413	0.6545196945565402	16.86	17.74953230850008
nan	-2.8710891305961836	0.14712474709302958	15.36	15.374076171114321
nan	-3.0310124467735395	0.14775381810325067	15.254999999999999	15.28803912727818
nan	-2.0805004868532597	0.30604562954437914	19.56	19.76003832679856
nan	-2.2547349038892386	0.3295427050568594	19.990000000000002	20.065179470237926
nan	-2.695348092963343	0.40476407304244083	20.015	20.021638715212486
nan	-4.324622713492005	0.026492111101972103	20.59	20.64409496732486
nan	-3.770617456131943	0.06214043241702544	18.66	18.713746232050475
nan	-4.429012862411492	0.027768216720945257	16.7	17.11953003428524
nan	-4.866820423221461	0.01848893726590875	39.910000000000004	40.05576138002449
nan	-4.144780740373116	0.04711703380814481	40.355000000000004	40.55243818823211
nan	-4.717023055630327	0.017601484163567993	23.29	23.399378115587986
nan	-5.12180422607552	0.01227429163632748	15.16	15.27176771857575
nan	-3.7171577647790115	0.08336543397985433	15.315000000000001	15.406158613130815
nan	-3.906137334119878	0.04967183808548361	21.44	21.6929368179656
nan	-3.907406836859621	0.06419057404962122	21.400000000000002	21.472088949866542
nan	-3.1226044536673774	0.09371222056484926	19.28	19.378120384207712
nan	-4.29824007941806	0.030113697435658993	36.855000000000004	37.20329971873854
nan	-8.010139601347275	0.0006002079128764235	14.280000000000001	14.508428030616313
nan	-3.73467422272578	0.05345749714958091	14.530000000000001	14.547895126504308
nan	-6.187358828758964	0.0036612952410286907	16.5	16.606950385400292
nan	-3.02821261414634	0.17452739495796252	16.695	16.922343042643043
nan	-4.573023559735721	0.010326689105771517	15.0	15.019498732279756
nan	-3.878153061771502	0.043127094104713534	32.74	33.124478037361655
nan	-2.310690369734518	0.2720401846270883	20.17	20.171938908093637
nan	-2.7899075016665233	0.11605622232453384	20.18	20.19048631490721
nan	-2.0068512606942575	0.3166741786236347	22.97	23.193351417545443
nan	-2.7768262359144242	0.15995578950690023	18.740000000000002	18.94041918813086
nan	-4.978438831365731	0.014581075229490023	17.830000000000002	17.953112627750016
nan	-2.68858458949549	0.13349911966974065	35.085	35.95474365137924
nan	-4.753616061221258	0.019833727211626708	17.7	17.702413236692102
nan	-2.3681424601004806	0.19514706452406821	18.37	18.48988328340832
nan	-3.3654021221274983	0.07067313937760668	20.21	20.352504316330762
nan	-2.6125736630682117	0.26112072980257556	20.93	20.988837449718627
nan	-2.9948190499070964	0.37112359941413847	20.975	21.012179363529988
nan	-6.0251812691472475	0.004868122673537246	37.72	37.956283917431655
nan	-3.196982321651886	0.08394954527138856	39.76	39.7782409128306
nan	-7.757439165635437	0.0008964452132979708	13.16	13.183007959086101
nan	-3.4367548606928096	0.07633707750725816	13.17	13.234483921703964
nan	-3.3971843004231608	0.07336795678012381	15.06	15.585010693914422
nan	-2.5347651118065895	0.17720269436484565	23.080000000000002	23.267018307678264
nan	-3.5837421116236374	0.059231553426543244	13.530000000000001	13.69930018528699
nan	-3.03128506310209	0.13166473626718345	13.835	13.92743406574024
nan	-3.4596381938831913	0.0634163423349524	26.1	26.24798901362807
nan	-4.3411998293903045	0.032253969781003165	15.83	15.880183558365875
nan	-3.3186555923320324	0.11086808640276234	15.86	15.950844548285207
nan	-5.036679526775898	0.015384486985243792	16.6	16.739547087093026
nan	-4.03081032596301	0.03444432086763871	22.17	22.203771046633218
nan	-3.457935498659811	0.07324601195933361	22.3	22.392444082292826
nan	-3.967336682192332	0.04557951019804995	15.5	15.545588081098375
nan	-3.021908993356284	0.14163961833649752	15.485	15.654027052135724
nan	-2.5429328334910686	0.20143710591811828	16.15	16.235498761431682
nan	-2.140158552255313	0.37143179027416956	16.310000000000002	16.457035240486654
nan	-2.304229929248159	0.4413218721111392	16.520000000000003	16.787690222642436
nan	-2.5104087577109904	0.15593877368457743	32.56	33.27946282808189
nan	-2.4635352500320225	0.1496922951293692	37.17	37.65903477475793
nan	-2.855704699667632	0.1284355388408117	15.85	15.937722092966736
nan	-2.461003119266121	0.3066335456020107	16.134999999999998	16.18406973253138
nan	-2.711662372949087	0.36785860053484953	16.195	16.201680713528326
nan	-2.973125760758442	0.07214884586488315	19.7	19.801403292543352
nan	-1.353034706760661	0.32687460236618804	19.235	19.301964311808877
nan	-1.7353977669090401	0.6345600080547724	19.23	19.430056027803303
nan	-2.796892805278394	0.1153886254932536	15.24	15.43297730929216
nan	-1.670334263775182	0.326768351607747	14.63	14.74853762895083
nan	-2.5105611717766285	0.35553367613148407	15.030000000000001	15.181222952068934
nan	-3.418259313201943	0.268521410719771	15.190000000000001	15.300466825447787
nan	-3.1218378811015315	0.1044096221983552	19.73	20.038108587344635
nan	-5.5355099303882005	0.013628985202860149	19.98	20.04706591318225
nan	-3.8648849750704675	0.04504244527684923	38.9	39.00081924623308
nan	-3.751339598780029	0.04624068727961105	26.3	26.56976510644492
nan	-3.1409254240810958	0.07069680501482084	22.75	22.77342536914153
nan	-3.642662353911938	0.05697961389205333	40.5	41.10675769735653
nan	-1.7798852975933268	0.22099805438397502	18.740000000000002	18.92810284498784
nan	-2.974406700231055	0.1652466646126645	18.92	19.205077538994335
nan	-3.5408403931287005	0.05586423531054583	17.7	17.71025715073698
nan	-4.039485993362664	0.03483923727810069	19.45	19.807982806013012
nan	-2.8543894758091706	0.12139602913760467	33.3	33.33177091493546
nan	-5.494215560675755	0.008661959404339037	13.5	13.773051639886202
nan	-3.5526689812818093	0.09610860847296399	13.86	14.177659938540113
nan	-2.8203963428392074	0.13814022733497988	15.700000000000001	15.837608818712226
nan	-3.26064292158089	0.11169116228392763	15.975000000000001	16.125066757918827
nan	-2.3205056743862302	0.24902674265043004	16.28	16.426680529119658
nan	-2.4137301421859645	0.24580336431455546	16.5	16.612603779646847
nan	-2.5375444300634595	0.22103078601290754	18.78	19.02846093968371
nan	-4.74143999727202	0.02166286640037518	13.18	13.225194345888315
nan	-2.7341158714504896	0.2053145189487981	13.405000000000001	13.506125080323123
nan	-2.662625223205404	0.15072809403711762	41.12	41.96527429342721
nan	-3.555264182062021	0.0810894024249101	17.45	17.469286601428433
nan	-1.8986331927114295	0.4023491848662583	17.45	17.61569326970194
nan	-3.126829612824746	0.10377843072074688	21.25	21.551059746996213
nan	-3.2311637640482163	0.09047837808435362	15.530000000000001	15.686096076992857
nan	-3.3467084228314476	0.07268017204187102	15.77	15.826218212352583
nan	-2.8407006916353543	0.11439319153887587	21.78	22.15607770231167
nan	-2.5918922886304117	0.2684739143508664	22.285	22.4718823817091
nan	-3.491905262581943	0.07994160143585718	13.450000000000001	13.478187171372825
nan	-3.163293507833635	0.1287536391486036	13.405000000000001	13.540389926320701
nan	-3.2681648526438414	0.18737168928397377	13.485	13.590330383647851
nan	-3.46728307700562	0.0694645838875592	15.14	15.316396989226982
nan	-3.109831785880012	0.08787642765238439	17.400000000000002	17.54069974103091
nan	-2.837820371053913	0.21464728685037893	17.46	17.70244017418632
nan	-2.505917734761057	0.217372627213011	15.89	16.099305090560755
nan	-1.4240325493333328	0.636358618199988	16.119999999999997	16.48548549233104
nan	-5.6228486927352215	0.008326653971581385	17.18	17.20402578918842
nan	-2.9248524244231957	0.10990864519359206	17.06	17.07266634833182
nan	-2.425320642004552	0.1255660981024243	21.71	21.713214679484004
nan	-3.036637702549554	0.1521188801131588	21.705	21.86514708262601
nan	-5.394680908804458	0.02596685794577926	21.885	21.91221143810017
nan	-1.72242911676091	0.17863170320237604	17.97	18.070841294721955
nan	-3.8627987418525813	0.027276669749511186	23.5	23.53834061197985
nan	-3.472352473759804	0.0955107592592173	23.57	23.679376028256783
nan	-4.320752412099156	0.10082510628313139	23.715	23.769024695374164
nan	-1.7550615811142143	0.4130636073322271	17.650000000000002	17.886945342493792
nan	-1.7829694987350693	0.5451558213801251	18.175	18.196147161303408
nan	-4.6995202162965555	0.017198546280939406	22.0	22.029683963495714
nan	-3.8589997485326317	0.0836476145166891	21.985	21.996036600413845
nan	-4.940170094472754	0.0493425628404274	21.985	22.0205871836252
nan	-2.352679307773619	0.24814827981694856	19.92	20.180445871064165
nan	-1.5534985967144348	0.5986407184458	20.325	20.713004307603534
nan	-3.3587329691587415	0.07040975228388949	39.379999999999995	39.86981950601893
nan	-3.5543564586958056	0.06064126968936584	14.15	14.412098706736064
nan	-2.8966984427118456	0.11321662620695083	17.22	17.456688647290125
nan	-3.3853494889335183	0.11071892538208686	17.635	17.73425479787018
nan	-2.2277818089695525	0.27400936350611005	15.5	15.62908675202298
nan	-2.3283933755492465	0.2749299169958147	15.74	15.786487430123035
nan	-5.392337969282686	0.00867443776574796	18.36	18.490777808211458
nan	-2.7648064217248667	0.13231505989155637	17.91	18.285547251881635
nan	-4.240787772204955	0.031986520753993025	16.5	17.055916431948834
nan	-3.1912856153327853	0.1354959429110653	16.810000000000002	17.274161966055768
nan	-3.558818664629961	0.20404730547770913	17.490000000000002	17.74475290177651
nan	-2.5503727817347825	0.18797518541858038	19.1	19.258474597469654
nan	-2.6144135171322795	0.07321071293645691	32.99	33.07020165872812
nan	-4.43879021060432	0.02735935654228996	21.59	21.65980067285008
nan	-2.608308669512889	0.12757561687989122	22.21	22.252739846947524
nan	-2.5379827529621144	0.17303962980548934	21.11	21.260202193214354
nan	-2.8135314885464315	0.12345213815219178	14.01	14.311986595059366
nan	-3.570249858276503	0.09837046284554915	14.425	14.562400983137382
nan	-2.9253519270932022	0.4040828366343136	14.65	14.83823892785697
nan	-1.3964200386493189	0.4955265142015165	23.05	23.89177065058018
nan	-2.7757880155093053	0.21332793675843012	24.41	24.55981639736429
nan	-2.8502894700662496	0.4212970892088816	24.54	24.66151259715155
nan	-1.3751198484634253	0.48162984775671314	21.330000000000002	21.735541769985307
nan	-2.657555734989112	0.2629225217078556	21.865000000000002	21.950972013130805
nan	-2.925019153466399	0.493791523948731	21.869999999999997	21.971971125474838
nan	-3.0306747251515027	0.09948258544424915	13.3	13.422152316419428
nan	-2.987217656474823	0.1177278747162015	18.900000000000002	19.220851247636972
nan	-1.345555650747111	0.26039497898972724	19.94	19.941153938916628
nan	-2.3145452080411806	0.3073448596728774	25.38	25.640812840329378
nan	-3.794762054287465	0.06447560442827241	18.89	19.060013616210096
nan	-2.1761762470261456	0.21805344279059558	21.2	22.458039600858235
nan	-2.857615941765751	0.12539357930378908	16.09	16.198727452390504
nan	-4.432115734994352	0.0267929175057775	19.62	19.64570197214977
nan	-3.5681403176543203	0.061600419919602425	19.565	19.665856205581296
nan	-4.1423471445364255	0.03426896826283447	22.55	22.677783978101196
nan	-4.711616589778436	0.02015450938453499	14.91	14.970812297463816
nan	-2.223607312299723	0.24510011840162052	15.42	15.841479471101474
nan	-3.982921400815615	0.0397240781518624	20.38	20.498406037831597
nan	-2.8208000346928825	0.13522667747854636	20.525	20.560688959977956
nan	-2.381040325416039	0.20245546340455983	37.4	38.002608473150474
nan	-4.5194188426033	0.04221750748731973	38.685	38.71354464321326
nan	-4.851601390529933	0.015854987367905037	21.84	21.97185245320769
nan	-3.289150275845966	0.1382923807270615	21.869999999999997	21.887913852161947
nan	-2.6855114914398905	0.06818630836218215	22.52	22.578654388570584
nan	-6.226767899112133	0.004864125926178204	14.870000000000001	14.920861573337136
nan	-4.425527478227598	0.03389959542988153	14.88	14.89273688193147
nan	-3.427413128021763	0.06447521972800013	17.89	18.066866977730566
nan	-2.8060867685944095	0.2133955933307576	18.255000000000003	18.418696060733378
nan	-3.2437043123413316	0.05235089263932812	20.2	20.28866740435587
nan	-3.7023633883822376	0.08161617601071322	20.275	20.524489609782822
nan	-3.992013407333093	0.13012620798458222	20.515	20.594986962544592
nan	-4.102138646944541	0.040730984835008525	20.41	20.53717997107954
nan	-3.4024651561256114	0.10757798438169253	21.15	21.252878016348266
nan	-3.0112508503081523	0.2826724322750017	21.384999999999998	21.523257286327286
nan	-4.394410254675435	0.025847308982626008	33.3	33.47114201703541
nan	-5.630872958166258	0.008604962248415907	15.81	15.8442641981029
nan	-1.8256411021948475	0.46777312533487403	15.865	16.632139164240805
nan	-3.187559394474898	0.11431991161990637	18.11	18.41047495759749
nan	-3.018363545282756	0.13516122055609014	18.305	18.349277265456433
nan	-3.360250295286999	0.07621012487132794	21.54	21.59987740809733
nan	-4.0094693809463315	0.036446758587818436	18.395000000000003	18.497185162100127
nan	-1.9528615144632155	0.20500787589577418	18.09	18.100202238217555
nan	-1.3616060245639023	0.688188294861844	18.095	18.219744808063684
nan	-2.6153385654985892	0.16533121435133652	20.5	20.93100945457135
nan	-1.7675815775960328	0.17074542446249197	20.3	20.389527715289493
nan	-4.35960258321344	0.021098162289014753	17.2	17.345452578327972
nan	-4.56651247386673	0.04774759827386396	17.66	17.759701435813664
nan	-3.23140826055095	0.45447410522565035	17.68	17.696473632550855
nan	-3.707224486718959	0.05744632618485406	22.830000000000002	22.946323551047062
nan	-2.774540910733017	0.24420016554712393	22.795	22.884316965262347
nan	-2.6506441860935306	0.32019548515511564	22.98	23.08072406311013
nan	-2.607248011354902	0.14751830084696715	17.5	17.993463299398503
nan	-3.300148919632682	0.08475074716931176	15.33	15.687183371530793
nan	-4.702955884104137	0.01866206741202135	15.785	15.883080645831972
nan	-1.9214466079029835	0.2690586323255356	22.22	22.52117952594031
nan	-5.008690067562543	0.011927203641587973	23.240000000000002	23.381504825639706
nan	-4.509830497324008	0.02229030291261995	17.82	18.073544862284418
nan	-4.864256840915277	0.02546399698393651	18.009999999999998	18.355277907132326
nan	-6.647910655693342	0.011464806495997472	18.240000000000002	18.38470608530314
nan	-3.25978925274326	0.07649475657040504	18.55	19.06811513978762
nan	-1.0291329803921452	0.3573166268280621	19.1	19.15921076147324
nan	-4.385591117538263	0.023312272779087245	22.3	22.335139508125987
nan	-2.3909404298303563	0.18615005353609174	17.79	17.892324460420664
nan	-3.068533054526594	0.11076931898238979	15.69	15.818391981793434
nan	-2.8336081097235652	0.12409382150052845	15.56	15.648154743965241
nan	-2.532068843653708	0.17263176843345576	18.76	19.02510327830703
nan	-3.508749666034065	0.04023700815897819	34.025000000000006	34.347568499821215
nan	-3.036616272314961	0.1503118360035939	34.49	34.742146903859414
nan	-3.8031487450965025	0.04877779579390904	15.96	16.022536778137034
nan	-2.7291556881990195	0.21737914967061586	15.895	16.068907837484083
nan	-2.147591138952681	0.24575624790656078	17.189999999999998	17.635263271035992
nan	-2.717192546340502	0.16036778300414375	18.400000000000002	18.452852077517814
nan	-3.321948316508857	0.03608246316749712	23.25	23.25612442407543
nan	-2.899532811422251	0.14682311065175976	19.79	19.885057355034014
nan	-2.357391555041124	0.2725221114669354	20.025	20.04772130639843
nan	-2.5952790780157464	0.42127101553924806	20.11	20.136305861965877
nan	-5.092306472281828	0.014831793168170756	21.76	21.813843415626774
nan	-2.5328816184594314	0.15650572681026662	21.1	21.621057692958704
nan	-2.8029034412047866	0.21437722971463236	21.725	21.821620845303393
nan	-3.9764006030200783	0.1628134563940879	21.73	21.741106498299025
nan	-3.318886651142457	0.076742886177802	20.62	20.783333902026225
nan	-2.672402927479327	0.1341808600040716	19.45	19.827089725265363
nan	-2.479287464301564	0.19312500358956267	19.21	19.62725266914544
nan	-3.4658385797015083	0.06347990520330482	20.68	21.041085913219572
nan	-3.1869330394740714	0.09086962003000583	14.83	14.830950568799718
nan	-2.5303453431478387	0.21855614665851084	14.89	14.978396280114032
nan	-2.7903499300979724	0.14841682378138743	21.75	21.885243828785008
nan	-3.2241850564171415	0.07452184186973068	14.99	15.00639790740964
nan	-3.437471606679513	0.13050593035255514	15.129999999999999	15.164255654992969
nan	-7.133770128337919	0.0018749523037982863	39.300000000000004	39.624594304303656
nan	-4.0033227436548255	0.035979723140028244	39.69	39.70932162831955
nan	-1.9759582044368658	0.13862841421980485	19.75	19.770271698593117
nan	-5.101064642367448	0.014635574574297257	20.900000000000002	20.960447341457886
nan	-3.428591803345119	0.06500530706034263	20.7	20.72928879456591
nan	-5.116802593366377	0.013801920232891745	21.44	21.462797421657037
nan	-3.7416467925221415	0.07070916911253217	21.265	21.486423810388317
nan	-3.2628063122758473	0.2568025321181831	21.535	21.583197355180104
nan	-1.886107147242918	0.1516610553246904	19.03	19.038502541670567
nan	-2.475562909747998	0.08411562742142557	19.45	19.49325928507022
nan	-3.123376419958544	0.10774174668545755	18.05	18.119508044007286
nan	-3.781882736671669	0.05062305620704658	39.11	39.45849260733764
nan	-1.870558605625731	0.35100746104631325	15.57	15.802915771508868
nan	-2.6077642514121364	0.22631193340974412	15.844999999999999	15.865269138002128
nan	-3.0147207021684044	0.35548174735188104	15.77	15.808208365528348
nan	-3.005909639015064	0.10220897891709536	18.060000000000002	18.328984678446968
nan	-2.320258060016121	0.38204756664573625	18.495	18.771444999817348
nan	-3.1567922335612693	0.27195753505859116	18.92	18.974261269658918
nan	-2.4557225625660197	0.20215105561183863	15.08	15.187074188692216
nan	-2.6493308542717062	0.15735289174277559	14.82	14.856811460200555
nan	-3.544705052513321	0.05439505365309632	22.07	22.26635050882253
nan	-3.3206376420713406	0.13668076882183952	22.305	22.306855580049604
nan	-2.2242376344623036	0.201884105780434	23.57	23.815143451151116
nan	-3.83539832598123	0.0627587267330788	18.48	18.49082602921326
nan	-2.5603299565902566	0.20326406028539648	18.5	18.5523366463384
nan	-2.437324202661357	0.110697287990492	21.61	21.615116425004818
nan	-2.774904385773864	0.18903182504782615	21.560000000000002	21.661105513675427
nan	-3.961891407676885	0.14891934866266957	21.64	21.657613132255456
nan	-2.9402269834702652	0.10996497532337085	22.28	22.35713201303208
nan	-3.4238117278043627	0.11098150445226476	22.35	22.42902687787597
nan	-2.8607627326368164	0.14798224276592148	20.5	20.509334011190166
nan	-3.607648462345343	0.05376457616481073	25.72	25.836712999482454
nan	-3.3930804439453492	0.11603849324735148	25.925	26.148197974369953
nan	-3.610667817854576	0.2022660319697589	26.025	26.0728512355884
nan	-2.5724589525547152	0.16278259244266047	19.0	19.27370209365234
nan	-1.9689089700649578	0.3206605553245219	16.18	16.495295454028295
nan	-1.673807500270874	0.5205953782008824	16.53	17.258799030017087
nan	-2.1297784438077474	0.8820991310072039	17.245	17.38621057654721
nan	-1.7387058395040225	0.35235740009785194	17.330000000000002	17.623901134698468
nan	-3.18902988188135	0.094825268072279	14.74	14.962351980504943
nan	-4.232795346120467	0.03161294355803154	14.725000000000001	14.785989871675664
nan	-3.5425373900837096	0.05513607156106624	22.45	22.462844718651095
nan	-5.3339915594585605	0.012775707210851214	15.97	16.009529724951584
nan	-3.389014529279091	0.09420149693285078	16.09	16.190025916469196
nan	-4.084741856283259	0.0893899427233906	16.18	16.18028708448359
nan	-3.095466498037756	0.10541353775192694	20.11	20.236081237619327
nan	-2.9315210435341403	0.11086048384557513	22.35	22.550429999637753
nan	-3.764645188124131	0.0773753185119949	22.305	22.346584526827094
nan	-5.23168410781564	0.01172500883430439	21.64	21.652638599881094
nan	-3.394998856797873	0.11791262863970592	21.805	21.81353206915447
nan	-5.071994581626833	0.010429879216575453	25.39	25.496307854644485
nan	-5.8415637938704466	0.005647265361206009	32.01	32.50378204885536
nan	-2.467033067592295	0.231159046307136	21.25	21.835945921338602
nan	-1.404853787949271	0.6364101460033271	22.055	22.679014582019427
nan	-5.323889293433327	0.011429789847779849	14.8	14.882723666675506
nan	-3.2717430066077093	0.0897627932948392	15.27	15.508729390160955
nan	-3.652459046927079	0.06250992339452355	14.94	15.009177557916797
nan	-3.221257444320271	0.11814827538354811	15.035	15.061725896901324
nan	-3.6188300404574893	0.17420939097254964	15.105	15.137988112997121
nan	-1.5795931045030085	0.5277719391884814	18.31	18.48615287220097
nan	-2.52408838435497	0.231448539255776	18.564999999999998	18.568767697866566
nan	-3.1755998429306302	0.2268257623051513	18.585	18.610274613426032
nan	-4.455043665347746	0.026321163028235398	16.29	16.463584697683064
nan	-2.6139888042553836	0.16042778511884132	19.43	19.50131446797214
nan	-1.9975399685556083	0.4321616948676477	19.595	19.72599255616411
nan	-3.164390770098042	0.2885836845758707	19.705	19.759770256951917
nan	-2.8336002213020177	0.13934455950255292	15.6	15.62340980243789
nan	-3.4647508172769155	0.09405889917582815	15.84	15.882389862048424
nan	-3.147880884889317	0.27420821980781646	15.96	15.99575582721876
nan	-3.1354012676892435	0.10122853731987994	19.86	19.95988597338764
nan	-3.7452099075582184	0.06032590182958277	15.11	15.121038780362275
nan	-3.1491544046269064	0.1260626856562275	15.215	15.217788761392747
nan	-3.0125856438626024	0.29036187330681096	15.275	15.277479704315247
nan	-3.237428006720288	0.08888197747936825	12.870000000000001	13.134764595901663
nan	-2.9197074128893843	0.1730604922243121	13.205	13.404347022940788
nan	-2.693406706679368	0.414128643638434	13.555	13.783916879754171
nan	-3.138994360051219	0.1140607858097636	13.02	13.140615058846292
nan	-2.665495968079766	0.21413557536405217	13.425	13.518057867767999
nan	-2.761019777992588	0.2999795897773319	13.6	13.636169949772643
nan	-1.6904286547736043	0.39922896426831433	19.615000000000002	19.811451223908918
nan	-4.664822299362362	0.020480640245577622	20.6	20.67523144161192
nan	-3.9095226467286217	0.02694272167099348	22.95	22.97628270501325
nan	-2.38770552923523	0.12954798890275956	16.23	16.258666031282907
nan	-3.375065395977853	0.07830334388650452	19.7	19.805098809242388
nan	-2.310912708200072	0.3196862574753412	19.994999999999997	20.270857873349836
nan	-3.3201447536371655	0.23621740165653451	20.3	20.34300343384707
nan	-3.1093458950624866	0.09355490629055487	16.9	17.149562298336726
nan	-2.9900877696874044	0.18189014964895703	17.25	17.33155811292305
nan	-3.6480324751647486	0.1580089372927225	17.375	17.389250363738743
nan	-2.757325087739053	0.14812076975723212	15.13	15.74588789351204
nan	-3.400156002342649	0.07791415952158297	39.54	39.99103073622567
nan	-1.2272587217284852	0.89610057095979	40.42	42.52891799548783
nan	-2.461313951548354	0.5649336539137635	43.55	43.69170635436825
nan	-2.366161646735451	0.17628388772622888	35.614999999999995	36.50652297069533
nan	-3.069028943034634	0.16250772581968725	37.825	37.888742521406925
nan	-3.3264364002772098	0.0887226067396084	15.41	15.584294682684318
nan	-3.0312331834156763	0.14526949779785941	15.684999999999999	15.777012825408148
nan	-2.9989833328596376	0.356054875908897	15.72	15.791849197691876
nan	-3.260620805076796	0.09552291315198647	18.18	18.20652390092154
nan	-2.265365348303403	0.1991595590704728	21.95	22.550587390070802
nan	-2.1711929758358113	0.42495465857981474	23.54	23.568553956228524
nan	-3.0202840859425097	0.13928330975836953	17.8	17.86621259846389
nan	-2.727725339768921	0.1623508141696327	13.93	14.04479784132632
nan	-3.3199868945580264	0.07201593797227512	23.13	23.279420056825213
nan	-2.4930062423943835	0.16312725890941213	35.18000000000001	35.95641963554933
nan	-6.248370187144585	0.003661520823406908	15.75	15.81034827390717
nan	-3.872679262628278	0.068120570264843	15.765	15.84703304442646
nan	-3.497969398622367	0.17912062708979384	15.88	15.973419059403989
nan	-3.5607369626069194	0.06037816461663951	21.94	22.07156448059443
nan	-2.8979653356584536	0.12827154914606959	18.88	18.89878954085617
nan	-5.188483368457672	0.01295595057362215	19.02	19.124141009564113
nan	-4.164785811810651	0.047682414880552186	18.830000000000002	18.92701548816186
nan	-4.738864370478128	0.05654572251648536	18.945	19.03304399320234
nan	-1.9374446209163638	0.3266665418757325	19.28	19.472640545712625
nan	-3.7893366443805827	0.05331353887156725	15.93	16.018054186087483
nan	-3.464300634475141	0.09649388436274585	15.83	15.912545896527927
nan	-3.5222097457916246	0.04911534680401135	37.17	37.19618523935284
nan	-3.4607138879772035	0.11625233784887132	37.445	37.90293274684145
nan	-2.949287770906594	0.39815798392195956	37.935	38.20973672090741
nan	-4.12063907829888	0.03177481797864401	24.92	25.182209344435883
nan	-3.1326140882025175	0.09461435388783035	17.51	17.991380891895457
nan	-3.2092116895646097	0.11361676401948514	18.830000000000002	18.95840892709331
nan	-3.3340644676619875	0.10043654785698587	18.895000000000003	18.957782243704997
nan	-5.504083609494385	0.023828586913204386	18.97	18.989910307418373
nan	-3.2469226977716548	0.0916876974445357	20.92	21.04288845220609
nan	-3.480988571965266	0.06795650421344392	32.91	33.16466754537969
nan	-3.1092885237484404	0.14846959534400989	33.1	33.13531351659747
nan	-3.9926604438221305	0.11492632281904751	33.045	33.06953536626909
nan	-2.428030977107444	0.11529500346155372	23.150000000000002	23.168036855554654
nan	-2.774395630955644	0.19607260172733224	23.16	23.245696143709008
nan	-2.6937298964786596	0.4693651246265569	23.2	23.275149154421737
nan	-2.896734956380207	0.09744740744688592	23.45	23.484013852342798
nan	-3.0030216279806723	0.17875186785848918	23.825000000000003	23.981625350302203
nan	-5.456474616776267	0.02609972737918772	24.035	24.125007563367475
nan	-2.3556167407530997	0.2116116121682144	15.93	16.144351647434227
nan	-1.2833246345839475	0.5664278064766276	18.45	19.578820817327127
nan	-1.7111230474654675	0.56931646286079	20.020000000000003	20.3760402602016
nan	-2.1801960618902796	0.16237846548461798	18.38	18.38028233968034
nan	-4.32750180653083	0.027152006189668808	13.91	14.327799704220169
nan	-2.763430136255022	0.13328510077606162	35.835	36.6615023531868
nan	-2.881252806536125	0.181120771377684	36.900000000000006	36.98213988970578
nan	-2.9843308310880414	0.30753866575847105	37.065	37.09609133495558
nan	-3.4726053514730912	0.06601166358225515	37.96	38.18740990865746
nan	-3.70323114936882	0.06104958470781581	16.0	16.063898391857897
nan	-3.007896379393058	0.14146854131289316	15.07	15.086938725379351
nan	-3.088534402122623	0.12175989859787963	15.135000000000002	15.136364956275075
nan	-1.6942878454871932	0.4861587395293846	17.81	17.98098419850738
nan	-3.8430070054112697	0.03578751557047927	38.94	38.992328965463464
nan	-2.4058144828692076	0.33369444585255326	39.585	40.10896160616474
nan	-3.8812461766168207	0.15396106968830942	40.394999999999996	40.44144069951003
nan	-3.2313878737970727	0.08562217419110305	15.42	15.483896832991032
nan	-4.9849934978799135	0.01531091230587601	19.85	19.874455990534667
nan	-3.3007931832318467	0.11966437096752217	19.685000000000002	19.906933870273697
nan	-3.498988812765982	0.19270268628720577	20.11	20.290591262564714
nan	-3.616523946939396	0.05922483155923546	18.48	18.525622597773193
nan	-3.221572566399521	0.11959715698734064	18.53	18.61925702995101
nan	-7.327337949269481	0.0015609157157171765	20.150000000000002	20.271132369377032
nan	-4.375684381049159	0.03977561706289519	20.16	20.212919719282027
nan	-4.251039928477723	0.08923899545841175	20.384999999999998	20.45656905720736
nan	-2.6846866294945966	0.17544615482043427	21.3	21.540116044799674
nan	-3.579012257669933	0.08771960362876424	21.45	21.549554077654292
nan	-3.346105530524401	0.17552329823138924	21.58	21.649974493589763
nan	-3.9319818023713755	0.04727630175732404	22.18	22.261599407761178
nan	-2.883121891462486	0.1227974862652557	15.75	16.15010785010882
nan	-3.612830633525178	0.093614592430737	16.0	16.031541073013603
nan	-3.0620592904343096	0.10766622331766887	17.21	17.505237923279914
nan	-3.9317704247176404	0.03986948358381915	17.565	17.57287848729083
nan	-1.4058867367756696	0.5915829061378675	15.25	15.424626874614493
nan	-1.6052129698026283	0.5796360334418648	15.530000000000001	15.610504993247357
nan	-2.538676403653757	0.5226368614677713	15.620000000000001	15.643635689741542
nan	-3.593288146459507	0.07050162811872171	19.43	19.448321869618233
nan	-5.050843883210385	0.011397443844197467	15.610000000000001	15.748546441801265
nan	-4.614617381982716	0.031595260777844726	15.71	15.820265977029434
nan	-3.6350938949760505	0.20540251793825398	15.915	15.930121467372572
nan	-4.922012140777294	0.007284458734101297	37.125	37.18358508914049
nan	-3.675312646557164	0.05370402827918339	16.0	16.568407640313104
nan	-3.2870697758851075	0.08032659027163729	15.950000000000001	16.14651929003289
nan	-4.225640964335781	0.046671080733964615	16.12	16.188346974907933
nan	-1.656633596151135	0.36439454995046067	20.96	21.080379845807464
nan	-3.1282328347019823	0.08842001621279728	18.57	18.58147435074334
nan	-3.160534622913983	0.14991852282916038	18.475	18.517565059004454
nan	-3.232722848602082	0.28314714750062225	18.505000000000003	18.514622404791776
nan	-3.0071314064399934	0.09068124866078078	22.68	22.731903712950434
nan	-3.9377357579412635	0.038753935894178596	26.5	27.472553803608378
nan	-6.512237292904431	0.005422270601506189	28.445	28.51399013593295
nan	-5.297690232685198	0.042105519911069034	28.37	28.459227658988056
nan	-3.1814368308553633	0.10429306730048322	19.38	19.518493672678666
nan	-1.9587948983535572	0.42158413411569595	19.665	19.77805386120552
nan	-3.349688979291492	0.2050389252939368	19.875	19.884087350245714
nan	-5.506371512390728	0.006838226742827513	18.94	19.355559350083315
nan	-6.285872550577439	0.004304325959874587	16.35	16.432577499808932
nan	-7.585433060226054	0.0015294002226784531	16.34	16.382740852147915
nan	-4.013778761038873	0.03331856518792282	23.06	23.097862804154897
nan	-4.829231688048822	0.03549579290182512	23.095	23.107347327586595
nan	-3.7130290492000446	0.1656581499381431	23.185000000000002	23.24439853294241
nan	-2.6934880767347296	0.13594988324337012	21.150000000000002	22.034369392052604
nan	-2.545681629274823	0.301254598292969	22.32	22.411297421424717
nan	-3.2646889157949963	0.27328526417394716	22.5	22.791007398929302
nan	-2.660577022714932	0.1950161333056237	20.01	20.179258717311498
nan	-2.3678397981933967	0.09368288178157609	22.5	22.698591522145488
nan	-2.2639249953546687	0.2354215254654614	18.87	18.948887400302077
nan	-2.108322009040301	0.3713408525880298	19.035	19.118212724909856
nan	-2.944254470550079	0.3488274687064899	19.160000000000004	19.17071198193997
nan	-3.4928176559021207	0.06979249537468869	17.31	17.41005591524806
nan	-1.925496574776212	0.26169684517987024	26.17	26.804141700523196
nan	-3.2570410703324546	0.10582466073644772	18.7	18.839857152122725
nan	-1.71309630407681	0.5159034228117435	18.83	18.95107154172092
nan	-2.3883611909985833	0.5219285532647857	19.025	19.0353093020127
nan	-5.265727065962122	0.010174521773660695	21.0	21.004050437251347
nan	-3.7695647642483237	0.07883930459549855	20.415	20.630057226894387
nan	-3.604380131685125	0.23092283371195935	20.515	20.576503051375767
nan	-3.33404149937624	0.09878688577530947	17.93	17.961920209623553
nan	-5.5935869463831205	0.008103790878232106	21.12	21.569598748909005
nan	-2.742832679961187	0.08973985674809401	17.67	17.77236288421957
nan	-2.373386384956463	0.29638048961599	17.8	18.00069841133508
nan	-3.490617558861405	0.16845509325389227	18.12	18.291730322452413
nan	-3.7342770106745404	0.05778490810689762	19.71	19.728485615268827
nan	-4.324969930088469	0.03261877377215796	17.87	17.936716089464827
nan	-4.005148451786015	0.058400969148492535	17.590000000000003	17.732274900732968
nan	-2.9175697426001097	0.2977899059822016	17.845	17.99906164804407
nan	-2.903327199382713	0.16622560971903474	18.400000000000002	18.513972475110688
nan	-1.8737956511720684	0.4291433570360465	18.43	18.726345917053237
nan	-4.674404325524518	0.023329445290547098	13.8	13.870722748151922
nan	-3.8171543007261413	0.06976868590233568	13.754999999999999	13.83504907052417
nan	-1.8620617217220075	0.2123325273016063	18.2	18.337323055104108
nan	-2.436326965727855	0.29175081869388475	18.4	18.588526341529228
nan	-4.058459032039285	0.09618729617994913	18.67	18.700652559167448
nan	-2.422073187905618	0.1272658016041006	25.21	25.254074252229024
nan	-2.9587928626114803	0.2037571810618172	25.305	25.48992140770021
nan	-3.4111582207665188	0.2761878281297864	25.45	25.551086499853753
nan	-2.6843816908031397	0.13137239572048298	22.95	23.3329119979805
nan	-5.533213675298567	0.007455563191293173	15.13	15.180005442560622
nan	-3.192846923495749	0.13181067824388823	15.035	15.152819151727439
nan	-3.1079672899508846	0.2743629501069466	15.155000000000001	15.182353696509379
nan	-3.686082208130316	0.0479038328383766	20.35	20.89684678896232
nan	-3.0217827460335873	0.1756347956316193	20.79	21.070593393630535
nan	-2.394070226600106	0.2047351402943265	14.65	14.92387024176821
nan	-2.63751151933281	0.2249885658910415	15.085	15.130631964588769
nan	-2.8369676624570084	0.3511124006784663	15.22	15.24697230194032
nan	-3.010306112687985	0.12719047430953603	14.77	14.80483891588454
nan	-3.284258421029915	0.10969003269108468	14.8	14.830823872286755
nan	-3.173690515428985	0.10149884900816912	16.59	16.616376309150205
nan	-3.1454332237503504	0.12682936624359056	16.925	17.11923159399312
nan	-2.943348716395454	0.28950382040493056	17.145000000000003	17.37122946454855
nan	-3.0152812784921594	0.10074246430697742	36.455	37.23594928957871
nan	-3.3534821070830696	0.08694950332164271	20.3	20.36137643414279
nan	-3.533560126205007	0.09286642434334065	20.42	20.47444006051428
nan	-3.4178835789951645	0.17997043257929488	20.39	20.42762322349699
nan	-2.2952066015130175	0.199292853170677	31.3	31.929049062071677
nan	-2.20358590292156	0.2248589894582019	36.83	37.86269914685613
nan	-2.7040086904397516	0.14994445701917364	31.88	31.929362611485143
nan	-2.6550277815395353	0.23260025956366534	32.3	32.595422398352945
nan	-3.692193823938983	0.14604336408688548	32.415000000000006	32.61980208541941
nan	-2.8285777716207505	0.15032371194720534	22.88	22.979666015146975
nan	-3.1563807745669723	0.1164529683164331	22.695	22.911531973478493
nan	-2.8580858500655113	0.3895373848761629	23.04	23.140604536532777
nan	-4.1219415103092745	0.03648912566444087	19.47	19.47422529505496
nan	-2.9559959395275683	0.10089009025773116	24.945	25.131198498208036
nan	-4.960141046024692	0.02479030537638733	25.19	25.281388645753637
nan	-2.922150465621464	0.1300063243479514	18.25	18.26035545171929
nan	-2.4924225016084054	0.2705203666465591	18.32	18.35991425290861
nan	-2.1881397092664545	0.22437780462353277	21.01	21.013690579732486
nan	-3.1026841633052635	0.08841989150665355	21.96	22.19930130089143
nan	-2.6915421557995827	0.25474531144905677	22.2	22.347172247537735
nan	-3.2861036189234363	0.08335930798821135	19.740000000000002	19.878757361218106
nan	-3.0382827078465415	0.15509905165478596	19.939999999999998	19.978566544124465
nan	-3.546956443766507	0.19576457078378082	19.985	19.998691711755203
nan	-4.001438666669851	0.0284172620569082	18.75	18.76318815746505
nan	-3.975684050764448	0.07458128215728713	19.03	19.14117755576859
nan	-3.7644933775154095	0.21430479203094754	18.98	19.139279362650022
nan	-3.015468217423388	0.11125307433770151	42.27	43.35010621769925
nan	-4.248513286886016	0.029675699691510696	21.1	21.183700866975737
nan	-3.4125119260388233	0.12197497757896217	21.14	21.223637726077527
nan	-2.394986182804032	0.19552261624500203	15.200000000000001	15.230410223489265
nan	-2.1640948722947826	0.2893144543471135	15.42	15.527903906855686
nan	-5.106688878905977	0.04294651377348416	15.620000000000001	15.625930547628304
nan	-3.2297348107042647	0.09146421530289908	19.26	19.419970112509972
nan	-3.418438108661346	0.09797799144843855	19.325000000000003	19.3302391254082
nan	-3.5885680199384695	0.1817704684381463	19.405	19.45230974237489
nan	-2.052961569728113	0.17122955316747657	17.92	17.928280404897617
nan	-2.613337773233517	0.22238167934666878	17.975	17.984457348704083
nan	-3.5078625773886936	0.05802024582852484	22.85	23.044772338025467
nan	-2.8382139646843427	0.21468547652447337	23.08	23.137080391365103
nan	-3.12690060515623	0.0985145736078202	18.21	18.591408407547334
nan	-5.917023943262991	0.005485798510367033	21.150000000000002	21.22814026509512
nan	-3.9395978243225014	0.03352048018872299	18.17	18.429344709961015
nan	-4.6536075556714955	0.03149152487156534	18.475	18.529317325778944
nan	-5.18370406211047	0.04669880082672817	18.365000000000002	18.436069740004086
nan	-4.536751879581497	0.02130123696768715	36.44500000000001	37.25692218662128
nan	-2.267180458005503	0.34548620089749965	37.52	38.611639552623984
nan	-1.6113083857286241	0.19962625499009282	16.28	16.43455988155621
nan	-4.494874644218314	0.02156544910512046	36.0	36.27062225991995
nan	-3.567158483036689	0.1053606130787904	36.905	37.06926612402635
nan	-4.552900271107725	0.0685810270650468	37.045	37.05334240982233
nan	-4.026438271834109	0.04110784287565844	19.12	19.32008584752944
nan	-4.607866851187818	0.035586225703798706	19.255000000000003	19.260908344203788
nan	-2.3887806584079887	0.23749383604880414	19.28	19.388788566491076
nan	-2.431321139834503	0.2578694740740491	19.415	19.45882301713174
nan	-1.9208367560041795	0.3536370655105332	14.9	15.451313671761367
nan	-4.99017312490651	0.011788444228247605	39.6	39.86899081281883
nan	-1.6451954762025265	0.38407235083588925	22.53	22.918053259146628
nan	-3.1219265940925407	0.1603097894713671	23.105	23.14936535813546
nan	-3.0585363623089297	0.38149093939394274	23.18	23.22298743437697
nan	-3.0536225580581395	0.10937889177672772	14.795000000000002	14.814560771472397
nan	-2.1105620889195498	0.3226979289855111	14.84	14.930042640064686
nan	-5.0394962364264675	0.015519098200457148	15.71	16.0016073361056
nan	-3.3968861917979587	0.09902916644455703	16.045	16.09494826943458
nan	-2.822959823718198	0.3387303114624425	16.225	16.42165194188935
nan	-1.752750371336268	0.3843294793336132	32.29	32.91002412057636
nan	-2.040963172660091	0.42168911886216126	33.32	34.04346922815618
nan	-3.43275421350773	0.20553805720112386	34.519999999999996	34.615383029014296
nan	-3.2520402059813134	0.07927042789217437	17.8	17.909073444531412
nan	-3.369377808998849	0.07959080875247793	17.549999999999997	17.671253589823362
nan	-3.58413568263285	0.0562228771822866	36.82	37.08882794217057
nan	-2.925634704070225	0.11244333537374475	19.900000000000002	20.425173937853845
nan	-3.21257407881754	0.07856019393117503	20.0	20.827948809688046
nan	-5.702804772029115	0.012212882274663299	20.6	20.659650903940822
nan	-3.361801119501673	0.07805089226529204	21.23	21.29261267610108
nan	-5.423037966880965	0.009694012843233171	14.25	14.26680412371134
nan	-3.0974254069064324	0.09530657352613535	12.72	12.998798429159509
nan	-3.2439928775884965	0.1334087132289527	13.2	13.556010358731548
nan	-3.1345374470028715	0.0744269798154414	17.89	18.586142329299303
nan	-2.7123671337900954	0.2069429173127754	18.145000000000003	18.47588054003663
nan	-1.5280840158080113	0.5199430464385231	25.535	26.09708950931521
nan	-3.332835854007283	0.15318841973356306	26.205	26.317888034692952
nan	-3.606247939836097	0.23346487366970603	26.21	26.266040951312036
nan	-3.0596856032405375	0.09221939328350562	20.91	20.997091218263076
nan	-4.3306404011739295	0.013159117676728605	19.75	19.75177911868877
nan	-2.3535122243144557	0.262518188480452	18.32	18.498139644660792
nan	-2.7003611021793716	0.14282234904052313	37.800000000000004	37.94596104670032
nan	-3.5158132543544105	0.10715343520572902	39.105000000000004	39.22231177406868
nan	-2.1554785273471597	0.25712897738518775	14.01	14.630147875685282
nan	-2.5284957552645553	0.2601402251486452	14.855	14.942562052496754
nan	-2.02943053059871	0.8130733829668345	14.855	15.186771009630686
nan	-2.6123362833428416	0.14599463374776972	22.44	22.477307452542274
nan	-3.7274629983284	0.08980929846933265	22.575	22.649428345206402
nan	-3.389598719830267	0.07056244647134872	18.35	18.512830575585216
nan	-3.045194039576789	0.09943261283236728	17.71	17.827600642773312
nan	-3.3085611267409147	0.12743106186911954	17.84	17.845656637036488
nan	-4.933443718280943	0.051070368987250044	17.845	17.85884176182708
nan	-2.936248905864276	0.11606359730662648	14.36	14.415727171489594
