-2.17963204858719	-0.9999990227618359	0.06236195351666621	5.5600000000000005	5.576324098785851
-2.17963204858719	-0.9999989163165102	0.6037508399737914	5.605	5.6521915526543305
-2.2194066094095457	-0.999999061410739	0.12868792257706985	5.67	5.672675842069557
-2.2194066094095457	-0.9999990759876354	0.1120186533864464	5.635	5.662870875258917
-2.2194066094095457	-0.9999990436692231	0.2047549557503392	5.6850000000000005	5.69680854473165
-2.2194066094095457	-0.9999990262891627	0.22985468004505333	5.705	5.7122844049930706
-1.608457382969673	-0.9999989101986401	0.11188464092991869	6.3500000000000005	6.418218864818175
-1.608457382969673	-0.99999881894639	0.3379796473934443	6.4399999999999995	6.4874992961923
-1.608457382969673	-0.9999988210213286	0.44346685133214275	6.54	6.561948542481455
-2.086954112876364	-0.9999989777875066	0.1861048884168771	5.86	5.861978412474001
-2.086954112876364	-0.9999990642357497	0.166874422591361	5.845000000000001	5.8716229462097775
-2.2927540833953945	-0.9999989961306108	0.07439122674244422	5.3	5.309934057908625
-2.2927540833953945	-0.9999988891725331	0.22301034421942834	5.315	5.321651602171063
-1.9033944018134952	-0.9999986643960458	0.16989293152665907	6.2	6.209133996560081
-1.9033944018134952	-0.9999985420494446	0.3235743815950901	6.1850000000000005	6.197588699645721
-1.9033944018134952	-0.9999985989965076	0.4694277061421875	6.16	6.195568354744961
-1.9033944018134952	-0.9999986068012999	0.3707800800032434	6.23	6.230611311422465
-2.2924060014764414	-0.999999014948535	0.03306242682935672	4.985	5.010150379823762
-1.9727782593347358	-0.9999986597909195	0.22848888055036268	6.05	6.099620823239202
-1.113322066287604	-0.999998898359209	0.30804913987114674	6.25	6.325222322461494
-1.113322066287604	-0.9999989309243311	0.21842916273836277	6.345000000000001	6.349672859466491
-1.113322066287604	-0.9999989208288187	0.14836151161523098	6.345000000000001	6.373449004762222
-2.1116186953984513	-0.9999990663170703	0.1122479297234574	5.9	5.902769518461664
-2.00378197700135	-0.9999986783298987	0.25984475828595477	6.04	6.125147323827165
-1.4589064988138287	-0.9999988602892524	0.22963268952568683	6.45	6.527700798462772
-2.238157001117821	-0.9999990136957453	0.4551771483212951	5.66	5.8072522713716035
-0.9318855177671816	-0.9999989810930614	0.0806251188828277	6.3100000000000005	6.318654833406033
-0.9318855177671816	-0.9999989278604767	0.1706600720266903	6.300000000000001	6.305014135783998
-1.2522598352893841	-0.9999988947791765	0.23459728516368647	6.42	6.454762333917825
-1.2522598352893841	-0.9999989428394288	0.35846171570435936	6.5	6.518403231394386
