nan	-5.155495103771825	0.011675174531367882	15.290000000000001	15.334027324116029
nan	-2.0933449676988016	0.2802281441026879	15.280000000000001	15.540585619677058
nan	-3.607753663103619	0.06278872132448016	11.14	11.153631580392329
nan	-1.9555073843958428	0.18040958435995819	22.63	22.65803320950662
nan	-1.7337717676324227	0.45724474391008024	22.6	23.358317002874088
nan	-2.2976469529968213	0.16973931809743725	26.29	26.500962102331126
nan	-3.709785729506283	0.04635068682908023	7.6000000000000005	7.730891075263256
nan	-3.9922540611907884	0.08045589200372248	7.595000000000001	7.622936886767436
nan	-3.096448216949246	0.2566736662356175	7.640000000000001	7.680150704686988
nan	-4.287226399782468	0.03097556952033252	23.23	23.344008197578546
nan	-3.0194192267798483	0.10203923407614116	23.36	23.53928768702543
nan	-2.1468405377271442	0.15663255353958772	12.98	13.346611383596892
nan	-2.065709271159566	0.4522029138655578	13.025	13.567319653380181
nan	-3.9275141591242604	0.04508737229521103	20.02	20.079221657804315
nan	-5.055229239496312	0.020557479348509128	19.945	19.99537657532126
nan	-2.5523589209325133	0.19798640127503384	8.06	8.092274805777073
nan	-2.452633107774068	0.26834754686195644	8.105	8.13316816166517
nan	-3.0772111463632497	0.2380809171507092	8.094999999999999	8.096251021086342
nan	-4.5951668167793285	0.014898792494151629	37.03	37.318601302210645
nan	-3.0879784193663897	0.20660395371866247	37.845	39.14387397376444
nan	-3.875914436124509	0.040335955881384715	14.71	14.758222664214568
nan	-3.104757722911525	0.044835379828780914	16.990000000000002	17.07137156853665
nan	-3.377716395291714	0.07692068270109426	19.47	19.55993048866296
nan	-2.8544558360833414	0.18768630006131584	19.595	19.663714281182777
nan	-4.1371842015372975	0.09534162434912813	19.61	19.689031783983754
nan	-2.851467099152181	0.1327038094921971	14.61	14.628461957073156
nan	-2.7499570673315694	0.23592866004575977	14.530000000000001	14.608851935808866
nan	-4.001860988286343	0.041523059736516814	10.66	10.686766395956862
nan	-4.5989875515094125	0.016341836492062216	14.33	14.341992324585092
nan	-3.1333880656519644	0.08141459264393007	24.400000000000002	24.789371217477388
nan	-4.548479023309337	0.027776783295917495	24.525	24.57314012917246
nan	-3.4389506015369857	0.07730579645913754	19.56	19.572737775510973
nan	-2.556834993829654	0.1649921157691146	20.39	20.508372129712
nan	-3.8128464671347504	0.05730286202753606	16.02	16.170575896126802
nan	-3.2851616116127658	0.12825937389984857	16.095	16.14138096560141
nan	-5.705088042294304	0.006218602077555346	15.44	15.447855305712949
nan	-2.9067982494813998	0.18080407635840862	15.495000000000001	15.575827061502828
nan	-2.5767876830886633	0.45857340165906907	15.585	15.620514954505342
nan	-2.655248655340266	0.09924451689067608	20.2	20.20495191307033
nan	-2.955187348427888	0.16779661622589304	20.18	20.32559528964214
nan	-4.074430816702062	0.10029766571619805	20.385	20.422852271583864
nan	-2.6903750973644156	0.09215633663578643	25.87	26.127281080892377
nan	-2.5869330667643498	0.29680244139933115	25.564999999999998	26.636721445178146
nan	-4.199787789966408	0.029197394099955688	17.14	17.14064593662769
nan	-2.9119009870152226	0.10594702187941214	14.02	14.10449706266422
nan	-5.172195755572857	0.010234661972934815	23.05	23.091622476741012
nan	-3.81648057918658	0.07242558956691728	23.45	23.46661915636281
nan	-3.91400474473075	0.13785201233551617	23.345	23.394149458387854
nan	-2.9996809217992713	0.11307116836906438	15.6	16.17404980727698
nan	-3.7702974054394622	0.05032206119162641	10.0	10.088905322128852
nan	-3.7528108920908223	0.08508837637907007	10.08	10.130817333549771
nan	-3.640668349339154	0.06386591702377421	19.48	19.664658689040333
nan	-2.2375346157518607	0.28482969927072144	7.82	7.894823402532439
nan	-2.366483933088925	0.20653849290868884	16.5	17.099085401441357
nan	-2.3242631940900256	0.21191249522854047	20.06	20.37119605935015
nan	-2.7184106140404563	0.15048040851898398	14.36	14.636507127239316
nan	-2.6344834504541175	0.24645079002884573	14.84	14.938155475762906
nan	-2.7234176157917935	0.33778915009115607	14.945	15.012873241434983
nan	-3.463031348350669	0.08378467253808301	11.4	11.532555537180972
nan	-3.1264706113654888	0.07764536684807512	21.05	21.214807422089102
nan	-2.666203181444291	0.30528712085634874	21.595	21.864085724689033
nan	-2.4672043233845407	0.19488400495243222	15.85	16.171348592661943
nan	-2.7418737202919834	0.21728305858144778	16.405	16.513471310167876
nan	-2.7526719717026054	0.3600860690661742	16.455	16.476226406527356
nan	-3.4584511500769395	0.05811204328369835	27.0	28.136616969720738
nan	-3.504930656911939	0.1293648535169293	28.560000000000002	28.76572355056994
nan	-3.8634349255761973	0.047750451015107616	14.4	14.503008222061034
nan	-2.282292913949938	0.20869965401163834	14.47	14.542966514133644
nan	-3.7530421484164598	0.051973005484004825	15.38	15.601738216525103
nan	-3.2429493603920583	0.20833831339749304	15.205000000000002	15.754677951692113
nan	-2.443237133899413	0.4860287582098313	15.65	15.769607878898412
nan	-3.3334961891800887	0.07900108858275603	8.1	8.161000558475072
nan	-3.574538622741384	0.03593874191953282	21.53	22.017013327920118
nan	-3.2552140193925063	0.12066546892651903	21.775	22.604519104853473
nan	-3.3729214317203047	0.07518090222237372	13.59	13.622499491973176
nan	-3.472477351912163	0.11960595925688591	13.615	13.659680764301527
nan	-4.918771306925105	0.031815230274195146	13.66	13.67752991862135
nan	-2.0856424844798225	0.2727949474568736	10.950000000000001	11.04877791717246
nan	-2.0979980981464443	0.44205123595724327	11.065000000000001	11.295529178178983
nan	-1.4175532480552704	0.6317083517267533	15.0	15.366659100464858
nan	-3.3312678959578617	0.08362495502457604	14.4	14.619256713277078
nan	-5.163685618156254	0.01117674015797787	14.55	14.550441765474885
nan	-4.390291271061109	0.04826279845766407	14.450000000000001	14.501900911407596
nan	-3.088020626553411	0.3718061511003445	14.775	14.89678907357437
nan	-2.7704725501365646	0.14015539081336748	16.2	16.40552805062661
nan	-3.1945274447415484	0.0962561058600237	19.990000000000002	20.186380488116118
nan	-2.209840283253122	0.10971817094549824	15.5	15.500939975912436
nan	-3.159732576687621	0.11519484584704155	8.01	8.04992059634211
nan	-2.4877079588214777	0.08310021758095311	14.11	14.119726734225656
nan	-2.730764061118019	0.12010467770395579	32.6	34.6308658666321
nan	-4.710713832646337	0.03512490295282766	34.650000000000006	34.85534714580199
nan	-4.186125195096553	0.12529803095600192	34.879999999999995	35.16383616234854
nan	-2.552933167408179	0.24626545662264462	15.66	16.20322472995955
nan	-3.037530347078483	0.1518950554056515	13.94	14.061074424137669
nan	-3.084546530184324	0.11217595191387396	14.115	14.566943051940786
nan	-1.7264276979985531	0.3076562526590326	35.25	37.76574661143168
nan	-6.28815712593797	0.003770101130680497	14.3	14.30392454457336
nan	-3.681458676104989	0.0625008411579717	20.0	20.022667116062795
nan	-4.164444196453227	0.05709434422008554	19.955	19.996009766139657
nan	-3.3888935813119265	0.21181848296870695	19.98	20.023636926025087
nan	-3.6207300137350797	0.046848370652985735	9.19	9.331486464276491
nan	-5.007237547038232	0.03187352289937212	9.375	9.426701301999454
nan	-3.5057592793485446	0.19069145325884865	9.440000000000001	9.532646693114053
nan	-1.4255408908876035	0.32178971102767484	8.2	8.209469626379047
nan	-1.6792972440322829	0.6039654864900003	8.184999999999999	8.25173998588071
nan	-2.300384432847585	0.5235316740501009	8.184999999999999	8.1996301369863
nan	-3.4872958518402375	0.06947776259722459	11.53	11.662544239154302
nan	-3.5206413978396993	0.10796371765534836	11.61	11.623298264964614
nan	-2.5408259373904665	0.40900762440763444	11.67	11.764853680226578
nan	-4.483351306393608	0.026714767591260718	13.41	13.712745166292018
nan	-2.9492605272808565	0.16520684271161645	13.8	14.0688998626198
nan	-2.3821174411151858	0.4781013348182697	14.51	14.70574208489458
nan	-5.645450097786173	0.008299496329458618	14.58	14.663284961309612
nan	-2.3485690225263594	0.22569035775839189	23.12	23.41133374916544
nan	-2.7946868367438857	0.09002223023902128	15.5	15.585550872162989
nan	-3.7068652518983853	0.08623961557563795	15.655000000000001	15.795734153496998
nan	-2.962939040256561	0.26219629158011987	15.790000000000001	15.808191018978507
nan	-0.5930684330501786	1.0162520859208233	8.24	8.898065982829555
nan	-4.06598081412757	0.07282007028769337	8.795000000000002	8.805630816381516
nan	-3.8544397344981234	0.055032002359299045	8.01	8.106273423496823
nan	-3.3704587493624865	0.12182106349596285	8.015	8.083953137410644
nan	-3.4094791671188163	0.1424993555555088	8.135000000000002	8.139940880787732
nan	-4.416006367229106	0.027174458240833223	15.700000000000001	15.82863910771813
nan	-2.660350494193963	0.10548500427718005	23.29	23.477204431833066
nan	-2.525236982205213	0.27042416718028134	23.545	23.717461729953357
nan	-3.1845128359528365	0.17897328411305866	23.665	23.742789249440616
nan	-3.6231424453425367	0.04714036648633835	9.52	9.6585146951518
nan	-3.148015221124654	0.07359665396369706	14.99	15.004073045744942
nan	-2.884580684676637	0.10963962247141626	29.8	30.69761030604171
nan	-1.9715439597988924	0.4966493374838642	31.625	31.91648607212018
nan	-2.743657788526306	0.1344850389675376	12.69	13.068095782970529
nan	-2.821044007351928	0.1456742540025504	14.21	14.411761854669512
nan	-3.014293409864594	0.06323470263615719	8.3	8.311603283911825
nan	-2.3699251226300646	0.37196709257754706	8.26	8.386331849968213
nan	-4.082970874903727	0.04331249790827425	18.72	19.04748257849656
nan	-3.326965877197377	0.08749037399053068	20.12	20.129619453655454
nan	-3.3444543992317284	0.12858245463844037	20.38	20.471378401335638
nan	-2.794502755587283	0.36271682751708556	20.39	20.452112164656125
nan	-3.4440191440221186	0.08714914238542029	13.98	14.144719676378378
nan	-3.3377058261715633	0.0454652565376881	19.0	19.343537081062465
nan	-2.9356944893991685	0.22053256726455733	19.355	19.998189188010734
nan	-3.3555212589277628	0.06652196778905961	13.55	13.661397366765975
nan	-3.224818561105895	0.1683050834919122	13.66	13.732393486147588
nan	-2.1007577137993314	0.23252973763118107	20.57	20.868848937974025
nan	-1.9637475171818857	0.2543587486884365	16.52	17.56420410165011
nan	-3.899386902993266	0.08827138541621887	17.485	17.498419743849304
nan	-3.4780912954689405	0.21056042640751568	17.37	17.42846313334197
nan	-2.8840222401792848	0.14340179728974156	13.88	13.974582215346853
nan	-2.5905128233242745	0.1849559119842841	14.67	14.737492304767239
nan	-2.3642046533971266	0.2544526833813883	14.74	14.952685766220569
nan	-2.865384556066168	0.15408976237238295	11.75	12.012289050513681
nan	-1.175978880471321	1.0723604789665	12.08	12.347847460395903
nan	-0.8541059152768951	1.5217258850021913	12.655000000000001	12.904168813990209
nan	-4.9486431491888165	0.017959537336744755	21.6	21.695356186395287
nan	-3.0697213714964913	0.046434090916434016	25.88	26.07097703398901
nan	-3.5045794433054995	0.061766009983637696	21.95	22.429089773108313
nan	-4.365463645537849	0.025695109653484843	25.05	25.053762336858195
nan	-2.1571963699737458	0.22415934469282933	14.77	14.920576570933143
nan	-3.511153650054889	0.06479085330600302	13.790000000000001	13.795987201034421
nan	-3.4420784770446162	0.14308800335248972	13.75	13.766542012024908
nan	-3.385040843445166	0.12972580174274762	13.780000000000001	13.801971660372079
nan	-2.826452994546787	0.1320398335149078	16.69	16.85010310164166
nan	-5.237401693458411	0.0174322927804954	16.395	16.509105378348192
nan	-5.752834734810177	0.005496845469525616	15.08	15.15959632939356
nan	-3.2990133340334307	0.052819691921213996	21.6	21.752083581405028
nan	-3.038623654167259	0.1587398646190924	21.585	22.00913021090129
nan	-2.735030224715399	0.13034911292415835	14.64	14.714888383293026
nan	-2.9578873441809126	0.20674539624979477	14.780000000000001	14.783266034374083
nan	-2.9582783356856837	0.29057201180809883	14.74	14.78722604623794
nan	-2.916062512166027	0.14161941860513078	20.0	20.2894706281891
nan	-2.6899719831024953	0.1445537727950203	14.61	14.700964545008876
nan	-2.1536814683288674	0.24627011691387188	20.5	21.64815056105204
nan	-2.1917212925612644	0.3812187002784981	22.67	22.74365209234865
nan	-2.901910568552985	0.42065582943761537	22.560000000000002	22.61882810303975
nan	-0.96613691482414	0.760700103341872	19.87	20.70475781660822
nan	-1.865127473527366	0.3610411237221144	14.290000000000001	14.553263860245497
nan	-2.3793579339334423	0.3205474644758056	14.69	14.725995504776174
nan	-2.594502737189445	0.3940020483630937	14.75	14.795000620407263
nan	-2.5874624636447	0.0752106478992699	15.35	15.527231951193038
nan	-3.4121037855892262	0.07826150712506523	19.92	20.15193663621457
nan	-2.2731065873169394	0.2375677407414368	13.5	13.5289690004291
nan	-2.157442855126057	0.3821896915980148	13.655000000000001	13.722087337603169
nan	-3.242766401453005	0.20609491527010568	13.76	13.788763980498997
nan	-2.962422559664387	0.10238390064377342	15.69	15.975930359409038
nan	-3.993486336557549	0.07205384246936986	15.85	15.980111731180573
nan	-3.379030979411277	0.23116502678773826	15.91	16.003271731522528
nan	-3.7321531660794025	0.05573673644549371	13.9	13.967174497005587
nan	-2.452389067855851	0.17725565659442027	16.25	16.72773152041896
nan	-4.674671543152914	0.03375180934206527	16.63	16.67204591242076
nan	-1.6042879167737718	0.20103265593648156	14.16	14.697351876171522
nan	-3.1221756296376015	0.09324561565491095	10.94	11.04460515222828
nan	-3.460935171173814	0.12285541447350114	11.055	11.09764222838344
nan	-2.3794460559116755	0.5573345703392737	11.18	11.24817027977428
nan	-3.9134308171971237	0.04242078000348934	14.1	14.231545711592837
nan	-3.4075625316878586	0.12176347308939668	14.254999999999999	14.349962353715469
nan	-3.1342344357408525	0.22784475414645855	14.4	14.427475887132742
nan	-2.758744690595336	0.10959158640322976	40.910000000000004	41.20144308206075
nan	-3.4475623269524904	0.13392154449616803	38.7	38.95439475533449
nan	-3.3495656577545834	0.3374934766712117	39.09	40.17875679146612
nan	-3.0803050740445475	0.08618985394737477	7.65	7.666485731610959
nan	-2.492174855842509	0.16079246262762192	14.3	14.300885957150903
nan	-2.8907952714778182	0.1955868656289149	14.370000000000001	14.426416486055452
nan	-2.783901473498798	0.29918992604306244	14.41	14.543011552898282
nan	-2.1922385310032624	0.2679710040940093	13.92	14.210848263769128
nan	-3.7534082677247924	0.08584092026846138	14.125	14.142177146798629
nan	-1.7641383581426748	0.7507877810247728	14.14	14.215611280057932
nan	-3.884387187552585	0.042845602235317096	22.25	22.54511104375666
nan	-2.8117222530051724	0.1220269566391506	29.35	30.43745884097175
nan	-4.690896469721232	0.022410264846523344	25.650000000000002	25.780032905303162
nan	-3.101495544016113	0.1366207551215668	19.75	20.231182212420237
nan	-3.5211454770018844	0.051387235279236644	21.5	21.995487106768223
nan	-3.0657473288435764	0.09063475251439577	16.2	16.29802804441096
nan	-3.8521769601129408	0.03936369668845779	15.36	15.453578779342276
nan	-2.4153782675046713	0.3088057182362609	15.555	15.793622064564149
nan	-7.3376654587654535	0.0006505675262153342	25.07	25.322147835396024
nan	-3.892647852052404	0.05274087783532075	15.200000000000001	15.437097783657064
nan	-5.306303938372615	0.012302679614207297	18.8	18.980518944467196
nan	-2.7204968578260833	0.20373876854148673	19.080000000000002	19.190819182767903
nan	-3.2829846262347493	0.19763690674124734	19.340000000000003	19.501109894736086
nan	-1.4082854045543771	0.4988781001164738	15.870000000000001	16.632196833333243
nan	-2.579151662169201	0.15441419337902976	13.700000000000001	13.8663178807947
nan	-2.7976199619979214	0.15833495570253692	13.780000000000001	13.963788799823817
nan	-4.468293197713485	0.028585266596671075	23.36	23.556592579667154
nan	-2.4874870443314534	0.08311857765106895	26.2	26.264265342696387
nan	-3.0961631460556545	0.09701852989723499	14.57	14.639501334457087
nan	-2.9218933592215253	0.12118338520979813	16.69	17.054960249874483
nan	-6.879132307049312	0.0035894044383935216	16.86	17.004511138081718
nan	-3.220246607281586	0.08779852929413352	13.31	13.399204780510226
nan	-3.284904204562555	0.08587962065827666	13.41	13.476227739021535
nan	-2.95469766378517	0.20347403065529374	13.515	13.562737090057942
nan	-1.8733726731075797	0.6974706918594604	13.635000000000002	13.65127228721913
nan	-1.9531566322126717	0.20197919600051312	23.1	23.25032711427005
nan	-2.414667366641525	0.2511914943871144	15.58	15.788268044516974
nan	-2.57105469390686	0.07645486640380891	13.9	13.910079863262478
nan	-4.919944546031402	0.01577296404224393	8.32	8.331087300821261
nan	-2.293752860046447	0.373149242877191	8.365	8.458312689394594
nan	-4.003233427442171	0.04198609538992705	22.650000000000002	22.826599522282155
nan	-4.794656189882318	0.008273842969745556	22.42	22.577489045033285
nan	-3.5212964598418153	0.0640356033144212	14.59	14.600738003446732
nan	-2.2295691453866673	0.10757476923797449	19.650000000000002	19.703227547130545
nan	-2.133071228543127	0.23953787532137988	15.1	15.205408815509124
nan	-3.0200074823277894	0.11617380798577125	7.8500000000000005	7.892154713241038
nan	-2.8101338277310672	0.131639493011469	15.27	15.544519500506484
nan	-3.43737771287568	0.06517833091201462	22.2	22.855802840221276
nan	-5.243447441513586	0.009818622752500061	9.88	9.907900466562985
nan	-3.579687729952477	0.10221888579778977	9.9	9.910665403242788
nan	-4.32735637635028	0.06070782213508913	9.925	9.953388216772124
nan	-2.2425645449203198	0.20945385889830698	23.0	23.840761781575175
nan	-2.409402746501785	0.08986895309339883	14.13	14.133496669922987
nan	-1.3288338373807067	0.5779478519304635	14.4	14.808362615625304
nan	-2.1504536757529884	0.3934730813081999	14.995000000000001	15.152227819978894
nan	-2.905780355348389	0.15163009773857009	8.0	8.008925965756692
nan	-2.154539549594997	0.32400312107358403	8.06	8.065619693623878
nan	-2.745425207073068	0.09370726407386877	14.1	14.126962605987062
nan	-2.5434473040938532	0.256034294766324	14.29	14.417375544073456
nan	-2.861900726138266	0.24640318496419533	14.555	14.625798386279516
nan	-1.9868552317263666	0.26356510634084906	26.28	27.041019119460373
nan	-2.591574391937353	0.07490202206676294	28.0	28.229261045918935
nan	-3.404567448565781	0.06874346299014195	25.11	25.35086650427335
nan	-4.918488778179285	0.028535650045678627	25.17	25.236172763937176
nan	-4.164657067120831	0.08992101018103335	25.22	25.291256109220875
nan	-3.2884986653096973	0.07962534155893289	23.55	23.733210857251528
nan	-5.231683291616791	0.009574569367668545	21.150000000000002	21.820476820971873
nan	-2.7715795065184623	0.12383652650140389	13.81	14.168672665070524
nan	-6.479519588094764	0.002246195432202702	15.790000000000001	15.834129020379711
nan	-5.1323384171977775	0.019673130281646634	15.780000000000001	15.876436327921654
nan	-2.0768555714971884	0.2927020974058669	16.42	16.782148353897192
nan	-2.7532555850024543	0.21161859549424314	17.060000000000002	17.100820210089474
nan	-2.9359689927648405	0.11333309868970559	13.81	14.108737975283699
nan	-3.1171864188236564	0.15738976506838992	14.275	14.687794259006896
nan	-3.481515245887882	0.17602307478783333	14.8	14.88773807735893
nan	-4.227488329406062	0.03289645682321396	21.91	21.946589257407176
nan	-4.026019658401597	0.0641287518226359	21.695	21.79407996576364
nan	-5.616661333510919	0.01801060682868084	21.685000000000002	21.716797752236555
nan	-5.13841345375781	0.017747535994533374	20.09	20.475026303450452
nan	-4.254660719963296	0.026389830988494865	14.02	14.102805783200806
nan	-3.8787464272783163	0.058575281923509435	7.95	7.974769915175636
nan	-2.628394717490326	0.21040049472205702	8.0	8.059676137230815
nan	-2.292260709473114	0.46469842105992765	8.11	8.117247494540145
nan	-0.7249636581821257	1.0539466750192412	14.93	15.42281650661061
nan	-5.465943464565035	0.007772975093672378	20.32	20.330178762771396
nan	-2.8420116259643526	0.10150511789830037	37.93	38.941930157029255
nan	-3.7165671316721234	0.10424892639785528	38.275000000000006	38.721676770784974
nan	-3.68218822741837	0.062073813819025554	19.79	19.812899023972232
nan	-4.726403708844898	0.01826831642995591	11.06	11.139908891983291
nan	-3.7655538360841447	0.06116178152449953	14.85	14.877434135757825
nan	-3.2205479054680137	0.055737407173186884	27.0	27.261744847444675
nan	-3.1611695366573813	0.07023686785483724	7.68	7.68193767074555
nan	-1.066834432493081	0.6320154782780233	20.75	21.266913318788177
nan	-2.926904012996134	0.22966065079724532	21.235	21.28405384628639
nan	-3.6211807847954485	0.07860356497802616	20.07	20.120500367328873
nan	-3.320524582619471	0.07866681226403423	14.540000000000001	14.682051306821926
nan	-3.5412812403814007	0.10164450152645785	14.75	14.856941745817382
nan	-2.46956737260655	0.47879499038695617	14.74	14.861869418530954
nan	-5.522102604811293	0.008303684107601527	9.6	9.698455762191719
nan	-0.4305154928238629	0.8750751062585993	20.42	21.588013296439453
nan	-0.24828016734565625	1.8924161695774184	20.395	21.958232620884715
nan	-2.187669886150508	0.24951196923553837	20.580000000000002	20.832982590866504
nan	-3.0674069014922205	0.186583542155969	20.89	20.899113132463473
nan	-2.367171794695182	0.17739027991383652	17.11	17.752819342881487
nan	-4.94383113082276	0.01493339237499145	22.6	22.655908873518168
nan	-2.863960302601754	0.19871546215764782	22.94	23.231769656439475
nan	-3.4810503219197892	0.1984700707304896	23.31	23.606737435885083
nan	-0.7767372857722389	0.7575729835581891	17.39	18.54346803776471
nan	-3.457172301000288	0.04426642323227022	16.25	16.416523351445075
nan	-2.862806388446477	0.1799806987299245	16.355	16.533632384772655
nan	-3.7845166047252228	0.11972123565394215	16.625	16.687793008625757
nan	-5.895220092314562	0.005781759287104252	13.31	13.60817810541873
nan	-2.714908313293437	0.14246375255620614	13.530000000000001	13.53014961702392
nan	-3.058373033858431	0.11436661205777865	24.43	24.8777916983237
nan	-2.7239874528538053	0.20182354234296018	25.215	25.454687888071714
nan	-3.1662152713269163	0.20034706432088903	25.59	25.611153216594836
nan	-1.6261647969297588	0.4222925969383289	15.19	15.587707585672046
nan	-3.0228535573641113	0.21186659887577158	15.655000000000001	15.659403931426974
nan	-2.1961632721528286	0.4796693890899658	15.6	15.710438802377462
nan	-2.0239385460177024	0.27552670072234653	17.400000000000002	17.79153524155665
nan	-1.550443617511513	0.8343964886252481	18.950000000000003	19.089283468205277
nan	-2.526764359409038	0.18943266308197054	11.27	11.30178480910862
nan	-3.176088760389212	0.07831686793176841	22.36	22.738282474562737
nan	-3.7939400546465354	0.0911227093761033	22.98	23.067376471180207
nan	-3.7252864057183013	0.18012552952387384	23.235	23.26005052101739
nan	-3.5584461035295187	0.03867589556019675	14.0	14.14317147891328
nan	-5.761809688232701	0.012465872595572759	14.035	14.24076778764423
nan	-3.967874011704444	0.09404989118252303	14.08	14.091569291647827
nan	-3.218220086245732	0.105546211106808	8.040000000000001	8.043982605841812
nan	-5.327674678962114	0.010944597400576005	13.25	13.291042664469481
nan	-2.660869542361315	0.2436175996418218	13.295000000000002	13.485473978818463
nan	-4.385269107701226	0.06117693180435332	13.555	13.593832067727703
nan	-2.288305415507406	0.2180032508404093	22.17	22.245020846557814
nan	-1.5799104861306152	0.4975717945221773	7.75	7.937118247773613
nan	-2.564362160816582	0.2834230280954644	8.17	8.206477989770264
nan	-3.535647131745006	0.04858434952780947	25.35	25.626807354026703
nan	-3.210065937837584	0.09225867496081173	15.11	15.198618164362323
nan	-4.427672258525802	0.02960164217414587	14.41	14.554903952315632
nan	-3.608644783124065	0.06823095358924454	19.56	19.71315040446447
nan	-3.3188947665927264	0.08520662440778194	14.4	14.446778893277212
nan	-2.493798964748639	0.10209720921592147	16.09	16.115255521659986
nan	-3.4404480768357404	0.11894911749814684	16.085	16.283508466868703
nan	-8.370455421275555	0.0003238086976658827	25.73	25.8094596853231
nan	-2.574108689919673	0.17839957707247658	15.8	16.044671785430914
nan	-2.752431377544155	0.1461493080757655	19.7	19.93805930413345
nan	-4.537047006475239	0.02457472328470549	21.0	21.249765128964743
nan	-3.601130676162711	0.09984027945393317	21.35	21.672632837983535
nan	-4.361704092898349	0.05822798599604405	22.020000000000003	22.178789382829905
nan	-3.4551278519870268	0.06137213436236096	14.93	14.962796426016078
nan	-2.7016609931255657	0.09465647843187762	19.91	19.930650752321203
nan	-2.9098673881550883	0.1356684909803701	20.130000000000003	20.22615324032403
nan	-3.649926476621538	0.15008311666429597	20.305	20.310001570888602
nan	-4.409190658395396	0.029507895333537024	16.68	16.848114384300736
nan	-2.4940160099806845	0.16943615489504574	16.755000000000003	16.833463724711077
nan	-1.933989077250682	0.3329806981004004	14.34	14.461822032518823
nan	-3.0704269824810955	0.09076419461745709	14.66	14.703405457531607
nan	-2.8291258946434286	0.2545231123747762	14.67	14.724484602766625
nan	-3.4252172613843057	0.04270810210055937	20.02	20.11719801954064
nan	-3.4375813110966686	0.11205853490838465	19.79	20.437041551412015
nan	-4.414361035161551	0.08695785033846985	20.625	20.736601596961236
nan	-3.138428953590876	0.10232797213114643	21.5	21.62137820816812
nan	-2.750096951206223	0.21457973664129742	22.045	22.421094063665166
nan	-3.2687236758364837	0.18574251435800335	22.595	22.93619914400894
nan	-3.9596761903962294	0.03411875896497627	14.84	14.896594442772596
nan	-3.9270305938698593	0.025238903802304966	23.95	24.37912694863026
nan	-3.448677201308742	0.0835772425644312	24.23	24.491425674376796
nan	-1.873358290059793	0.3023972461349161	19.5	20.01715668332179
nan	-1.6506565264007462	0.7336694354167255	19.865000000000002	21.197554706815733
nan	-3.4761781834064833	0.06277206598897782	20.46	20.485937548075384
nan	-3.4113636492568506	0.08712354967327986	7.62	7.639713474092486
nan	-2.678458525164512	0.21213767862379412	7.645	7.767214097572656
nan	-0.9768666267963876	0.3764889329247536	13.870000000000001	14.270920182489062
nan	-4.077382633364903	0.03991604371870456	19.6	19.650950025360604
nan	-2.3416084876889087	0.23244878348728423	13.870000000000001	13.88623006516049
nan	-4.374248524872456	0.04699417984623777	13.925	13.929057635262168
nan	-3.9688611047648314	0.045740336833313015	14.32	14.444436584070795
nan	-3.1118570146644937	0.07268270649989904	26.61	26.827660002941194
nan	-4.7398246184662725	0.03944031116640693	26.4	26.511192708230322
nan	-3.9179044252435613	0.043435698726563665	21.7	21.85443233394077
nan	-3.220717759943744	0.08454956222402873	19.2	19.74042039095771
nan	-2.8063215695942954	0.22477014753558328	20.255000000000003	20.542846303884648
nan	-2.3820326114519346	0.5248582916361217	20.595	20.977755407018453
nan	-2.7377044074895567	0.10083738986598643	25.37	25.4591295344407
nan	-1.7606178374512853	0.5227144000437498	25.090000000000003	25.784795493248048
nan	-3.7215990074907843	0.0992789388625406	26.315	26.79464324108859
nan	-2.5333113450315303	0.14097709309564574	8.71	8.841269449101999
nan	-4.362287916300472	0.03381444231030893	11.9	11.952796664191025
nan	-2.70022545527077	0.23750639987549693	11.96	12.02934044422743
nan	-3.67827913300104	0.05961803188108429	14.200000000000001	14.474496586728836
nan	-3.540298955275151	0.09843517616270069	14.425	14.516126533218904
nan	-2.1934646194720853	0.5702096927755889	14.6	14.764445287234144
nan	-5.434370104368525	0.007599255934739667	9.51	9.563577819915892
nan	-4.4319435245261	0.05667614357978437	9.48	9.550577610162764
nan	-5.442571673481944	0.028297412769063755	9.55	9.55624425592082
nan	-4.110645767607074	0.040513870329401645	19.8	20.042635152510996
nan	-3.645584059189328	0.07715448707128635	20.14	20.256346181440932
nan	-4.084852799535487	0.1045454354027198	20.215	20.277355616670192
nan	-4.563633954888358	0.019113952675242366	20.79	20.946159119445905
nan	-3.1104984317239857	0.18854506298918283	20.79	21.280904986776513
nan	-2.6461091027440435	0.4494810846068485	21.45	21.711047580474748
nan	-4.272384494644805	0.02658344942021147	21.0	21.822761402444975
nan	-2.869337964131969	0.12259881823682933	11.14	11.213491437519394
nan	-4.228254582815284	0.032472595317603235	11.21	11.211198235957434
nan	-0.6172330492375235	1.231205118524854	15.63	16.407761572476545
nan	-4.4342198307714975	0.029572278079842793	18.95	19.066280007434894
nan	-3.0549704975783176	0.13527809238713998	19.26	19.369015241214804
nan	-2.596711399595569	0.17757636706948401	20.26	20.616259062327405
nan	-2.635513790015106	0.1738402718981906	22.55	23.09903751060566
nan	-4.4219171637714965	0.012011182792455409	25.2	25.69062337648128
nan	-3.0074144579934012	0.09400533407102156	19.7	20.10325790457681
nan	-7.109331474562692	0.0034442557367127887	20.225	20.37440302996621
nan	-1.480054007199731	0.33645478192602346	21.400000000000002	22.010686496840872
nan	-1.5909236951404802	0.5494488120803172	21.415	22.208464010854634
nan	-3.5035075558614954	0.1523710678154766	22.07	22.14400925841881
nan	-4.516178043142045	0.02534519602280639	14.32	14.584500990884342
nan	-2.596189411748908	0.2411751772064355	14.795	14.904494611761908
nan	-2.749333471686349	0.33334474013190657	14.945	15.061027411083455
nan	-7.893121422063042	0.0010877412092469064	17.79	17.928344277597475
nan	-3.37789241266427	0.08377916590172624	13.65	13.68185813218212
nan	-4.174701731773334	0.03328415449578725	15.3	15.500522037229986
nan	-4.623418471369467	0.02089763041532008	23.85	23.93444970030074
nan	-6.1665985139033195	0.0069803131381323	23.910000000000004	23.99846867194273
nan	-3.6247517145300483	0.06198435445629595	25.6	25.87468518064579
nan	-2.5489630642481824	0.1383016125525328	12.3	12.538444258596819
nan	-3.5150912439228286	0.06751755410054669	15.36	15.388331721731982
nan	-4.268024571250631	0.04804952869218926	15.465	15.634295666336106
nan	-3.094905386885233	0.10476325318481065	14.01	14.092861433495111
nan	-2.5071881217570535	0.16683922683424843	14.195	14.195546293615722
nan	-1.8893694066018445	0.32444318707885395	20.2	20.701315169155354
nan	-1.0756442870293401	0.7438641330645813	15.63	16.768047997055426
nan	-2.0524755345279106	0.4192520097246754	16.925	17.102385882032177
nan	-3.0191142203833916	0.10797030253053519	14.88	15.19074357666873
nan	-3.7227802145768583	0.08808060832531099	15.085	15.3027880907525
nan	-3.168690484857739	0.22038624200676446	15.245000000000001	15.31224954629841
nan	-3.219721137925816	0.09861143037381731	14.71	14.737946974593362
nan	-4.079910930547518	0.03249243051752108	24.88	25.110873755722555
nan	-4.2344405652218615	0.06289823115512759	24.884999999999998	25.04421940261738
nan	-5.430928651027085	0.011713027422108368	8.01	8.0523824955472
nan	-3.7593764016741886	0.04942787977262274	17.88	18.053155046756075
nan	-1.9989857711840637	0.3101851448825061	14.99	15.112902317117728
nan	-2.904947066591239	0.18035148389500127	15.13	15.16680078116117
nan	-3.704986941209004	0.0623941172666875	21.7	21.828237708180637
nan	-3.8812657587370425	0.046087896204591354	11.18	11.402513198940515
nan	-2.838936966091939	0.07804030334104574	21.09	21.665643290013815
nan	-2.728223609652217	0.22361033031958447	21.115000000000002	22.02010473835757
nan	-5.053775842573357	0.014151510573142493	15.59	15.645153735035153
nan	-2.908809290730378	0.18222152030276423	15.344999999999999	15.560959604532435
nan	-4.14017093019593	0.023367034343950134	14.69	14.760590430788207
nan	-3.8044019886130824	0.08127176703787253	14.785	14.80863837693176
nan	-2.523384710887742	0.18236146362386882	14.51	15.022105446768412
nan	-4.14556129796945	0.056859112110396785	14.865	14.894568126917804
nan	-3.37032338202084	0.059482241992040795	26.5	27.74184144533003
nan	-1.9478754364053184	0.2643514672668982	8.96	9.54124539120008
nan	-2.772889917887853	0.14011458827154025	8.36	8.39334551187693
nan	-4.236423525706615	0.04464325215509785	8.35	8.373656694486522
nan	-2.7772671718387776	0.11431759163877309	15.75	15.755138972487963
nan	-1.0483489058449487	0.5401794415908013	20.0	20.668330960525388
nan	-2.720763335550902	0.14719806200294003	16.2	16.211371209931947
nan	-2.9381061687340115	0.07375007529133316	14.370000000000001	14.377793133884193
nan	-2.264648722491468	0.22758493578839753	14.44	14.477757071230867
nan	-3.6053169099247278	0.05045384728577442	7.62	7.646130252290135
nan	-3.487365282849244	0.07768745963054714	7.65	7.650831724864012
nan	-2.1761655768601247	0.19889690292226947	8.125	8.15915118766783
nan	-3.703597844242564	0.0609213319966584	13.47	13.516492739936252
nan	-3.5352401377709555	0.10878049032379758	13.47	13.497983651226159
nan	-2.7393187889452895	0.09763687959789595	10.17	10.198439629491471
nan	-2.706223687913192	0.23670237023264115	10.17	10.195101642996379
nan	-3.278246052096723	0.16638327314503779	10.19	10.191747066492828
nan	-4.71454714459995	0.015731386107254546	19.52	20.140795435577253
nan	-3.526742076765317	0.08788792511362672	19.885	19.996580691158556
nan	-2.002576429633723	0.26138831563678055	17.0	17.40371854685577
nan	-2.8460696279583875	0.11222224802375044	35.09	36.29951404768338
nan	-4.857013613806321	0.012630042443648595	36.24	37.22380624059765
nan	-4.2735142246058695	0.06818711734863256	36.785000000000004	36.849627342862114
nan	-6.2025837016573035	0.019843733370509008	36.835	37.00546337286945
nan	-6.077581367465512	0.00670371532609955	16.43	16.614936995092187
nan	-1.8175731845584564	0.7306364073331099	16.58	17.356493075320124
nan	-1.9904614240704936	0.8617255432584962	17.92	17.933132025089375
nan	-2.3469182374034383	0.15920248871348067	22.05	22.152785064076102
nan	-2.1350527999466014	0.41031978073044695	22.04	22.5554893985643
nan	-0.9619909370017813	1.3551953286933964	22.8	23.70637845767886
nan	-2.515660775709034	0.16619143047804721	9.55	9.787787200058082
nan	-3.564809879662538	0.11055673771779677	9.91	9.925657849536242
nan	-3.840993227771824	0.05028386279924569	8.14	8.15346944089367
nan	-3.5229509298135127	0.08186089790248947	15.47	15.642004923966365
nan	-3.2275206791796696	0.13139989384074802	15.595	15.64684473710143
nan	-4.14569291055069	0.032799915288931364	17.04	17.408298818930394
nan	-3.7933576708445473	0.08427047400690607	17.785	18.135860388066924
nan	-2.9841988431903403	0.29291383811288446	18.200000000000003	18.595444119365805
nan	-3.9418445148361645	0.043616576343649655	21.5	21.99080593003178
nan	-2.953046131141363	0.11136945750329451	13.88	13.97975908706678
nan	-3.4330521056832564	0.06144327731641333	9.61	9.731052311056672
nan	-2.813281413294477	0.22613584490604552	9.665	9.677991604417793
nan	-3.13514669129278	0.0979213385546114	12.950000000000001	13.086282266841186
nan	-3.0547859193894404	0.09749922041847893	13.155000000000001	13.212058311283288
nan	-2.6092931908096473	0.17697238102552534	22.86	23.516654422540668
nan	-2.4483498940716983	0.13164126682528865	13.790000000000001	13.823360286269178
nan	-2.5239075384415175	0.2742000245490159	13.870000000000001	13.902254716365299
nan	-2.336679495755455	0.4170373382187452	13.925	13.960432569104686
nan	-1.5270519177217077	0.43759517063426573	15.92	16.538584652745218
nan	-3.9002059411253103	0.04305899671214335	25.12	25.200827741282573
nan	-3.6061609095399594	0.10253567384863432	25.265	25.30695324514985
nan	-2.8504497387212675	0.3268995037303534	25.375	25.693031173670906
nan	-3.6097218900364947	0.07148877748023794	15.280000000000001	15.413110486502802
nan	-3.5303222219352843	0.10139562466554652	15.31	15.327660820917952
nan	-3.1749047631145686	0.1924243567916041	15.395	15.417361935625186
nan	-2.789861617705625	0.14417871354935927	14.64	15.157162862878247
nan	-2.6168272223758104	0.24610924820818095	15.335	15.581822092709391
nan	-1.8998630541566786	0.3661041798090607	13.71	13.735869268236128
nan	-2.4326746934025825	0.3119606534059921	13.835	13.868516560211267
nan	-3.3283488610573313	0.08954401189525256	13.77	13.780925361633567
nan	-2.91594598204899	0.19017044878142822	13.75	13.80413689720834
nan	-3.825722258621339	0.05156852259000793	16.7	16.788078798949368
nan	-7.058227893081938	0.0021089487216511852	13.84	13.943898880207906
nan	-2.3625121348087843	0.21590817160455916	16.43	16.643890672915752
nan	-3.2133683465433878	0.1360433969094401	16.825	16.87984294876697
nan	-3.4114398907816135	0.08874326534664848	13.97	14.0038961006455
nan	-2.2642699494827405	0.18946207494465067	13.93	13.958075308091164
nan	-2.312014610128556	0.23303686840047672	14.75	15.096531608848835
nan	-2.9876356059515534	0.1002162273461229	12.19	12.425893308759838
nan	-3.781255303359923	0.043157672431382466	9.450000000000001	9.764979306251886
nan	-1.282134750321659	1.1355629259189588	10.175	10.422365327557511
nan	-2.1616870982032337	0.2866566441550534	13.68	13.963319948442116
nan	-2.891662940729319	0.19041665621597317	14.205000000000002	14.23263626174656
nan	-3.502228437389147	0.1328483149886553	14.225000000000001	14.243595744680851
nan	-6.620061282961976	0.0031054278895907878	13.9	14.035523307639872
nan	-4.796638793022417	0.0145891418066543	21.01	21.093748341166318
nan	-3.444944625367696	0.062340578386410155	14.88	14.969735847948433
nan	-3.182920630184848	0.08123964076609799	25.6	25.735905201888794
nan	-4.408591248454304	0.01217231402330871	26.02	26.18835828584881
nan	-3.025134686339951	0.09131125649394349	7.53	7.573040251673792
nan	-3.6589858897568157	0.11180770541000042	7.565	7.740505796966596
nan	-3.087838428234715	0.11709049646693578	8.34	8.385171985861765
nan	-3.5776608963968846	0.05647412525573859	15.19	15.329677544181472
nan	-2.8949280179831356	0.12203282332623015	14.3	14.355070324765261
nan	-4.056128315190654	0.06404229678671045	14.34	14.387139847336254
nan	-2.177422637592669	0.28719657974295193	19.78	20.277890316480768
nan	-1.3616760437038335	0.5458045899146824	8.51	8.710089491937145
nan	-1.6593963882965144	0.6630379944607847	8.775	8.946690055830361
nan	-4.049255085704054	0.036830942146802687	13.43	13.526540078546999
nan	-2.840560489097227	0.2072995818327827	13.515	13.679854163444189
nan	-4.07467453820198	0.04300070473223937	13.8	13.848947088801207
nan	-3.8365244130971967	0.07534594031725204	13.765	13.80454556513896
nan	-2.715927522224838	0.27567681607051014	13.76	13.810079847833409
nan	-2.981747803708142	0.11258985074797379	14.870000000000001	14.915364469412852
nan	-3.791191973120948	0.08491059542346255	14.855	14.899159898736276
nan	-1.7671445066448825	0.8345664856483902	14.870000000000001	15.00221666244454
nan	-4.388693403295388	0.02928395689218289	19.59	19.59629948218849
nan	-3.3587904253868315	0.07295405570994677	14.9	15.04133406080213
nan	-2.4599073716116266	0.18619538005913627	25.57	25.704156159259007
nan	-4.551969691983685	0.025967977827767146	14.05	14.183211615701637
nan	-3.1590213804583516	0.08737212340557689	7.5200000000000005	7.564812625923438
nan	-2.7501306259183758	0.1423237350735692	13.84	13.965098190786781
nan	-3.6518067710940643	0.03827135719808295	25.5	25.67470126828109
nan	-3.7108310826077764	0.05897030129702208	19.05	19.2186610891971
nan	-6.702867039643753	0.002329561532063701	15.540000000000001	15.616053309763496
nan	-3.7641536747915247	0.06255233053100274	11.540000000000001	11.570954724126308
nan	-2.918031107222588	0.1922646108227271	11.67	11.72837327595403
nan	-3.4835132858272417	0.13392178835895868	11.7	11.720787486768547
nan	-3.5865279308522213	0.051834603021843055	14.49	14.578855229933472
nan	-3.871775850750612	0.09516786497564664	14.535	14.620386864028513
nan	-2.8388865705850033	0.09931653927506463	11.14	11.140503679165118
nan	-2.628450736777846	0.10040115054379575	16.82	16.937270309737976
nan	-3.473655100433782	0.12556225332105164	16.785	17.033639394548658
nan	-3.2011666274193713	0.21339137043281511	16.985	17.04731946309462
nan	-1.4953979449756805	0.5425165185126928	11.03	11.183514405927985
nan	-4.522377520303355	0.015138797224742876	21.85	21.89818752363851
nan	-5.048450487399381	0.021845328336868437	21.725	21.76054430347307
nan	-5.077024380206858	0.037071766313220754	21.685000000000002	21.719963225401383
nan	-2.621535669916706	0.13081924157157765	9.870000000000001	10.15089067286887
nan	-3.056829636789081	0.1268792940115554	11.66	11.776156874369072
nan	-3.9448465583573484	0.034850727945302674	14.9	14.976059479210738
nan	-1.3853801602143805	0.3998881356272902	14.86	15.995408555803504
nan	-3.1080005020563815	0.08698454149152236	16.62	17.050434964916924
nan	-2.5003525565580604	0.345936703068967	16.965	17.10175601348684
nan	-2.821202470476174	0.16548412825627673	14.93	14.98824133894952
nan	-3.266875289422976	0.23250278092698806	15.07	15.158447693471137
nan	-3.1557066845495996	0.07716260962326309	13.76	14.111335814958336
nan	-2.3456292917219823	0.21901530187715326	16.8	16.852046868870552
nan	-3.1362331916128867	0.08612907895948564	22.990000000000002	23.0662549977002
nan	-2.2375867031976404	0.35299930256939444	24.060000000000002	24.764502260236487
nan	-3.4333585382093244	0.06866448866037157	10.97	11.059340290177929
nan	-2.4937189681942566	0.30439632658112675	11.1	11.3782037830663
nan	-3.1777265041189287	0.22380795294192482	11.325	11.334306590806431
nan	-3.098410527161147	0.11437661387636126	13.46	13.55852534577403
nan	-3.3243841685752313	0.07570003486365155	20.6	21.54078319008619
nan	-2.3779444770950526	0.30769721185195	21.915	22.296937031586957
nan	-3.650263334459555	0.19183255871132582	22.6	22.622344335060877
nan	-3.740308973879941	0.046776103854390856	23.43	23.662173568664908
nan	-1.2194885880159727	0.5025237117027184	25.6	27.287866968619973
nan	-4.6567207960225785	0.02185380039271955	14.5	14.665670570836337
nan	-2.388271118878661	0.1885565090487836	16.3	16.446736340647906
nan	-1.9444829598853621	0.14306117258415524	15.52	16.00202128864154
nan	-2.038598305727439	0.13021109917418525	19.92	20.058343346879628
nan	-3.3042324772752747	0.06696607566037269	19.93	20.02667971106844
nan	-2.260118759370813	0.21126379885597701	15.19	15.316004738384828
nan	-4.409757223496631	0.04086575280596457	15.195	15.220750738085195
nan	-1.9126929884862074	0.3262533579225652	14.19	14.483732451701652
nan	-2.034830343891976	0.48227540321374496	14.64	14.701541222405249
nan	-2.1441319135304324	0.6101671937579791	14.75	14.875000445627446
nan	-3.2464199709017585	0.09493025876018776	19.52	19.662898607195096
nan	-2.5796300547220024	0.17695453773942108	13.3	13.942902545725985
nan	-4.4523414736662	0.019739185846544584	14.85	14.880175451728318
nan	-4.019934194084605	0.090541731148098	14.85	14.894005746031747
nan	-4.277972640716884	0.10078458988909904	14.895	14.915529748647788
nan	-2.4497959349573892	0.18913545737504553	8.32	8.503383808202189
nan	-5.306125665752969	0.009615174755055399	12.280000000000001	12.494577491305511
nan	-5.61952218110589	0.01496262447490255	12.31	12.420945796855419
nan	-4.449433150585985	0.06047571380878971	12.42	12.464176044150186
nan	-2.874557546488358	0.10159122660485523	10.200000000000001	10.4087195323697
nan	-2.5345245244784755	0.2702346734921756	10.41	10.438510196605202
nan	-3.4048799382796098	0.05599801804048189	24.810000000000002	24.843935384907084
nan	-3.6944075633459104	0.0871218271971422	25.11	25.381013671287178
nan	-3.5429859383417455	0.06813162699209613	13.63	13.674507190250958
nan	-2.440567607956572	0.18968843780986602	19.76	20.128734204286236
nan	-3.549463353316526	0.05134082908948046	17.990000000000002	18.29145451077325
nan	-3.195285879737696	0.09599638107621024	22.23	22.43156385652686
nan	-2.7976015387265045	0.20700197751118685	22.505000000000003	22.621801133514136
nan	-2.522469881268888	0.37960070586156314	22.650000000000002	22.751836197426474
nan	-2.4247505676428847	0.12363752954814158	15.24	15.354942817117081
nan	-1.9992658081365442	0.4299414001641205	15.235	15.45714248680162
nan	-2.44359672022165	0.44410738111254056	15.55	15.743752923475553
nan	-3.3703350851964626	0.049386181953652845	11.8	11.82160096184765
nan	-3.514393094250815	0.09850924337092315	11.825	11.879040190616934
nan	-2.9867414934640735	0.24102998681041854	11.885000000000002	11.893380826400948
nan	-4.236129417991964	0.03352112080318192	15.200000000000001	15.501996674692451
nan	-3.9730053135608547	0.06006915250880703	15.59	15.922301870357105
nan	-4.825107660861575	0.06135560932311652	15.815000000000001	15.886899603132038
nan	-3.3955325984235465	0.08305313823049085	14.5	14.513633942413643
nan	-2.2914507826690422	0.29221040544594895	14.515	14.730828767053628
nan	-3.342809921984234	0.19183409834263254	14.754999999999999	14.760969852715466
nan	-1.4155208798285022	0.31715563595709656	21.080000000000002	21.776746323437493
nan	-1.9053411372312659	0.5024077943434426	21.1	22.52469220367198
nan	-4.32754061510036	0.1057070242556344	23.150000000000002	23.38011747408301
nan	-2.429834835185598	0.16720458317680334	24.900000000000002	25.81740862302605
nan	-3.494136839422128	0.04728786481339511	19.3	19.42267969919531
nan	-2.826242054076877	0.3499579066100517	18.975	19.381285673939377
nan	-2.0994290389423833	1.4686797348328644	20.064999999999998	20.227907647486813
nan	-6.116166911357029	0.0022068990107641548	20.27	20.551181442772027
nan	-3.469210697739987	0.06796515370880604	20.81	22.023416208701953
nan	-2.6688721147081407	0.1711767437399352	13.1	13.561943500195818
nan	-2.758775204839105	0.1860278287371868	13.745000000000001	14.011020172755163
nan	-3.9624460928142984	0.04403394952861476	21.45	21.574909275433896
nan	-3.482056071342576	0.1109422455794541	21.335	21.47750719605605
nan	-3.1366023679854287	0.19847642481322905	21.585	21.714170508106356
nan	-2.4303719144803186	0.21507836783842246	19.900000000000002	20.102004928319342
nan	-3.340443804483653	0.08936664151444208	25.5	25.586333793942387
nan	-3.5554971516118368	0.07506884834739279	24.0	24.048220866191603
nan	-4.765455528523848	0.012190362570889257	15.22	15.251769991859948
nan	-3.0889218926116917	0.1649404213476956	15.305	15.54207760316635
nan	-3.4014110492215934	0.1899815693061773	15.705	15.706107057528742
nan	-1.270298819165025	0.5164091677299129	23.5	24.230801178564615
nan	-2.348592638217728	0.173834015714291	20.580000000000002	21.125296890907187
nan	-2.8650168675553567	0.1301235007196102	15.790000000000001	15.82718523857761
nan	-3.217346675037431	0.12681528541332449	16.009999999999998	16.066310460569873
nan	-1.8703028389916507	0.3142790691448421	7.67	7.736222750640542
nan	-2.5848203164593473	0.2984851136524631	7.74	7.76876194629835
nan	-3.296557661611569	0.19961399191556845	7.755	7.780851604597456
nan	-4.9030335634044375	0.01732487415263827	20.580000000000002	20.63500033457538
nan	-1.9806403041372096	0.4385637781478485	14.3	14.628520578408635
nan	-3.949136368001665	0.044857145204668304	13.790000000000001	13.882760234873178
nan	-3.680074539745876	0.0872556923971554	14.025	14.186038199181446
nan	-3.785169718955531	0.11077723515914797	14.215	14.321876189398537
nan	-3.43284430689913	0.07003498069899813	19.990000000000002	20.671501626850162
nan	-3.0927941644354764	0.10416429675895306	20.78	20.96243534100304
nan	-3.2228091669015457	0.09614841897931925	23.46	23.761259027466334
nan	-2.919900238176635	0.05393906809173625	10.92	10.951176747060083
nan	-3.5525625982460594	0.05743218379327438	14.9	15.000385803512485
nan	-2.85226451194459	0.21089917567227615	15.295000000000002	15.804253011566725
nan	-3.522898335660806	0.07112928486271886	14.51	14.731085151251703
nan	-3.4931667164169755	0.06517868511440159	18.35	18.861531788853554
nan	-1.3107295337941134	0.26962328531952257	14.780000000000001	14.853274598979896
nan	-2.3658701528922075	0.1809665752743778	13.96	14.189220004463982
nan	-3.0883147009774445	0.14930552394354007	14.14	14.150587473993664
nan	-2.667047417604661	0.166309870916425	10.94	11.056366344605475
nan	-2.8092286954912336	0.19875702733101788	11.1	11.135004345857586
nan	-3.2932870020685607	0.08982710532539707	17.0	17.202769022127903
nan	-5.128717581855613	0.01072155128661784	19.85	19.884745942965917
nan	-4.506581547607524	0.027232019038701254	15.19	15.330644057524209
nan	-1.655004512645995	0.4713035592012618	7.49	7.586305121690931
nan	-3.019648415659517	0.11300476795581446	14.35	14.675684700601876
nan	-4.167294044853831	0.030309597368332115	26.3	26.51658406590963
nan	-3.6607813010273085	0.025712415739652054	25.17	25.18727232760347
nan	-3.4196396466068544	0.06900414108560377	7.57	7.589446619681545
nan	-3.0681775728566545	0.18110518556048355	7.575	7.623178137651822
nan	-2.1723403622241237	0.11391071237784729	11.19	11.193908761755509
nan	-1.981960466217272	0.28749858519131	23.900000000000002	24.740420961565732
nan	-2.9973840338584745	0.17004904044173508	24.8	25.007111971946813
nan	-4.001076040766753	0.03833085715290356	13.6	13.75026553898678
nan	-6.3849738217167795	0.0032240773751496497	14.530000000000001	14.556329913661907
nan	-3.2060838914799814	0.15291301000551197	14.5	14.58324243028202
nan	-2.5830635800101733	0.3512144544063721	14.56	14.629352591895934
nan	-3.5497120321068905	0.04885285004691692	25.98	26.20362760367956
nan	-3.6249662541726386	0.11114999370412973	26.880000000000003	26.93756687681527
nan	-3.797106834814604	0.04784548655108971	15.610000000000001	16.116976403686035
nan	-2.3995401672136967	0.13193738690872092	11.92	11.927528722276097
nan	-2.833637533443499	0.20779510449443808	11.915	11.979062514678574
nan	-3.3589613858561727	0.15406963800068046	11.934999999999999	11.966384549065626
nan	-2.205664891617997	0.24059634253511078	11.26	11.540418015554435
nan	-6.306919944208914	0.006844966652581615	11.805	12.064914377489046
nan	-0.8540940726970451	0.860740221543573	17.35	17.908565294555043
nan	-2.500496068763603	0.2012879410032467	18.384999999999998	18.40904088724375
nan	-3.0095614855180224	0.1324609100932144	8.01	8.032790251084934
nan	-2.064939939969874	0.36945937405265	8.055	8.109807637194326
nan	-2.4652997382666935	0.4351600538157667	8.1	8.12582317003255
nan	-2.445192136936816	0.19697574381877395	20.51	20.51541564504633
nan	-3.895456413015323	0.08272303946398907	20.375	20.43220506780149
nan	-3.0628865703418424	0.2695570784363246	20.53	20.550970001905515
nan	-4.419485715612235	0.02727246324899682	13.81	14.078090643036065
nan	-2.2918758208086696	0.32657132593190513	14.325	14.43859719049309
nan	-2.8520462568702043	0.11401692924974599	15.81	16.11430802709549
nan	-3.2854642223018806	0.07794999066584117	15.96	16.215767788749403
nan	-4.192800106001868	0.05786686673393184	16.335	16.36221721702615
nan	-3.4142655068754126	0.06992300982848261	15.52	15.856983174732255
nan	-4.354087656980197	0.03294450455022834	19.51	19.551618753762792
nan	-3.2526774257552327	0.07985084166328545	9.950000000000001	10.034735658979269
nan	-3.1062571456276404	0.08754072119271451	16.15	16.208057416546072
nan	-4.63582511428461	0.02207452119310099	11.05	11.050577761942689
nan	-3.6209649908910695	0.09531268876380158	10.82	10.950830011520738
nan	-4.2625852645133335	0.03514910320588224	19.31	19.34674357969724
nan	-3.2715110517314288	0.11567353722568015	19.345	19.345925756425327
nan	-2.839117113929622	0.2775449348750004	19.405	19.47684104797525
nan	-3.6373491823169863	0.046720629962117635	20.62	21.305334079027645
nan	-3.617248544112082	0.11529651700050082	21.575000000000003	21.629633965375437
nan	-2.265859986570794	0.9010407708170971	21.6	22.24307813526723
nan	-3.1139232474036693	0.08002820834776705	8.61	8.82044719300438
nan	-2.3878949529514104	0.3907280124321857	8.78	8.829130307858042
nan	-5.294636725321828	0.03367128163338604	8.84	8.899265779927449
nan	-4.048008115044211	0.042190960597118174	23.47	23.489005269558167
nan	-3.5069007548384152	0.029989716037514637	21.72	21.737169028218286
nan	-2.575462952163792	0.17611968282422688	14.27	14.403636673979983
nan	-2.6749226043954133	0.2576658119678626	14.365	14.391449471210947
nan	-2.61721503329618	0.1415062124002988	15.75	16.743995826015134
nan	-4.101162209684682	0.03178468238936211	13.530000000000001	13.629726823846411
nan	-3.7252539496788417	0.05088145677545373	13.575	13.588033306249653
nan	-3.912228359164822	0.045023429377513836	10.8	10.802926552067055
nan	-2.751391929857497	0.21972050515751065	10.83	10.928375980279602
nan	-5.085780847484756	0.014155426800889498	15.33	15.440696546081288
nan	-2.1226129232723245	0.2708137831875659	26.7	27.761577318995432
nan	-3.4386098988624307	0.08241215625939137	15.27	15.326730801121903
nan	-3.843166736208341	0.07576695940251385	15.17	15.275609402738578
nan	-3.6098063263257596	0.1273442792810744	15.335	15.366251365598691
nan	-3.0200929771317413	0.11446502881021539	11.200000000000001	11.223445096487204
nan	-2.5060742908376588	0.2744990094624703	11.19	11.259816906841452
nan	-2.4324030112595456	0.4689197078827956	11.245000000000001	11.306680630907355
nan	-3.5156320927364106	0.064065050199192	15.31	15.394283763431053
nan	-3.5723078471465133	0.05863778067502338	22.42	22.46480723519807
nan	-3.22260938276732	0.050673449824021645	20.09	20.171694413224667
nan	-4.3596478945699895	0.024879023470817708	10.6	10.627570832100057
nan	-4.646130226150685	0.041890921525661776	10.75	10.823713747412821
nan	-3.757890836383208	0.04775979228851635	18.8	18.9240636905094
nan	-3.7287813133253254	0.09263752150069568	18.25	18.336281869248296
nan	-2.60531040320385	0.17289759935828072	23.72	24.592169069353748
nan	-2.8596588768266265	0.17100097413723528	24.795	24.990040828006485
nan	-2.2930144110635737	0.1975679021605556	18.8	19.475280331724957
nan	-3.93216516431405	0.08357170350667026	19.935000000000002	20.208312938386033
nan	-2.9053227352335513	0.45861079510993014	20.13	20.31692076939937
nan	-3.4979306410363686	0.059577770429897446	26.43	26.43755435909101
nan	-4.41744404233358	0.024517760991567765	26.689999999999998	26.70139755261908
nan	-5.5183814713999055	0.006410848780811664	23.59	23.821352554468795
nan	-8.06967626944083	0.0007786032721554879	8.14	8.24269357998486
nan	-5.685753121272458	0.008906875323052411	23.09	23.186294362448916
nan	-3.599163979056922	0.060605678140002485	16.5	16.641707281693137
nan	-4.94329384718911	0.023886046232404142	16.365000000000002	16.38780585806906
nan	-4.629767768283737	0.058485623129817886	16.259999999999998	16.344888646470405
nan	-2.0593057692898804	0.1275424830755776	16.35	16.38629167362218
nan	-2.865408727005537	0.1196080483210555	9.84	9.985628505443747
nan	-5.228532159551016	0.010825360481213953	14.55	14.710533458143793
nan	-6.143620587920221	0.011292984200088469	14.684999999999999	14.68581956187548
nan	-3.2735378074533417	0.19382832014341053	14.66	14.69051148660763
nan	-3.2965552070207345	0.07904639214615897	15.96	16.126025419905
nan	-2.489975254662917	0.20006824042477042	14.4	14.596208770759802
nan	-3.8891705483940076	0.04229556174016773	12.8	13.146195678863677
nan	-4.5254807921647	0.027250714777815686	22.87	23.309525338944933
nan	-2.993587454084033	0.14834517413612622	23.495	23.71190593106177
nan	-6.466842888589242	0.0029405745673935033	24.8	24.871648311675212
nan	-3.400678776646769	0.07036877315539393	23.6	23.8009049720945
nan	-3.899422048749571	0.0436283551439855	21.38	22.5251458240736
nan	-3.6091829271507567	0.09561027419059538	22.435000000000002	22.496888785251414
nan	-3.1136918132344076	0.276848086712892	22.335	22.75584993541282
nan	-4.591867994981818	0.02350459269561622	24.43	24.431309357619206
nan	-3.0657549100774015	0.15261206210194014	24.72	24.817689747382794
nan	-2.646946165696905	0.350464548337324	25.005000000000003	25.129784744706928
nan	-2.94622686145669	0.09845490732607372	16.6	16.689673267198916
nan	-4.0806636853301095	0.042441543640878945	25.11	25.462966286601226
nan	-4.032509438526715	0.017729782283484492	17.68	17.923114250813473
nan	-4.072930026726452	0.035284835568979045	25.2	25.641024675426873
nan	-2.3330531757956803	0.23098440385586752	26.055	26.121340116936345
nan	-4.142482465514552	0.01588337259754544	19.7	20.332234878923447
nan	-3.428232303139774	0.07579930425462322	22.37	22.438202173393837
nan	-3.681103785360748	0.05676709331764296	24.7	25.05758015715838
nan	-1.7343104895560253	0.5590593832671734	25.18	25.816240402143066
nan	-4.594306467243104	0.020787497827614666	15.36	15.61056052481731
nan	-3.467101770098076	0.05759862985371477	14.59	14.716113648200551
nan	-3.64803567552625	0.1178279147894205	14.88	14.897808301705243
nan	-4.147022474273585	0.0996472912078494	14.825	14.848283663323157
nan	-3.6737528510632957	0.05954668182547135	20.3	20.40760040008821
nan	-2.6031464863114584	0.19627605303925122	8.08	8.126239792650336
nan	-2.4564298452696005	0.23940813364950878	8.184999999999999	8.210888932613535
nan	-3.4217781899150284	0.17985695784822056	8.2	8.258984407579756
nan	-2.3286605301479333	0.2094675155779579	13.77	14.15349756099843
nan	-3.5184209332856495	0.10902129621023245	14.205000000000002	14.323726400914575
nan	-3.0736404135667037	0.07786499441128829	19.5	19.855423877088917
nan	-2.7442010332656244	0.30337748124239805	20.15	20.820742772348375
nan	-3.246058601333388	0.10253799745626252	15.44	15.598927252276336
nan	-2.8085368053870727	0.14927320409421818	15.18	15.208132672735648
nan	-2.433100773894345	0.27216707009156393	15.285	15.358032240139488
nan	-3.8757319662647807	0.04837415895448244	8.28	8.325046587922628
nan	-3.6475527684837203	0.05955268429192352	12.57	12.71193969255105
nan	-3.0684213123268465	0.11040470867032913	11.01	11.061345985177747
nan	-3.816436628207379	0.0587810585312515	23.02	23.07994949712227
nan	-3.4405711182061327	0.0852293576647366	22.985	23.070095837269694
nan	-1.4790425761559909	0.310367703520581	23.01	24.321860743276986
nan	-3.6119715114268462	0.06551888471816755	21.21	21.296610694801196
nan	-2.6242445770936995	0.23157007378140976	21.25	21.35876463114325
nan	-3.206179197985454	0.1909171298263862	21.35	21.368202680610082
nan	-1.951887210506453	0.34968180472614174	11.74	12.169307639468474
nan	-1.762775246920253	0.26427537715994465	16.7	17.552294599676163
nan	-3.7047247100310727	0.034456278075210275	7.9	7.90843917276387
nan	-2.810280022752951	0.1875252590095533	7.865	7.978411942905193
nan	-3.8678875368709056	0.05038638485729473	14.55	14.790322848649494
nan	-3.5454050482953505	0.09039269798391927	15.195	15.253174721168508
nan	-3.010179056417441	0.24584534166155178	15.325	15.52450130080625
nan	-2.903941353685727	0.1363019417626381	19.7	19.76597965035696
nan	-2.3171025448962475	0.2327510592291588	19.97	20.508235402248932
nan	-2.9310999446893375	0.10164067032189837	28.5	29.645123290567636
nan	-2.693481299977664	0.14625132823068357	16.18	16.29144909662473
nan	-2.7985927572475022	0.08642649986748821	23.47	23.700602524490456
nan	-2.8733750711358983	0.14562918643614256	23.495	23.899073223230218
nan	-3.5484158824839227	0.06806432514882367	14.59	14.712035315459643
nan	-3.9427228838856614	0.0437600961136324	10.81	11.018197157296273
nan	-3.5805970432299206	0.06155365948655194	10.99	11.069912082418856
nan	-2.9211754216089716	0.13055065598181492	14.94	14.980132945643728
nan	-3.210693712163588	0.12935098511987192	14.96	14.969720458109368
nan	-5.938460606083056	0.013905821796949075	14.925	14.940245566166439
nan	-2.6952213626179784	0.1667261593157862	13.63	13.815589736184345
nan	-1.8711186643505913	0.1539513455690669	15.8	15.843020602247563
nan	-2.091240084858674	0.33757519401034036	20.12	20.453957794596246
nan	-1.93373872304616	0.39691759378632685	20.845	21.11719900606263
nan	-2.913900468853219	0.12362129460540683	13.17	13.38013407878656
nan	-4.092488379559247	0.03913126392166994	16.66	16.84754756182848
nan	-2.9525115558550663	0.1723697749220261	16.97	17.305201298712483
nan	-3.129232780073431	0.2443839352903846	17.35	17.384240141941234
nan	-3.4531999223452825	0.07763339557870777	14.74	14.785531707725537
nan	-3.2130083690569062	0.1288426249907396	14.825	14.851922760793189
nan	-2.612474515538128	0.38936505669377125	14.870000000000001	14.901051331845908
nan	-2.633578498380205	0.09893317540494834	15.41	15.42225831250261
nan	-2.4465964746133397	0.2782346856011208	15.41	15.62034304280318
nan	-2.9143900913988734	0.3232967692904126	15.69	15.695676883255981
nan	-1.4307570377740526	0.5447210651200497	10.06	10.479983357479146
nan	-6.356193456456406	0.0033349897880473084	12.530000000000001	12.691870070977918
nan	-3.5282104545663775	0.12186896686888803	12.64	12.671377262678911
nan	-2.1540289940786375	0.21539856671667332	16.22	17.055620374561883
nan	-4.6507829877210325	0.042861122907269344	16.975	16.983473680804497
nan	-1.638321005870502	0.47861976728003525	8.25	8.390848701839651
nan	-6.055466856507402	0.003083006208838058	16.8	16.83335181934975
nan	-3.867043475747717	0.08741659782280578	16.775	16.899493631743283
nan	-3.126001261090803	0.285917267417034	16.945	17.01909632356977
nan	-3.796648692174352	0.022445868965431666	9.47	9.489242942288154
nan	-2.5769091337915127	0.18842806520809677	8.0	8.084890693091626
nan	-2.820223609433304	0.22564076685422724	8.135000000000002	8.150432434419628
nan	-2.8256750321111515	0.28459289588859	8.155000000000001	8.166345693049056
nan	-2.948045772085473	0.11448097777140068	14.8	14.881409308162501
nan	-2.3580283168947944	0.20705418780329302	14.85	14.879196537654316
nan	-2.1705284427842715	0.2699792227249868	14.83	15.113537579512059
nan	-2.302300153199278	0.32802224898434273	15.3	15.317767379149165
nan	-3.8132579601460113	0.04254241083912748	25.0	25.412040235396823
nan	-5.6645062063924145	0.013780405202271102	25.185000000000002	25.203933864706595
nan	-3.698681719561946	0.04342658497427164	21.81	22.1718195176262
nan	-2.321873775129894	0.3539396349302034	22.46	22.896995411685978
nan	-3.3301867512920778	0.03578642128315853	22.54	22.683459354333166
nan	-2.7111183403204224	0.15470843349472915	22.78	22.979527723268735
nan	-2.130415097928995	0.2507853095429587	11.9	12.08714162289678
nan	-4.336166780107317	0.030357041449329308	14.35	14.379210676825023
nan	-3.135742521471763	0.15621756492329086	14.434999999999999	14.44841988503243
nan	-2.361875350204252	0.44089868641068597	14.515	14.590516542191615
nan	-4.031977917386361	0.02415304999990955	17.07	17.138201437490167
nan	-2.50359621030676	0.26349369781609705	17.025	17.1996141625994
nan	-3.0307206373970685	0.3109193356163252	17.455000000000002	17.592825009574213
nan	-3.2252858161824522	0.1175995292095578	14.15	14.336525626508486
nan	-2.5481557921981635	0.21598919716243917	14.455000000000002	14.479309418111828
nan	-2.2861706709364396	0.24057168458769126	19.41	19.712386409830817
nan	-2.435316349954365	0.17351684588633332	19.7	19.752709023419833
nan	-5.239858217464801	0.005301008372997964	15.59	15.6153550009013
nan	-3.3368730485046725	0.08919315518251425	8.05	8.136228597651035
nan	-3.329549519757737	0.11078028136448943	8.06	8.08546093611553
nan	-4.533806032293404	0.023191985172780646	9.89	9.900520153009866
nan	-3.425203474941043	0.12684035730053073	10.015	10.037844565628868
nan	-2.7113631849958106	0.08916924718593461	16.98	17.00373683167513
nan	-3.053784129274636	0.18818337547504535	17.01	17.145425021302806
nan	-3.021497019902556	0.2887297791108839	17.145000000000003	17.18691363893307
nan	-2.3996339728937466	0.1622084530241399	9.73	10.061201769898915
nan	-3.40639074071106	0.14694634187874198	10.08	10.127933034212054
