55737	0.35512960272186517	0.004726376579469943	0.02470667686918077	2788676.0	0.1074932175472704	-2.230327525988372	990341.4	16.13	16.157937602869648	20180810 09:30:00	20180810 10:30:00
55737	0.2037623230522298	0.004059030005090173	0.03281706402135979	2788676.0	0.1074932175472704	-2.230327525988372	568227.1	16.215	16.165241443353672	20180810 10:30:00	20180810 11:30:00
55737	0.16220435791034887	0.0038131109987004693	0.03687398561228625	2788676.0	0.1074932175472704	-2.230327525988372	452335.4	16.130000000000003	16.109838748351514	20180810 13:00:00	20180810 14:00:00
55737	0.28493023212449203	0.004449596966404741	0.027649713707306445	2788676.0	0.1074932175472704	-2.230327525988372	794578.1	16.13	16.263627790644932	20180810 14:00:00	20180810 15:00:00
55737	0.36484073889971996	0.0028897103349252436	0.015641112010781152	3618564.1	0.07881975596831144	-2.5405916032831084	1320199.6	15.5	15.558370175062338	20181010 09:30:00	20181010 10:30:00
55737	0.20397203962754176	0.0024641114949213476	0.021052895254322378	3618564.1	0.07881975596831144	-2.5405916032831084	738085.9	15.48	15.34850006284904	20181010 10:30:00	20181010 11:30:00
55737	0.2138204764702109	0.002496154749309744	0.020551675656527206	3618564.1	0.07881975596831144	-2.5405916032831084	773723.1	15.445	15.455839084655663	20181010 13:00:00	20181010 14:00:00
55737	0.32052691839837794	0.0027889766286134064	0.016711124022966116	3618564.1	0.07881975596831144	-2.5405916032831084	1159847.2	15.4	15.42712995081175	20181010 14:00:00	20181010 15:00:00
55737	0.32538427068911857	0.00235051279659857	0.01464383694952482	4582863.2	0.07853280373118957	-2.5442388595561285	1491191.6	14.620000000000001	14.471788844197578	20180921 09:30:00	20180921 10:30:00
55737	0.1983075340324363	0.0020522813970737983	0.018860325591802608	4582863.2	0.07853280373118957	-2.5442388595561285	908816.3	14.370000000000001	14.531752733900364	20180921 10:30:00	20180921 11:30:00
55737	0.23155212226278102	0.002141310889938397	0.017424246439609874	4582863.2	0.07853280373118957	-2.5442388595561285	1061171.7	14.59	14.901253916965027	20180921 13:00:00	20180921 14:00:00
55737	0.2955881380007154	0.0022894660208322985	0.015380429605378746	4582863.2	0.07853280373118957	-2.5442388595561285	1354640.0	15.11	15.149671964086238	20180921 14:00:00	20180921 15:00:00
55737	0.49831701868746353	0.016307585342557735	0.07198058869945274	4373984.0	0.4686511497975852	-0.7578966043677395	2179630.6666666665	17.7	18.263070793761194	20180719 09:30:00	20180719 10:30:00
55737	0.14018089686656376	0.011520354239244204	0.13762040217164376	4373984.0	0.4686511497975852	-0.7578966043677395	613149.0	17.935000000000002	17.945579796772268	20180719 10:30:00	20180719 11:30:00
55737	0.14416909923157775	0.011609247537567386	0.13566166109252795	4373984.0	0.4686511497975852	-0.7578966043677395	630593.3333333334	17.745	17.751957714475722	20180719 13:00:00	20180719 14:00:00
55737	0.23028380228795228	0.01319876395695888	0.10678843547554116	4373984.0	0.4686511497975852	-0.7578966043677395	1007257.6666666666	17.675	17.63072698269462	20180719 14:00:00	20180719 15:00:00
55737	0.39856468859115407	0.00949389809999452	0.04978182459641909	4311203.8	0.28702927459378813	-1.248171066355425	1718293.6	17.75	17.96487479870493	20180723 09:30:00	20180723 10:30:00
55737	0.12810477667513656	0.006956339803589779	0.08891188678365118	4311203.8	0.28702927459378813	-1.248171066355425	552285.8	17.86	17.8055366056743	20180723 10:30:00	20180723 11:30:00
55737	0.1368286045767542	0.007083050849361445	0.08596849265296212	4311203.8	0.28702927459378813	-1.248171066355425	589896.0	17.795	17.885432633819953	20180723 13:00:00	20180723 14:00:00
55737	0.3460602813534354	0.009133462939270696	0.05350805431596679	4311203.8	0.28702927459378813	-1.248171066355425	1491936.4	17.825	18.776106941011363	20180723 14:00:00	20180723 15:00:00
55737	0.36615125923744096	0.004883725365095445	0.024990230390984452	2823319.8	0.11113729327588089	-2.196988965611914	1033762.1	15.69	16.049270984169237	20180809 09:30:00	20180809 10:30:00
55737	0.2063978370427608	0.004173855951636007	0.03349549995372889	2823319.8	0.11113729327588089	-2.196988965611914	582727.1	16.15	16.180361176779616	20180809 10:30:00	20180809 11:30:00
55737	0.16128509423551665	0.0039011178244760603	0.037994447993119206	2823319.8	0.11113729327588089	-2.196988965611914	455359.4	16.185000000000002	16.274761310390925	20180809 13:00:00	20180809 14:00:00
55737	0.27207941516224976	0.004502097183323652	0.029085149245905485	2823319.8	0.11113729327588089	-2.196988965611914	768167.2	16.265	16.184897233065048	20180809 14:00:00	20180809 15:00:00
55737	0.35148848597038485	0.0023006333816859297	0.013648449885240999	4837680.8	0.0782733898969087	-2.5475475818067332	1700389.1	15.9	15.82712846560062	20180913 09:30:00	20180913 10:30:00
55737	0.20920582441073832	0.001995744716269146	0.01779224318521824	4837680.8	0.0782733898969087	-2.5475475818067332	1012071.0	15.68	15.59712459167849	20180913 10:30:00	20180913 11:30:00
55737	0.19150033627683746	0.0019479698422595452	0.01861466683614414	4837680.8	0.0782733898969087	-2.5475475818067332	926417.5	15.425	15.401315530324972	20180913 13:00:00	20180913 14:00:00
55737	0.25197065502957533	0.0021000888309599154	0.01617908925805883	4837680.8	0.0782733898969087	-2.5475475818067332	1218953.6	15.495000000000001	15.61520785481453	20180913 14:00:00	20180913 15:00:00
55737	0.35772746569115543	0.0024392279805952057	0.014064104097005634	4518273.7	0.07859390753803043	-2.5434610947900036	1616310.6	15.1	15.263509373344155	20180925 09:30:00	20180925 10:30:00
55737	0.20613012000578892	0.0020972674949651902	0.018640218816098054	4518273.7	0.07859390753803043	-2.5434610947900036	931352.3	15.450000000000001	15.307621416595664	20180925 10:30:00	20180925 11:30:00
55737	0.2342408783248345	0.0021720341208413554	0.017461423948954877	4518273.7	0.07859390753803043	-2.5434610947900036	1058364.4	15.31	15.193873474710415	20180925 13:00:00	20180925 14:00:00
55737	0.2944451992804243	0.0023125242405556854	0.015535169714533378	4518273.7	0.07859390753803043	-2.5434610947900036	1330384.0	15.205000000000002	15.207965858409802	20180925 14:00:00	20180925 15:00:00
55737	0.36994100575881794	0.004842132810931631	0.02621690057695104	3812067.0	0.13664404032766833	-1.9903759802362642	1410239.9	17.650000000000002	16.840217698011603	20180802 09:30:00	20180802 10:30:00
55737	0.18666161953606797	0.0040145556055595525	0.03718672401554946	3812067.0	0.13664404032766833	-1.9903759802362642	711566.6	16.695	16.383293677529906	20180802 10:30:00	20180802 11:30:00
55737	0.14466272497309202	0.0037437437902744174	0.042359887393218054	3812067.0	0.13664404032766833	-1.9903759802362642	551464.0	16.29	16.18056057901086	20180802 13:00:00	20180802 14:00:00
55737	0.3048394217625241	0.0045920212484297515	0.0289425434372105	3812067.0	0.13664404032766833	-1.9903759802362642	1162068.3	16.285	16.3671204745297	20180802 14:00:00	20180802 15:00:00
55737	0.4096332955142407	0.00432776790224282	0.020626076812980565	3055863.9	0.1011520542540828	-2.2911304065871354	1251783.6	16.09	16.378487066946704	20180814 09:30:00	20180814 10:30:00
55737	0.1806676665148602	0.0034582222642769596	0.03133896870946547	3055863.9	0.1011520542540828	-2.2911304065871354	552095.8	16.305	16.185444017276566	20180814 10:30:00	20180814 11:30:00
55737	0.15150520937794382	0.003295374799919868	0.03428878662302758	3055863.9	0.1011520542540828	-2.2911304065871354	462979.3	16.1	16.077496024045818	20180814 13:00:00	20180814 14:00:00
55737	0.26425823479900395	0.003837986831881217	0.025804415399905307	3055863.9	0.1011520542540828	-2.2911304065871354	807537.2	16.11	16.1304693801799	20180814 14:00:00	20180814 15:00:00
55737	0.37213497315420135	0.004903722912649348	0.025320819194327795	3124325.0	0.11957675039457542	-2.123796851056889	1162670.6	15.72	15.697226004435501	20180807 09:30:00	20180807 10:30:00
55737	0.2167529626399302	0.0042287149424768316	0.033375483377476305	3124325.0	0.11957675039457542	-2.123796851056889	677206.7	15.600000000000001	15.763587677323446	20180807 10:30:00	20180807 11:30:00
55737	0.15292285533675273	0.003843256991983504	0.039887820362114745	3124325.0	0.11957675039457542	-2.123796851056889	477780.7	15.855	15.854215488094379	20180807 13:00:00	20180807 14:00:00
55737	0.2644472005953286	0.00446554908699032	0.030150219982065365	3124325.0	0.11957675039457542	-2.123796851056889	826219.0	15.85	16.07236733316322	20180807 14:00:00	20180807 15:00:00
55737	0.38418723328239224	0.004166738667945702	0.02067374582133652	2915396.2	0.09578592554398449	-2.34563951978811	1120058.0	15.1	15.110549549682778	20180816 09:30:00	20180816 10:30:00
55737	0.16756741330732336	0.003319398866935946	0.031590735773578626	2915396.2	0.09578592554398449	-2.34563951978811	488525.4	15.190000000000001	15.0360538750276	20180816 10:30:00	20180816 11:30:00
55737	0.1517321384997346	0.003230329005571026	0.03323456252130058	2915396.2	0.09578592554398449	-2.34563951978811	442359.3	14.985	15.14556311664002	20180816 13:00:00	20180816 14:00:00
55737	0.3024362520606976	0.0039023406204706256	0.02336236006571496	2915396.2	0.09578592554398449	-2.34563951978811	881721.5	15.065000000000001	14.986730153893037	20180816 14:00:00	20180816 15:00:00
55737	0.3471119524480649	0.0022458734661014957	0.013502311571496787	4916830.4	0.077581800093088	-2.5564224141834573	1706690.6	14.85	15.094714197745708	20180906 09:30:00	20180906 10:30:00
55737	0.2005683986984786	0.001932486859179802	0.0178703037132612	4916830.4	0.077581800093088	-2.5564224141834573	986160.8	15.075	14.946865219988055	20180906 10:30:00	20180906 11:30:00
55737	0.22510676796986936	0.001994578281688162	0.016846804047288083	4916830.4	0.077581800093088	-2.5564224141834573	1106811.8	14.895	14.827989744255483	20180906 13:00:00	20180906 14:00:00
55737	0.23459894000004552	0.0020172789600464576	0.016494967550122416	4916830.4	0.077581800093088	-2.5564224141834573	1153483.2	14.790000000000001	14.771897853036643	20180906 14:00:00	20180906 15:00:00
55737	0.36560184859195105	0.002297381694030745	0.013255544047893508	4908124.8	0.07813998739297427	-2.5492533506941784	1794419.5	15.67	15.631607124305841	20180912 09:30:00	20180912 10:30:00
55737	0.19733905299229554	0.0019402479451182202	0.01816523320090467	4908124.8	0.07813998739297427	-2.5492533506941784	968564.7	15.75	15.784841571732557	20180912 10:30:00	20180912 11:30:00
55737	0.19378535362425992	0.001930611103045365	0.018334701153142133	4908124.8	0.07813998739297427	-2.5492533506941784	951122.7	15.940000000000001	15.866793255449839	20180912 13:00:00	20180912 14:00:00
55737	0.24792937213006486	0.002065450189364292	0.01616565264715216	4908124.8	0.07813998739297427	-2.5492533506941784	1216868.3	15.815000000000001	15.661459409335853	20180912 14:00:00	20180912 15:00:00
55737	0.3379321084332335	0.0027275804146179713	0.015841369841399777	3796489.2	0.07867006344743407	-2.5424925841403057	1282955.6	15.14	15.054210139352891	20180927 09:30:00	20180927 10:30:00
55737	0.2090489023385079	0.002391256778449242	0.020247803331244436	3796489.2	0.07867006344743407	-2.5424925841403057	793651.9	15.075	15.056817385075632	20180927 10:30:00	20180927 11:30:00
55737	0.22105884036230103	0.0024281384883925988	0.01967800451623355	3796489.2	0.07867006344743407	-2.5424925841403057	839247.5	14.98	14.928154342131775	20180927 13:00:00	20180927 14:00:00
55737	0.3165594939661622	0.0026791871763589253	0.016379170589202758	3796489.2	0.07867006344743407	-2.5424925841403057	1201814.7	14.88	14.821650351391202	20180927 14:00:00	20180927 15:00:00
55737	0.38090405881762934	0.0033939976644496946	0.017422650695252832	3310028.0	0.08575621596459092	-2.4562467061803317	1260803.1	14.46	14.709998146764658	20180823 09:30:00	20180823 10:30:00
55737	0.1779418482260573	0.002755143750468224	0.02570507608997821	3310028.0	0.08575621596459092	-2.4562467061803317	588992.5	14.795000000000002	14.844388558424729	20180823 10:30:00	20180823 11:30:00
55737	0.15802615566998224	0.0026669802757626313	0.027312439678184728	3310028.0	0.08575621596459092	-2.4562467061803317	523071.0	14.754999999999999	14.83844051890698	20180823 13:00:00	20180823 14:00:00
55737	0.2896853138402455	0.00314873360846624	0.020038562845784775	3310028.0	0.08575621596459092	-2.4562467061803317	958866.5	14.815000000000001	14.819548727971767	20180823 14:00:00	20180823 15:00:00
55737	0.3822911596609321	0.004603522927543064	0.022811956266254162	2846368.2	0.10414282680299766	-2.261991987358075	1088141.4	15.6	15.490559889524183	20180813 09:30:00	20180813 10:30:00
55737	0.19191979449461247	0.0038114401231361507	0.03244081768850982	2846368.2	0.10414282680299766	-2.261991987358075	546274.4	15.68	15.629884301270415	20180813 10:30:00	20180813 11:30:00
55737	0.15550739359721624	0.003597941271351849	0.03612278382275087	2846368.2	0.10414282680299766	-2.261991987358075	442631.3	15.65	15.662512662409158	20180813 13:00:00	20180813 14:00:00
55737	0.27655842276484116	0.004212732588627309	0.026916147160656868	2846368.2	0.10414282680299766	-2.261991987358075	787187.1	15.805	15.855530904597114	20180813 14:00:00	20180813 15:00:00
55737	0.39685462311990377	0.005646074403510099	0.029360517568495142	4083135.5	0.16428685982926877	-1.8061412338306548	1620411.2	18.38	18.10729198858909	20180730 09:30:00	20180730 10:30:00
55737	0.16169149909426225	0.004414706853039783	0.0464542253204796	4083135.5	0.16428685982926877	-1.8061412338306548	660208.3	18.04	17.90669932030334	20180730 10:30:00	20180730 11:30:00
55737	0.14382429875275998	0.004275310111730142	0.04931875303018188	4083135.5	0.16428685982926877	-1.8061412338306548	587254.1	17.915	17.719069647533107	20180730 13:00:00	20180730 14:00:00
55737	0.3056645315836322	0.0052562828130350275	0.03355089854288653	4083135.5	0.16428685982926877	-1.8061412338306548	1248069.7	17.65	17.59585235448071	20180730 14:00:00	20180730 15:00:00
55737	0.3730381451744331	0.004658624038247985	0.025000839250870342	3771239.8	0.1301441108424915	-2.039112897566548	1406816.3	16.330000000000002	16.23256845720828	20180803 09:30:00	20180803 10:30:00
55737	0.19193014456412982	0.0038830994095321674	0.03511028256103547	3771239.8	0.1301441108424915	-2.039112897566548	723814.6	16.12	16.210015443738104	20180803 10:30:00	20180803 11:30:00
55737	0.14012739258850632	0.0035624156328042233	0.041233217128351915	3771239.8	0.1301441108424915	-2.039112897566548	528454.0	16.325000000000003	16.26916887768639	20180803 13:00:00	20180803 14:00:00
55737	0.30108366484677	0.004392963205985897	0.02789403483446354	3771239.8	0.1301441108424915	-2.039112897566548	1135458.7	16.215	16.118921625945223	20180803 14:00:00	20180803 15:00:00
55737	0.357753154251582	0.0022336216385556618	0.013159292797772818	4996161.4	0.07741721800920229	-2.5585460682266232	1787392.5	15.15	15.037941842900302	20180905 09:30:00	20180905 10:30:00
55737	0.20316163124754136	0.0019128299383758872	0.0175714094949284	4996161.4	0.07741721800920229	-2.5585460682266232	1015028.3	15.184999999999999	15.209369345317553	20180905 10:30:00	20180905 11:30:00
55737	0.2222509865273768	0.001960482229871589	0.016783269747853897	4996161.4	0.07741721800920229	-2.5585460682266232	1110401.8	15.205	15.20775100401606	20180905 13:00:00	20180905 14:00:00
55737	0.22410340866890327	0.0019649459818549724	0.016712235232811054	4996161.4	0.07741721800920229	-2.5585460682266232	1119656.8	15.13	14.971951859335674	20180905 14:00:00	20180905 15:00:00
55737	0.3441332991217026	0.002303535510271458	0.013789783110495429	4670536.4	0.07684078959712459	-2.566019665274028	1607287.1	15.63	15.841810736518099	20180830 09:30:00	20180830 10:30:00
55737	0.20112227366432686	0.001988290707842328	0.018144985743546522	4670536.4	0.07684078959712459	-2.566019665274028	939348.9	15.72	15.683180913438589	20180830 10:30:00	20180830 11:30:00
55737	0.2327852749418675	0.002069558012127842	0.016838775819824896	4670536.4	0.07684078959712459	-2.566019665274028	1087232.1	15.64	15.83830955261484	20180830 13:00:00	20180830 14:00:00
55737	0.23020897556863057	0.0020632568393503126	0.016934809175481347	4670536.4	0.07684078959712459	-2.566019665274028	1075199.4	15.83	15.711550261322287	20180830 14:00:00	20180830 15:00:00
55737	0.3720096876976066	0.002645432501706383	0.014489896007079573	4105536.9	0.07866311958645854	-2.5425808536438668	1527299.5	15.280000000000001	15.265811012446843	20180926 09:30:00	20180926 10:30:00
55737	0.24014069877194383	0.0023464561440692043	0.018121764476582834	4105536.9	0.07866311958645854	-2.5425808536438668	985906.5	15.21	15.244686464892892	20180926 10:30:00	20180926 11:30:00
55737	0.2162752209095965	0.002280114592130109	0.019117453109205897	4105536.9	0.07866311958645854	-2.5425808536438668	887925.9	15.195	15.235895231145099	20180926 13:00:00	20180926 14:00:00
55737	0.3267456444003706	0.002553044047237511	0.015483077184506965	4105536.9	0.07866311958645854	-2.5425808536438668	1341466.3	15.225000000000001	15.150087556000106	20180926 14:00:00	20180926 15:00:00
55737	nan	nan	nan	nan	0.07878034867390622	-2.5410916955300773	nan	nan	nan	20181008 09:30:00	20181008 10:30:00
55737	nan	nan	nan	nan	0.07878034867390622	-2.5410916955300773	nan	nan	nan	20181008 10:30:00	20181008 11:30:00
55737	nan	nan	nan	nan	0.07878034867390622	-2.5410916955300773	nan	nan	nan	20181008 13:00:00	20181008 14:00:00
55737	nan	nan	nan	nan	0.07878034867390622	-2.5410916955300773	nan	nan	nan	20181008 14:00:00	20181008 15:00:00
55737	0.33017142926199095	0.002138672619659045	0.013523671631274594	5180043.3	0.07778851565582473	-2.5537614723721087	1710302.3	14.83	14.9372997753588	20180907 09:30:00	20180907 10:30:00
55737	0.19080126222110924	0.001840301372086874	0.01789754573917538	5180043.3	0.07778851565582473	-2.5537614723721087	988358.8	14.92	14.845159652525934	20180907 10:30:00	20180907 11:30:00
55737	0.2517832814254661	0.0019855967664071704	0.015532657138967978	5180043.3	0.07778851565582473	-2.5537614723721087	1304248.3	14.605	15.341955536519288	20180907 13:00:00	20180907 14:00:00
55737	0.23446836824703765	0.0019472099350676668	0.016108586702216	5180043.3	0.07778851565582473	-2.5537614723721087	1214556.3	15.4	15.28113497558655	20180907 14:00:00	20180907 15:00:00
55737	0.35642728277415137	0.0028769526238989727	0.01584931289586275	3607361.9	0.07879744925266229	-2.5408746525322923	1285762.2	13.3	13.41177860805234	20181015 09:30:00	20181015 10:30:00
55737	0.16708672894726756	0.0023376461304823255	0.023342332416607787	3607361.9	0.07879744925266229	-2.5408746525322923	602742.3	13.41	13.370513887892054	20181015 10:30:00	20181015 11:30:00
55737	nan	nan	nan	3607361.9	0.07879744925266229	-2.5408746525322923	nan	nan	nan	20181015 13:00:00	20181015 14:00:00
55737	0.2959479613065714	0.0027340451318171215	0.017429163515163205	3607361.9	0.07879744925266229	-2.5408746525322923	1067591.4	13.18	13.037167960855228	20181015 14:00:00	20181015 15:00:00
55737	0.3934649022525902	0.00292822004684201	0.01498208786325383	3669509.0	0.07903229561898938	-2.537898704749574	1443823.0	12.42	12.337959516166428	20181017 09:30:00	20181017 10:30:00
55737	0.18436954371824676	0.0023790211414768552	0.02206998985568654	3669509.0	0.07903229561898938	-2.537898704749574	676545.7	12.4	12.43501332092866	20181017 10:30:00	20181017 11:30:00
55737	nan	nan	nan	3669509.0	0.07903229561898938	-2.537898704749574	nan	nan	nan	20181017 13:00:00	20181017 14:00:00
55737	nan	nan	nan	3669509.0	0.07903229561898938	-2.537898704749574	nan	nan	nan	20181017 14:00:00	20181017 15:00:00
55737	0.3408773353369745	0.002709392886722442	0.01568165284738945	3856445.6	0.07885182834333564	-2.5401847782282774	1314574.9	12.85	13.025940229685164	20181016 09:30:00	20181016 10:30:00
55737	0.18010854347329572	0.0022748695719278043	0.02172558320013083	3856445.6	0.07885182834333564	-2.5401847782282774	694578.8	12.995000000000001	12.581143875340647	20181016 10:30:00	20181016 11:30:00
55737	0.21701084024107586	0.002394065405393211	0.019751835864660935	3856445.6	0.07885182834333564	-2.5401847782282774	836890.5	12.43	12.395755062493947	20181016 13:00:00	20181016 14:00:00
55737	0.2987844298905707	0.002613293457883661	0.01677419005643218	3856445.6	0.07885182834333564	-2.5401847782282774	1152245.9	12.2	12.171405172698568	20181016 14:00:00	20181016 15:00:00
55737	0.33220601538049727	0.0023552720940147502	0.014351669632710165	4459049.6	0.0767052517803499	-2.5677851012404918	1481323.1	15.97	15.829699828849778	20180829 09:30:00	20180829 10:30:00
55737	0.21354487736579564	0.0020866781228864356	0.01798757830051948	4459049.6	0.0767052517803499	-2.5677851012404918	952207.2	15.725000000000001	15.791848680306565	20180829 10:30:00	20180829 11:30:00
55737	0.22655834552726214	0.0021207758597735354	0.01745197748807299	4459049.6	0.0767052517803499	-2.5677851012404918	1010234.9	15.760000000000002	15.789252107515036	20180829 13:00:00	20180829 14:00:00
55737	0.23611208540941103	0.002144913709510296	0.017087489006768423	4459049.6	0.0767052517803499	-2.5677851012404918	1052835.5	15.725000000000001	15.682561318409606	20180829 14:00:00	20180829 15:00:00
55737	0.3702247193647004	0.002348655990596471	0.013287360227439303	4689164.2	0.07701493104669785	-2.5637559662291336	1736044.5	14.75	14.602407010954217	20180903 09:30:00	20180903 10:30:00
55737	0.19927694150697475	0.001982034083261278	0.018234841087626297	4689164.2	0.07701493104669785	-2.5637559662291336	934442.3	14.415	14.333825968534228	20180903 10:30:00	20180903 11:30:00
55737	0.22501444927008526	0.002049111253896892	0.017137403286290223	4689164.2	0.07701493104669785	-2.5637559662291336	1055129.7	14.38	14.448451669807161	20180903 13:00:00	20180903 14:00:00
55737	0.21320466875525493	0.0020190644662811544	0.017616085756764273	4689164.2	0.07701493104669785	-2.5637559662291336	999751.7	14.46	14.578201303970674	20180903 14:00:00	20180903 15:00:00
55737	0.4083147958544952	0.0063609460059117955	0.03289388825563284	4414311.625	0.1943476666059048	-1.6381066279000247	1802428.75	18.39	18.550659122963182	20180726 09:30:00	20180726 10:30:00
55737	0.15810494575130954	0.0049047864321919805	0.05341615088788386	4414311.625	0.1943476666059048	-1.6381066279000247	697924.5	18.615000000000002	18.722750750148602	20180726 10:30:00	20180726 11:30:00
55737	0.13781027523175823	0.004723590118088964	0.05730081777920866	4414311.625	0.1943476666059048	-1.6381066279000247	608337.5	18.665	18.5786795666987	20180726 13:00:00	20180726 14:00:00
55737	0.304476833349979	0.005869524403290817	0.038215319413814876	4414311.625	0.1943476666059048	-1.6381066279000247	1344055.625	18.51	18.51815160479097	20180726 14:00:00	20180726 15:00:00
55737	0.3699004752462812	0.0036746660520172027	0.019163720583248254	3200761.5	0.09134321175703233	-2.393131309187112	1183963.2	14.200000000000001	14.448634182979715	20180820 09:30:00	20180820 10:30:00
55737	0.1663724085658991	0.002952153224829203	0.028826947829539717	3200761.5	0.09134321175703233	-2.393131309187112	532518.4	14.504999999999999	14.306738191493038	20180820 10:30:00	20180820 11:30:00
55737	0.15809769019028752	0.0029111743183944084	0.02958831715255767	3200761.5	0.09134321175703233	-2.393131309187112	506033.0	14.395	14.404697375395864	20180820 13:00:00	20180820 14:00:00
55737	0.31224444557959097	0.003507956273332873	0.02089702227744526	3200761.5	0.09134321175703233	-2.393131309187112	999420.0	14.405000000000001	14.47383928926913	20180820 14:00:00	20180820 15:00:00
55737	0.32213029626293066	0.0019702139121254214	0.01299656181152435	5763080.1	0.07795568011365134	-2.5516148174525624	1856462.7	15.3	15.307462225874614	20180910 09:30:00	20180910 10:30:00
55737	0.20750698918795177	0.0017465446728377547	0.01627154851330131	5763080.1	0.07795568011365134	-2.5516148174525624	1195879.4	15.375	15.74466327049073	20180910 10:30:00	20180910 11:30:00
55737	0.23701192353720713	0.001811339108644218	0.015202851042821068	5763080.1	0.07795568011365134	-2.5516148174525624	1365918.7	15.735	15.706422227751432	20180910 13:00:00	20180910 14:00:00
55737	0.2401520846465417	0.0018178832729515424	0.015100943390561098	5763080.1	0.07795568011365134	-2.5516148174525624	1384015.7	15.725000000000001	15.727637234241286	20180910 14:00:00	20180910 15:00:00
55737	0.4181424158204015	0.007928858251011073	0.040462264614044514	4527032.166666667	0.24512535170201816	-1.4059855596802482	1892944.1666666667	18.28	18.75883381769267	20180724 09:30:00	20180724 10:30:00
55737	0.13203966999277267	0.005781503997570046	0.0729233985681337	4527032.166666667	0.24512535170201816	-1.4059855596802482	597747.8333333334	18.945	18.821426275486086	20180724 10:30:00	20180724 11:30:00
55737	0.1319297009633942	0.005780184256611283	0.0729544532534198	4527032.166666667	0.24512535170201816	-1.4059855596802482	597250.0	18.84	18.862812529573205	20180724 13:00:00	20180724 14:00:00
55737	0.3270206864372107	0.007412444049668717	0.04587741339410996	4527032.166666667	0.24512535170201816	-1.4059855596802482	1480433.1666666667	18.835	18.791903104678628	20180724 14:00:00	20180724 15:00:00
55737	0.27809288927545656	0.002461225193660239	0.016772899362737428	3920428.9	0.07664842906588311	-2.5685261687747536	1090243.4	15.08	14.945508441709546	20180828 09:30:00	20180828 10:30:00
55737	0.2186853331277096	0.002304379004137944	0.018964496968423193	3920428.9	0.07664842906588311	-2.5685261687747536	857340.3	14.905000000000001	15.799331531488065	20180828 10:30:00	20180828 11:30:00
55737	0.24602127078493888	0.002379960952976971	0.017856738722409646	3920428.9	0.07664842906588311	-2.5685261687747536	964508.9	16.53	16.45194612449321	20180828 13:00:00	20180828 14:00:00
55737	0.266502320702717	0.0024326823062585483	0.017141781836266207	3920428.9	0.07664842906588311	-2.5685261687747536	1044803.4	16.490000000000002	16.424375084477546	20180828 14:00:00	20180828 15:00:00
55737	0.3704564933694777	0.005260144527767172	0.028224055218712955	3673858.4	0.1444582359832744	-1.9347648375424347	1361004.7	17.650000000000002	17.872896293231435	20180801 09:30:00	20180801 10:30:00
55737	0.16534447816497228	0.004216988898392318	0.042623292425540096	3673858.4	0.1444582359832744	-1.9347648375424347	607452.2	17.95	17.903313980263157	20180801 10:30:00	20180801 11:30:00
55737	0.14718585778918425	0.004084688925050713	0.045233954793895075	3673858.4	0.1444582359832744	-1.9347648375424347	540740.0	17.905	17.819312009335878	20180801 13:00:00	20180801 14:00:00
55737	0.32568519788351125	0.005077738587263812	0.030144240053534083	3673858.4	0.1444582359832744	-1.9347648375424347	1196521.3	17.79	17.68827282622245	20180801 14:00:00	20180801 15:00:00
55737	0.36716339798631986	0.0023203646238593332	0.013246252927867994	4744060.3	0.07690765421965061	-2.565149872707917	1741845.3	15.58	14.998004222539029	20180831 09:30:00	20180831 10:30:00
55737	0.1993608934523872	0.0019628455038991615	0.01809756567851807	4744060.3	0.07690765421965061	-2.565149872707917	945780.1	15.0	15.058811860167326	20180831 10:30:00	20180831 11:30:00
55737	0.2227511315570757	0.0020234264518819993	0.017100161348746968	4744060.3	0.07690765421965061	-2.565149872707917	1056744.8	15.08	15.055151907964028	20180831 13:00:00	20180831 14:00:00
55737	0.2184371897633763	0.002012612883557265	0.017271907523872882	4744060.3	0.07690765421965061	-2.565149872707917	1036279.2	14.955000000000002	14.889261305745762	20180831 14:00:00	20180831 15:00:00
55737	0.5305869583968102	0.025914862110189514	0.11017789259120687	4620114.5	0.7617338308358761	-0.2721580876811134	2451372.5	17.67	18.254311962532185	20180718 09:30:00	20180718 10:30:00
55737	0.15561594847919893	0.018517758947367454	0.20620795809400022	4620114.5	0.7617338308358761	-0.2721580876811134	718963.5	18.6	18.46067162629758	20180718 10:30:00	20180718 11:30:00
55737	0.12662240297291333	0.017500622339089614	0.22911956569508232	4620114.5	0.7617338308358761	-0.2721580876811134	585010.0	18.48	18.52898501872659	20180718 13:00:00	20180718 14:00:00
55737	0.19174384098056443	0.019607908506147197	0.18534224616449982	4620114.5	0.7617338308358761	-0.2721580876811134	885878.5	18.395	18.34314989188812	20180718 14:00:00	20180718 15:00:00
55737	0.3988160583779136	0.004877182066905805	0.024311139794849577	3414442.0	0.12446497349688203	-2.0837309400345996	1361734.3	15.85	15.975275156370023	20180806 09:30:00	20180806 10:30:00
55737	0.2097140323367625	0.004089622280752619	0.03376358007898059	3414442.0	0.12446497349688203	-2.0837309400345996	716056.4	16.0	15.897301595044146	20180806 10:30:00	20180806 11:30:00
55737	0.15035566572810433	0.00373325873884162	0.04002136725054451	3414442.0	0.12446497349688203	-2.0837309400345996	513380.7	15.745000000000001	15.730536037320135	20180806 13:00:00	20180806 14:00:00
55737	0.24772551415428934	0.0042806059230671165	0.031008523739020105	3414442.0	0.12446497349688203	-2.0837309400345996	845844.4	15.8	15.635031405707846	20180806 14:00:00	20180806 15:00:00
55737	0.34163571189173986	0.0024888999163608823	0.014727130138290847	4308436.0	0.0784561362313319	-2.5452155844893753	1471915.6	14.57	14.788144616153524	20180920 09:30:00	20180920 10:30:00
55737	0.21436231152093244	0.002190512670161164	0.018687538610668235	4308436.0	0.0784561362313319	-2.5452155844893753	923566.3	14.790000000000001	14.767638238954431	20180920 10:30:00	20180920 11:30:00
55737	0.21367800287621772	0.002188594426271144	0.01871809665526325	4308436.0	0.0784561362313319	-2.5452155844893753	920618.0	14.745000000000001	14.653599539650909	20180920 13:00:00	20180920 14:00:00
55737	0.29063504714936	0.002381049624848447	0.01599551147451073	4308436.0	0.0784561362313319	-2.5452155844893753	1252182.5	14.58	14.476809961928934	20180920 14:00:00	20180920 15:00:00
55737	nan	nan	nan	nan	0.07881975596831144	-2.5405916032831084	nan	nan	nan	20181011 09:30:00	20181011 10:30:00
55737	nan	nan	nan	nan	0.07881975596831144	-2.5405916032831084	nan	nan	nan	20181011 10:30:00	20181011 11:30:00
55737	nan	nan	nan	nan	0.07881975596831144	-2.5405916032831084	nan	nan	nan	20181011 13:00:00	20181011 14:00:00
55737	nan	nan	nan	nan	0.07881975596831144	-2.5405916032831084	nan	nan	nan	20181011 14:00:00	20181011 15:00:00
55737	0.3895414097056668	0.003345342813088149	0.01687774303809129	3314121.6	0.08408454423589426	-2.475932507300471	1290987.6	14.950000000000001	14.793655267135037	20180824 09:30:00	20180824 10:30:00
55737	0.18227167645266848	0.002716852063235624	0.02488053823778254	3314121.6	0.08408454423589426	-2.475932507300471	604070.5	14.74	14.7155777139067	20180824 10:30:00	20180824 11:30:00
55737	0.15863720872523204	0.0026154108429359735	0.026710393783236128	3314121.6	0.08408454423589426	-2.475932507300471	525743.0	14.705	14.789023199023198	20180824 13:00:00	20180824 14:00:00
55737	0.27622571241803556	0.003044635434784525	0.020118765098467273	3314121.6	0.08408454423589426	-2.475932507300471	915445.6	14.805	14.71619837897668	20180824 14:00:00	20180824 15:00:00
55737	0.4680089019849628	0.012921833047475371	0.05864586776004853	3959117.0	0.35142337437846477	-1.045763587574353	1852902.0	17.490000000000002	17.498018874410462	20180720 09:30:00	20180720 10:30:00
55737	0.14358170016193006	0.0093480203566475	0.10726539420665217	3959117.0	0.35142337437846477	-1.045763587574353	568456.75	17.505000000000003	17.552842672314565	20180720 10:30:00	20180720 11:30:00
55737	0.15302654607075264	0.009512629783013109	0.1038296634724069	3959117.0	0.35142337437846477	-1.045763587574353	605850.0	17.505	17.655941179790073	20180720 13:00:00	20180720 14:00:00
55737	0.24692835548936795	0.010845234389927632	0.08130804264799497	3959117.0	0.35142337437846477	-1.045763587574353	977618.25	17.78	17.743009114436816	20180720 14:00:00	20180720 15:00:00
55737	0.3578645153374951	0.004921443584976917	0.02579898752585687	2905738.5	0.11507940231398704	-2.162132933968976	1039860.7	16.2	16.08426827793161	20180808 09:30:00	20180808 10:30:00
55737	0.22317562299566873	0.004324170558952614	0.032839338022248775	2905738.5	0.11507940231398704	-2.162132933968976	648490.0	16.055	15.955512479881172	20180808 10:30:00	20180808 11:30:00
55737	0.151513530897567	0.00388881509045031	0.040026001839612066	2905738.5	0.11507940231398704	-2.162132933968976	440258.7	15.915	15.876268784714508	20180808 13:00:00	20180808 14:00:00
55737	0.27362651525593235	0.004572512966313987	0.02959136892087526	2905738.5	0.11507940231398704	-2.162132933968976	795087.1	15.775	15.679706693057486	20180808 14:00:00	20180808 15:00:00
55737	0.38942648493754334	0.004129976531846102	0.02050896346893917	3075471.1	0.09833194130764357	-2.319406367604082	1197669.9	15.700000000000001	15.868948711970775	20180815 09:30:00	20180815 10:30:00
55737	0.17630203060597774	0.003323881292495831	0.030747771605377918	3075471.1	0.09833194130764357	-2.319406367604082	542211.8	15.89	15.849359443304486	20180815 10:30:00	20180815 11:30:00
55737	0.15411404776328413	0.003203610963926666	0.03293546170995862	3075471.1	0.09833194130764357	-2.319406367604082	473973.3	15.8	15.77491929853382	20180815 13:00:00	20180815 14:00:00
55737	0.2862612170213532	0.0037959801234144315	0.024001892695831636	3075471.1	0.09833194130764357	-2.319406367604082	880388.1	15.690000000000001	15.483915457940029	20180815 14:00:00	20180815 15:00:00
55737	nan	nan	nan	nan	0.07878034867390622	-2.5410916955300773	nan	nan	nan	20181009 09:30:00	20181009 10:30:00
55737	nan	nan	nan	nan	0.07878034867390622	-2.5410916955300773	nan	nan	nan	20181009 10:30:00	20181009 11:30:00
55737	nan	nan	nan	nan	0.07878034867390622	-2.5410916955300773	nan	nan	nan	20181009 13:00:00	20181009 14:00:00
55737	nan	nan	nan	nan	0.07878034867390622	-2.5410916955300773	nan	nan	nan	20181009 14:00:00	20181009 15:00:00
55737	0.4091789388822915	0.006013794191052706	0.030744015210605054	4217408.333333333	0.17765082230271162	-1.7279353277461258	1725674.6666666667	18.59	18.353383499364007	20180727 09:30:00	20180727 10:30:00
55737	0.15886312486538928	0.004640498690318256	0.04985692205809438	4217408.333333333	0.17765082230271162	-1.7279353277461258	669990.6666666666	18.400000000000002	18.458907999641674	20180727 10:30:00	20180727 11:30:00
55737	0.1378039567480555	0.004463155591454806	0.053614905621053824	4217408.333333333	0.17765082230271162	-1.7279353277461258	581175.5555555555	18.365000000000002	18.322471693965042	20180727 13:00:00	20180727 14:00:00
55737	0.3025208346094594	0.00553619366714303	0.03587420743810257	4217408.333333333	0.17765082230271162	-1.7279353277461258	1275853.888888889	18.31	18.218429009640662	20180727 14:00:00	20180727 15:00:00
55737	0.34160318081188956	0.0024802439991437547	0.014687218644729038	4322393.3	0.07836912315755887	-2.5463252664760785	1476543.3	14.48	14.536479289940829	20180919 09:30:00	20180919 10:30:00
55737	0.2308089826069275	0.0022276176329892295	0.017945151161608067	4322393.3	0.07836912315755887	-2.5463252664760785	997647.2	14.55	14.550242345410666	20180919 10:30:00	20180919 11:30:00
55737	0.21835484059259486	0.0021940171555200503	0.018461077735157233	4322393.3	0.07836912315755887	-2.5463252664760785	943815.5	14.58	14.691586675636177	20180919 13:00:00	20180919 14:00:00
55737	0.29806810962806185	0.0023893064525614092	0.015746862192372302	4322393.3	0.07836912315755887	-2.5463252664760785	1288367.6	14.67	14.623551327205265	20180919 14:00:00	20180919 15:00:00
55737	0.41604896819279985	0.00308178252803098	0.014938453076075497	3499185.7	0.079136383437846	-2.5365825423525292	1455832.6	12.370000000000001	12.152113478585136	20181018 09:30:00	20181018 10:30:00
55737	0.20338437597067224	0.002533001391901394	0.02153466666624726	3499185.7	0.079136383437846	-2.5365825423525292	711679.7	12.09	12.025439947156231	20181018 10:30:00	20181018 11:30:00
55737	0.22922661692404606	0.0026173935738649065	0.020257833760630364	3499185.7	0.079136383437846	-2.5365825423525292	802106.5	11.98	12.028281681378076	20181018 13:00:00	20181018 14:00:00
55737	0.32533794934061366	0.0028809526743678493	0.016938907498930622	3499185.7	0.079136383437846	-2.5365825423525292	1138417.9	12.11	11.874095580265747	20181018 14:00:00	20181018 15:00:00
55737	0.3373373212234205	0.0022901405008096693	0.014005338412242285	4795685.5	0.07830145678129147	-2.547189071033403	1617763.7	15.700000000000001	15.563431977168422	20180914 09:30:00	20180914 10:30:00
55737	0.21158672727809194	0.002015377061709176	0.01777501304923156	4795685.5	0.07830145678129147	-2.547189071033403	1014703.4	15.52	15.515137043558969	20180914 10:30:00	20180914 11:30:00
55737	0.1892291519116506	0.0019546419157776065	0.01881887343702045	4795685.5	0.07830145678129147	-2.547189071033403	907483.5	15.565000000000001	15.55723871476444	20180914 13:00:00	20180914 14:00:00
55737	0.2658588224769952	0.0021454918984318383	0.01581749883562286	4795685.5	0.07830145678129147	-2.547189071033403	1274975.3	15.52	15.322885916866138	20180914 14:00:00	20180914 15:00:00
55737	0.34032169970619974	0.0028092062876828774	0.016100249760119062	3662148.2	0.07878034867390622	-2.5410916955300773	1246308.5	14.9	14.94698091922904	20180928 09:30:00	20180928 10:30:00
55737	0.19928590000808813	0.002426065102563696	0.021163899551715215	3662148.2	0.07878034867390622	-2.5410916955300773	729814.5	15.025	15.00781537480645	20180928 10:30:00	20180928 11:30:00
55737	0.21479859826535694	0.002476409636707621	0.020368551842162273	3662148.2	0.07878034867390622	-2.5410916955300773	786624.3	14.995000000000001	14.996723267581022	20180928 13:00:00	20180928 14:00:00
55737	0.33640200579539625	0.00280030360820595	0.01619584036313645	3662148.2	0.07878034867390622	-2.5410916955300773	1231954.0	14.985	15.085765300091872	20180928 14:00:00	20180928 15:00:00
55737	nan	nan	nan	3427774.5	0.07875072472665057	-2.5414677984406384	nan	nan	nan	20181012 09:30:00	20181012 10:30:00
55737	0.18606763659628137	0.002497041307617413	0.02266422520803739	3427774.5	0.07875072472665057	-2.5414677984406384	637797.9	13.155000000000001	13.256404011461319	20181012 10:30:00	20181012 11:30:00
55737	0.22291971073359698	0.0026237871288048967	0.0206651617205871	3427774.5	0.07875072472665057	-2.5414677984406384	764118.5	13.315000000000001	13.465949853894825	20181012 13:00:00	20181012 14:00:00
55737	0.32906099861586574	0.0029192390037108625	0.01693613983071324	3427774.5	0.07875072472665057	-2.5414677984406384	1127946.9	13.485	13.463888138110573	20181012 14:00:00	20181012 15:00:00
55737	nan	nan	nan	nan	0.07834790934501754	-2.5465959940713128	nan	nan	nan	20180918 09:30:00	20180918 10:30:00
55737	nan	nan	nan	nan	0.07834790934501754	-2.5465959940713128	nan	nan	nan	20180918 10:30:00	20180918 11:30:00
55737	nan	nan	nan	nan	0.07834790934501754	-2.5465959940713128	nan	nan	nan	20180918 13:00:00	20180918 14:00:00
55737	nan	nan	nan	nan	0.07834790934501754	-2.5465959940713128	nan	nan	nan	20180918 14:00:00	20180918 15:00:00
55737	0.38260531151090016	0.0033147101479047386	0.016888413743522762	3248913.6	0.08252650346432233	-2.4946357831195574	1243051.6	14.73	14.892121910419226	20180827 09:30:00	20180827 10:30:00
55737	0.1849869137794246	0.0027162417558770913	0.02448305250154222	3248913.6	0.08252650346432233	-2.4946357831195574	601006.5	14.915	14.932303726708076	20180827 10:30:00	20180827 11:30:00
55737	0.16243614480852922	0.002621192024498724	0.026164700762709988	3248913.6	0.08252650346432233	-2.4946357831195574	527741.0	14.965	15.011282704903525	20180827 13:00:00	20180827 14:00:00
55737	0.27629839094520703	0.0030318621743039	0.0199448272295449	3248913.6	0.08252650346432233	-2.4946357831195574	897669.6	14.99	14.99078125041871	20180827 14:00:00	20180827 15:00:00
55737	0.3774874664673029	0.003509506333626305	0.01805789644018396	3238033.6	0.08748603828055898	-2.436276060857917	1222317.1	14.59	14.59967015502193	20180822 09:30:00	20180822 10:30:00
55737	0.1762819879324291	0.002848627817179667	0.02664723164060093	3238033.6	0.08748603828055898	-2.436276060857917	570807.0	14.575	14.56875355888773	20180822 10:30:00	20180822 11:30:00
55737	0.16020392747005466	0.0027749501198714847	0.027981846515472843	3238033.6	0.08748603828055898	-2.436276060857917	518745.7	14.57	14.522790051134391	20180822 13:00:00	20180822 14:00:00
55737	0.29286505859605655	0.0032737208684636087	0.020558774893451856	3238033.6	0.08748603828055898	-2.436276060857917	948306.9	14.5	14.435439720129171	20180822 14:00:00	20180822 15:00:00
55737	0.37019799874904147	0.00390119796863289	0.020111526302567923	3042307.1	0.09344417287484483	-2.3703911025641338	1126256.0	14.97	15.147953268329518	20180817 09:30:00	20180817 10:30:00
55737	0.15997642052638275	0.003099976434025191	0.030877507510694534	3042307.1	0.09344417287484483	-2.3703911025641338	486697.4	14.97	14.929353485090422	20180817 10:30:00	20180817 11:30:00
55737	0.16174126537061298	0.0031093095755452002	0.03070487911703181	3042307.1	0.09344417287484483	-2.3703911025641338	492066.6	14.805	14.693711590259369	20180817 13:00:00	20180817 14:00:00
55737	0.3144735454221567	0.003730655125179193	0.021859959629997747	3042307.1	0.09344417287484483	-2.3703911025641338	956725.1	14.705000000000002	14.480710018650196	20180817 14:00:00	20180817 15:00:00
55737	0.35882643506385864	0.0022879157494405888	0.013346902525354849	4824673.8	0.07725012375514163	-2.5607067611972596	1731220.5	14.61	14.661725920322745	20180904 09:30:00	20180904 10:30:00
55737	0.20339710842212794	0.001958340304389265	0.017838661021739772	4824673.8	0.07725012375514163	-2.5607067611972596	981324.7	14.63	14.940359376793296	20180904 10:30:00	20180904 11:30:00
55737	0.22559821557262588	0.002014724486763851	0.01691889169600919	4824673.8	0.07725012375514163	-2.5607067611972596	1088437.8	15.030000000000001	15.071446016896934	20180904 13:00:00	20180904 14:00:00
55737	0.21946453664908913	0.001999565000861886	0.01715889230991308	4824673.8	0.07725012375514163	-2.5607067611972596	1058844.8	15.105	15.263717965936806	20180904 14:00:00	20180904 15:00:00
55737	0.3407469432556611	0.0023962944587951414	0.014359729836368015	4526359.9	0.07834790934501754	-2.5465959940713128	1542343.3	15.0	14.676811095363433	20180917 09:30:00	20180917 10:30:00
55737	nan	nan	nan	4526359.9	0.07834790934501754	-2.5465959940713128	nan	nan	nan	20180917 10:30:00	20180917 11:30:00
55737	nan	nan	nan	4526359.9	0.07834790934501754	-2.5465959940713128	nan	nan	nan	20180917 13:00:00	20180917 14:00:00
55737	nan	nan	nan	4526359.9	0.07834790934501754	-2.5465959940713128	nan	nan	nan	20180917 14:00:00	20180917 15:00:00
55737	0.39193924682518366	0.005522786073533783	0.028582047041537457	3815464.8	0.15350392557211162	-1.8740291385222037	1495430.4	17.6	17.687911906193627	20180731 09:30:00	20180731 10:30:00
55737	0.1592577135032146	0.0043151094222401536	0.045285041439488055	3815464.8	0.15350392557211162	-1.8740291385222037	607642.2	17.660000000000004	17.765894880027318	20180731 10:30:00	20180731 11:30:00
55737	0.14863615043703196	0.004234268381438543	0.046910765447769336	3815464.8	0.15350392557211162	-1.8740291385222037	567116.0	17.725	17.68734674642126	20180731 13:00:00	20180731 14:00:00
55737	0.30823295762026165	0.00517093583422607	0.03231550195933646	3815464.8	0.15350392557211162	-1.8740291385222037	1176052.0	17.72	17.646059820121312	20180731 14:00:00	20180731 15:00:00
55737	0.3674865807574213	0.0035573491947970288	0.01869605505363819	3239713.4	0.08936714245243746	-2.4150021984489416	1190551.2	14.530000000000001	14.513789456170375	20180821 09:30:00	20180821 10:30:00
55737	0.17945658402993303	0.0029230430129949456	0.026965912770131266	3239713.4	0.08936714245243746	-2.4150021984489416	581387.9	14.510000000000002	14.64325851440034	20180821 10:30:00	20180821 11:30:00
55737	0.16157901498323896	0.002840192716961548	0.028451401500600507	3239713.4	0.08936714245243746	-2.4150021984489416	523469.7	14.65	14.694246076920866	20180821 13:00:00	20180821 14:00:00
55737	0.29858125721861695	0.003360604990895486	0.02078889558128725	3239713.4	0.08936714245243746	-2.4150021984489416	967317.7	14.665	14.646164922044077	20180821 14:00:00	20180821 15:00:00
55737	0.41818721119218855	0.007007806379463397	0.03572249829888678	4505591.428571428	0.21589872381855146	-1.532945852462859	1884180.7142857143	18.96	18.69022635946713	20180725 09:30:00	20180725 10:30:00
55737	0.13686635082630663	0.005160262587206361	0.06321420324831543	4505591.428571428	0.21589872381855146	-1.532945852462859	616663.8571428572	18.595	18.565957872247182	20180725 10:30:00	20180725 11:30:00
55737	0.13978884649359494	0.005190222548902733	0.06253538353491943	4505591.428571428	0.21589872381855146	-1.532945852462859	629831.4285714285	18.615000000000002	18.634947898996753	20180725 13:00:00	20180725 14:00:00
55737	0.31403094694401945	0.0064788356060539185	0.041353222178704845	4505591.428571428	0.21589872381855146	-1.532945852462859	1414895.142857143	18.6	18.523024742895675	20180725 14:00:00	20180725 15:00:00
