-1.618818481003372	-0.9999989570969963	0.06299069157937455	0.19813265834242735	11841218.0	230784.0	29.55	30.03078435805857
-1.618818481003372	-0.9999991000846391	0.013678260957226242	0.19813265834242735	11841218.0	42449.5	30.12	30.163601448778834
-1.618818481003372	-0.9999991311775298	0.059987344460561275	0.19813265834242735	11841218.0	29374.5	30.13	30.429603593059838
-1.618818481003372	-0.9999990312547388	0.07620380236354549	0.19813265834242735	11841218.0	95905.0	30.545	30.717555836794354
-1.618818481003372	-0.9999990749281912	0.04025770725990511	0.19813265834242735	11841218.0	57180.0	30.615000000000002	30.871522404767394
-1.8259149252098132	-0.9999990668877792	0.009898175667263151	0.16107020949901066	11102335.555555556	31561.5	32.5	32.58588932351363
-1.8259149252098132	-0.9999988862016562	0.11705707560489605	0.16107020949901066	11102335.555555556	234628.5	32.54	33.433181886941036
-0.2931697685717277	-0.9999990886455715	0.0820469439092052	0.745895500333999	14783531.0	710010.5	31.59	31.72533746394664
-0.2931697685717277	-0.9999992381746603	0.046912708258441	0.745895500333999	14783531.0	77843.5	32.44	32.563653512202684
-0.2931697685717277	-0.9999993165120671	0.059136410308507824	0.745895500333999	14783531.0	24448.5	31.805	31.991960276001365
-1.9097947520443712	-0.9999988852339717	0.09393060449199618	0.148110782911364	11316024.2	300955.0	33.480000000000004	34.12844373002667
-1.9097947520443712	-0.9999988275927225	0.08628263335667692	0.148110782911364	11316024.2	577802.5	33.900000000000006	34.16930703937697
-1.9097947520443712	-0.9999990476645011	0.09265330500569886	0.148110782911364	11316024.2	47888.5	33.67	33.81910200693747
-1.9097947520443712	-0.9999988579952451	0.3466503747890698	0.148110782911364	11316024.2	409606.0	33.845	34.24276917923296
-1.9097947520443712	-0.999998832380229	0.3912275172794998	0.148110782911364	11316024.2	547332.5	34.790000000000006	35.0920889377868
-1.3158244883235095	-0.9999990124903213	0.1505539528354727	0.2682530605213616	13514833.0	625325.0	32.3	33.677497735471704
-1.0995450358305694	-0.9999990554738285	0.03385753992868288	0.33302256257031854	13560401.25	365182.0	31.07	31.72897616825838
-1.0995450358305694	-0.9999990395218311	0.21185925660951077	0.33302256257031854	13560401.25	453371.5	31.34	32.37472272670576
-1.0995450358305694	-0.9999991186042528	0.0874714931881776	0.33302256257031854	13560401.25	155138.5	32.629999999999995	33.050855828407364
-2.0513937151331287	-0.999998731498719	0.11853681438344289	0.12855560877648045	10328026.8	489487.0	34.7	35.02119138037905
-2.0513937151331287	-0.9999989456720724	0.05115257105396088	0.12855560877648045	10328026.8	53589.5	35.45	35.455445993270615
-2.0513937151331287	-0.9999988469927547	0.26571023400838334	0.12855560877648045	10328026.8	148491.5	35.19	35.32057301024257
-2.0513937151331287	-0.9999987285122857	0.12746521994997087	0.12855560877648045	10328026.8	504820.0	35.56	35.77239182631199
-1.7297644031739854	-0.9999988909657098	0.08152331994935463	0.17732618253471727	11298970.5	276770.0	31.41	31.939474553648125
-1.7297644031739854	-0.9999989031114568	0.1298958997246734	0.17732618253471727	11298970.5	241278.5	31.900000000000002	32.32667519345433
-1.7297644031739854	-0.9999990165885435	0.052791147163268444	0.17732618253471727	11298970.5	66938.0	32.61	32.830595556212046
-0.7955888774562768	-0.9999991382273147	0.040334306867373	0.45131538719721725	14145478.666666666	196847.0	30.25	30.703172338376046
-0.7955888774562768	-0.9999991229889715	0.09027142588696287	0.45131538719721725	14145478.666666666	244198.5	31.215000000000003	31.453820318833767
-0.7955888774562768	-0.9999991027865084	0.04779525565662923	0.45131538719721725	14145478.666666666	324977.5	31.785000000000004	31.928232213771924
