-1.497142134022679	-0.9999995413022765	0.0012697121783300674	0.2237687483066841	21944108.666666668	23521.5	34.05	34.64342199785009
-1.497142134022679	-0.9999994279935539	0.05706419086910373	0.2237687483066841	21944108.666666668	282707.5	34.49	34.646809599706565
-1.6324677358634165	-0.9999994215871242	0.02008596567873592	0.19544666777785424	20327638.57142857	127741.0	34.550000000000004	34.85769611153204
-1.6324677358634165	-0.9999994075223586	0.055461710950767525	0.19544666777785424	20327638.57142857	170019.0	34.80500000000001	34.81482463408753
-2.38758290655623	-0.9999988026831317	0.0158933568540089	0.09185142926736453	9767186.8	119899.5	31.3	31.47190813405145
-2.38758290655623	-0.9999989316391269	0.05275226513032639	0.09185142926736453	9767186.8	34025.0	31.355	31.40839704675964
-2.38758290655623	-0.999998793943056	0.16147015625390276	0.09185142926736453	9767186.8	130584.5	31.375	31.410736102040033
-2.38758290655623	-0.9999989077343954	0.05607886052651634	0.09185142926736453	9767186.8	42973.5	31.435000000000002	31.443302861601644
-2.38758290655623	-0.9999987294057658	0.1623218672153613	0.09185142926736453	9767186.8	245273.0	31.400000000000002	31.478766544153206
-0.2993550573731355	-0.9999996052939505	0.007336335581874304	0.7412961600361582	28593191.5	79689.5	35.800000000000004	35.8451493228559
-2.224730973216446	-0.9999989217431512	0.2755479819636758	0.1080964955759341	12560798.3	762048.5	32.1	32.78583369682383
-1.110861240415997	-0.9999994431671033	0.17223852919043306	0.32927525376609396	25484748.5	1455333.5	35.39	35.796981787817565
-2.351467783165974	-0.9999989810175387	0.02953486435227684	0.09522928364551457	11044083.3	77166.0	31.86	31.938108565531135
-2.176013089726544	-0.9999990181178849	0.08693143333653246	0.11349311669865457	12680815.3	255521.5	31.720000000000002	32.26227047635604
