-1.6371129165726002	-0.9999940615017759	1.66223045264219	0.19454088807094888	2364660.5	1254856.0	17.32	18.585107705099475
-1.25496897358368	-0.999995281460502	0.016479879928394798	0.28508469324361735	1854884.2	6324.5	18.3	18.32895753265281
-1.25496897358368	-0.9999947199120757	0.07321793733256973	0.28508469324361735	1854884.2	17924.0	18.305	18.345964960760472
-1.873995084914401	-0.9999968574554821	0.23491839310874266	0.1535091530235954	4011709.5	298633.5	18.52	19.15230069461769
-1.873995084914401	-0.9999969640559438	0.16311607531935804	0.1535091530235954	4011709.5	194720.5	19.134999999999998	19.15487187744675
-1.873995084914401	-0.9999969577616408	0.37861588120144657	0.1535091530235954	4011709.5	199700.0	19.270000000000003	19.337439270595898
-1.873995084914401	-0.9999965879490564	1.8045628663891566	0.1535091530235954	4011709.5	880421.5	19.37	19.71273279745977
-1.9363760755598571	-0.9999975201919872	0.06648838998239989	0.14422566679400226	5045048.6	271237.0	19.5	20.16759388706551
-1.9363760755598571	-0.9999973698260033	0.46627108960082997	0.14422566679400226	5045048.6	579171.5	20.375	20.615641277301286
-0.2738485151482673	-0.9999943067095166	0.10236964564770241	0.7604472627769322	1890440.5	47231.0	18.81	18.914703782536435
-0.2738485151482673	-0.9999942727885441	0.163446730270215	0.7604472627769322	1890440.5	50359.0	18.905	18.987708082217853
-2.2139516508918824	-0.9999980724512475	0.07180773801324779	0.10926800524055329	6680969.3	391559.0	17.400000000000002	17.44295351798825
-2.2139516508918824	-0.9999981046767016	0.10687582855006697	0.10926800524055329	6680969.3	315714.5	17.825000000000003	17.851614527712012
-2.24803371449885	-0.9999981728876755	0.05639686037787552	0.10560667341394993	6244866.7	90225.0	18.18	18.26147217982517
-2.0936997277089264	-0.9999983418178464	0.01253848126799432	0.12323037256467849	6328946.8	36117.0	19.79	20.08211468874387
-2.3104330539893296	-0.9999980611007931	0.018534242771860616	0.0992182753848455	5204084.5	24104.5	18.23	18.48226452264863
-2.1377054952277397	-0.9999982244252256	0.05230741909491804	0.11792511256938047	6478210.3	98966.5	19.63	19.90915607383896
