-1.0156675176532992	-0.9999970035833587	0.07471693911555337	0.36216060053462085	3788871.75	85223.0	13.280000000000001	13.509017453246761
-1.3633235009078286	-0.9999971345860822	1.2253982354066495	0.25580918055292207	5182954.0	2817352.5	14.39	15.202643181647636
-1.9005492466656604	-0.9999994633574928	0.0053851790971670335	0.1494864917134345	20288637.5	53515.5	16.38	16.521868288423782
-1.9005492466656604	-0.9999993220147796	0.16941851022481377	0.1494864917134345	20288637.5	941656.0	16.86	17.018787280616475
-1.9005492466656604	-0.9999993358881062	0.5198950906982613	0.1494864917134345	20288637.5	710642.0	16.985	17.352718815955647
-0.2600291415410807	-0.9999970790353758	0.1003312743710963	0.7710291164994999	4069573.0	145375.0	13.715	13.924674272426698
-0.2600291415410807	-0.99999726828088	0.11545719677474696	0.7710291164994999	4069573.0	67300.0	14.030000000000001	14.086990277380613
-2.096572965605665	-0.9999995334354413	0.043133203487736325	0.12287681056529993	28091573.8	492146.0	16.89	17.136448016833064
-2.096572965605665	-0.9999995658056214	0.06337219770164093	0.12287681056529993	28091573.8	198233.0	17.475	17.651938945805465
-2.1366148294560645	-0.9999995221096455	0.025433111426239087	0.11805379961780363	27626108.3	541581.5	17.22	17.272177918612826
-2.1366148294560645	-0.9999995850736635	0.0393488422355107	0.11805379961780363	27626108.3	95110.0	17.055	17.086219745702543
-2.1366148294560645	-0.9999994883481559	0.44139273361949777	0.11805379961780363	27626108.3	1376354.0	17.175	17.65492283163005
-1.4869835761909809	-0.9999981645617486	1.176008965603867	0.2260535013269911	8542992.57142857	6453513.0	15.955000000000002	16.735597516552673
-1.2127906570987985	-0.9999972973883804	0.08281739606715334	0.29736627314131003	4235556.2	93625.0	13.52	13.647279941287097
-1.2127906570987985	-0.9999971699136965	0.2624056711639607	0.29736627314131003	4235556.2	160650.0	13.74	13.785987739271864
-1.2127906570987985	-0.9999971344345081	0.3200755426283362	0.29736627314131003	4235556.2	186700.0	13.780000000000001	13.847391605166052
-1.2127906570987985	-0.9999970351350488	0.2320760175109574	0.29736627314131003	4235556.2	284318.0	13.93	14.048189260085884
-2.0527329965989733	-0.9999996422051011	0.0010254717886339299	0.12838355187434358	26814728.8	14678.0	16.555	16.558280247937564
-2.0527329965989733	-0.9999994907744146	0.16024591359431503	0.12838355187434358	26814728.8	851491.5	16.435000000000002	16.879377307808728
-2.0527329965989733	-0.9999994889041837	0.39854263113969307	0.12838355187434358	26814728.8	895282.5	16.435000000000002	17.213078054907275
-2.0527329965989733	-0.999999485312727	0.13396685704069294	0.12838355187434358	26814728.8	985790.0	17.545	17.55109150782294
-2.174415755616147	-0.999999531866099	0.07030781708163412	0.11367454798987123	28467345.7	613250.0	16.905	17.12481534090909
-2.174415755616147	-0.9999996498160691	0.00396001697971588	0.11367454798987123	28467345.7	21349.0	17.200000000000003	17.280065360072925
-2.174415755616147	-0.9999995539173759	0.12561937624482528	0.11367454798987123	28467345.7	327350.0	17.490000000000002	17.68332116608297
-2.174415755616147	-0.9999995689912055	0.05952332078761486	0.11367454798987123	28467345.7	213133.0	17.69	17.946982067270127
-2.2435578946770325	-0.9999994394020156	0.11173599134074429	0.1060804092433794	23942269.2	674675.0	16.700000000000003	16.85880313415305
-1.8395296461088546	-0.9999991992064824	0.21278648235042424	0.15889214407183702	18107614.4	1983671.0	16.325	16.672479606425103
-2.273222825687662	-0.9999994424379324	0.022325168847970204	0.10297975889078617	22606460.3	297896.5	15.379999999999999	15.411794689442567
-2.273222825687662	-0.999999466746909	0.08103979023065917	0.10297975889078617	22606460.3	171950.0	15.635000000000002	15.794847866873317
-2.273222825687662	-0.9999995279021692	0.013343913629161043	0.10297975889078617	22606460.3	43150.0	15.77	15.851696972627913
-0.7359827791952719	-0.9999976470114194	0.010354215939717287	0.47903444247631305	4010880.3333333335	12550.0	13.77	13.821664634972233
