-2.2507032903556614	-0.9999991679378566	0.006058467432820918	0.10532512436376738	12975395.8	48840.5	40.96	41.297004582338836
-2.341376252006342	-0.9999990435289396	0.05695036775278735	0.09619515830890155	13661304.5	472900.5	40.32	41.10092712787441
-2.341376252006342	-0.9999990772734199	0.2516390127777226	0.09619515830890155	13661304.5	298237.5	42.78	43.28032448187572
-2.341376252006342	-0.9999990572470435	0.3736067329243729	0.09619515830890155	13661304.5	392084.5	43.235	44.00668073522019
-2.1406635380116685	-0.999999008053839	0.08757685164964643	0.11757680045614519	12824267.0	334696.5	44.0	44.12548009491848
-0.7990045733467066	-0.9999985061152644	0.11530640635309268	0.4497764608323283	7955670.333333333	145052.0	32.35	33.13664436677898
-0.7990045733467066	-0.9999984577341763	0.20353295717462733	0.4497764608323283	7955670.333333333	213150.5	33.175	33.648738676610435
-0.7990045733467066	-0.9999983881304122	0.14530007797286232	0.4497764608323283	7955670.333333333	370830.5	33.715	34.05322782846169
-0.7990045733467066	-0.9999986201880631	0.05506220929302761	0.4497764608323283	7955670.333333333	58531.0	34.09	34.38098096610804
-0.7990045733467066	-0.9999982409470793	0.6946405127270833	0.4497764608323283	7955670.333333333	1195941.5	34.56	35.569986305287465
-0.7990045733467066	-0.999998419762693	0.3286295523632187	0.4497764608323283	7955670.333333333	288325.0	35.69	35.76032562397994
-2.1984113877116433	-0.9999990278782467	0.0730709387008226	0.11097932151172056	12834608.2	262183.0	43.300000000000004	43.783433035385194
-1.4925593490161961	-0.9999987615390957	0.04246329364452225	0.2247965857514797	9547895.333333334	136583.0	34.5	34.5519334699753
-1.4925593490161961	-0.9999987515863338	0.12878254810514625	0.2247965857514797	9547895.333333334	150199.0	35.6	35.684619982301
-2.382963026551592	-0.9999990938541213	0.06232160592926059	0.09227675356596073	13553478.0	215652.5	42.9	43.186091930491806
-2.382963026551592	-0.9999990050696079	0.3863322351226366	0.09227675356596073	13553478.0	718388.5	43.769999999999996	43.93935057876053
-2.382963026551592	-0.999999040651285	0.30568691732362097	0.09227675356596073	13553478.0	443525.0	44.765	44.96534319190726
-2.382963026551592	-0.9999991421749425	0.09892159147311211	0.09227675356596073	13553478.0	112028.0	45.245000000000005	45.397611926443595
-2.382963026551592	-0.9999990214061817	0.5188725797472203	0.09227675356596073	13553478.0	575703.5	45.84	46.276417599907646
-2.382963026551592	-0.9999991737381769	0.05590341895225101	0.09227675356596073	13553478.0	73036.0	46.115	46.19017774281614
-2.382963026551592	-0.9999990242985596	0.2797064870942108	0.09227675356596073	13553478.0	553571.5	46.6	47.09725154261069
-2.4960941559247782	-0.9999992978384546	0.0011076452510183016	0.08240623677411094	12863719.5	8369.0	47.0	47.101522861554585
-2.4960941559247782	-0.9999990648397055	0.16173714862568284	0.08240623677411094	12863719.5	167650.0	47.875	47.99096501629182
-1.8434543710877715	-0.9999990013957845	0.02094021236043488	0.1582697582505423	11146820.888888888	68271.5	38.7	38.76226568303386
-1.8434543710877715	-0.9999988184673158	0.14628841277487428	0.1582697582505423	11146820.888888888	524568.5	39.135000000000005	39.26970846397251
-1.8434543710877715	-0.9999988534722718	0.16018724090458755	0.1582697582505423	11146820.888888888	355093.5	40.215	40.39492794405497
-1.8434543710877715	-0.9999988057688571	0.5651537228791336	0.1582697582505423	11146820.888888888	604332.0	40.94	41.72152704235859
-2.4232314081980313	-0.9999991055636536	0.04260705985665512	0.08863473917579649	13318803.3	149166.0	46.1	46.53452434720687
-2.2970349500595644	-0.9999990852689571	0.012852079347949654	0.10055655735118729	12991588.7	144900.5	40.44	41.17253344123725
-2.2970349500595644	-0.9999991217764925	0.08696659364076735	0.10055655735118729	12991588.7	90175.0	40.785	40.987939536612565
-2.2970349500595644	-0.9999990311674088	0.1400185133420755	0.10055655735118729	12991588.7	292632.0	40.92	41.452461282071155
-2.2970349500595644	-0.9999990035759946	0.23868139644217298	0.10055655735118729	12991588.7	418791.5	41.875	41.94251703589214
-1.930378095008966	-0.9999989049515081	0.09871632329298952	0.1450933290478002	11591081.8	325394.5	40.730000000000004	41.26537606886956
-1.930378095008966	-0.9999989294291141	0.1496619848150021	0.1450933290478002	11591081.8	245014.0	42.185	42.67539045259774
-1.930378095008966	-0.9999990318068467	0.0336252514031185	0.1450933290478002	11591081.8	74786.5	42.525000000000006	42.82884218170737
-1.930378095008966	-0.9999989041885238	0.2896813403778913	0.1450933290478002	11591081.8	328285.0	43.275000000000006	44.3079372999384
-2.4604007420052825	-0.999999121217368	0.020101732910869814	0.08540072045300998	13147903.2	104207.5	45.57	46.3960574569138
-2.4604007420052825	-0.9999990955809114	0.10055774061252135	0.08540072045300998	13147903.2	145977.5	46.730000000000004	47.20335475865998
-2.4604007420052825	-0.9999989574998748	0.17398545134149	0.08540072045300998	13147903.2	896891.0	46.68	47.01084606174311
-1.1059590282145926	-0.9999986269374946	0.12867285883836457	0.3308933939253913	9114953.75	272501.0	35.78	35.93106639549896
