-2.145101839191991	-0.999998780696584	0.0042784907893216335	0.11705611553687441	8410444.4	28420.0	13.635000000000002	13.70531412104853
-2.145101839191991	-0.9999987080675168	0.06553012683428026	0.11705611553687441	8410444.4	52350.0	13.780000000000001	13.814564910155461
-2.145101839191991	-0.9999987464055172	0.07093489425891451	0.11705611553687441	8410444.4	37921.0	13.86	14.121272567554387
-2.145101839191991	-0.9999986534121308	0.1062720371862395	0.11705611553687441	8410444.4	82900.0	13.995000000000001	14.19487581846918
-2.145101839191991	-0.9999985570732094	0.1801609192691575	0.11705611553687441	8410444.4	186400.0	14.18	14.853374062457384
-2.0699849645781634	-0.9999982343021512	0.01022357198754572	0.12618767897575955	5990153.9	39213.5	15.045	15.068363277488778
-2.0699849645781634	-0.9999975620066806	3.441755806709698	0.12618767897575955	5990153.9	2199971.0	15.07	15.72048341442164
-1.8961651611633656	-0.9999967888299162	0.025283861249163122	0.15014329195677067	3201128.9	29124.5	12.08	12.235034435924677
-2.211226651730827	-0.9999987868476388	0.1382565104183636	0.10956616652328388	10897783.5	551650.5	14.875	15.027120838616232
-2.1099475694140577	-0.9999980779301737	0.46830749017674006	0.12124432317764271	7362603.3	1399236.0	14.605	14.959550635493294
-2.1099475694140577	-0.9999983631344214	0.19019508283598446	0.12124432317764271	7362603.3	171371.0	15.18	15.336470149184816
-1.7167288189685628	-0.9999965570823967	0.027235070232195426	0.1796528648033111	2936915.5	24625.0	12.335	12.35694382022472
-1.7167288189685628	-0.9999959489184017	0.11375209174554278	0.1796528648033111	2936915.5	146925.0	12.315000000000001	12.321364646144081
-1.7167288189685628	-0.9999962065127899	0.33622091591551323	0.1796528648033111	2936915.5	68950.0	12.305	12.35154020899591
-0.9942171917008675	-0.9999962220705997	0.04887394432280263	0.37001298043559594	2739544.75	31250.0	11.5	11.504383902522738
-0.9942171917008675	-0.9999960124191009	0.03892681233243498	0.37001298043559594	2739544.75	55500.0	11.545	11.635102107450281
-1.6412971403071395	-0.999995868582985	0.24353291368528016	0.19372858608150595	2985317.222222222	227200.0	11.965	12.154791530090469
-1.6412971403071395	-0.9999961101106792	0.3473995912021104	0.19372858608150595	2985317.222222222	110475.0	12.190000000000001	12.236840576471902
-1.6412971403071395	-0.9999957783792857	0.29769163167268453	0.19372858608150595	2985317.222222222	297412.0	12.254999999999999	12.272071412707412
-1.6412971403071395	-0.9999962138583528	0.3984682910574746	0.19372858608150595	2985317.222222222	81050.0	12.27	12.276781142678738
-1.6412971403071395	-0.9999960288347384	0.5670697984102636	0.19372858608150595	2985317.222222222	140812.0	12.305	12.333804525228263
-1.6412971403071395	-0.9999959335379901	0.5774839134811337	0.19372858608150595	2985317.222222222	187151.5	12.34	12.3773506967708
-1.457364206192389	-0.9999958648072408	0.03160493827160494	0.23284920909403625	2340980.714285714	16000.0	11.39	11.448093274111676
-2.26861559952862	-0.999998867567118	0.11516564597876242	0.10345530456184547	12246153.1	1053834.0	14.55	14.683519857324669
-2.26861559952862	-0.9999989467275366	0.35695166118384486	0.10345530456184547	12246153.1	399725.5	14.555	14.646637045486258
-2.26861559952862	-0.999998930062226	0.44353010607899296	0.10345530456184547	12246153.1	490225.0	14.775	14.939632718118215
-2.26861559952862	-0.9999989873364988	0.17072726232057747	0.10345530456184547	12246153.1	243100.0	14.925	15.002316394658754
-1.7827978276066465	-0.999996328540415	0.1567029138555263	0.16816698622566792	3287211.2	174356.5	12.25	12.820718829017684
-0.7161362885179039	-0.9999966637873478	0.014962782925717759	0.48863656410765277	2756217.6666666665	9850.0	11.25	11.294354804421769
-0.7161362885179039	-0.9999969929691447	0.00999748490945674	0.48863656410765277	2756217.6666666665	3975.0	11.305	11.326290395310386
-0.7161362885179039	-0.999995901620898	0.4732510288065844	0.48863656410765277	2756217.6666666665	80500.0	11.715	11.743979338842975
-0.24819704263081335	-0.9999949165880923	0.19428381522100366	0.7802061942498834	2339451.5	146150.0	11.370000000000001	11.455707395498392
-1.5554579634111287	-0.9999953233045186	0.5778785361841746	0.2110926877739483	2804328.25	496325.5	11.44	12.216478654601051
