-2.1128579428825303	-0.9999966543731863	0.09281373189018532	0.12089196990478264	3708281.1	244390.0	24.96	24.962622539719582
-2.1128579428825303	-0.9999969262336528	0.2740748663233086	0.12089196990478264	3708281.1	89177.0	24.990000000000002	25.08977391536319
-2.1128579428825303	-0.999996968818386	0.26413824680189807	0.12089196990478264	3708281.1	76150.0	25.07	25.075663797009515
-2.1128579428825303	-0.9999969464042578	0.2369652638991224	0.12089196990478264	3708281.1	82750.0	25.09	25.117449451184285
-2.1128579428825303	-0.9999966809342277	0.29684954735892694	0.12089196990478264	3708281.1	221466.0	25.12	25.127460570836064
-0.7803752777435099	-0.9999949735903448	0.08818265483299555	0.45823401400708713	2301493.0	105687.0	24.67	24.73483004361864
-0.7803752777435099	-0.999994501101744	0.28426044794522537	0.45823401400708713	2301493.0	313537.0	24.835	24.871434291517573
-1.4533646009972692	-0.9999976180536596	0.021232510733533265	0.2337823789118535	4845329.0	102878.5	26.0	26.20078433766811
-1.0775915479187121	-0.9999973658312833	0.0765507815269413	0.3404144109226122	4201045.75	63975.0	24.96	24.988984150872408
-1.0775915479187121	-0.9999972326651226	0.3078626159947634	0.3404144109226122	4201045.75	111937.0	25.095	25.221222311446944
-1.0775915479187121	-0.999996978369426	0.43792464027604433	0.3404144109226122	4201045.75	325789.0	25.71	25.73472020977947
-1.0775915479187121	-0.9999969666780373	0.752963698475655	0.3404144109226122	4201045.75	342190.0	25.79	25.81482905768781
-1.0775915479187121	-0.9999968668204439	0.3777478999280307	0.3404144109226122	4201045.75	520543.5	25.97	26.376412971119684
-2.0607405557000846	-0.9999974092754851	0.10115027963322931	0.127359618071619	4389366.1	86823.0	24.51	24.833828935157445
-1.694360068513419	-0.9999974786034667	0.12569263966588234	0.18371675755637693	4587920.75	105657.5	25.37	25.569653225176335
-1.694360068513419	-0.9999975034250548	0.0950334597707898	0.18371675755637693	4587920.75	94285.0	25.71	25.821907370964883
-1.694360068513419	-0.9999977413461157	0.08630198058273605	0.18371675755637693	4587920.75	31650.0	25.905	25.912462836480515
-2.003716365759887	-0.9999980789465285	0.006095175801801839	0.1348332612503488	4438578.9	5047.0	24.96	25.022500904795663
