-2.0398801688598533	-0.9999984025790271	0.15132086283983193	0.13004429330071338	8112097.1	424400.0	12.96	13.071803471086136
-2.0398801688598533	-0.9999987577216161	0.028695470166838842	0.13004429330071338	8112097.1	23800.0	13.094999999999999	13.150713531669865
-2.0398801688598533	-0.9999983806631262	0.11239894809689809	0.13004429330071338	8112097.1	506974.5	13.145	13.199852213808816
-2.1493807091850785	-0.9999986628511117	0.02005316354858309	0.11655631768416858	8416492.0	77195.0	12.475000000000001	12.61720121876312
-2.1493807091850785	-0.9999986852155929	0.10518105944876244	0.11655631768416858	8416492.0	63950.0	12.475000000000001	12.540668421052631
-1.5591302561598746	-0.9999976151152182	0.08189619975625934	0.21031891525649926	4823262.625	99004.0	11.665	11.801599824526168
-2.238874701176885	-0.9999980060188589	0.033529790168184026	0.10657836943829763	5670636.8	81400.0	12.58	12.605650347972162
-1.8455540129729877	-0.9999983423597172	0.07621386319561693	0.15793779705872193	7232185.0	160870.5	13.190000000000001	13.307275132581184
-1.8455540129729877	-0.9999982265878712	0.07111077492930885	0.15793779705872193	7232185.0	371625.5	13.415	13.44904911624496
-2.265130104605936	-0.9999974148898916	0.06482586160373154	0.10381652665380696	4572571.7	136025.0	11.85	12.108185080518549
-2.265130104605936	-0.9999982582764708	0.0031140810839558426	0.10381652665380696	4572571.7	2875.0	12.105	12.112808716707022
-0.7146866254334076	-0.9999976289362653	0.01670246533030969	0.48934543618507326	4438269.0	37175.0	11.315000000000001	11.336021937842778
-0.7146866254334076	-0.9999976289362653	0.03828593007089033	0.48934543618507326	4438269.0	37175.0	11.315000000000001	11.336021937842778
-0.7146866254334076	-0.9999970226014272	0.6618070792621614	0.48934543618507326	4438269.0	548254.0	11.335	11.421816105279865
-0.7146866254334076	-0.9999970703802137	0.27993037090213174	0.48934543618507326	4438269.0	443493.5	11.495000000000001	11.601230130717193
-1.7179761323701201	-0.9999977330617144	0.13749234162205565	0.17942892107045752	5267445.4	153425.0	11.91	11.932002118083135
-1.7179761323701201	-0.9999979629830699	0.07779924050690376	0.17942892107045752	5267445.4	45700.0	12.004999999999999	12.0079603800283
-1.7179761323701201	-0.9999978622230415	0.20475261474622886	0.17942892107045752	5267445.4	77700.0	11.97	11.991324481865284
-1.7179761323701201	-0.9999976845930187	0.2191297997841219	0.17942892107045752	5267445.4	198050.0	12.095	12.176086388749372
-1.7179761323701201	-0.9999973320102555	0.8618998853501766	0.17942892107045752	5267445.4	1268682.5	12.21	12.692331521084176
-1.6441067314425633	-0.9999981280487527	0.005627194207331113	0.19318505187536275	4681857.777777778	6400.0	11.8	11.811719044626022
-1.6441067314425633	-0.9999977882692248	0.05244257910710887	0.19318505187536275	4681857.777777778	31413.0	11.75	11.831472793370054
-1.6441067314425633	-0.9999973802340298	0.1657097852363156	0.19318505187536275	4681857.777777778	212217.5	11.94	11.988905578671522
-1.6441067314425633	-0.9999974029933186	0.21378342335880943	0.19318505187536275	4681857.777777778	190767.5	11.935	12.01778687242584
-1.6441067314425633	-0.9999972046453219	0.23061671059626207	0.19318505187536275	4681857.777777778	482845.0	12.040000000000001	12.079340590150066
-1.7844952795959828	-0.9999979420871735	0.43516897124128584	0.16788177297674003	6575836.8	753510.0	12.950000000000001	13.164780444473779
-1.7844952795959828	-0.9999979557673957	0.2863277520823984	0.16788177297674003	6575836.8	688684.5	13.265	13.660136969295761
-1.7844952795959828	-0.99999791646153	0.6686813119660514	0.16788177297674003	6575836.8	891809.5	13.36	13.84826516029715
-0.24866456447129515	-0.9999969082004936	0.13396595441752257	0.7798415160681422	4201500.0	438096.0	11.22	11.225457778013492
-0.24866456447129515	-0.9999971648915158	0.1694144400227402	0.7798415160681422	4201500.0	149000.0	11.245000000000001	11.30499690785405
-0.9919827118078609	-0.9999978452940452	0.04882265107539862	0.3708406914079033	5206037.5	74419.0	11.545000000000002	11.549155467719467
-0.9919827118078609	-0.9999978759232462	0.11621588619573846	0.3708406914079033	5206037.5	63450.0	11.535	11.60225744105141
-0.9919827118078609	-0.999997478035785	0.3304639817994881	0.3708406914079033	5206037.5	503550.0	11.665	11.996177505955979
-1.1875342327635796	-0.9999978538947113	0.0397600490717001	0.3049723284867421	5546579.8	147788.5	11.86	11.910681873823242
-1.1875342327635796	-0.9999976740673969	0.29192241143793823	0.3049723284867421	5546579.8	400700.0	11.620000000000001	11.965701697127937
-1.1875342327635796	-0.9999976554154679	0.16381403518576448	0.3049723284867421	5546579.8	444374.5	12.105	12.146205105217023
