-1.956752784690993	-0.999998983145965	0.0031793643953335416	0.14131656198062478	9147291.2	10953.0	28.46	28.575074020036325
-1.956752784690993	-0.9999985755479823	0.10210069669171838	0.14131656198062478	9147291.2	455830.0	28.445	28.481646055929296
-2.3492099463699048	-0.9999988882422672	0.02739406101733533	0.09544453874018492	10054655.0	71562.5	28.72	28.87370073870469
-1.3002615021875878	-0.9999981935729918	0.12486108037091903	0.2724605346914592	7307674.6	540786.0	27.03	27.2477846533655
-1.3002615021875878	-0.999998373128256	0.23140581374059777	0.2724605346914592	7307674.6	145603.5	27.725	27.750106507099098
-2.021707631379255	-0.9999989110411047	0.016373791416886743	0.13242913174727095	9412399.0	28273.5	28.32	28.509304620772156
-2.021707631379255	-0.9999986144035621	0.3992895917030626	0.13242913174727095	9412399.0	461291.0	28.384999999999998	28.88540989631858
-2.021707631379255	-0.999998596826267	0.20802334907404593	0.13242913174727095	9412399.0	544285.5	29.15	29.167979306624925
-2.021707631379255	-0.9999986331574542	0.5900354772706186	0.13242913174727095	9412399.0	386646.0	29.17	29.294614881646474
-1.087495611296566	-0.9999981411745605	0.0686744613746824	0.33705956574488194	6727303.0	269649.5	26.79	26.913453726939597
-1.087495611296566	-0.9999985898349544	0.022922372007264	0.33705956574488194	6727303.0	13181.0	27.445	27.449958000365456
-2.273592352187141	-0.9999992409203305	0.0031678894234423312	0.10294171217103451	11970087.4	8832.0	30.25	30.307735215454244
-1.7057172099005322	-0.9999981633569409	0.2314837487641259	0.18164206396013707	7525393.0	1005967.0	27.75	28.043092937076786
-2.312705265800907	-0.9999990553047444	0.009772297681530897	0.09899308638303317	11318177.9	44011.5	28.84	28.848705212716077
-2.312705265800907	-0.9999990300487912	0.05661684416599063	0.09899308638303317	11318177.9	58575.0	28.96	28.974619015509102
-2.4748117944140735	-0.9999986985840639	0.0248095156329972	0.08417883169288164	8374778.3	54125.0	28.2	28.443737369914853
-2.4748117944140735	-0.9999985225936595	0.16746648487691634	0.08417883169288164	8374778.3	236321.0	28.490000000000002	28.781511693044354
-2.4748117944140735	-0.9999985417098052	0.19978289439611166	0.08417883169288164	8374778.3	201360.5	28.865000000000002	28.887040186376094
-2.4748117944140735	-0.9999987672581386	0.06853873534644674	0.08417883169288164	8374778.3	30452.0	28.865000000000002	28.87542344971339
-2.0807282485824574	-0.9999988220017063	0.06228017923541002	0.12483926506872133	9895486.0	115480.5	29.07	29.474630833862975
-2.0807282485824574	-0.9999987808769861	0.14322265652089775	0.12483926506872133	9895486.0	173478.5	29.375	29.49883493747078
-0.7883920090240225	-0.9999983656480157	0.0077163600743523275	0.45457516067076953	6091789.0	21080.0	26.69	26.915540582966155
-0.7883920090240225	-0.9999982417644272	0.08331067484312996	0.45457516067076953	6091789.0	44836.5	26.745	26.790558880251307
-1.7996942431283043	-0.9999983374791602	0.20935471686954396	0.1653494372200019	8668448.111111112	1814780.5	28.17	29.06637405532589
-2.134404674843486	-0.9999989424348134	0.027701774276861015	0.11831500531372045	11154556.9	132808.5	29.3	30.85472843939364
-2.134404674843486	-0.9999988685100895	0.20493458491702563	0.11831500531372045	11154556.9	302932.5	31.185000000000002	31.199672787979964
-2.2307270375809045	-0.999999000725807	0.041608611046704075	0.10745028133806928	11674128.3	116500.0	30.060000000000002	30.51029238836803
