-2.1022476997688813	-0.9999987398891007	0.06237095152503737	0.12218149207024855	10358044.9	466159.5	19.855	19.8692997825737
-2.1022476997688813	-0.9999988097962311	0.3551402574171626	0.12218149207024855	10358044.9	225975.0	19.884999999999998	20.020680715910554
-2.1022476997688813	-0.9999987383241414	0.1621958665956778	0.12218149207024855	10358044.9	473777.5	20.1	20.114947769845394
-1.537343999205321	-0.9999974853890414	0.12350318750436157	0.21495125463124273	4469803.428571428	76100.0	18.81	18.95033758181192
-1.537343999205321	-0.9999975272979957	0.10498087551245616	0.21495125463124273	4469803.428571428	63100.0	19.035	19.071443162701275
-1.537343999205321	-0.9999975790216945	0.13667290521308537	0.21495125463124273	4469803.428571428	50075.0	19.020000000000003	19.05398752127056
-2.3489224999169593	-0.9999973145605774	0.12897516874065743	0.09547197787775116	4318020.0	108637.5	18.71	18.896701348246413
-2.3489224999169593	-0.9999972322156628	0.2407968313140727	0.09547197787775116	4318020.0	155025.0	18.92	19.287188625428563
-2.3489224999169593	-0.9999974305005782	0.16939259699044532	0.09547197787775116	4318020.0	65850.0	19.255000000000003	19.275639135959338
-2.3489224999169593	-0.999997487086274	0.11695939587042055	0.09547197787775116	4318020.0	51575.0	19.240000000000002	19.273060872564237
-1.641518389208071	-0.9999976661374231	1.5505407318688667	0.19368572858601804	6225470.25	2041900.5	19.215000000000003	20.13791483235794
-2.289969407373871	-0.9999977518994357	0.07313818222056588	0.10126955990827893	5016612.1	79050.0	18.645000000000003	18.801434336640323
-2.320424744114217	-0.999997243562057	0.11886283758418675	0.09823185334068714	4481445.1	231612.5	18.82	18.882974464653707
-0.2731459291708698	-0.9999976838339383	0.057379638855809656	0.7609817300929448	4443810.5	29512.5	18.5	18.571492695883133
-0.2731459291708698	-0.9999972519505166	0.22796649691483073	0.7609817300929448	4443810.5	201150.0	18.560000000000002	18.724617775869472
-0.2731459291708698	-0.9999970915633083	0.2015800362272821	0.7609817300929448	4443810.5	410257.0	18.755000000000003	18.771080098017233
-0.2731459291708698	-0.9999975498678901	0.1887840578432237	0.7609817300929448	4443810.5	53525.0	18.705	18.719200361710374
-0.2731459291708698	-0.9999977108431743	0.08629918611801206	0.7609817300929448	4443810.5	26174.5	18.665	18.691331284019927
-0.2731459291708698	-0.9999972249353729	0.23337538341546132	0.7609817300929448	4443810.5	226807.5	18.685000000000002	18.83341212901753
-1.4107134195325324	-0.9999971667758435	0.1481762686176733	0.24396916868221602	4390654.0	252635.5	18.75	18.75490489141943
-1.4107134195325324	-0.9999970839051628	0.8119279938085129	0.24396916868221602	4390654.0	363509.5	18.825000000000003	18.918028289867372
-1.8139742494025237	-0.9999986078505498	0.10061348510893792	0.16300502516743418	9080412.1	309059.0	20.285	20.40166687508113
-1.8139742494025237	-0.9999986789941464	0.06271979583610127	0.16300502516743418	9080412.1	161987.0	20.380000000000003	20.45123103435857
-1.8139742494025237	-0.9999986650507762	0.09441226214504861	0.16300502516743418	9080412.1	183851.5	20.48	20.512740273195252
-1.8139742494025237	-0.9999986260051545	0.23531289833200317	0.16300502516743418	9080412.1	262088.0	20.67	20.761221207028267
-2.00384617197336	-0.9999988715340495	0.018937465132520568	0.13481576019115338	9813797.9	64506.5	19.925	20.091440120996197
-2.00384617197336	-0.9999988175404263	0.05873023495524111	0.13481576019115338	9813797.9	109580.0	20.075000000000003	20.095702283571914
-2.00384617197336	-0.9999989068438213	0.049052211059464314	0.13481576019115338	9813797.9	45615.0	20.05	20.05808213096559
-2.00384617197336	-0.999998896932338	0.09077811697566135	0.13481576019115338	9813797.9	50275.0	20.045	20.105734265734267
-1.2539226289716	-0.9999968329983681	0.10709652799856774	0.2853831461914665	3668302.4	111025.0	18.57	18.58028589015799
-1.2539226289716	-0.9999967410294099	0.2696259811474117	0.2853831461914665	3668302.4	155575.0	18.605	18.644249899879856
