-2.087984044698591	-0.9999963314463511	0.040821798720275686	0.12393673506054827	2843811.1	33950.0	12.61	12.665042967931251
-2.087984044698591	-0.9999963137727472	0.049427759460431625	0.12393673506054827	2843811.1	35700.0	12.665	12.700314498933903
-2.087984044698591	-0.9999963484212396	0.10773687291977917	0.12393673506054827	2843811.1	32350.0	12.635000000000002	12.646656084656085
-1.3627344868535611	-0.9999951312929698	0.121338278707138	0.25595990013909814	2319233.3333333335	80150.0	13.16	13.26559722451677
-1.3627344868535611	-0.9999950861335422	0.1837444012151905	0.25595990013909814	2319233.3333333335	89000.0	13.3	13.366148626817447
-1.3627344868535611	-0.9999961357888916	0.045628283920241756	0.25595990013909814	2319233.3333333335	7800.0	13.305	13.308523489932886
-1.3627344868535611	-0.9999954860817065	0.15195818847420164	0.25595990013909814	2319233.3333333335	35200.0	13.085	13.12272577092511
-0.7334498588672017	-0.9999950303335701	0.14956694100917828	0.48024933651888413	2345985.3333333335	115700.0	13.370000000000001	13.537892459826947
-0.7334498588672017	-0.999994740903622	0.17626580713747111	0.48024933651888413	2345985.3333333335	228150.0	13.535	13.55419255554487
-0.7334498588672017	-0.9999956018008929	0.16774216187464908	0.48024933651888413	2345985.3333333335	30275.0	13.49	13.519207301825457
-0.7334498588672017	-0.9999948120013906	0.5941538461538461	0.48024933651888413	2345985.3333333335	193100.0	13.57	13.602614718614719
-1.8067816876001146	-0.9999956178096725	0.11354303424875156	0.1641816753771033	2614783.7	94700.0	12.74	12.783832302655512
-1.8067816876001146	-0.9999954455046738	0.2611525862190167	0.1641816753771033	2614783.7	148600.0	12.75	12.884702800940774
-2.0086408730876197	-0.9999953728225255	0.3328411050958078	0.13417090609226562	2847068.6	526438.5	12.51	12.917850175184789
-1.9647981268363108	-0.9999952226602357	0.13870167170590295	0.14018418318411896	2602622.2	251100.0	12.4	12.412998823990591
-1.9647981268363108	-0.9999956696636549	0.29942176676017634	0.14018418318411896	2602622.2	78450.0	12.45	12.538665945945946
-1.6678596136831838	-0.9999958016930719	0.03317017934762757	0.18865041859380513	2414218.5555555555	25225.0	12.41	12.475849270756484
-1.6678596136831838	-0.9999953835477964	0.1302284043260327	0.18865041859380513	2414218.5555555555	69224.5	12.49	12.525044911939021
-2.1874442569805495	-0.9999957145349114	0.16273130524742957	0.11220314488811133	2703274.9	107450.0	12.13	12.256028463420058
-2.1874442569805495	-0.9999959497022687	0.08775294323217377	0.11220314488811133	2703274.9	56900.0	12.27	12.378096430807764
-2.1874442569805495	-0.999995635692123	0.1417003552445755	0.11220314488811133	2703274.9	132975.0	12.32	12.350145162667577
-2.1874442569805495	-0.9999960307864145	0.14493884341974478	0.11220314488811133	2703274.9	45700.0	12.32	12.344635157545605
-2.1874442569805495	-0.9999957874587659	0.2806673408833299	0.11220314488811133	2703274.9	88225.0	12.355	12.381918205402107
-1.21252989154175	-0.9999976049889218	0.00037224538415723646	0.2974438261343085	2307067.8	250.0	13.170000000000002	13.255725621583496
-1.21252989154175	-0.9999950185538699	0.21419208809331539	0.2974438261343085	2307067.8	97980.5	13.265	13.28957690128439
