-1.8887704046396077	-0.9999980305644085	0.030557850024899778	0.15125768028151715	5562830.8	57275.0	14.5	14.59076610359571
-1.8887704046396077	-0.999998066489048	0.03970005381939065	0.15125768028151715	5562830.8	46900.0	14.565000000000001	14.586417410714287
-1.9425929756583702	-0.9999982686804165	0.004837636673435861	0.14333181161502292	5212285.1	8300.0	13.81	13.872372524969336
-1.9425929756583702	-0.9999978046001242	0.080827703420143	0.14333181161502292	5212285.1	93250.0	14.05	14.25297382198953
-1.9425929756583702	-0.9999980949914551	0.014648214127558434	0.14333181161502292	5212285.1	20525.0	14.035	14.04421563276939
-1.9425929756583702	-0.9999979668639918	0.08810059734516196	0.14333181161502292	5212285.1	40025.0	13.940000000000001	14.099058235633288
-1.6856649958590473	-0.9999976469454762	0.8619282817686509	0.18532115317112047	6035671.888888889	1472194.0	13.74	14.42676356155717
-2.0756090591468612	-0.9999976788329726	0.10940191727948528	0.12547997948562759	5263192.1	202145.5	13.96	14.411559703752982
-1.8287317982568358	-0.9999979922990462	0.1120484353100703	0.16061713359543292	6109590.8	212400.0	14.485	14.656005616870319
-1.7618903745600276	-0.9999980006878953	0.19068267877974304	0.1717199417982204	6390054.0	353525.0	14.15	14.298592691973798
-1.7618903745600276	-0.9999986484486363	0.0017363605679035052	0.1717199417982204	6390054.0	5632.5	14.285	14.29916595811451
-1.7618903745600276	-0.9999982612088734	0.09943654113038687	0.1717199417982204	6390054.0	66900.0	14.195	14.339663269827204
-1.7618903745600276	-0.9999982802120394	0.057746590612051486	0.1717199417982204	6390054.0	59250.0	14.379999999999999	14.427577200684574
-1.7618903745600276	-0.999998119415801	0.15610888174093437	0.1717199417982204	6390054.0	165550.0	14.525	14.549206111630808
-1.3812168380924201	-0.9999980116664454	0.050724846963341466	0.25127260887317854	5668178.5	78450.0	13.64	13.85440611314684
-1.0342535825534127	-0.9999983156232425	0.040978844268086775	0.3554916270730233	6575781.5	64607.0	14.825	14.851624326404927
-2.214909563631008	-0.9999967164888927	0.1539509076102395	0.10916338614233775	3727421.1	206700.0	13.86	13.997900419287213
-2.214909563631008	-0.9999967167486029	0.18496367994063967	0.10916338614233775	3727421.1	206500.0	14.040000000000001	14.061248619801251
-2.214909563631008	-0.9999968825648591	0.34989206159986497	0.10916338614233775	3727421.1	111300.0	14.08	14.101933823529412
-2.214909563631008	-0.9999970430175414	0.19010296622752468	0.10916338614233775	3727421.1	61200.0	14.1	14.100382308845576
-2.214909563631008	-0.9999965114403262	0.4527064982556223	0.10916338614233775	3727421.1	443888.5	14.120000000000001	14.325033767566037
-2.3000929727910506	-0.999997574329413	0.0026435747093281263	0.10024952281157766	3307631.6	3050.0	14.08	14.159360256652198
-1.9912376285323168	-0.9999982045325458	0.003695853023818081	0.13652635193343773	5147640.1	10325.0	14.030000000000001	14.106120392807039
-1.6017245377476266	-0.9999977270343419	0.08184796457669392	0.20154863987894706	5330127.0	182625.0	13.19	13.317491674623321
-1.6017245377476266	-0.9999980082136646	0.0706740192151296	0.20154863987894706	5330127.0	40800.5	13.585	13.607908682834115
-1.6017245377476266	-0.9999977045292261	0.29953943447929476	0.20154863987894706	5330127.0	205900.0	13.665	13.756664920094314
-1.6017245377476266	-0.9999978442955096	0.15626398782499712	0.20154863987894706	5330127.0	97750.0	13.73	13.737463548830812
-2.034856586544596	-0.999997889637605	0.023793292726113746	0.13069922518751922	5005595.6	38700.0	13.36	13.745939004815408
-2.034856586544596	-0.9999978743633843	0.037694464864472726	0.13069922518751922	5005595.6	41775.0	13.64	13.728790996784566
-2.034856586544596	-0.9999981947990314	0.016454614353791055	0.13069922518751922	5005595.6	8400.0	13.525	13.553428697183099
-2.034856586544596	-0.9999975608154368	0.11124883720852888	0.13069922518751922	5005595.6	200700.0	13.655000000000001	13.731619006102877
