-2.3324092645363637	-0.9999992200526269	0.02175664177658615	0.09706161804917911	15570339.3	187970.425	21.580000000000002	21.585192107212393
-2.299886320126722	-0.9999992945557469	0.01654009531497873	0.10027024178330592	16267570.1	96360.675	22.740000000000002	22.779460065097567
-1.284797305359548	-0.9999993346897259	0.03758714668426668	0.27670666490604834	18818613.8	273816.5	24.42	24.55977540698923
-2.362362455800849	-0.9999992485902638	0.038559352873623186	0.0941974228738762	16306209.1	209533.625	21.450000000000003	21.720660811014046
-2.362362455800849	-0.9999993008714506	0.02584118827308074	0.0941974228738762	16306209.1	89332.9	21.825000000000003	22.078641091902707
-2.362362455800849	-0.9999992691640294	0.037340044124589876	0.0941974228738762	16306209.1	149815.15	22.19	22.55258743040979
-1.6844312569534252	-0.9999993229364189	0.03701853734257447	0.18554993218558902	18515317.625	278185.5625	23.97	24.473664682957494
-2.098661786877235	-0.9999993693928334	0.01602410559969694	0.12262041074952956	18515500.8	117712.325	21.59	21.723255506424618
-2.1875219530899344	-0.9999992976377794	0.022278248307747515	0.11219442747895157	17789999.3	267004.2	21.425	21.518822893230535
-2.1875219530899344	-0.9999993477533354	0.030572898693259746	0.11219442747895157	17789999.3	109475.775	21.9	21.95683282108635
-2.1875219530899344	-0.9999993308210137	0.035313464284881496	0.11219442747895157	17789999.3	147958.475	21.905	21.910483994847002
-1.576311402755674	-0.9999993073490118	0.03429377320482354	0.2067362603317687	17927638.285714287	247110.85714285713	24.04	24.234048242357275
-2.264463390291551	-0.9999993298787432	0.01158714046113643	0.10388576569696245	16661749.0	70641.85	21.88	21.96774105393353
-2.264463390291551	-0.9999993598281717	0.01305814405162011	0.10388576569696245	16661749.0	42888.5	22.275	22.37349475411155
-2.264463390291551	-0.9999993058992573	0.03024138491752796	0.10388576569696245	16661749.0	105337.3	22.465	22.634908954074646
-1.0739136211735503	-0.9999993270627081	0.03682757790949428	0.34166873543186066	18491817.5	253680.1875	23.255000000000003	24.000885818255927
-1.0739136211735503	-0.9999992816652793	0.050413674099617195	0.34166873543186066	18491817.5	587312.8125	24.14	24.192692320026865
-2.2272554291116506	-0.9999993482307528	0.01579939633584089	0.10782395489363165	17747381.5	105576.175	22.22	22.54674034450166
