0.0	-0.9999993280653556	0.06017659376015977	1.0	18847866.0	316326.75	15.27	15.306637495313073
0.0	-0.9999993261768905	0.042109492033928726	1.0	18847866.0	327788.75	15.280000000000001	15.28403575524322
-1.6049980725882058	-0.9999995566058902	0.0668927617581436	0.2008899421075027	30317595.375	688755.59375	15.1	15.634161317353904
-1.6049980725882058	-0.9999995692729633	0.06813365352572182	0.2008899421075027	30317595.375	469116.25	15.88	15.997812230119244
-1.6049980725882058	-0.9999995469043749	0.06980286444402918	0.2008899421075027	30317595.375	924278.53125	16.0	16.20388909220636
-1.9010897947474683	-0.9999995887762786	0.051901048542695755	0.14940570891254365	32545379.5	649157.425	16.01	16.17226354165878
-1.9010897947474683	-0.9999996102285215	0.04474701521036511	0.14940570891254365	32545379.5	322951.55	16.11	16.145114094342986
-1.3817118105032273	-0.9999994954439202	0.03961563814066966	0.25114826663972095	25122677.5	319910.5	14.89	14.959811848580172
-1.8400947816960185	-0.9999995946123353	0.047854635923335935	0.15880237383526813	32764071.5	586629.5	16.080000000000002	16.25689184162755
-0.2641300236018929	-0.9999992891839731	0.06302571179959535	0.7678736914623732	19525772.0	1065794.125	15.280000000000001	15.302797137877315
-0.2641300236018929	-0.999999369897956	0.05504291941957641	0.7678736914623732	19525772.0	220405.5	15.290000000000001	15.326611895057932
-0.2641300236018929	-0.9999993419029494	0.06267194458596262	0.7678736914623732	19525772.0	380731.75	15.315000000000001	15.425965383716429
-2.0520268536418027	-0.9999996033346426	0.05175922465698871	0.12847424103130253	33778472.6	659177.675	16.5	16.635844452547317
-2.0520268536418027	-0.9999995864733964	0.06883128198631351	0.12847424103130253	33778472.6	1165075.2	16.62	16.669531264565833
-2.0520268536418027	-0.9999996237794829	0.06306003688328969	0.12847424103130253	33778472.6	330430.425	16.6	16.663690536547346
-2.0520268536418027	-0.9999996002492825	0.08774544089421711	0.12847424103130253	33778472.6	731583.975	16.665	16.832557166479784
-2.005605868815394	-0.9999996153155102	0.04480573303922003	0.13457873393203162	34511551.5	583066.7	16.06	16.30829305302782
-2.005605868815394	-0.999999620388989	0.05742299194711016	0.13457873393203162	34511551.5	489413.45	16.384999999999998	16.591805652061268
-1.0277060662485007	-0.9999994266623422	0.05777124473041935	0.3578268509130525	22520758.75	405143.5	15.540000000000001	15.785217910338936
-2.2996215980681134	-0.9999996386633314	0.03477944340485967	0.10029678904179543	36166768.6	473722.775	15.870000000000001	16.058134733302907
-2.2996215980681134	nan	nan	0.10029678904179543	36166768.6	nan	16.045	16.121976200197782
-1.5040679681904674	-0.9999994644616816	0.0409464810949264	0.22222431747339022	23543195.0	299024.1785714286	14.86	14.941338385286807
-1.5040679681904674	-0.9999994646430085	0.05328951560176057	0.22222431747339022	23543195.0	297750.35714285716	14.93	14.965878181429641
-1.5040679681904674	-0.9999994710312567	0.05046765218122061	0.22222431747339022	23543195.0	256173.5357142857	14.93	15.006429390821543
-0.7428582876148795	-0.9999993423278553	0.046550495158769814	0.47575213383440296	18703790.333333332	219906.41666666666	15.27	15.367796988402093
-0.7428582876148795	-0.9999992954229343	0.10498618998354686	0.47575213383440296	18703790.333333332	528744.0833333334	15.325	15.494083549526536
-2.13508671569233	-0.9999996275632702	0.05891927871592368	0.1182343371596805	36607009.4	833837.375	16.96	17.375877552267806
-2.2400994015468694	-0.999999631903629	0.03795449379321468	0.10644792276516322	36023440.8	573834.375	16.3	16.35891363354928
-2.2400994015468694	-0.9999996463594166	0.0424376722818908	0.10644792276516322	36023440.8	340901.1	16.245	16.352045854479083
-2.2400994015468694	-0.9999996584972484	0.03890581610784401	0.10644792276516322	36023440.8	220157.75	16.425	16.49975898762791
-2.2400994015468694	-0.9999996449969	0.04795530876158694	0.10644792276516322	36023440.8	358050.875	16.55	16.573136854715347
-1.9556510711309096	-0.9999995707635004	0.05007730354287249	0.14147233814782464	33041794.8	1443734.4	15.790000000000001	15.847081172977934
-1.9556510711309096	-0.999999616583035	0.05901578944679578	0.14147233814782464	33041794.8	317674.175	15.93	15.960026129649085
-1.9556510711309096	-0.999999594481415	0.08152773403928193	0.14147233814782464	33041794.8	659383.35	15.940000000000001	16.035015324571653
