-2.1956504494337636	-0.9999996652811816	0.0020651868638602317	0.11128615194356911	30605179.9	28116.0	23.285	23.371335153704013
-2.1956504494337636	-0.9999996085780571	0.026034137679873635	0.11128615194356911	30605179.9	159457.5	23.515	23.67793354825251
-1.6897724353781831	-0.9999996569362923	0.015449716955282201	0.18456151888677944	35787172.375	214759.78125	25.18	25.381597899550457
-1.6897724353781831	-0.999999651294243	0.014087180395183746	0.18456151888677944	35787172.375	262810.6875	25.270000000000003	25.3007706441326
-1.6897724353781831	-0.9999996535248453	0.036607096048334384	0.18456151888677944	35787172.375	242646.75	25.15	25.335417116589937
-1.6897724353781831	-0.9999996489002704	0.04507298963774993	0.18456151888677944	35787172.375	286319.34375	25.275	25.325993492237185
-1.2887904923922224	-0.9999997196024836	0.006438853326106398	0.27560392662530536	41264487.0	105921.15	23.78	24.16370307339196
-1.2887904923922224	-0.9999996857893788	-0.0429560443338897	0.27560392662530536	41264487.0	-427512.05	24.225	24.322163642829388
-2.0546078349362786	-0.9999996516949583	-0.008260460175521508	0.12814307896376503	33513481.9	-117348.825	22.785	23.02879275141456
-2.0546078349362786	-0.9999996245225341	0.028373125411402307	0.12814307896376503	33513481.9	291721.2	23.130000000000003	23.13991313444195
-2.1524630805403167	-0.9999996821065594	0.0016162679018862942	0.1161976009623552	31519655.9	22468.0	23.05	23.435353948041296
-2.1058171988608567	-0.9999997019247023	0.000999622464320678	0.1217461427969092	32004684.9	13901.25	23.05	23.40666165244384
-2.1058171988608567	-0.9999996130159117	0.0355121835215514	0.1217461427969092	32004684.9	239258.45	23.4	23.451160810768016
-1.449758023030446	-0.9999996961329161	0.011994153866568354	0.2346270555691919	39950351.833333336	187136.125	24.55	24.761657320394654
-1.449758023030446	-0.9999996975543056	-0.017323358599081306	0.2346270555691919	39950351.833333336	-176805.625	24.82	25.127339439556017
-1.449758023030446	-0.9999996680637672	0.04025037027101004	0.2346270555691919	39950351.833333336	574334.6666666666	25.195	25.201813161220144
-2.236341640817943	-0.999999666627536	0.0014540487559347535	0.10684868109437722	29613458.4	19385.1	23.52	23.621865210958052
-0.7819996357916164	-0.9999997153548784	0.013892134772837062	0.457490282105499	43694497.0	252059.75	24.03	24.368435613268012
-0.7819996357916164	-0.9999997248613336	-0.0064813357863668	0.457490282105499	43694497.0	-166381.66666666666	24.305	24.310232785458734
-2.3089013417817172	-0.9999996652569032	-0.004522941951046286	0.0993703656780146	33229216.7	-67726.725	22.15	22.460714883072214
