-2.2327082651727497	-0.9999997039743102	0.0010523257999865763	0.10723760862202367	31993556.3	12975.75	27.255000000000003	27.659170826136105
-2.2327082651727497	-0.9999996926662318	0.0026011466198063242	0.10723760862202367	31993556.3	18632.2	27.835	27.989171830073836
-2.4686678703831713	-0.999999651030037	0.007182037774612678	0.08469761208156056	32836246.9	94736.375	25.675	25.843383855168128
-1.7139029028115143	-0.9999996785230513	0.024747191571629596	0.18016126674892197	40125250.5	400048.3125	28.509999999999998	28.907966875318586
-1.7139029028115143	-0.9999996919481677	0.017473121461311115	0.18016126674892197	40125250.5	233433.53125	28.945	29.239866952699668
-1.7139029028115143	-0.9999997089550285	0.01647363657864169	0.18016126674892197	40125250.5	117976.875	29.244999999999997	29.50149005621914
-2.4113202111377805	-0.9999996821230771	0.004336538311490457	0.08969679765769484	34513441.6	58163.275	26.150000000000002	26.606177317871992
-1.9647673049853176	-0.9999996288120863	0.018419918190771822	0.14018850398671187	35770727.8	584002.25	28.6	28.62008896615073
-1.9647673049853176	-0.999999661126264	0.029800516524691973	0.14018850398671187	35770727.8	183827.8	28.400000000000002	28.4852820740335
-1.9647673049853176	-0.9999996718953562	0.017647588212628545	0.14018850398671187	35770727.8	125058.125	28.494999999999997	28.557100138289115
-1.3073117453376584	-0.9999997228881683	0.021193456424045312	0.2705463772395592	46584147.4	403937.7	28.64	29.017977212165484
-1.3073117453376584	-0.9999997453096395	0.012224792281716043	0.2705463772395592	46584147.4	142134.1	28.87	28.952523469814565
-1.0936637283482422	-0.9999997469359988	0.01922940375147154	0.3349869415554761	50911495.0	393904.625	28.37	28.399398213599
-1.8086359936121859	-0.9999996763345111	0.021967945209656177	0.1638775144002971	39523287.777777776	359446.80555555556	29.68	30.075216147050646
-1.8086359936121859	-0.9999996711544342	0.01888330162908132	0.1638775144002971	39523287.777777776	441112.69444444444	29.775	29.804700946017544
-2.346722614221204	-0.9999996502332537	-0.009121155456671966	0.09568223650390656	33411274.2	-118912.625	24.66	25.221173485813328
-2.346722614221204	-0.9999996840702905	0.004740494275697	0.09568223650390656	33411274.2	38391.375	25.305	25.56030581095236
-2.346722614221204	-0.9999996348497108	0.03654267410690399	0.09568223650390656	33411274.2	198815.275	25.535	25.593672350422732
-2.346722614221204	-0.9999996715632248	0.008246716605484958	0.09568223650390656	33411274.2	58306.8	25.66	26.038182466117263
-0.2907525300423721	-0.9999997479916036	0.03158397849972627	0.7477006885825904	53304126.0	682205.25	28.6	29.450902040392627
-0.2907525300423721	-0.9999997737815159	0.013920395616839856	0.7477006885825904	53304126.0	172538.0	29.845	29.973630541974156
-0.2907525300423721	-0.9999997923312219	0.006523948620690356	0.7477006885825904	53304126.0	64189.0	30.07	30.166742909259494
-0.2907525300423721	-0.9999997558005107	0.04592473329282785	0.7477006885825904	53304126.0	449925.875	30.075000000000003	30.163310679840045
-2.3122215379464217	-0.9999996394230598	-0.011705990885260965	0.09904098368001248	33215083.8	-158988.475	25.115000000000002	25.18853780060602
