-1.40719628009437	-0.9999994025191126	0.024315834673403224	0.24482875301996393	20350235.666666668	190779.125	17.68	17.766756019758652
-2.300991809357025	-0.9999995780022073	0.04775865637643395	0.10015945535877692	31245430.2	532586.55	18.295	18.480754724038118
-2.300991809357025	-0.9999995637472278	0.04109570592058697	0.10015945535877692	31245430.2	831431.625	18.39	18.410308740297584
-1.0470557095190691	-0.99999943669711	0.029298729012280623	0.3509695857627947	21992816.5	240052.5	18.0	18.059862202097314
-0.7576400318268376	-0.9999994817241014	0.025602586826444798	0.4687714082407329	23718002.333333332	218046.66666666666	18.06	18.44530804468158
-1.9304712414887977	-0.9999995246842931	0.032728557767318325	0.1450798147443671	28952688.1	947579.725	17.740000000000002	17.749787787013613
-1.7243721945034307	-0.9999993392327687	0.03759949214518082	0.1782849449140314	19623452.888888888	427851.8611111111	17.82	17.880251818939353
-1.7243721945034307	-0.9999993635676944	0.03219216431827864	0.1782849449140314	19623452.888888888	265400.5833333333	17.83	17.915641459121677
-1.8695969851459775	-0.9999995262236123	0.03244695987199545	0.15418578845833839	26835039.6	332303.875	16.91	17.2986875732155
-1.8695969851459775	-0.9999995470401376	0.03454207606730565	0.15418578845833839	26835039.6	190078.15	17.39	17.572944292106502
-1.985915325470288	-0.9999995637256547	0.030435822951253685	0.13725492367433642	29232145.5	345667.375	18.150000000000002	18.37424724205476
-1.532326914170906	-0.9999993655689844	0.02554672290663653	0.2160323931681788	19142695.14285714	188097.2142857143	17.330000000000002	17.41560632662555
-1.532326914170906	-0.9999993752750499	0.037360242342561856	0.2160323931681788	19142695.14285714	156203.17857142858	17.325	17.395160320603182
-2.0825810327042236	-0.9999995604749353	0.03178194428770465	0.12460817900303188	28938244.6	334061.65	17.46	17.476923315526655
-2.0825810327042236	-0.9999995904379126	0.02347312533017337	0.12460817900303188	28938244.6	140364.9	17.445	17.45897262719267
-2.163997119677386	-0.9999996340549429	0.046604349412153905	0.11486507277396334	36491980.6	630367.55	18.11	18.76056813978651
-2.163997119677386	-0.9999996690387604	0.02384536730969461	0.11486507277396334	36491980.6	175856.825	18.85	18.95848660214789
-1.6352997677280716	-0.9999993627161796	0.03990491324731541	0.1948939396281581	19802518.875	302495.46875	17.685000000000002	17.994171563959284
-1.6352997677280716	-0.9999993921812486	0.04071206998128183	0.1948939396281581	19802518.875	168777.46875	18.009999999999998	18.011444166588
-2.2371069021337457	-0.9999996395701833	0.04249212151428313	0.10676694521073488	36810660.3	578190.0	18.81	18.948823185614906
-2.2371069021337457	-0.9999996274293378	0.03869850401269157	0.10676694521073488	36810660.3	903987.65	18.785	18.798439940076463
-2.1241770167012577	-0.9999995916860298	0.03772797222870876	0.11953130006208502	31691089.5	416612.65	17.35	17.755497199016727
-2.1241770167012577	-0.9999996151181312	0.029964374153187878	0.11953130006208502	31691089.5	198257.25	17.85	17.96419631110766
-2.1241770167012577	-0.9999996288561392	0.02218924302178937	0.11953130006208502	31691089.5	128276.775	17.97	18.07141221678173
-2.1241770167012577	-0.9999995894726893	0.05292817596782178	0.11953130006208502	31691089.5	446884.525	18.04	18.274182425687247
-2.0365950168013445	-0.9999995681528328	0.030090781012299724	0.13047221108118756	29456393.6	334588.65	17.73	17.881143454186496
