-2.091179060748169	-0.9999996833550835	0.0263308104160237	0.12354138711073333	43650937.2	1006355.925	12.965	13.026762511069352
-2.091179060748169	-0.9999996912680248	0.06893960554320194	0.12354138711073333	43650937.2	712431.225	12.945	12.996180850298265
-2.091179060748169	nan	nan	0.12354138711073333	43650937.2	nan	13.075	13.075148830049889
-1.6566737454118137	-0.9999996924175883	0.04264391846699632	0.19077248376962896	44950852.333333336	1010636.1875	12.55	12.665267761674155
-1.6566737454118137	-0.9999997239896914	0.036000847115027754	0.19077248376962896	44950852.333333336	244481.40625	12.985	13.06142757546015
-1.6566737454118137	-0.9999996960617299	0.07200717771022712	0.19077248376962896	44950852.333333336	857934.5833333334	13.135000000000002	13.37029982154016
-1.6566737454118137	nan	nan	0.19077248376962896	44950852.333333336	nan	13.47	13.471246213726088
-1.3496247796740952	-0.9999997098104251	0.04126451880285847	0.2593375511125175	49035568.833333336	1513007.9	13.01	13.021906965719642
-0.9978254874561174	-0.999999733083583	0.05875859978853291	0.36868027002153586	54839111.75	2274927.5833333335	13.08	13.167258660155916
-0.9978254874561174	-0.9999997817146259	0.02003591304630788	0.36868027002153586	54839111.75	158034.66666666666	13.33	13.398991910013235
-0.24928458310844154	-0.999999781284858	0.06359287955114307	0.7793581496577358	66288404.5	1979346.5	11.91	11.98423291428845
-1.8597891838726053	-0.9999996431575613	0.037209411434400506	0.1557054521286295	38727344.2	1004056.6	13.315000000000001	13.354224576648171
-1.8597891838726053	-0.999999649221542	0.07757601255782413	0.1557054521286295	38727344.2	793903.2	13.415	13.473203100661548
-1.8597891838726053	nan	nan	0.1557054521286295	38727344.2	nan	13.585	13.689956596904198
-2.2204547658351865	-0.9999996649285166	-0.021997147208896898	0.1085597283420037	39043890.2	-480456.575	12.58	12.594315582413735
-2.2204547658351865	-0.9999997014151983	0.025970374099301353	0.1085597283420037	39043890.2	115601.425	12.955000000000002	13.018327729265888
-2.2204547658351865	-0.9999996693944501	0.050808611613979655	0.1085597283420037	39043890.2	403577.7	13.075	13.076927847250023
-2.2204547658351865	nan	nan	0.1085597283420037	39043890.2	nan	13.05	13.05262190200098
-2.274953685343677	-0.9999997033687241	0.0017206653352445898	0.1028016695490255	36909842.9	56874.15	12.73	12.891625623130876
-2.274953685343677	-0.9999996501365547	0.04945404636939287	0.1028016695490255	36909842.9	405713.425	12.934999999999999	12.981355184293855
-2.274953685343677	nan	nan	0.1028016695490255	36909842.9	nan	13.285	13.286904238376623
-2.1601066069714077	-0.9999997006374144	-0.007714882682233418	0.11531282723149583	40376491.8	-177585.125	12.57	12.752704172318113
-2.1601066069714077	-0.99999970896224	0.03168118140321393	0.11531282723149583	40376491.8	126890.0	12.73	12.813907887905302
-2.0530114305110914	-0.9999996978975381	0.0211404540014188	0.1283478105157777	44624771.3	715868.575	12.85	12.873866314873062
-2.0530114305110914	-0.9999997002855635	0.058738875773045686	0.1283478105157777	44624771.3	643506.0	12.935	12.95110460388685
-0.7165151924782421	-0.9999996850375396	0.07393116116275672	0.4884514528502553	47532075.0	3175002.5	12.995000000000001	13.029052031649908
-0.7165151924782421	-0.999999703988394	0.10100754127300697	0.4884514528502553	47532075.0	1289861.0833333333	12.995000000000001	13.02691908630424
-1.9141334988988763	-0.999999696232142	0.022823055778201828	0.14746955977622314	42710900.3	431143.55	13.885000000000002	13.955479927465783
-1.9141334988988763	-0.9999997093301576	0.049547356348782996	0.14746955977622314	42710900.3	246413.575	14.42	14.460138652450722
-1.9141334988988763	-0.9999996862992201	0.058707174078812166	0.14746955977622314	42710900.3	658975.225	14.525	14.646604404636015
-1.9644619743051919	-0.9999996804572656	0.015192527920708786	0.14023131437330957	38707422.9	235312.925	14.344999999999999	14.440705272989913
-1.7324817775867352	-0.9999996951779403	0.042026853419951195	0.17684497501020188	45251005.2	978233.4166666666	13.16	13.340026904097835
-1.7324817775867352	-0.9999997260167434	0.0380929059067195	0.17684497501020188	45251005.2	242319.80555555556	13.245000000000001	13.31384157945791
-1.7324817775867352	-0.9999996958343464	0.07943005131940005	0.17684497501020188	45251005.2	949604.175	13.435	13.635878496292788
