-1.3890676964278381	-0.9999994794371253	0.05943547219815688	0.24930762670843698	26166875.333333332	823651.375	16.485	16.860594447066195
-1.2339832858822275	-0.9999994640717691	0.0558470232438993	0.2911306085466985	25245781.0	751574.35	16.630000000000003	16.656910909556004
-1.615966536528346	-0.9999994498553525	0.049450270729286046	0.19869852821388997	24321692.125	647223.65625	15.620000000000001	15.633006203335652
-1.615966536528346	-0.9999995369595512	0.040799185813671104	0.19869852821388997	24321692.125	77801.375	15.545	15.774589028497042
-2.0847797451539813	-0.9999997111841425	0.0015913701304983972	0.12433450242681768	36923767.4	42793.7	13.93	14.039285215170413
-2.0847797451539813	-0.9999996454016931	0.04997077897419844	0.12433450242681768	36923767.4	485581.95	14.075	14.271917405977042
-2.0847797451539813	-0.9999996883859065	0.016282192111618098	0.12433450242681768	36923767.4	99305.5	14.375	14.526093544851934
-0.743237615294359	-0.9999994606633537	0.04257568134456303	0.4755717021050062	24450959.0	533543.75	15.63	16.121284426039672
-0.743237615294359	-0.9999994893435968	0.054075461565216254	0.4755717021050062	24450959.0	264616.0	16.18	16.230616382717507
-0.743237615294359	-0.999999488226859	0.040639536082736134	0.4755717021050062	24450959.0	271941.0	16.175	16.354847515020722
-0.743237615294359	-0.9999994935125404	0.06815392507291293	0.4755717021050062	24450959.0	238971.58333333334	16.435000000000002	16.509722426288988
-2.0007033526904374	-0.9999996949009389	-0.004184063254381486	0.1352401282687112	37595721.2	-95837.45	13.684999999999999	13.725914208151458
-2.0007033526904374	-0.9999996640906063	0.03429698733958928	0.1352401282687112	37595721.2	305209.175	13.815000000000001	13.952701941571293
-2.044764060039042	-0.9999997414075722	0.0008516201824446567	0.1294107195357729	37459256.7	16100.7	13.86	14.00632797438394
-2.19247185635	-0.9999996536474947	0.008279809832722536	0.11164044811984214	33859292.1	123901.55	14.925	14.97052928449807
-1.0306365085144944	-0.9999994753939246	0.06138413459267008	0.3567797949031212	26160246.5	912390.3125	16.330000000000002	16.65673783112939
