-1.7844139461618107	-0.9999995813074407	0.033042521075376405	0.1678954279331658	30398578.0	336938.4166666667	25.95	25.99611059549601
-1.7844139461618107	-0.9999995664908058	0.06243497001810105	0.1678954279331658	30398578.0	528639.0555555555	26.23	26.43214327587859
-1.7844139461618107	-0.9999995865298944	0.05183907805084459	0.1678954279331658	30398578.0	287477.47222222225	26.55	26.615628753702644
-1.581361126248622	-0.999999594490917	0.03528916274466282	0.20569493080700868	31837173.85714286	404440.8214285714	25.38	26.121649130504988
-1.581361126248622	-0.9999995900114006	0.051850675841702054	0.20569493080700868	31837173.85714286	466436.03571428574	26.36	26.37575887666753
-2.162937074466907	-0.9999994018070969	0.04054581966803644	0.1149868995037213	21245412.8	330662.05	26.8	27.497615130904922
-0.284112763794802	-0.9999996065497141	0.07063852129826727	0.7526817646685263	34545168.0	799550.5	24.310000000000002	24.44296310890727
-0.284112763794802	-0.9999996036924115	0.0812682166242298	0.7526817646685263	34545168.0	882497.375	24.54	24.966457734253726
-2.003047610808782	-0.9999995177019164	0.01852306779360621	0.13492346181906034	24822862.5	158262.875	25.810000000000002	26.067833508791548
-2.003047610808782	-0.9999994911863122	0.0483166349220571	0.13492346181906034	24822862.5	305653.975	26.1	26.188841648922992
-1.691010904370139	-0.9999995582016054	0.04156303400101124	0.1843330866508479	30756129.625	796519.9375	25.89	25.90585384251825
-1.691010904370139	-0.9999996012467623	0.03939289435305314	0.1843330866508479	30756129.625	211949.125	26.060000000000002	26.183828610942832
-2.2497350627671944	-0.9999994247106574	0.03292606022666307	0.1054271524401637	21673885.8	260081.85	26.255000000000003	26.670101075397387
-2.2497350627671944	-0.999999438415898	0.04447867192220272	0.1054271524401637	21673885.8	193243.15	26.384999999999998	26.702120368993914
-2.2497350627671944	-0.9999994404636222	0.04477540611858038	0.1054271524401637	21673885.8	184854.1	26.86	27.03710234313452
-2.2497350627671944	-0.9999994483315744	0.028311467564502788	0.1054271524401637	21673885.8	155872.25	26.895000000000003	26.96239288344269
-2.288688461906521	-0.9999994355591826	0.03520501094058413	0.101399363810135	22292105.8	291434.625	26.98	27.40638142230427
-2.288688461906521	-0.9999994521463451	0.04506543407916817	0.101399363810135	22292105.8	201351.35	27.425	27.60149202629386
-2.0609386346785445	-0.9999994745441037	0.03414879527908293	0.12733439330690466	23913293.0	286466.625	25.715	25.73643019897763
-2.0609386346785445	-0.9999994636759763	0.06611140343666531	0.12733439330690466	23913293.0	371487.625	26.105	26.132566976939817
-2.0609386346785445	-0.9999994709594904	0.06738006894444057	0.12733439330690466	23913293.0	312105.8	26.145000000000003	26.270327819119125
-2.0609386346785445	-0.9999994773025795	0.048479761056655045	0.12733439330690466	23913293.0	268179.775	26.405	26.433770867504197
-1.075900756882517	-0.9999996334778039	0.04131516850223159	0.34099046741553435	35422638.75	435034.6875	24.35	24.602461908424587
-1.075900756882517	-0.9999996214496069	0.056091059604391626	0.34099046741553435	35422638.75	666138.125	25.025	25.205718509313897
-1.075900756882517	-0.9999996469994764	0.04201020273977643	0.34099046741553435	35422638.75	269468.375	25.32	25.37956226660037
-2.1140660984839816	-0.9999994284717374	0.02423647899186197	0.12074600178802572	21321967.7	196045.5	26.46	26.558624748470358
-2.1140660984839816	-0.9999994169841265	0.057192346439278445	0.12074600178802572	21321967.7	250456.775	26.51	26.639891302558052
