-1.9311986863227946	-0.9999944672553114	0.0881049952527699	0.14497431555968474	1891334.3	35039.85	5.0	5.041482283219398
-1.9311986863227946	-0.9999950738412419	0.05236828726368909	0.14497431555968474	1891334.3	11124.7	5.025	5.029717553261012
-1.9311986863227946	nan	nan	0.14497431555968474	1891334.3	nan	4.99	5.0
-1.9311986863227946	-0.999994418687832	0.10098586631801533	0.14497431555968474	1891334.3	38411.075	5.0	5.01501507184735
-1.9311986863227946	-0.999993975625178	0.1223550683049963	0.14497431555968474	1891334.3	88795.875	5.0200000000000005	5.024203115802693
-1.4280628018032921	-0.9999982873359062	0.015252828034661423	0.23977296037818208	5848849.625	22405.6875	5.0	5.006106583189975
-1.4280628018032921	-0.9999981093327241	0.08819980101791135	0.23977296037818208	5848849.625	63463.03125	4.995	5.0299428050214505
-1.4280628018032921	-0.9999981474580323	0.06792786034793956	0.23977296037818208	5848849.625	50778.0625	5.04	5.0918609477689385
-1.4280628018032921	-0.9999982459453237	0.049320233339323484	0.23977296037818208	5848849.625	28543.0	5.085	5.090963717194895
-1.226781367800302	-0.9999984667331596	-0.004413352837207298	0.2932348756248829	5805316.833333333	-7339.041666666667	5.03	5.094388018406567
-1.9623593600586027	-0.9999943159120209	0.07264297175080954	0.1405264769304853	1952453.3	66032.425	5.0	5.011054440099836
-1.9623593600586027	-0.9999945658569183	0.10714468861128358	0.1405264769304853	1952453.3	40533.575	5.02	5.027512
-1.9623593600586027	nan	nan	0.1405264769304853	1952453.3	nan	5.045	5.0456128293241695
-1.9623593600586027	nan	nan	0.1405264769304853	1952453.3	nan	5.05	5.059067830095489
-2.0463068275430287	-0.9999955832201446	0.09802634919475457	0.12921122281110656	2577779.9	88033.7	5.33	5.3375396571548155
-0.21242808952663106	-0.9999987954789918	0.013457434074522389	0.8086184623671763	8455736.5	26504.625	5.3	5.345706057342846
-1.5746575965665077	-0.9999980157808409	0.016784626546753414	0.20707844491412883	5016984.1	21051.95	4.99	5.021875317739204
-1.783197747639791	-0.999996606173086	0.0684286876624794	0.16809974632515057	3144343.2	43102.375	5.01	5.018850436352694
-1.783197747639791	-0.9999966812713671	0.10939858879826075	0.16809974632515057	3144343.2	34036.625	5.01	5.019337149318069
-1.991189623350943	-0.9999953206279089	0.11104933116990388	0.13653290606303944	2308228.1	49071.7	5.0600000000000005	5.093622645957973
-1.991189623350943	-0.99999557106171	0.10338297155591643	0.13653290606303944	2308228.1	27528.125	5.115	5.132649951471686
-1.991189623350943	-0.9999950361087657	0.13428783387842166	0.13653290606303944	2308228.1	94635.0	5.225	5.226115502053135
-1.991189623350943	-0.9999954353059258	0.1392884275249161	0.13653290606303944	2308228.1	37659.05	5.215	5.219566527798404
-1.991189623350943	nan	nan	0.13653290606303944	2308228.1	nan	5.225	5.245619221967964
-1.991189623350943	nan	nan	0.13653290606303944	2308228.1	nan	5.34	5.347132258910382
-2.071772611192634	-0.9999957122066155	0.10831158550474443	0.12596230150630525	2557291.5	57821.75	5.34	5.363162556443209
-2.071772611192634	-0.9999958462950933	0.10375599104743584	0.12596230150630525	2557291.5	41036.2	5.37	5.375889007702202
-2.09582295608691	-0.9999958189002931	0.11581826483046352	0.12296900391148008	2872361.3	164328.525	5.38	5.419196076561632
-1.6350079384112741	-0.999997123774102	0.052071004496053924	0.19495082369322306	4067137.4	120330.525	5.04	5.0408534523789985
