-1.5974724163394056	-0.9999991786248362	0.017897352099754422	0.20240747380441995	13228921.75	52359.5	14.13	14.218670720947221
-1.5974724163394056	-0.9999991320995555	0.0622526554081761	0.20240747380441995	13228921.75	96894.375	14.235	14.235650112599265
-1.5974724163394056	-0.9999991252884303	0.08755038895067951	0.20240747380441995	13228921.75	106030.4375	14.245000000000001	14.255185654936575
-1.9609297343490066	-0.9999990011024329	0.059975276474917065	0.1407275208693343	12089472.3	175630.7	5.32	5.375792931948131
-1.9609297343490066	-0.9999990517363624	0.06993783621708703	0.1407275208693343	12089472.3	95224.875	5.38	5.384789553386296
-2.0188768515188658	-0.9999988744405618	0.05957205999564281	0.13280454056552207	11974222.9	713329.125	5.3100000000000005	5.333941549951555
-0.26240072104046736	-0.9999993628109901	0.016710630952783107	0.7692027262242742	17017701.5	51198.875	14.58	14.646230366932182
-0.26240072104046736	-0.9999993295283003	0.04259661156529175	0.7692027262242742	17017701.5	90208.25	14.700000000000001	14.753461308955096
-2.045817433045435	-0.9999990558555852	0.07050523393442117	0.12927447354859667	13031046.8	220396.95	5.36	5.456380897706985
-2.045817433045435	-0.9999990958190836	0.09380855881319945	0.12927447354859667	13031046.8	130929.75	5.475	5.48070162376071
-1.4967650274206126	-0.9999993520665307	0.0027491280734899086	0.22385314889201546	13820324.142857144	7742.821428571428	13.92	13.926241851574941
-1.4967650274206126	-0.9999991680256283	0.059418207593380394	0.22385314889201546	13820324.142857144	98532.85714285714	13.965	13.973706705995367
-1.4967650274206126	-0.9999991603100112	0.08481145506486726	0.22385314889201546	13820324.142857144	109620.39285714286	13.97	14.018796246359615
-1.4967650274206126	-0.999999234658205	0.026722234947551642	0.22385314889201546	13820324.142857144	39231.92857142857	14.02	14.023315467075038
-1.3753660139397133	-0.9999993768015011	-0.004094123238022926	0.25274706992208484	15136274.833333334	-12491.75	14.08	14.102530620684716
-1.3753660139397133	-0.9999992325952383	0.06174849384177634	0.25274706992208484	15136274.833333334	110817.54166666667	14.105	14.116553550199935
-1.894238625890488	-0.9999990324440858	0.01983508417475107	0.15043282711500716	11168473.9	49320.875	5.73	5.7605093341680575
-1.7586295983061568	-0.9999991178697953	0.014993855793937819	0.17228079601986834	12000393.9	39572.3	13.73	13.84055438384019
-1.82499056064557	-0.9999990220529809	0.028093456685305152	0.16121916592744245	11410395.6	70175.05	13.75	13.869860852197071
-1.82499056064557	-0.9999989870591686	0.08172500942120962	0.16121916592744245	11410395.6	104615.4	13.835	13.84083133572223
-1.82499056064557	-0.9999990098188106	0.07037573614303222	0.16121916592744245	11410395.6	80688.125	13.865	13.87689665664675
-0.7397645192542249	-0.9999991558423869	0.0820148748777895	0.4772262798909845	16741605.333333334	1373060.6666666667	14.69	14.691092118040352
