-1.686064933287199	-0.9999991890424187	0.054699183754417256	0.18524705112481776	14966937.444444444	186753.72222222222	14.27	14.3101421914989
-1.3737248554981978	-0.9999992229646284	0.05786577886041498	0.2531622084703443	15948738.0	241042.70833333334	14.700000000000001	14.75264606140962
-1.3737248554981978	-0.9999992691836568	0.04834112327112001	0.2531622084703443	15948738.0	115334.25	14.815000000000001	14.824460722687313
-2.026731047364339	-0.9999992888164521	0.010429568372167958	0.1317655532408328	13966041.2	20586.075	12.780000000000001	12.81740872662511
-2.026731047364339	-0.9999992234718659	0.02730593730343555	0.1317655532408328	13966041.2	51277.35	12.865	12.918591976054891
-2.026731047364339	-0.9999991976443587	0.044862387425180124	0.1317655532408328	13966041.2	73549.825	12.92	12.980050017309768
-2.026731047364339	-0.9999992051763411	0.04509803520875396	0.1317655532408328	13966041.2	66205.9	12.98	13.002058284371328
-2.026731047364339	-0.9999991956385736	0.04037947273782048	0.1317655532408328	13966041.2	75639.325	13.0	13.061180699206485
-2.1397003972055266	-0.9999991695614417	0.016697917170738628	0.11769009802251648	12349315.7	28433.2	13.1	13.179990769583142
-2.1397003972055266	-0.9999990180690378	0.060496306847353166	0.11769009802251648	12349315.7	184641.25	13.184999999999999	13.200531026812087
-2.1397003972055266	-0.9999991040598935	0.050011655729237416	0.11769009802251648	12349315.7	63846.15	13.4	13.408589277067353
-2.1397003972055266	-0.9999990626713435	0.06477034796036485	0.11769009802251648	12349315.7	106442.275	13.425	13.470927417524203
-1.8837374242096607	-0.9999992894205482	0.0399769942327229	0.15202087619025417	16485643.7	122314.575	12.63	12.731095448565801
-1.8837374242096607	-0.9999993424639301	0.022066312848195442	0.15202087619025417	16485643.7	51015.55	12.790000000000001	12.804019013516413
-1.8837374242096607	-0.999999247507812	0.037802445910255666	0.15202087619025417	16485643.7	244095.3	12.82	12.821210421968445
-1.8837374242096607	-0.9999992808258529	0.04117737581960606	0.15202087619025417	16485643.7	140933.25	12.74	12.846219615082472
-2.0669014732613222	-0.9999991778615213	0.016082395036702776	0.126577378096332	13308212.8	56453.7	13.01	13.035800465294741
-2.0669014732613222	-0.9999991235390144	0.06624474564661258	0.126577378096332	13308212.8	116322.375	13.075	13.12516580574185
-2.0669014732613222	-0.9999991775095968	0.04010614011796646	0.126577378096332	13308212.8	56718.725	13.115	13.159249903773672
-2.0669014732613222	-0.9999991303575504	0.06614852682177425	0.126577378096332	13308212.8	106231.65	13.184999999999999	13.212221539049551
-2.1730288227383396	-0.9999991289561146	0.01970276952781648	0.11383231633961392	11934681.1	32715.375	13.4	13.413939185018936
-0.7362894640588094	-0.9999992724997202	0.0553594989831271	0.478887552389327	17189093.666666668	269700.3333333333	14.49	14.612854752651977
-0.7362894640588094	-0.9999992846413933	0.0842529563526862	0.478887552389327	17189093.666666668	218898.08333333334	14.625	14.667658946380696
-0.7362894640588094	-0.9999993076379915	0.0887947648156324	0.478887552389327	17189093.666666668	147424.08333333334	14.695	14.729043677159352
-0.7362894640588094	-0.9999992509048227	0.10185290046503807	0.478887552389327	17189093.666666668	390922.5	14.735	14.788930796413533
-0.7362894640588094	-0.9999992764161442	0.08721305481890809	0.478887552389327	17189093.666666668	252141.75	14.875	14.917308109111845
-0.26036154728277133	-0.999999027643299	0.049786980016179504	0.770772864586328	12489027.5	187922.375	14.290000000000001	14.37865264813662
-1.9834235870665677	-0.9999991962589097	0.023616070176228104	0.1375973534843375	14275202.7	96139.6	12.65	12.678093816600866
-1.9834235870665677	-0.9999992200081375	0.04300012147498886	0.1375973534843375	14275202.7	68495.775	12.765	12.86023425139466
