-1.2023135976266612	nan	nan	0.30049817518329486	4638868.333333333	nan	4.08	4.097626186219227
-1.2023135976266612	-0.9999975832958126	0.11200125453404969	0.30049817518329486	4638868.333333333	73921.5	4.09	4.1005039721946375
-1.2023135976266612	-0.9999980364139969	0.017171976769472446	0.30049817518329486	4638868.333333333	9033.6	4.095	4.097984250073335
-1.2023135976266612	-0.9999976810405062	0.08505990825134302	0.30049817518329486	4638868.333333333	46972.916666666664	4.09	4.094859099288913
-1.2023135976266612	-0.9999976349806675	0.16373655762625977	0.30049817518329486	4638868.333333333	58162.5	4.095	4.095271697738335
-1.3112812222935832	nan	nan	0.26947457827757676	4571843.142857143	nan	4.0600000000000005	4.091725074140596
-1.7531084667898258	nan	nan	0.17323461160014247	5724119.2	nan	4.0200000000000005	4.032249361217082
-0.6332802873595698	-0.9999970554750814	0.15303307309571174	0.5308476091435047	4128742.6666666665	190456.75	4.24	4.271345470307759
-0.8884017471799972	-0.9999967434880671	0.12702530505859622	0.4113126092387746	3848664.5	277400.6875	4.21	4.214360095389507
-0.19639405861412002	-0.9999971964833384	0.13677373583361208	0.8216883774897478	4309154.0	176447.625	4.21	4.217038249708686
-0.19639405861412002	-0.9999973031221909	0.1243118805530612	0.8216883774897478	4309154.0	111441.25	4.24	4.26627634301479
-1.7939397584182788	-0.9999977694698708	0.06719275594548324	0.1663036809856335	5319398.4	142211.6	3.97	3.9778024135847616
-1.7939397584182788	-0.9999976695076895	0.12033047586040017	0.1663036809856335	5319398.4	242029.025	3.9699999999999998	3.998872246469613
-1.4787214317345592	nan	nan	0.2279289248513766	4781877.111111111	nan	4.05	4.053328992280225
-1.5449672824711416	-0.999997682543821	0.10211971765787418	0.21331885037438747	5385835.6	263401.35	4.05	4.082200092367432
-1.5449672824711416	-0.9999978886203077	0.1032247478380599	0.21331885037438747	5385835.6	86814.8	4.18	4.194076735012623
