-0.9234954226795425	-0.9999983978249021	0.11920327284516137	0.3971284803047413	7111013.75	88705.5625	5.99	6.012316618588978
-0.9234954226795425	-0.9999984504918425	0.12033602793574384	0.3971284803047413	7111013.75	60995.625	6.03	6.037242734635541
-1.2427807521409326	-0.9999989051979264	0.10229636979384514	0.2885806299627746	10336239.333333334	82135.375	5.97	5.97001165208662
-1.2427807521409326	-0.9999988371430883	0.1602804129419377	0.2885806299627746	10336239.333333334	165969.83333333334	5.955	6.036116085100348
-1.2427807521409326	-0.9999988497754917	0.13007537290162602	0.2885806299627746	10336239.333333334	145653.95833333334	6.08	6.122159121476892
-1.2427807521409326	-0.9999988366822513	0.13625611456163422	0.2885806299627746	10336239.333333334	166762.29166666666	6.125	6.180057346892834
-1.8091183532066295	-0.9999985325050681	0.08253553446338988	0.16379848557060192	9228871.6	761709.85	5.8100000000000005	5.9029312807391925
-1.35594144382191	-0.9999987540971307	0.1084963526634378	0.2577045658406892	10230098.142857144	343075.46428571426	6.13	6.143897982218387
-1.35594144382191	-0.9999987967657537	0.08650520178623401	0.2577045658406892	10230098.142857144	221726.5	6.095000000000001	6.105416641815817
-1.5291864518741134	-0.9999986532293413	0.08180931565685318	0.21671190117998432	9927497.333333334	640535.9722222222	6.01	6.013817970797548
-1.5291864518741134	-0.9999988396019379	0.08760287430354612	0.21671190117998432	9927497.333333334	100693.72222222222	5.995	6.025382021202782
-1.5291864518741134	-0.9999988803256108	0.048006144963064434	0.21671190117998432	9927497.333333334	67208.13888888889	6.045	6.048204132136803
