-1.9639228825055997	-0.9999989909934642	0.0971466903237063	0.1403069323056066	11821521.7	151446.25	6.16	6.235181408720273
-2.0249406385479207	-0.9999988455608316	0.10243146278824024	0.13200167876659072	12157315.4	1245291.6	6.355	6.41058638342837
-0.9163643548546841	-0.9999994027889108	0.12391339821930566	0.39997055189183045	22253186.25	591163.5	6.08	6.2432343486671185
-1.5977719079305892	-0.9999992146053365	0.10135775586739477	0.2023468635446074	16145637.8	321481.3	6.11	6.133047248430559
-1.6593304194220793	-0.9999992125001653	0.10604618791140197	0.19026633610249635	17081043.0	694756.775	6.12	6.1860920527731516
-1.6593304194220793	-0.9999992823456018	0.08677713849991069	0.19026633610249635	17081043.0	210719.025	6.245	6.277721745487405
-1.4472741807603264	-0.9999992022405314	0.10755862965503664	0.23521055652971248	17472907.0	1131637.34375	6.19	6.200011850956928
-1.4472741807603264	-0.999999306205985	0.11003174637823956	0.23521055652971248	17472907.0	183981.9375	6.23	6.23211104590506
-1.5282913156553792	-0.9999992565183102	0.1013810364858019	0.21690597469992096	17138819.555555556	341941.72222222225	6.22	6.22022524175317
-1.995292414837465	-0.999998934028188	0.09806831578837547	0.13597388757072776	11183254.2	150396.0	6.140000000000001	6.241836380854234
-1.995292414837465	-0.999998891536984	0.08215604351278394	0.13597388757072776	11183254.2	241885.45	6.26	6.269516006884682
-1.995292414837465	-0.9999989308516006	0.13592258731794218	0.13597388757072776	11183254.2	155834.825	6.265000000000001	6.2895910943143996
-1.995292414837465	nan	nan	0.13597388757072776	11183254.2	nan	6.275	6.298906386214608
-1.995292414837465	-0.9999989026970352	0.09586235203330964	0.13597388757072776	11183254.2	213504.525	6.315	6.315975215525105
-1.995292414837465	-0.9999989364402281	0.08535629358674576	0.13597388757072776	11183254.2	146393.35	6.29	6.302606102603594
-1.1004071438963121	-0.9999993775579725	0.1095142475741868	0.33273558485372856	21004614.6	476466.55	6.15	6.159674426093843
-1.1004071438963121	-0.9999993777108303	0.11756805462589265	0.33273558485372856	21004614.6	474939.2	6.140000000000001	6.160182908420925
-1.1004071438963121	-0.9999994198225263	0.0751680631457919	0.33273558485372856	21004614.6	196103.75	6.18	6.184622541425116
-1.1004071438963121	-0.9999994196926268	0.09230509212270184	0.33273558485372856	21004614.6	196639.55	6.21	6.241267822106039
-2.0809909826271102	-0.9999988223695077	0.08820278121412406	0.12480646985207695	10096497.3	145792.0	6.4	6.406698482679382
-2.0809909826271102	-0.9999989082782957	0.05033481431921979	0.12480646985207695	10096497.3	61239.575	6.415	6.423388361345962
-2.0809909826271102	-0.9999989005274887	0.06071254811085672	0.12480646985207695	10096497.3	66224.525	6.47	6.509929059377987
-2.0809909826271102	-0.9999988633354084	0.13734688295147268	0.12480646985207695	10096497.3	96405.7	6.495	6.5137006434072156
-1.3534820659756308	-0.9999993040091228	0.10609099715312896	0.25833913874822484	18571765.714285713	410765.21428571426	6.16	6.1659954952929175
-1.3534820659756308	-0.999999267655644	0.10744556892785757	0.25833913874822484	18571765.714285713	806877.0357142857	6.16	6.161314900384691
-1.3534820659756308	-0.9999993436810936	0.10783307232259237	0.25833913874822484	18571765.714285713	196613.64285714287	6.19	6.201392342029913
-0.6550876497346009	-0.9999992664587793	0.12576847586152615	0.5193965356233642	16868387.666666668	236488.16666666666	5.9	5.923975992864262
-0.6550876497346009	-0.9999992060261853	0.15995053945532473	0.5193965356233642	16868387.666666668	655436.4166666666	5.96	6.038741515746856
-0.6550876497346009	-0.9999992699968844	0.08101400361529858	0.5193965356233642	16868387.666666668	222786.91666666666	6.075	6.100499780644028
-1.7143326743057654	-0.9999992220124033	0.10560708070291269	0.1800838552079335	18032329.5	1237901.15	6.19	6.244766163382793
-1.7143326743057654	-0.9999993228580608	0.11084696776175824	0.1800838552079335	18032329.5	200875.7	6.215	6.286144728675297
-1.7143326743057654	-0.9999992902472746	0.08970124743589263	0.1800838552079335	18032329.5	361671.725	6.275	6.379459484341291
-1.7143326743057654	-0.9999993082187739	0.11021075886083444	0.1800838552079335	18032329.5	261561.1	6.365	6.376255165405347
-0.21051395554696006	-0.9999989180875578	0.13363092776195598	0.8101677487403912	10754920.0	113082.5	5.7	5.724842398108221
-0.21051395554696006	-0.9999988555551164	0.0893255681700205	0.8101677487403912	10754920.0	221551.125	5.73	5.789221838620974
-0.21051395554696006	-0.9999988174548416	0.11397575893344225	0.8101677487403912	10754920.0	333759.375	5.82	5.820156604327296
-0.21051395554696006	-0.9999988798311839	0.15327181795808237	0.8101677487403912	10754920.0	170641.5	5.8100000000000005	5.82861788497217
-0.21051395554696006	-0.9999988640848813	0.13843223682047798	0.8101677487403912	10754920.0	202131.0	5.84	5.8457963426573265
-0.21051395554696006	-0.9999988911931021	0.048038866076847805	0.8101677487403912	10754920.0	151013.25	5.845000000000001	5.872449787788658
