-1.5465927829979038	-0.9999989543302401	0.08848915663183056	0.21297238213917305	13071450.111111112	863214.8888888889	6.71	6.737588255869326
-1.5465927829979038	-0.9999991602287162	0.0423192332372094	0.21297238213917305	13071450.111111112	58513.416666666664	6.735	6.741646008924144
-1.5465927829979038	-0.999999004396526	0.09814342623749263	0.21297238213917305	13071450.111111112	448641.27777777775	6.75	6.751947665948654
-1.2578604632151242	-0.9999992231264297	0.0747251495491053	0.28426156441674927	15632138.5	187998.625	6.87	6.8775814378524425
-1.2578604632151242	-0.9999990945970082	0.10634231523728938	0.28426156441674927	15632138.5	1401963.4166666667	6.865	6.867487972058974
-1.678250695374599	-0.9999989751796127	0.05987345831808821	0.1867002862224955	11903414.6	198562.05	6.6000000000000005	6.660724892888339
-1.678250695374599	-0.9999989751816224	0.15847774058239447	0.1867002862224955	11903414.6	198557.3	6.6450000000000005	6.67562069789675
-1.678250695374599	-0.9999990064648852	0.060120835016058596	0.1867002862224955	11903414.6	136824.325	6.71	6.716754491747366
-1.678250695374599	-0.9999990182384341	0.0924646639174171	0.1867002862224955	11903414.6	118931.925	6.71	6.733850761167956
-1.678250695374599	-0.9999989664455792	0.10719435458476394	0.1867002862224955	11903414.6	220316.9	6.745	6.77680493978057
-0.21673578916161249	-0.9999992353956335	0.14210985152833586	0.8051426686245302	16728525.5	358864.75	6.5200000000000005	6.541680448435123
-0.21673578916161249	-0.9999992493846165	0.16386721606939508	0.8051426686245302	16728525.5	283987.375	6.605	6.6289386398341845
-1.733862681714648	-0.9999988987968557	0.044265219129132456	0.17660093758913017	10266239.6	81243.25	6.79	6.8236557541586915
-1.733862681714648	-0.9999989126365988	0.05012677052011117	0.17660093758913017	10266239.6	70482.45	6.8100000000000005	6.842158274219287
-1.9480261426890646	-0.9999988123953155	0.056228779885461586	0.14255517764322537	9475742.8	77143.575	6.36	6.453687130057065
-1.981274468122225	-0.9999987919739598	0.061713380605088845	0.13789338455245026	9439419.5	89594.875	6.36	6.413826310246488
-1.981274468122225	-0.9999988768480194	0.031337839945239816	0.13789338455245026	9439419.5	40210.275	6.36	6.403456325823224
-1.7847431225292822	-0.9999987610189236	0.06759421872184415	0.1678401698214149	9453905.1	122173.975	6.82	6.890613170726687
-0.9313967878418306	-0.9999992562939934	0.07255001874096133	0.3940029872572192	16517572.5	216254.9375	6.75	6.766852038507187
-0.9313967878418306	-0.9999992224491643	0.18584083487790445	0.3940029872572192	16517572.5	378226.9375	6.785	6.881941620690179
-0.9313967878418306	-0.9999993038494686	0.05464405401042435	0.3940029872572192	16517572.5	98588.1875	6.91	6.93528300863453
-1.8298178309923527	-0.9999986862820555	0.06822738025825587	0.16044279281749516	8930599.7	124527.4	6.640000000000001	6.684303586742673
-1.8298178309923527	-0.9999986712558225	0.06533467992744393	0.16044279281749516	8930599.7	142411.4	6.75	6.75783257051682
-1.8298178309923527	-0.9999985782197789	0.07601896267500254	0.16044279281749516	8930599.7	326879.525	6.775	6.8035494086570205
