-1.7587172100857933	-0.9999990127722251	0.02158404595238535	0.17226570285391105	10485945.8	31319.15	5.5	5.5839156402822
-1.7587172100857933	-0.9999987015906412	0.0901388601650808	0.17226570285391105	10485945.8	818352.9	5.5600000000000005	5.566248706275458
-1.8835159428359474	-0.9999987942802567	0.030683809514628558	0.15205454971163715	8803901.7	40741.95	5.84	5.9133140656902325
-1.803170522548702	-0.9999986308065948	0.06658434512704921	0.16477563430170206	9172587.8	284657.85	5.64	5.64174548804502
-1.803170522548702	-0.9999987903985276	0.08246661096400666	0.16477563430170206	9172587.8	65851.7	5.68	5.70631106582547
-1.803170522548702	-0.9999987340995042	0.0915896593059649	0.16477563430170206	9172587.8	110367.875	5.725	5.749074425549515
-1.803170522548702	-0.9999987548518352	0.08330288362816592	0.16477563430170206	9172587.8	91237.375	5.755	5.758307711029084
-1.803170522548702	-0.9999986688142071	0.10466948876943755	0.16477563430170206	9172587.8	200870.075	5.745	5.7495436713454975
-2.0148399245517057	-0.999998797809909	0.0728057872387109	0.13334174639748705	9575068.7	99811.9	5.93	5.979199150424788
-2.0148399245517057	-0.9999987198947542	0.13478839434229054	0.13334174639748705	9575068.7	210468.425	5.99	6.000244842195088
-1.4445199699114748	-0.9999991275153077	0.09190194198596095	0.23585926893156162	16060900.75	1218205.25	5.8	5.823034003421038
-1.4445199699114748	-0.9999993088345204	0.05053228604561032	0.23585926893156162	16060900.75	66219.15625	5.75	5.785059696722185
-1.4445199699114748	-0.9999992426241486	0.11125168876882444	0.23585926893156162	16060900.75	191785.5625	5.8100000000000005	5.828451532242259
-1.4445199699114748	-0.9999992270800752	0.11297260511053622	0.23585926893156162	16060900.75	246172.09375	5.855	5.8880034216279835
-1.4445199699114748	-0.9999992040084744	0.1244582155993246	0.23585926893156162	16060900.75	356588.625	5.87	5.897209888584898
-2.0430230120795883	-0.9999988352860616	0.08266203748237795	0.12963622605682237	10024901.0	117728.15	5.92	5.937086788018913
-2.0430230120795883	-0.9999987749824285	0.13223011571866883	0.12963622605682237	10024901.0	215491.175	5.94	5.97559092848469
-2.0430230120795883	-0.9999988765516097	0.0787197669232924	0.12963622605682237	10024901.0	77842.75	5.97	5.993349543537609
-2.0430230120795883	-0.9999988332660436	0.15030102360034533	0.12963622605682237	10024901.0	120136.525	5.975	5.990537833759732
-2.0430230120795883	-0.9999988134859054	0.15685271602705506	0.12963622605682237	10024901.0	146485.175	5.995	6.0040279762936155
-2.0430230120795883	-0.9999988333919151	0.07889308199506842	0.12963622605682237	10024901.0	119985.025	6.0	6.017574101652376
-0.9185069802829472	-0.9999993952555005	0.07900285628977533	0.39911448226257545	20601417.5	257452.375	5.96	5.972688897697618
-0.9185069802829472	-0.9999993889811566	0.09919458711347846	0.39911448226257545	20601417.5	292977.4375	5.925	5.9327554049175735
-1.100746521992503	-0.9999992629086114	0.09629916060555675	0.3326226808440636	18762913.8	1014575.85	5.9	5.904601473513452
-1.100746521992503	-0.9999993372630138	0.08803401158267252	0.3326226808440636	18762913.8	251418.2	5.91	5.91843797084212
-1.100746521992503	-0.9999993296409392	0.11865415954919402	0.3326226808440636	18762913.8	290072.4	5.925	5.928912148283554
-1.100746521992503	-0.9999993084980537	0.14336406123047826	0.3326226808440636	18762913.8	431312.9	5.93	5.944182640534137
-1.9527724920522078	-0.9999987182486668	0.05723536882991763	0.1418801641587322	8710191.7	70564.725	5.82	5.858254786139029
-1.9527724920522078	-0.999998678696965	0.08528089473902803	0.1418801641587322	8710191.7	99587.575	5.895	5.900231277727179
-1.9527724920522078	-0.9999984571505893	0.10734963175979237	0.1418801641587322	8710191.7	685917.525	5.92	5.9446303078994625
-2.069936546076708	-0.999998837637963	0.1262335009657615	0.12619378894199412	10284677.5	155517.3	5.99	6.026228320036692
-2.069936546076708	-0.9999987842933338	0.13714411498246515	0.12619378894199412	10284677.5	269183.15	6.055	6.1166766037218645
-0.20873583356055703	-0.999999379835916	0.09177610221828855	0.8116096073474506	20662538.5	367383.5	5.67	5.803166566776757
-0.20873583356055703	-0.9999993548873137	0.10845876124805029	0.8116096073474506	20662538.5	615176.25	5.8500000000000005	5.878773270881352
-0.20873583356055703	-0.9999993350462406	0.11992691461714773	0.8116096073474506	20662538.5	926928.375	5.98	5.982531457492026
-1.2403013277703312	-0.9999992888323029	0.08766478046919456	0.28929703157438613	17380944.666666668	233459.08333333334	5.92	5.942737795854631
-1.2403013277703312	-0.9999992880008086	0.10392445399908766	0.28929703157438613	17380944.666666668	236857.58333333334	5.93	5.9331389754749155
-0.655870665962325	-0.9999993594961779	0.09236806280558328	0.518989998890548	20897814.0	650260.4166666666	5.99	6.007205094640839
-1.8446152190359784	-0.9999989146392986	0.013479948008238513	0.15808613772478944	8946954.8	16491.7	5.71	5.748953359071429
-1.8446152190359784	-0.9999987527745654	0.07262093171368453	0.15808613772478944	8946954.8	70182.575	5.745	5.752882847213057
-1.8446152190359784	-0.9999986339153292	0.07889290935856927	0.15808613772478944	8946954.8	203270.5	5.75	5.751976265836946
-1.8446152190359784	-0.999998760596162	0.08608375973504138	0.15808613772478944	8946954.8	65439.075	5.755	5.757481976695448
-1.8446152190359784	-0.9999987005069887	0.09436004634314904	0.15808613772478944	8946954.8	112027.125	5.76	5.7677470745963895
-1.8446152190359784	-0.9999986915579107	0.09455414643449749	0.15808613772478944	8946954.8	121365.75	5.75	5.821242127073489
