-1.3614183250227867	-0.9999987573342475	0.057317840768752515	0.25629700658452464	9026727.0	74398.5	13.46	13.462026129254221
-1.3614183250227867	-0.9999988702308922	0.020556236044657096	0.25629700658452464	9026727.0	26851.583333333332	13.455000000000002	13.510527169505272
-1.3614183250227867	-0.9999987046222917	0.07063215410701859	0.25629700658452464	9026727.0	119732.16666666667	13.5	13.576190589544852
-1.584068656034549	-0.9999986955145878	0.05794141124509335	0.20513875892077	9555658.0	259163.03125	13.55	13.572988363387564
-1.9729416083417661	-0.9999990309749415	0.06971541741897136	0.13904723153655335	11904519.9	102310.575	13.200000000000001	13.238139895598223
-1.9729416083417661	-0.9999991136170986	0.022283598343724377	0.13904723153655335	11904519.9	38251.45	13.290000000000001	13.327518727941554
-1.9729416083417661	-0.999999044268913	0.047700556916085504	0.13904723153655335	11904519.9	87335.15	13.34	13.386650505902193
-1.9729416083417661	-0.9999990492384873	0.07723880446467453	0.13904723153655335	11904519.9	82318.175	13.540000000000001	13.545430412644532
-1.9729416083417661	-0.9999989690899138	0.04995047100339349	0.13904723153655335	11904519.9	213733.45	13.55	13.553803444984823
-0.7312298468199422	-0.999998453252264	0.07091802641516058	0.4813166801511428	7395937.333333333	92933.41666666667	13.26	13.27353790835557
-0.7312298468199422	-0.9999985533658167	0.044918047352370545	0.4813166801511428	7395937.333333333	44320.083333333336	13.290000000000001	13.299312455516015
-0.7312298468199422	-0.9999985311422547	0.040071250222137554	0.4813166801511428	7395937.333333333	52237.75	13.32	13.337212503412067
-0.7312298468199422	-0.9999983283505872	0.08049317027785066	0.4813166801511428	7395937.333333333	234078.08333333334	13.370000000000001	13.37963439005643
-1.4828894894729683	-0.99999872916319	0.055859394523009094	0.22698088105548922	9396220.42857143	153438.67857142858	13.5	13.523665487830248
-1.4828894894729683	-0.9999987474185484	0.07287814243734457	0.22698088105548922	9396220.42857143	129252.57142857143	13.6	13.605345737332323
-1.4828894894729683	-0.9999987959098572	0.11977624319831896	0.22698088105548922	9396220.42857143	81951.60714285714	13.540000000000001	13.575771348576762
-1.8122559292007887	-0.9999988831337848	0.0605203493115004	0.16328536077935912	10125436.2	81531.55	13.43	13.431467613435833
-1.8122559292007887	-0.999998959711708	0.02290919132846939	0.16328536077935912	10125436.2	37546.9	13.46	13.463586758311124
-1.8122559292007887	-0.9999988422403318	0.07217212625587714	0.16328536077935912	10125436.2	123354.0	13.46	13.464725766733826
-1.8122559292007887	-0.9999989057642039	0.06932080157572888	0.16328536077935912	10125436.2	64834.9	13.43	13.476190732978363
-1.9247688941020507	-0.9999989641788978	0.03452593777014802	0.14590947349991223	11155065.2	104259.925	13.05	13.056204785041224
-1.9247688941020507	-0.9999988835023851	0.05935754682968975	0.14590947349991223	11155065.2	256427.125	13.040000000000001	13.04108194146408
-1.9247688941020507	-0.9999989292465226	0.05085445983861029	0.14590947349991223	11155065.2	153940.025	13.075	13.091405823041805
-1.9247688941020507	-0.9999989618228062	0.057427946451397774	0.14590947349991223	11155065.2	107036.475	13.135000000000002	13.181691716877442
-0.25781319737082775	-0.9999984288170207	0.06135147095266754	0.7727395684083521	7236357.0	86649.75	13.31	13.373054542855101
-1.0127174021198257	-0.9999985491625824	0.05909486790413436	0.3632305936735314	7700038.0	71074.875	13.39	13.395947143976162
-1.0127174021198257	-0.9999985967788403	0.041120633324588866	0.3632305936735314	7700038.0	49258.4375	13.365	13.429773818753619
-1.0127174021198257	-0.999998513542633	0.059741641706364625	0.3632305936735314	7700038.0	93504.75	13.45	13.500553303063358
