-1.9856335681656052	-0.9999994402744603	0.06027937354461911	0.13729360170033766	23569100.9	536180.35	6.86	6.91079259648378
-0.6763492620433766	-0.9999993812579104	0.08460819411974123	0.5084698984283926	23167772.333333332	1680959.4166666667	7.07	7.110143110964524
-0.6763492620433766	-0.9999994369440895	0.10070648194765414	0.5084698984283926	23167772.333333332	462660.5833333333	7.03	7.141269532158294
-0.6763492620433766	-0.9999994352721678	0.07363491996334993	0.5084698984283926	23167772.333333332	480933.25	7.155	7.2144484819891606
-1.9160656207975755	-0.99999934044934	0.05367472059740054	0.14718490569213608	19542386.8	396008.75	6.58	6.58196607088761
-1.9160656207975755	-0.9999993432827764	0.0924006837332316	0.14718490569213608	19542386.8	374676.9	6.630000000000001	6.695841087096036
-1.9160656207975755	-0.9999993551403182	0.07534536055892337	0.14718490569213608	19542386.8	297180.2	6.66	6.711279345608445
-1.9160656207975755	-0.9999993399076779	0.09316423534433257	0.14718490569213608	19542386.8	400222.925	6.745	6.749127171988515
-1.378374588481872	-0.99999942726688	0.03751887931986922	0.2519878042483095	21773518.0	260513.7857142857	6.83	6.909547750068168
-1.7392294286395344	-0.9999994032834647	0.04932203984610982	0.1756557037345484	21453886.8	362901.325	6.84	6.8689137443821915
-1.7392294286395344	-0.9999994157861614	0.06042952032380737	0.1756557037345484	21453886.8	277521.575	6.92	6.9422409003635766
-1.951937598380219	-0.9999993548820431	0.05604262781294867	0.14199866847233628	20153957.6	443156.25	6.76	6.799698442457059
-1.1275718314159258	-0.9999994450353779	0.03577206120389656	0.32381858870083197	22466365.4	259895.3	6.87	6.922545694281665
-1.1275718314159258	-0.9999994470224413	0.04497922109198961	0.32381858870083197	22466365.4	248548.15	6.925	6.9449324795027065
-1.1275718314159258	-0.9999994251314797	0.10420796984866645	0.32381858870083197	22466365.4	406444.95	6.86	6.8837065662014805
-1.6838856859497644	-0.9999994108771116	0.04275884406373641	0.18565119046760042	21479122.3	312962.725	6.79	6.791272090825359
-1.6838856859497644	-0.9999994209870162	0.05737547021474597	0.18565119046760042	21479122.3	251874.625	6.78	6.811485533078168
-1.2666709679259571	-0.9999994485135331	0.03607906011340798	0.2817680771347924	22583737.833333332	256432.79166666666	6.74	6.86039118034479
-1.2666709679259571	-0.999999415219887	0.07349573056706873	0.2817680771347924	22583737.833333332	543899.0416666666	6.82	6.866501315341205
-1.2666709679259571	-0.9999994239620491	0.10146342829782194	0.2817680771347924	22583737.833333332	446452.2916666667	6.9	6.932197207890357
-1.6225145990350416	-0.9999994296327699	0.04957730996616706	0.19740168835909894	22455067.2	364992.375	6.53	6.621618471186076
-1.6225145990350416	-0.9999994398431259	0.05748079514019984	0.19740168835909894	22455067.2	290209.05	6.655	6.726484434566255
