-1.4887719747534078	-0.9999989498623948	0.06142025743557066	0.22564958885608255	12004165.5	298349.90625	8.16	8.19250733385412
-1.4887719747534078	-0.9999989731988591	0.08807620246745936	0.22564958885608255	12004165.5	225457.375	8.215	8.265404170207523
-1.6427276974599798	-0.9999989823765041	0.05472028352825038	0.19345164440465562	12318654.2	278103.425	7.95	7.992170544795488
-1.137301272904828	-0.9999986041479708	0.06410519416342947	0.3206832917658472	8695639.8	186805.1	7.65	7.676814794821989
-1.137301272904828	-0.9999984956056631	0.08259740421964426	0.3206832917658472	8695639.8	480061.35	7.6850000000000005	7.746534182201134
-1.9783315037158948	-0.9999990100292824	0.03749375979829516	0.13829979761130978	12311698.5	196460.35	7.69	7.735262496162403
-1.9783315037158948	-0.9999990121535549	0.07157858776176283	0.13829979761130978	12311698.5	191388.825	7.715	7.7182464195149825
-2.128271783191782	-0.9999986162198279	0.061518819365862204	0.11904284803102048	8781873.6	189506.25	7.3100000000000005	7.330713971165776
-2.128271783191782	-0.9999987337068023	0.031095263473529484	0.11904284803102048	8781873.6	67535.725	7.36	7.3735954876553205
-1.8600731256159444	-0.9999990609660152	0.040116855957276064	0.15566124712722423	13099915.9	219973.35	7.73	7.777205786946931
-1.8600731256159444	-0.9999990690119641	0.0748409579292998	0.15566124712722423	13099915.9	197967.85	7.795	7.796591017515164
-1.8600731256159444	-0.999999079697348	0.08220942348456906	0.15566124712722423	13099915.9	172108.7	7.78	7.795268525221254
-1.9419172825614834	-0.9999989923760383	0.05051084998933879	0.14342869265793545	12828902.8	411147.55	7.67	7.679352085148931
-1.9419172825614834	-0.9999990583556652	0.08307014890347618	0.14342869265793545	12828902.8	176355.65	7.715	7.746903522454431
-1.2799360733391143	-0.9999985745399708	0.06441221416092434	0.278055075017542	8498388.833333334	182427.5	7.79	7.807817813818653
-1.3941101322617182	-0.9999986068998739	0.07118783804726739	0.2480536731449881	8807025.42857143	213003.42857142858	7.76	7.854121341728499
-0.22863388303520255	-0.9999983409110437	0.08956612381923588	0.7956197700838706	7408293.5	217730.5	7.76	7.846299257298155
-0.22863388303520255	-0.9999983778419947	0.080917222354684	0.7956197700838706	7408293.5	165614.25	7.890000000000001	7.906428929755574
-0.9518834900565095	-0.9999985788891063	0.06040227122174702	0.3860132861405171	8516996.5	180518.9375	7.75	7.755506501773211
-1.7059196087131199	-0.9999989920047078	0.060932550967806275	0.18160530354233348	12987876.0	484908.65	8.01	8.013525004302098
-1.7059196087131199	-0.9999990708670512	0.08574574417318495	0.18160530354233348	12987876.0	174112.65	8.02	8.064028900975243
-2.044185639184653	-0.9999987355838942	0.04399317463889866	0.12948559504742496	9430249.2	150806.425	7.4	7.456751302397843
