-1.840919599291992	-0.9999988707489003	0.05021076980031259	0.15867144484673606	11604809.7	491266.525	7.98	7.986575984423053
-1.840919599291992	-0.9999989660438581	0.07354065704303941	0.15867144484673606	11604809.7	162569.05	7.8950000000000005	7.995623605133895
-1.840919599291992	-0.9999989423969505	0.061454335192624984	0.15867144484673606	11604809.7	213902.9	8.040000000000001	8.110279432304141
-1.9659357008027254	-0.9999989056855956	0.06431115531571327	0.14002480397683142	12419420.8	798707.3	8.11	8.128519606087155
-2.0974690814969317	-0.9999990997877436	0.05194177555277385	0.12276674802444545	14100755.2	325679.675	8.24	8.321498280488635
-2.0974690814969317	-0.9999991006022015	0.102566788347351	0.12276674802444545	14100755.2	321960.8	8.440000000000001	8.54248547187688
-2.0016681572208412	-0.999998969974792	0.054067408450963916	0.1351097109040139	12830494.5	548932.6	8.2	8.286055553886612
-2.0016681572208412	-0.9999989525761901	0.10017643171595235	0.1351097109040139	12830494.5	686227.15	8.305	8.45773055746524
-1.7345221251394443	-0.9999987746013624	0.04558655019401345	0.17648451765242398	9669801.1	139993.875	8.55	8.621217319763545
-1.1605541991765849	-0.9999985108657296	0.059240547673874384	0.31331249523195714	8308223.6	236110.75	9.25	9.25188600551469
-1.1605541991765849	-0.9999984258711201	0.11067535061452188	0.31331249523195714	8308223.6	478404.85	9.185	9.193254524847578
-0.2378414796271852	-0.9999986871755888	0.02116167570541539	0.7883276471819974	8196382.0	47117.0	9.195	9.215023083544171
-0.2378414796271852	-0.9999985606633286	0.06515130866015623	0.7883276471819974	8196382.0	132899.125	9.215	9.267971651925055
-1.9275894056239318	-0.9999990375964026	0.03233088917835901	0.14549851397922728	12277725.8	135417.8	8.05	8.080904579979586
