-1.7540777920725783	-0.9999991425206569	0.06874380375275908	0.17306677226986544	14894262.7	352046.925	7.11	7.177537924203722
-1.7540777920725783	-0.9999991695161136	0.07465561651087922	0.17306677226986544	14894262.7	235494.05	7.175	7.179483090594915
-2.0013130610684686	-0.9999992625177655	0.0746535246877485	0.1351576963617256	17603139.9	434521.475	7.53	7.588732600097486
-2.0013130610684686	-0.9999992756944687	0.09119001240439825	0.1351576963617256	17603139.9	344568.675	7.65	7.673244010700719
-2.0013130610684686	-0.9999992576123292	0.11402468154140677	0.1351576963617256	17603139.9	473710.625	7.6899999999999995	7.728435206134719
-0.678934863515211	-0.9999989041356067	0.07565775580847287	0.507156896092507	11300304.0	238851.33333333334	7.45	7.4587014639883495
-0.678934863515211	-0.999998880255073	0.08516974604362398	0.507156896092507	11300304.0	312842.4166666667	7.49	7.500741343235448
-0.678934863515211	-0.9999988919973397	0.12505547911512768	0.507156896092507	11300304.0	273967.0833333333	7.525	7.530880673514515
-0.678934863515211	-0.9999988436132456	0.13983696894416298	0.507156896092507	11300304.0	473316.5833333333	7.515000000000001	7.583499739818001
-2.0642188125593925	-0.9999994097829475	0.06699329969560074	0.12691739812957725	22621270.6	628730.55	7.94	8.114791598804432
-2.0642188125593925	-0.9999994359295843	0.07035126219861722	0.12691739812957725	22621270.6	348010.05	8.165	8.225736708219687
-2.0642188125593925	-0.9999994349106838	0.09119629026362445	0.12691739812957725	22621270.6	356124.45	8.235	8.283416393170128
-1.6351903021968532	-0.9999990506590711	0.07306396172208611	0.19491527496451141	13388766.6	331207.75	7.55	7.6180155815772395
-1.9305154577961816	-0.999999167693954	0.0703734691658425	0.14507339999250243	15411202.1	372068.775	7.4	7.428699870273356
-1.9305154577961816	-0.9999991831440252	0.0856858541987098	0.14507339999250243	15411202.1	293234.85	7.515000000000001	7.5978241297227065
-1.9305154577961816	-0.999999163608376	0.10746499926448988	0.14507339999250243	15411202.1	396248.9	7.655	7.66559454115906
-1.132009338534399	-0.9999990636868431	0.08860746348375619	0.3223848249295909	13831451.4	421075.55	7.46	7.592399454346101
-1.8037162885388014	-0.9999990708818401	0.07310887227904349	0.16468572990011712	14839208.7	972258.75	7.09	7.1008296530052295
-1.8037162885388014	-0.9999991485106059	0.08860035984847665	0.16468572990011712	14839208.7	307252.625	7.1850000000000005	7.190975621129349
-1.8037162885388014	-0.9999991577517681	0.09171843123277476	0.16468572990011712	14839208.7	267879.775	7.2	7.20298876061024
-1.483631567818133	-0.9999989481132855	0.06607777284904613	0.22681250594038155	11894172.0	271391.53125	7.51	7.519874177226526
-1.8913575115945527	-0.9999991354892673	0.06336423626608696	0.15086686624171267	14727268.3	338364.35	7.38	7.490242000041943
-1.8488914815385638	-0.9999991779655224	0.06844790381097225	0.15741156325856834	15675340.4	394615.725	7.19	7.333923405865684
-1.8488914815385638	-0.9999991990846138	0.08269810554240711	0.15741156325856834	15675340.4	283400.9	7.41	7.412048076531549
-1.8488914815385638	-0.9999991900387273	0.09041485404493062	0.15741156325856834	15675340.4	326575.225	7.405	7.430427225267515
-2.0336549685911405	-0.9999993406036032	0.07415835896293005	0.13085637011818396	20248090.0	628766.975	7.73	8.17592441272276
-1.5641110376416423	-0.9999990557471724	0.0641605303193384	0.2092739671873913	13251392.666666666	271756.3888888889	7.43	7.439662184411221
-1.5641110376416423	-0.9999990573642987	0.09404834981012196	0.2092739671873913	13251392.666666666	265994.80555555556	7.505	7.517733059757715
-1.5641110376416423	-0.999999034715403	0.10767280086953263	0.2092739671873913	13251392.666666666	359102.25	7.515000000000001	7.617890765089059
