-1.8294829501183634	-0.9999989604439612	0.06090478190986268	0.16049653103762812	11900147.5	235829.875	10.86	10.874305047148114
-1.8294829501183634	-0.9999989765705911	0.07827573848814878	0.16049653103762812	11900147.5	194649.5	10.91	10.913016915128571
-1.8294829501183634	-0.9999989776684032	0.09545590139681748	0.16049653103762812	11900147.5	192123.1	10.88	10.887494616720078
-1.7716054404602593	-0.9999989687966656	0.04949492625775521	0.17005974874745874	11808059.5	194173.075	10.75	10.848024061662692
-1.7716054404602593	-0.9999988762992169	0.07285752084291691	0.17005974874745874	11808059.5	578806.775	10.83	10.830847731080118
-1.707298477484271	-0.9999989708332336	0.05436723425357346	0.18135506622246403	11911175.4	210782.3	10.700000000000001	10.731325843436462
-1.707298477484271	-0.9999989844309107	0.06952688540037875	0.18135506622246403	11911175.4	179264.2	10.79	10.81665396463999
-2.084710008513613	-0.9999988532320552	0.06309919675377289	0.12434317339963752	10779976.6	233778.025	10.67	10.699980979904511
-1.9290073827326644	-0.9999989002732266	0.06311874629275584	0.14529234662189114	11186274.6	220100.85	10.73	10.741515642324744
-1.9290073827326644	-0.9999989183861531	0.0785822503474027	0.14529234662189114	11186274.6	179732.325	10.725000000000001	10.757883969755577
-2.2044679537439396	-0.9999987398393041	0.05013194314462073	0.11030919929095552	9947941.0	278173.6	10.27	10.317993499346846
-0.7149918709787179	-0.9999988900830453	0.0674496823595607	0.48919608846558255	12277404.0	828107.0	10.870000000000001	10.877850415876658
-2.04972010007471	-0.9999989050380198	0.06082375203368926	0.12877094152097274	11337706.4	246311.775	10.51	10.650465105789515
-2.117363143388331	-0.99999883514393	0.06320675245743418	0.12034855236245118	10674878.1	251372.85	10.700000000000001	10.833352456860576
-2.117363143388331	-0.9999988641535856	0.08451327437683578	0.12034855236245118	10674878.1	184428.4	10.774999999999999	10.778263344625808
