-1.6782642411891828	-0.9999995429578936	0.09603984493987475	0.18669775723216414	29556824.1	735798.65	4.25	4.314082060720911
-1.6782642411891828	nan	nan	0.18669775723216414	29556824.1	nan	4.365	4.410295899837522
-1.6782642411891828	-0.999999573749174	0.07051147802466298	0.18669775723216414	29556824.1	296148.8	4.475	4.5003241173829975
-0.6533780430813358	-0.9999991859513607	0.04035327590568856	0.5202852588634708	15705580.333333334	356861.6666666667	5.18	5.202809429723658
-0.6533780430813358	-0.9999991934414515	0.10719584853809072	0.5202852588634708	15705580.333333334	317256.8333333333	5.195	5.205820832429486
-1.8116043287912014	-0.9999996534383488	0.09395127402766443	0.16339179225895478	39289504.7	819323.6	4.08	4.111748433397199
-1.8116043287912014	-0.9999996440648002	0.0904061981551702	0.16339179225895478	39289504.7	1184127.6	4.125	4.129298100423387
-1.8116043287912014	-0.9999996507479015	0.08243662255204955	0.16339179225895478	39289504.7	910674.55	4.13	4.176149499623303
-1.2303779920381093	-0.9999991797380111	0.0460968536029894	0.29218211429215357	15534419.166666666	341905.8333333333	4.6000000000000005	4.637839351386151
-1.2303779920381093	nan	nan	0.29218211429215357	15534419.166666666	nan	4.5	4.513176431204451
-1.2303779920381093	-0.9999991990849787	0.08606530392718377	0.29218211429215357	15534419.166666666	253152.08333333334	4.62	4.626532136706456
-1.3409948734536725	-0.9999992469490148	0.05407157237633043	0.26158529481664494	17073541.0	383557.28571428574	4.6000000000000005	4.6402820881917695
-1.7713486001346477	-0.9999996276694061	0.08818477197621247	0.1701034325583425	36452783.0	784251.525	4.2700000000000005	4.293190676634075
-1.7713486001346477	nan	nan	0.1701034325583425	36452783.0	nan	4.28	4.284499569697393
-1.9159928404294742	-0.999999714471264	0.08645965452771474	0.14719561825357863	49783230.3	1490380.7	4.08	4.089182480976708
-1.9159928404294742	-0.9999997365651225	0.09676723596959576	0.14719561825357863	49783230.3	496151.775	4.13	4.176739248807528
-1.9159928404294742	-0.9999997296565437	0.09200671672911928	0.14719561825357863	49783230.3	699813.475	4.18	4.198157586158751
-1.626688079947614	-0.9999994741039904	0.09146363548314669	0.19657955295715177	25437960.0	645461.025	3.95	4.09970278160117
-1.626688079947614	nan	nan	0.19657955295715177	25437960.0	nan	4.165	4.1956503108435035
-1.626688079947614	-0.999999514596102	0.06335600906343655	0.19657955295715177	25437960.0	230424.975	4.16	4.19717776992034
-1.626688079947614	-0.9999994935448053	0.09057829449187545	0.19657955295715177	25437960.0	393637.0	4.22	4.240503040503807
-1.8486645719666446	-0.9999996957956017	0.08701144008616515	0.15744728550170867	45096973.3	907724.8	4.2	4.385863477017968
-1.8486645719666446	nan	nan	0.15744728550170867	45096973.3	nan	4.295	4.299138583948578
-1.8486645719666446	-0.9999997177015183	0.07337806835020931	0.15744728550170867	45096973.3	338001.0	4.285	4.292493749667887
-1.4291636621389914	-0.9999993114047416	0.06578015436535135	0.2395091490728722	18992648.0	478420.46875	4.22	4.222640511067642
