-1.8399309599291305	-0.9999993375000645	0.09669255230380036	0.15882839125178727	21013086.8	1111440.8	4.17	4.186011464953505
-1.2059314786812245	-0.9999995137854661	0.07546200591369566	0.2994129727786684	29803866.833333332	1965137.375	4.48	4.497237756138177
-1.2059314786812245	-0.9999995717800019	0.07103553189811593	0.2994129727786684	29803866.833333332	348923.8333333333	4.4350000000000005	4.458648047201977
-1.2059314786812245	-0.9999995485737879	0.09189628824711342	0.2994129727786684	29803866.833333332	696794.125	4.45	4.577843353450839
-1.4083139527765103	-0.9999995284758347	0.0818067968826731	0.2445552674730431	29644325.0	1176453.25	4.42	4.420194512147181
-1.4083139527765103	-0.9999995630770316	0.05888199476018066	0.2445552674730431	29644325.0	421798.96875	4.4	4.400142320191998
-0.6357214208530834	-0.9999993733039767	0.10718291488000906	0.5295533196742965	22397725.333333332	1247390.8333333333	4.48	4.507075398890823
-0.6357214208530834	-0.9999994290840014	0.08787082084295707	0.5295533196742965	22397725.333333332	357616.6666666667	4.54	4.547647499475624
-0.8922490786208487	-0.9999993150841472	0.10364400296650517	0.4097331935213091	20558568.75	1303924.1875	4.475	4.502705654761171
-0.19788119093102116	-0.9999993911878342	0.08053567679925824	0.8204673263065342	22620695.0	957186.25	4.43	4.451872534009829
-0.19788119093102116	-0.9999994701976833	0.05790633807906338	0.8204673263065342	22620695.0	160250.0	4.495	4.51137416431672
-1.4862444176041592	-0.9999995087977321	0.08459304282515213	0.22622065248157325	28414527.222222224	1152310.1875	4.42	4.436340667124439
-1.5539320440418067	-0.9999994880953227	0.08594212649383043	0.21141504407725967	27640018.1	1395905.45	4.4	4.420105561776783
-1.6682287448589626	-0.9999995019780571	0.08661680917558268	0.18858079469394512	28329075.5	1340429.275	4.1850000000000005	4.190543897893522
-1.6682287448589626	-0.9999995443508762	0.0837004066095091	0.18858079469394512	28329075.5	403574.325	4.21	4.243294003200804
-1.875042494374794	-0.9999992762462812	0.10168902608333724	0.15334845025995097	18398880.3	606983.2	4.16	4.178387405918377
-1.875042494374794	-0.9999992937584801	0.11498352176311122	0.15334845025995097	18398880.3	439789.25	4.1850000000000005	4.189944239376098
-1.875042494374794	-0.9999992499173984	0.11377087668277551	0.15334845025995097	18398880.3	985277.875	4.1850000000000005	4.185305565549265
-1.0703277932523456	-0.9999994489267808	0.09157028067996743	0.34289609996704734	25704694.8	1418581.8125	4.45	4.553285290636139
