-1.9812351592196824	-0.9999974895956866	0.010652823078757237	0.13789880509660205	3950162.0	20261.025	12.88	12.95685692017709
-1.9812351592196824	-0.9999972066552204	0.06098158879972849	0.13789880509660205	3950162.0	61954.05	13.075	13.350015413479724
-1.9812351592196824	-0.9999974188914209	0.037885271732658966	0.13789880509660205	3950162.0	26789.35	13.43	13.448393897358635
-2.206034394814625	-0.9999969453025032	0.030024481820494924	0.11013654169499125	3501507.3	44179.8	13.58	13.87048804989912
-2.206034394814625	-0.9999968184687512	0.062039771339924304	0.11013654169499125	3501507.3	68881.325	13.855	13.981457694713447
-2.206034394814625	-0.9999967927684472	0.11260524315291992	0.11013654169499125	3501507.3	75367.5	13.955000000000002	13.973797789454611
-1.756544517073297	-0.9999979460161722	0.009392438397000205	0.17264039023572708	4880356.9	22564.425	13.65	13.75687548809692
-2.105500742400675	-0.9999970218518628	0.02022146673339954	0.12178467624705758	3448060.9	28819.325	13.74	13.745242438060496
-2.105500742400675	-0.9999967872389355	0.06466293272642816	0.12178467624705758	3448060.9	64717.075	13.835	13.899953221711971
-1.822375099627787	-0.9999976542940869	0.00968301138541954	0.16164138027314182	4274604.2	22627.475	13.68	13.68036477378048
-1.822375099627787	-0.9999972587976005	0.06332294792071823	0.16164138027314182	4274604.2	122706.075	13.69	13.693899243561667
-2.2360500933774143	-0.999996958091148	0.030388131200759026	0.10687983709537957	3533907.0	46620.775	13.870000000000001	13.88830790472903
-2.2360500933774143	-0.9999968538832934	0.06111261171826241	0.10687983709537957	3533907.0	67377.675	13.885000000000002	13.941038291630896
-1.4941717047801404	-0.9999981953305715	0.009986201292803846	0.22443442572459052	5679565.571428572	28274.14285714286	13.93	14.267395268547983
-1.4941717047801404	-0.999997954803914	0.0861596837454812	0.22443442572459052	5679565.571428572	110837.03571428571	14.200000000000001	14.224241492414924
-2.2640010129439134	-0.999997367924839	0.03890570568749324	0.10393381122848949	4186739.9	61071.325	14.02	14.098821387892803
-2.2640010129439134	-0.999997127198744	0.10228816685918506	0.10393381122848949	4186739.9	167320.375	14.254999999999999	14.573640352827637
-2.0254683722152755	-0.9999972856072404	0.014932482800765203	0.13193203541474524	3754607.1	26673.9	13.450000000000001	13.672875567915543
-2.0254683722152755	-0.9999970094831926	0.07429873162563962	0.13193203541474524	3754607.1	75222.25	13.775	13.799929146083276
-2.0254683722152755	-0.9999972152693909	0.05221336708373668	0.13193203541474524	3754607.1	34736.3	13.780000000000001	13.813783679116527
