-1.5929491286588529	-0.9999958281760035	0.04898782767586487	0.20332509480446034	2600820.125	51541.59375	14.0	14.033428455190048
-1.6794428426600703	-0.9999956809004473	0.050379883536310045	0.186477844601011	2504813.4444444445	49937.055555555555	13.81	13.902256597737011
-2.023587920004638	-0.999995720081074	0.045855632968528	0.13218036071114592	2493866.4	43196.85	13.0	13.046669619131977
-2.023587920004638	-0.9999956553985614	0.05422896290393351	0.13218036071114592	2493866.4	50758.575	13.120000000000001	13.13856760583007
-2.023587920004638	-0.999995891374038	0.06447419901751945	0.13218036071114592	2493866.4	28178.9	13.115	13.120443015400108
-1.8208960444883902	-0.9999958380877579	0.04961647768797227	0.1618806336782473	2599234.6	49899.5	13.66	13.696752996250025
-2.138492010832356	-0.9999955662229716	0.07312223405225465	0.11783239909324572	2754571.2	201420.4	13.700000000000001	13.717086755032673
-1.8790822168572945	-0.9999957996493308	0.038826518433280346	0.15273021466865505	2501847.1	36629.45	13.13	13.207643761838472
-2.063626269425459	-0.9999959973420834	0.057344573371099945	0.1269926244476337	2692667.4	47944.8	13.11	13.401670617108246
-2.063626269425459	-0.999995761528193	0.07686789757701644	0.1269926244476337	2692667.4	90470.925	13.504999999999999	13.874127839419554
-2.063626269425459	-0.9999961372101954	0.06186091089400833	0.1269926244476337	2692667.4	32898.35	14.004999999999999	14.152885958169596
-2.1720620200993124	-0.9999961979444724	0.0680956453272623	0.11394242294055736	2924983.8	67571.125	13.780000000000001	13.972604162329668
-2.1720620200993124	-0.9999960608546804	0.08230973813854515	0.11394242294055736	2924983.8	100904.15	14.0	14.099529333429853
-2.1720620200993124	-0.9999963500408804	0.08082330975602063	0.11394242294055736	2924983.8	43306.075	14.004999999999999	14.038389595915369
-0.7353881167331684	-0.9999947861982846	0.10837202522996735	0.4793193909930047	2294839.3333333335	157130.33333333334	14.1	14.1245794483839
-0.7353881167331684	-0.999995009020297	0.10910553513624502	0.4793193909930047	2294839.3333333335	94229.25	14.14	14.165390961816081
-0.25938297214256395	-0.999995352998521	0.10764393419729502	0.7715274929204026	2448921.0	87564.25	13.93	14.013099613608519
-0.25938297214256395	-0.9999953977455044	0.09357389852739521	0.7715274929204026	2448921.0	78475.75	14.08	14.11885779443311
-1.9797684225394814	-0.9999954391569333	0.05958896053508333	0.13810121473672765	2530883.2	103048.125	12.9	12.913942843655423
-1.9797684225394814	-0.9999956834773083	0.05859816181087695	0.13810121473672765	2530883.2	55525.45	12.9	12.973264548207732
-1.9797684225394814	-0.9999958952395902	0.06993749445682003	0.13810121473672765	2530883.2	32488.4	12.97	12.982120649830941
