-0.754762904515419	-0.99999593069085	0.03666752877279193	0.4701220653366913	2645020.3333333335	47258.333333333336	16.98	17.043247311827958
-0.754762904515419	-0.9999969900642938	0.004853140413372508	0.4701220653366913	2645020.3333333335	2866.9166666666665	17.215	17.21940843083005
-0.754762904515419	-0.9999962940675798	0.0359809096326458	0.4701220653366913	2645020.3333333335	18073.666666666668	17.28	17.34736786268166
-1.713705919605914	nan	nan	0.180196758988344	10086955.111111112	nan	16.93	17.055931371751388
-1.713705919605914	nan	nan	0.180196758988344	10086955.111111112	nan	17.465	17.76926706911914
-1.8606841340333824	nan	nan	0.15556616584565047	11026433.0	nan	17.91	17.944547586270858
-1.625649203377259	nan	nan	0.19678388096634364	9146883.625	nan	16.995	17.196344937995015
-2.0315965674734517	nan	nan	0.1311260024272121	13350693.7	nan	19.695	19.98770867703759
-1.0427034000773272	-0.9999962066333888	0.035171550848687075	0.3525004429702798	2844197.0	48487.5	17.42	17.526869955701194
-1.0427034000773272	-0.9999964378401679	0.034260108492190404	0.3525004429702798	2844197.0	25120.625	17.61	17.7739180961587
-1.7917654220293018	nan	nan	0.16666567453607853	10308154.9	nan	17.665	17.934020409920322
-1.7917654220293018	nan	nan	0.16666567453607853	10308154.9	nan	17.92	18.044773645634116
-1.9221043685662815	nan	nan	0.1462987714347829	11893267.5	nan	18.55	18.69861671775437
-1.9221043685662815	nan	nan	0.1462987714347829	11893267.5	nan	18.990000000000002	19.41036412497664
-2.0794174407630948	nan	nan	0.12500301265089625	14130861.0	nan	19.69	20.173326710888563
-1.9793041358161667	nan	nan	0.13816534818420556	12450333.8	nan	19.48	19.48253254598257
-2.123708963240325	nan	nan	0.11958726019591438	13965346.8	nan	19.97	20.28304053203081
-2.123708963240325	nan	nan	0.11958726019591438	13965346.8	nan	20.155	20.223085913781762
