-2.1922921475322954	-0.9999975602404985	0.04223737864185748	0.11166051269561825	4680500.4	91060.95	17.105	17.52841331736696
-2.1922921475322954	-0.9999976223238574	0.047440060881333096	0.11166051269561825	4680500.4	68097.75	17.75	17.779499456705437
-2.1922921475322954	-0.9999976908944466	0.07344218656714643	0.11166051269561825	4680500.4	49402.15	17.814999999999998	17.81566855924691
-0.7532731316067893	-0.9999979100801755	0.06582633019228225	0.47082296241248434	6180203.0	406820.0833333333	17.1	17.101009744038418
-2.115994737657901	-0.9999975256256367	0.04570020927854367	0.1205133507409598	4656628.8	100935.1	17.42	17.492416048110833
-2.115994737657901	-0.9999976036931655	0.05137157840231087	0.1205133507409598	4656628.8	70171.475	17.435000000000002	17.564354696947355
-1.5207561669800045	-0.9999979111195011	0.03500147869996186	0.21854656675788045	5399661.714285715	79160.71428571429	16.155	16.516226936447097
-1.5207561669800045	-0.9999978191597709	0.07726777412472396	0.21854656675788045	5399661.714285715	130065.28571428571	16.755000000000003	16.787763366632507
-1.5207561669800045	-0.9999980541226896	0.037750331927764495	0.21854656675788045	5399661.714285715	36572.5	16.825000000000003	16.83483924211939
-1.713476342815734	-0.9999979185970601	0.037824688552239215	0.18023813273091713	5499374.111111111	93564.16666666667	16.94	17.037743406908607
-1.9761661634564545	-0.9999977750621052	0.031236864829181372	0.1385995881881171	5040407.0	74204.425	17.61	17.62656776162225
-1.9761661634564545	-0.9999977375513949	0.06250006971688252	0.1385995881881171	5040407.0	89648.4	17.515	17.57195975428522
-1.9761661634564545	-0.9999979039110362	0.047083989725777785	0.1385995881881171	5040407.0	38758.9	17.685000000000002	17.73149131737313
-1.9206739389818368	-0.9999978769862764	0.027965154100616722	0.1465081912700667	5240481.7	67887.0	17.64	17.765026338354925
-1.62408158095278	-0.9999979058079701	0.042514313124899596	0.1970926057096149	5513712.75	103441.71875	16.85	17.2065550030509
-2.0732830713257413	-0.9999976091839139	0.04207802820918374	0.12577218409014032	4796419.9	95544.5	17.495	17.556598760650658
-2.0732830713257413	-0.9999976508742563	0.05584690440847289	0.12577218409014032	4796419.9	78227.825	17.39	17.49161660204958
-2.0271106710894435	-0.9999976893357059	0.03656797586522669	0.1317155414041115	4897636.5	82189.4	17.7	17.74877602411568
-1.8590312247756016	-0.9999979081300177	0.03331081064200437	0.15582351523037224	5420305.4	83999.175	17.5	17.532842057702606
-0.2706545625038485	-0.9999981004061762	0.0824093200320214	0.7628799782437407	6459765.5	213400.5	17.23	17.231816468759806
-1.398425059067116	-0.9999977860512	0.039725663232122385	0.24698564558901948	5383379.666666667	150019.45833333334	16.12	16.138714423451393
-1.398425059067116	-0.9999978186251367	0.07716431279508527	0.24698564558901948	5383379.666666667	125889.66666666667	16.2	16.38044205408184
-2.290696330779437	-0.9999972369845027	0.03942736271705739	0.1011959714447389	4057014.0	73834.325	17.34	17.560536784368836
-2.290696330779437	-0.9999971756640372	0.05182791361362145	0.1011959714447389	4057014.0	94689.65	17.675	17.68829398459674
-1.790451121638588	-0.9999979435309526	0.03942066256963145	0.1668848673082604	5593198.0	98936.0	17.05	17.339795598083292
-1.790451121638588	-0.9999978994361475	0.07645749778283592	0.1668848673082604	5593198.0	126609.35	17.495	17.542982308253276
-2.22716910691881	-0.9999974729758271	0.04409661772865499	0.10783326289559654	4515021.4	90179.475	17.78	17.792239448261487
-2.22716910691881	-0.9999975472207656	0.047009722585454924	0.10783326289559654	4515021.4	64494.5	17.705	17.712648568495496
-2.22716910691881	-0.9999975903390239	0.07593970243036517	0.10783326289559654	4515021.4	53085.125	17.72	17.814720831854913
