-1.9820008476058606	-0.9999954730808325	0.07176592627506262	0.13779325799632275	2453930.2	66751.275	13.46	13.597044231219284
-1.9820008476058606	-0.9999955715215515	0.06404204938467056	0.13779325799632275	2453930.2	52426.0	13.540000000000001	13.57003777148253
-1.9820008476058606	-0.9999958118220345	0.06839095630177845	0.13779325799632275	2453930.2	29070.0	13.58	13.599122225902617
-2.067155408182028	-0.9999952590795432	0.06635852165555348	0.12654523976055748	2306689.3	56151.725	13.0	13.169236715103072
-2.1737033046721064	-0.9999947162044038	0.0647623298838047	0.11375556438557688	2051657.3	51047.825	13.700000000000001	13.704812059143984
-0.25954789747576545	-0.9999938837473936	0.126331486272196	0.7714002589838966	1868462.0	91855.75	13.9	13.989831407964543
-2.1046637832807087	-0.9999949149099598	0.06923537277558502	0.12188664770953488	2150641.6	56172.825	13.18	13.468726793706614
-2.1046637832807087	-0.9999950043325362	0.06158525727741205	0.12188664770953488	2150641.6	46345.0	13.5	13.547065153460702
-1.4905450325023326	-0.9999956962987099	0.09908674163347855	0.22524985358560082	2681847.8571428573	102935.96428571429	14.09	14.164824674220439
-1.4905450325023326	-0.99999586634204	0.0764189478070179	0.22524985358560082	2681847.8571428573	65239.892857142855	14.175	14.206912978595481
-2.1402060250410058	-0.9999945483852394	0.053737411485554776	0.11763060567475699	2137235.9	114849.525	13.530000000000001	13.551876782255299
-1.368661251071559	-0.9999951988041295	0.10197415418631307	0.2544473727856943	2397524.0	99804.875	13.98	14.074057334585284
-1.0181132235837334	-0.9999943831402016	0.11997262946981056	0.36127594445140077	2034110.25	91610.5	14.09	14.119097734119189
-1.0181132235837334	-0.9999946583709317	0.07934266544222848	0.36127594445140077	2034110.25	52336.1875	14.08	14.092619891922391
-1.8210034779341275	-0.9999956144970649	0.08804180507987842	0.16186324321814824	2594053.2	87222.4	13.620000000000001	13.757313606321839
-0.7354341612856032	-0.9999943984244131	0.13231640243050705	0.4792973214542679	2057150.6666666667	101040.33333333333	14.1	14.120738946165673
