-1.488156522119575	-0.9999980386132846	0.03755062190105527	0.22578850823463106	5954343.714285715	118038.03571428571	13.5	13.65277257833161
-1.488156522119575	-0.9999981834003978	0.03151345398913919	0.22578850823463106	5954343.714285715	49843.25	13.75	13.859583432482816
-0.7333390276670586	-0.9999976325921486	0.061078216765204564	0.480302566078912	5116861.0	182351.5	13.99	13.9941710926322
-0.7333390276670586	-0.9999978565702611	0.05157970512408304	0.480302566078912	5116861.0	57966.166666666664	13.985	14.006126656848306
-1.0161748056567295	-0.9999975371074356	0.061768835463470895	0.36197692739818277	4809215.0	139326.125	13.98	13.991914893617022
-0.2566058376839095	-0.9999978598824789	0.07771154217440351	0.7736731064564348	5795450.0	243516.5	13.844999999999999	13.865354883157202
-0.2566058376839095	-0.9999980340634198	0.0378974489938634	0.7736731064564348	5795450.0	88740.875	14.025	14.061792914832788
-2.021092586001254	-0.9999975460637	0.01569319936646972	0.13251060672550088	4208173.1	30532.775	12.51	12.576928075848429
-2.021092586001254	-0.9999974835713584	0.029694014230769582	0.13251060672550088	4208173.1	39717.3	12.47	12.513941041343546
-2.165101079575586	-0.9999966419985937	0.017776338492720166	0.11473833630877608	3013478.5	24815.525	12.09	12.174242425057134
-2.1954758030031343	-0.99999655104138	0.015310879623111019	0.11130558937007363	2887666.9	21150.025	12.290000000000001	12.298970061040597
-1.7517256918089499	-0.9999977047250215	0.03784035014775905	0.17347432178131028	5194175.4	150550.55	13.82	13.822337577856924
-2.098309666148818	-0.9999970276454181	0.016378766720747076	0.12266359554056533	3407604.6	25048.5	12.15	12.193513618908314
-1.215080275116562	-0.9999979342940857	0.047994191288102034	0.29668619681905084	5740127.4	141125.95	14.184999999999999	14.3961768700824
