-1.0155416763509018	-0.999993543726726	0.06386707364153149	0.36220617816398315	1653584.0	43302.5625	13.5	13.542149120986322
-1.866104954061864	-0.9999951451121561	0.01554090081149948	0.1547251512120192	2067593.0	22877.025	12.030000000000001	12.032226865731587
-1.866104954061864	-0.9999957564295648	0.00706526379357108	0.1547251512120192	2067593.0	6462.825	11.975000000000001	12.140281545298613
-1.866104954061864	-0.999995049542079	0.07871923558302721	0.1547251512120192	2067593.0	27875.3	12.21	12.241333691375576
-1.8088882959881905	-0.999994896121806	0.037351605196631464	0.1638361729295351	1985355.9	25159.1	12.200000000000001	12.281644201124756
-1.9181951120855096	-0.9999953517685536	0.0392612848129642	0.14687181020312437	2228915.0	31586.375	12.24	12.430086947025156
-1.4847452684241393	-0.9999930217948707	0.0640192893741	0.2265600453239313	1521951.142857143	40964.57142857143	13.09	13.109959788219035
-2.009578092253728	-0.9999957013870612	0.031436029633125924	0.13404521745564157	2373820.5	27013.675	12.15	12.190705832808895
-2.1549236700307794	-0.9999956921049048	0.052211730693255874	0.11591203783750066	2515131.7	50762.025	12.200000000000001	12.340136546672488
-2.1549236700307794	-0.9999955198600735	0.08107755986023653	0.11591203783750066	2515131.7	78286.4	12.36	12.364606401904789
-2.1549236700307794	-0.9999957768453861	0.11137130860688575	0.11591203783750066	2515131.7	41017.975	12.405000000000001	12.434628885937324
-2.0498957552233343	-0.9999958897872676	0.03454167066391064	0.12874832422858148	2513852.8	30712.875	12.24	12.286563527579187
