-1.8575486271775328	-0.9999972717575901	0.02087700563464818	0.1560547101419366	3778920.3	30024.75	11.934999999999999	12.17435290853904
-2.0026454405150185	-0.9999979379270575	0.01687529990323404	0.13497773494012266	4965037.3	27951.7	11.280000000000001	11.40593254914428
-2.0026454405150185	-0.9999979140533948	0.03417648521760096	0.13497773494012266	4965037.3	31469.4	11.425	11.581866619801646
-1.3609830831636622	-0.9999967683002063	0.022076266009797046	0.2564085820495537	3426288.8333333335	64390.5	11.98	12.015438582707116
-1.3609830831636622	-0.9999968532150098	0.048685136774364944	0.2564085820495537	3426288.8333333335	48135.416666666664	12.02	12.261969012670932
-1.3609830831636622	-0.9999967640268072	0.1405556595270516	0.2564085820495537	3426288.8333333335	65340.25	12.395	12.40559063328998
-1.4801829115663512	-0.9999971186595795	0.006076362619610401	0.22759605462543395	3154714.285714286	8863.464285714286	12.41	12.424609605134567
-2.1466520547131753	-0.9999981206901193	0.019830394471158405	0.11687479390983216	5598805.4	37118.225	11.65	11.763948846329304
-2.1466520547131753	-0.9999981180992134	0.037835201889680495	0.11687479390983216	5598805.4	37660.6	11.725000000000001	11.799415773150077
-1.6632812760804632	-0.9999970849202785	0.009113582782150942	0.189516104087097	3237295.888888889	12542.722222222223	12.07	12.138997777485443
-1.6632812760804632	-0.9999967471837341	0.04481738871314051	0.189516104087097	3237295.888888889	37432.77777777778	12.05	12.070470961075015
-1.800833077948386	-0.9999978970615238	0.0010808091472391834	0.16516123870726487	3508324.3	1599.05	11.305	11.413566200613525
-1.800833077948386	-0.999996973682099	0.04978341731271663	0.16516123870726487	3508324.3	40834.4	11.525	11.676937981068772
