-1.5161565246214284	-0.9999979091701097	0.02110836414826611	0.2195541182154705	5158589.857142857	48325.42857142857	16.43	16.448242637644046
-1.5161565246214284	-0.999997843036809	0.0384801966165488	0.2195541182154705	5158589.857142857	67973.53571428571	16.555	16.762956128694288
-1.237524211962526	-0.9999978468216411	0.029288011547811996	0.29010155955053457	5207219.2	74017.6	16.25	16.252342383801196
-1.237524211962526	-0.9999978553004395	0.03200173048031221	0.29010155955053457	5207219.2	70820.7	16.330000000000002	16.395308209370235
-1.0362700898032111	-0.9999978398526478	0.030725708103479254	0.3547754979122766	5228547.75	80372.0	16.65	16.784260301885954
-2.1932331293300407	-0.9999990950716393	0.047014986720706246	0.11155549160486143	14071300.7	338918.9	20.66	21.05250482178064
-2.295155323729046	-0.9999991050971339	0.028147083801245348	0.100745743848352	13697151.7	210578.875	18.88	19.3150678366928
-2.295155323729046	-0.9999991495777132	0.03597486489252149	0.100745743848352	13697151.7	114502.775	19.240000000000002	19.57738924902565
-2.295155323729046	-0.9999992157268351	0.022769224455515283	0.100745743848352	13697151.7	46271.75	19.689999999999998	20.09599427307395
-2.067391691593091	-0.9999987587970746	0.060349681012528605	0.1265153427518758	10094319.0	276259.15	18.25	18.85713532514398
-2.067391691593091	-0.9999987752787932	0.0677166435016879	0.1265153427518758	10094319.0	233917.15	19.16	19.22102517795694
-2.067391691593091	-0.9999988714006358	0.06995538861314315	0.1265153427518758	10094319.0	88648.175	19.28	19.407390608462833
-1.784114963960681	-0.9999983112156324	0.04168143805559064	0.16794563318263292	6914102.2	117761.8	16.27	16.744647422151502
-1.784114963960681	-0.9999982533471778	0.06718941480338839	0.16794563318263292	6914102.2	175699.5	16.924999999999997	17.234968357391285
-2.0209466982047184	-0.9999986838439799	0.05885269138332326	0.1325299398161304	9411602.8	239697.625	17.8	18.20195742721964
-2.0209466982047184	-0.9999986988812726	0.061727717196998634	0.1325299398161304	9411602.8	208065.425	18.29	18.367455430919847
-2.1113124710968325	-0.9999989282861974	0.057673247279894854	0.12107894948200203	11798393.3	310052.75	19.61	19.877088307889135
-2.1113124710968325	-0.9999989363758872	0.0760220977396162	0.12107894948200203	11798393.3	281827.95	19.795	20.09416899208978
-2.1113124710968325	-0.9999990125234032	0.06169046814906731	0.12107894948200203	11798393.3	114763.475	20.285	20.95893177311378
-0.26678273564507926	-0.9999974229778105	0.0566868379778186	0.7658394430039741	4645868.5	158340.0	16.29	16.716080834495052
-2.3256108449984696	-0.9999991246517409	0.027691187189705282	0.09772373176295124	14026624.2	214953.375	20.05	20.347861800763503
