-1.4335636618733203	-0.999997255336152	0.07406376083666676	0.2384576239322118	4200424.571428572	101594.39285714286	9.995000000000001	10.089059767378778
-1.170607918774714	-0.9999971227369369	0.08378871304090323	0.3101783207136355	3990336.2	96880.8	9.72	9.77727751556194
-1.170607918774714	-0.9999970992120393	0.09369840861460242	0.3101783207136355	3990336.2	106415.85	9.790000000000001	9.81126577897079
-1.170607918774714	-0.9999972111132093	0.08635836252966561	0.3101783207136355	3990336.2	68089.7	9.790000000000001	9.83473997069638
-1.170607918774714	-0.9999970270743112	0.10723358692333965	0.3101783207136355	3990336.2	141912.5	9.81	9.846845010242093
-0.9802999177111938	-0.999997301508546	0.08738411098258204	0.37519855328369456	4302860.5	110329.125	9.81	9.887059036735158
-2.0935154968688536	-0.9999975884582529	0.07066401674493554	0.12325307749114818	4787341.4	103245.4	9.0	9.046963291821344
-2.1512891397455016	-0.9999972188228643	0.07114040312918452	0.11633409016583147	4319784.1	165062.375	9.0	9.030997602021028
-2.1512891397455016	-0.9999974913868132	0.06924941097869527	0.11633409016583147	4319784.1	50850.625	9.040000000000001	9.056627862744008
-2.1512891397455016	-0.9999973825348801	0.06335565887465569	0.11633409016583147	4319784.1	81378.95	9.08	9.087916600525904
-1.316318820896317	-0.9999968425584671	0.08947169036724953	0.2681204870661788	3985235.8333333335	291602.1666666667	9.86	9.864849176658069
-1.316318820896317	-0.9999971521803772	0.1019173282311554	0.2681204870661788	3985235.8333333335	84899.29166666667	9.85	9.89422897738412
-1.316318820896317	-0.9999970117057232	0.11122526855048166	0.2681204870661788	3985235.8333333335	148605.54166666666	9.885000000000002	9.901408370090955
-1.6874882601093302	-0.9999972137244063	0.0749010722810392	0.1849835715814627	4131130.9	99753.675	9.950000000000001	9.98167826860396
-1.6874882601093302	-0.9999972648571731	0.10001523907514358	0.1849835715814627	4131130.9	80758.675	9.985	10.071206677552915
-1.9080661551676017	-0.9999974179831246	0.07061572150002021	0.14836702815667976	4448213.1	97280.225	9.74	9.823272711961133
-1.9080661551676017	-0.9999974536434553	0.08581560082062246	0.14836702815667976	4448213.1	83010.675	9.870000000000001	9.90633542123769
-2.203470802638424	-0.999997100787796	0.06701058389106379	0.11041924908999777	3938779.8	91066.7	9.08	9.087122104844221
-2.123310373612056	-0.99999745666964	0.06990354233485864	0.11963493593839863	4530739.7	101028.5	9.03	9.035359498565082
-2.123310373612056	-0.9999975416970259	0.0686150440083598	0.11963493593839863	4530739.7	68728.3	9.075	9.07658507223114
-1.9911745099292268	-0.9999976157776248	0.06545197262131562	0.13653496955802016	4865859.9	109237.85	9.450000000000001	9.462041001309267
-1.5313761334214029	-0.9999971846035679	0.07259041631865372	0.21623789028474294	4090207.0	100262.21875	9.98	9.989553186933126
-1.5313761334214029	-0.9999972630255836	0.10116417723653265	0.21623789028474294	4090207.0	72749.5625	9.94	9.958100594075605
-1.614829040999904	-0.9999971564728403	0.07184303224396917	0.19892467549761902	4041691.0	97992.66666666667	9.96	9.978953571536337
