-0.6908101071894123	-0.999994149846228	0.12687375200382486	0.5011699032276139	1919223.6666666667	75187.5	8.41	8.424774540909528
-0.6908101071894123	-0.9999945236981268	0.1384713466345773	0.5011699032276139	1919223.6666666667	36688.583333333336	8.42	8.429941186442436
-0.6908101071894123	-0.9999944126617437	0.08921724287452856	0.5011699032276139	1919223.6666666667	45402.833333333336	8.465	8.49659993174838
-0.6908101071894123	-0.999994301670155	0.10043547902692962	0.5011699032276139	1919223.6666666667	56182.0	8.53	8.539270560883464
-2.0641425643028546	-0.9999951905977641	0.0710425810875039	0.12692707572885428	2283909.8	58936.975	8.55	8.581941433732649
-1.959955715678345	-0.9999946297710458	0.10706995468377083	0.14086465887878571	2079131.4	70643.225	8.700000000000001	8.707231651708165
-1.9199423860452915	-0.9999944258002222	0.10941344397268873	0.14661540898055217	2005287.9	71529.225	8.67	8.68932996277571
-1.9199423860452915	-0.9999947523350576	0.09495091918419991	0.14661540898055217	2005287.9	37162.375	8.684999999999999	8.697624082695494
-1.9199423860452915	-0.9999944931553073	0.1442991491949841	0.14661540898055217	2005287.9	62491.95	8.71	8.731325344232372
-1.148697941633068	-0.9999940750387308	0.12110861405447824	0.31704931745645476	1879015.2	68396.55	8.540000000000001	8.560369230624154
-1.148697941633068	-0.999994250964386	0.0780841604845488	0.31704931745645476	1879015.2	49143.75	8.58	8.593761263922332
-1.148697941633068	-0.9999943765548774	0.081060574416895	0.31704931745645476	1879015.2	38813.1	8.61	8.617272822680999
-0.23420143904588983	-0.9999941595543407	0.11412784226427095	0.7912024207811751	1914461.0	71775.0	8.45	8.49134584606431
-1.9970981276172766	-0.9999953215600477	0.07338548605103404	0.1357285793289884	2365806.8	64104.475	8.700000000000001	8.799000999748264
-1.292731288264905	-0.9999937266810083	0.12110958788855118	0.27451996504723686	1771229.3333333333	66934.625	8.6	8.63309059516555
-1.292731288264905	-0.9999940113399992	0.12510702165189855	0.27451996504723686	1771229.3333333333	40427.5	8.63	8.643111708628696
-1.7218512113930284	-0.9999942528468272	0.12154120970634145	0.17873496525750465	1955912.9	76184.85	8.6	8.664204179462212
-1.6587056713259594	-0.9999939009642631	0.12174660297054747	0.1903852417729102	1822015.1	67004.85	8.49	8.512266428226084
-1.6587056713259594	-0.9999941602553003	0.11112694586853815	0.1903852417729102	1822015.1	41776.075	8.515	8.561972484498257
-1.6587056713259594	-0.9999941515401991	0.10315513924385343	0.1903852417729102	1822015.1	42444.75	8.55	8.558675330597355
-1.6587056713259594	-0.999993994989663	0.11373336562032114	0.1903852417729102	1822015.1	56455.15	8.540000000000001	8.54168942058013
-2.1759280177347087	-0.9999952109301136	0.052324031932547886	0.11350277219485204	2220583.6	41543.9	8.03	8.066992002611393
-2.1759280177347087	-0.9999946972028684	0.0906725766177968	0.11350277219485204	2220583.6	130000.9	8.04	8.044503621438919
-2.0946199923471993	-0.9999946800784132	0.09238785164116187	0.1231170201755435	2268859.7	174582.025	8.5	8.503685183724683
-2.0946199923471993	-0.9999951158708428	0.15238700777056197	0.1231170201755435	2268859.7	64951.0	8.535	8.535996168582376
-2.031828208247372	-0.9999952180058298	0.07070432945519894	0.1310956318162004	2295290.0	58456.975	8.555	8.560795631825274
-2.031828208247372	-0.9999955131686888	0.06312351410112979	0.1310956318162004	2295290.0	29689.4	8.56	8.573787365216614
