-1.985734161339018	-0.9999960541907215	0.09794147318526311	0.13727979159586606	2794053.2	61376.65	6.8500000000000005	6.892797762667252
-1.985734161339018	-0.9999958871337926	0.1194735760321012	0.13727979159586606	2794053.2	97885.8	6.9350000000000005	6.935223524935671
-1.985734161339018	-0.9999960201404999	0.1347223597109437	0.13727979159586606	2794053.2	67502.8	6.9350000000000005	6.96931380250793
-0.938762950495323	-0.9999931371171054	0.08495256234142284	0.3911113603392722	1538121.75	38404.25	6.97	6.975493809147427
-0.6738849147592734	-0.9999936184200907	0.11557985638486193	0.5097244900814707	1694626.6666666667	49730.583333333336	6.88	6.915949424383095
-1.9157366229747836	-0.9999951346625667	0.1043865272212046	0.1472333371721455	2505342.6	196679.75	6.78	6.782631736326648
-1.9157366229747836	-0.999995783483517	0.10984658004785754	0.1472333371721455	2505342.6	38707.65	6.745	6.785430950997482
-1.9157366229747836	-0.9999952176579453	0.15959047016717626	0.1472333371721455	2505342.6	159755.375	6.8100000000000005	6.832550189698537
-1.3754667512443144	-0.9999937173047098	0.059544252935032495	0.2527216101459112	1616650.857142857	25767.928571428572	6.78	6.823020665634674
-1.3754667512443144	-0.9999937567161269	0.07036076516672127	0.2527216101459112	1616650.857142857	24177.285714285714	6.795	6.8249870583514936
-1.3754667512443144	-0.9999927697140241	0.14127066500385238	0.2527216101459112	1616650.857142857	119233.57142857143	6.83	6.902437728240983
-1.7375465916714996	-0.99999222630074	0.11088715033853454	0.17595155250924774	1550742.8	171957.45	6.94	6.949089525741821
-2.129003860590274	-0.9999956034862871	0.08482724746843659	0.11895573134449418	2669427.0	125011.925	6.86	6.865776775205963
-2.04791506444948	-0.9999964049580573	0.08059192367978989	0.1290035875619422	3115457.7	73144.15	7.01	7.142171397894942
-1.6819797497463165	-0.9999921846394583	0.10540983098088066	0.1860053672046436	1534660.7	161768.325	6.84	6.871535105704883
-0.22443317414341882	-0.999994056163355	0.13857427439313474	0.7989689667015674	1861131.5	63719.5	6.92	6.921838221199923
-0.22443317414341882	-0.9999943953565159	0.12841959684752954	0.7989689667015674	1861131.5	33892.5	6.91	6.921480667270141
-1.6203124861599907	-0.9999935796991519	0.06849310091604793	0.19783686814023108	1606533.9	30163.8	6.7700000000000005	6.815379283788987
-1.6203124861599907	-0.9999935709944491	0.08635168736491934	0.19783686814023108	1606533.9	30588.6	6.84	6.8435629389519175
-2.0177594979297186	-0.9999959743475478	0.10643863622923258	0.13295301312830635	2764217.7	68034.15	6.97	6.983934417895273
-2.0177594979297186	-0.9999959384126488	0.11954892661048204	0.13295301312830635	2764217.7	75139.25	6.95	6.957666475315729
