-2.0812824092336997	-0.9999991537518863	0.029557122466897994	0.1247701032254462	13622045.8	101480.375	10.74	10.837101618862675
-2.1444340417438212	-0.9999988480598412	0.02599313361403666	0.11713431141872187	9720928.6	72978.075	10.515	10.532966192319765
-2.1444340417438212	-0.999998698993435	0.061806998884982235	0.11713431141872187	9720928.6	310826.05	10.535	10.543158795462974
-2.1444340417438212	-0.9999987971478403	0.07347141310511934	0.11713431141872187	9720928.6	119710.5	10.52	10.539029318522092
-2.1444340417438212	-0.9999987628113828	0.04989849233866732	0.11713431141872187	9720928.6	167144.875	10.57	10.583478128445446
-0.9837088763618587	-0.9999982627059791	0.08474916454837002	0.37392169454561247	7001758.75	191780.8125	10.44	10.486667464305656
-1.696598933733954	-0.9999988420604986	0.08730876962178184	0.18330590059575336	11817117.2	876336.7	10.83	11.034897309829955
-1.696598933733954	-0.9999989386779173	0.11579756842050805	0.18330590059575336	11817117.2	279781.4	10.81	11.08124172580409
-1.7625285064419187	-0.9999990314070891	0.07350502728719117	0.1716103967844027	12874926.2	260552.175	11.07	11.115904050944398
-1.5388633711622062	-0.999998566601426	0.09628397650787475	0.21462491170378498	8758236.875	283237.40625	10.46	10.641756472906497
-1.5388633711622062	-0.9999985151844776	0.09826528105467475	0.21462491170378498	8758236.875	444348.21875	10.715	10.734453154480153
-1.5388633711622062	-0.9999986243033059	0.11653654774719846	0.21462491170378498	8758236.875	170872.28125	10.695	10.711141688363199
-1.5388633711622062	-0.9999985659273922	0.1004677451240323	0.21462491170378498	8758236.875	284914.40625	10.73	10.776946935640172
-1.6233635356036646	-0.9999988019757653	0.10039631107807571	0.19723417796005505	10556172.111111112	310688.72222222225	10.71	10.775910525987916
-1.6233635356036646	-0.9999988337210656	0.09729661333079585	0.19723417796005505	10556172.111111112	222223.0	10.885	10.937906491311196
-1.6233635356036646	-0.9999988211572527	0.11994613687693681	0.19723417796005505	10556172.111111112	253739.38888888888	10.945	11.042262006870743
-2.1138094576499733	-0.9999990613316756	0.01697389730595483	0.12077699411940652	11599586.8	53537.95	10.450000000000001	10.50221949141434
-2.045777390895278	-0.9999991511916255	0.04527539743358321	0.129279650080117	14213597.1	173618.3	10.78	10.798047255979046
-2.045777390895278	-0.999999129729307	0.08516061228065366	0.129279650080117	14213597.1	235548.65	10.805	10.862900170566963
-1.1755395939978617	-0.9999984555234573	0.08249952122672041	0.308652387770196	7883704.4	194112.15	10.3	10.39029508801032
-1.1755395939978617	-0.9999984899582323	0.097007560886893	0.308652387770196	7883704.4	147962.8	10.35	10.367433397683397
-1.1755395939978617	-0.999998348518247	0.11153939814166895	0.308652387770196	7883704.4	451256.75	10.4	10.51052937876903
-1.323221773645411	-0.9999984782098931	0.08065341094921195	0.266276037411417	8068248.333333333	214953.25	10.540000000000001	10.601522579851391
-1.9672055094794452	-0.9999991277454883	0.04909953793949576	0.1398471121070008	13925945.2	188520.725	10.790000000000001	10.799980702137239
-1.9672055094794452	-0.9999991175057982	0.08221144045623005	0.1398471121070008	13925945.2	217414.575	10.735	10.760436044447735
-1.9672055094794452	-0.9999991022114929	0.09742429593895069	0.1398471121070008	13925945.2	269022.375	10.82	10.82504541565929
-1.9672055094794452	-0.9999991147937652	0.045704125968505524	0.1398471121070008	13925945.2	225782.875	10.83	10.866029809280672
-2.201017761039581	-0.9999985578572644	0.035976224018948226	0.11069044459226149	7810065.6	77902.75	10.42	10.471935859535966
-2.201017761039581	-0.9999983990998715	0.06663548762096579	0.11069044459226149	7810065.6	269178.85	10.49	10.491807364520252
-2.201017761039581	-0.9999985248635449	0.07309062242635206	0.11069044459226149	7810065.6	100800.9	10.47	10.489103131958183
-2.201017761039581	-0.9999985323413665	0.035514228520328164	0.11069044459226149	7810065.6	95082.45	10.49	10.55061164175707
-1.440970130328261	-0.9999984496841043	0.08136097889145665	0.23669801933439008	7893785.142857143	206458.7142857143	10.370000000000001	10.422784459252037
-1.440970130328261	-0.9999985118264069	0.08227154862636775	0.23669801933439008	7893785.142857143	126413.64285714286	10.39	10.447564853136717
-1.440970130328261	-0.9999984722731377	0.12842376913818085	0.23669801933439008	7893785.142857143	172739.82142857142	10.47	10.504046660910936
-0.7089139841215905	-0.9999982309984862	0.08342607659522348	0.4921784209009983	6726416.333333333	147124.41666666666	10.290000000000001	10.297623439483099
-0.7089139841215905	-0.9999982056109228	0.10336381946492713	0.4921784209009983	6726416.333333333	174521.33333333334	10.285	10.308567465906288
-0.7089139841215905	-0.9999982096389726	0.10947254457423503	0.4921784209009983	6726416.333333333	169856.25	10.34	10.386782828794383
-1.8745691449297708	-0.9999990489489271	0.07324329313916583	0.15342105484609125	13877970.5	539639.65	11.115	11.133015133099326
