-1.9832796446016252	-0.9999979084129337	0.04723672297078639	0.13761716101210567	5319132.6	67874.4	9.33	9.405505205029199
-2.1972600890682394	-0.99999690193644	0.052509404570981764	0.11110716543316823	3545219.5	58882.45	9.05	9.056969396429583
-2.1972600890682394	-0.9999969704558542	0.06358584661874175	0.11110716543316823	3545219.5	46183.475	9.05	9.077574521287096
-2.1972600890682394	-0.9999970925333143	0.04326634167335211	0.11110716543316823	3545219.5	29958.675	9.09	9.099156860030458
-2.1972600890682394	-0.9999967691080646	0.09238832675004498	0.11110716543316823	3545219.5	94297.55	9.075	9.135810046805467
-1.4272478932661077	-0.9999985236213624	0.05594587186923082	0.2399684330459358	8047499.857142857	144516.64285714287	9.35	9.354342087234528
-1.4272478932661077	-0.9999985336515488	0.06997724838998988	0.2399684330459358	8047499.857142857	133309.85714285713	9.355	9.40351906654469
-1.4272478932661077	-0.9999984250168966	0.08905680401958513	0.2399684330459358	8047499.857142857	319551.3214285714	9.42	9.447654890403145
-1.5241135310290355	-0.9999985795690959	0.05591819548228829	0.2178140567111211	8334761.75	138544.375	9.5	9.515608591391358
-1.5241135310290355	-0.9999985770345813	0.07039154496385308	0.2178140567111211	8334761.75	141502.21875	9.565000000000001	9.614695050882808
-1.5241135310290355	-0.9999985859844409	0.08916317829003435	0.2178140567111211	8334761.75	131330.875	9.65	9.676848997100528
-1.5241135310290355	-0.9999985038136429	0.1072240547191253	0.2178140567111211	8334761.75	260498.65625	9.684999999999999	9.70761045744179
-1.9434907843072882	-0.9999981100147743	0.0448101146203201	0.1432031848246524	5876292.2	66575.4	9.3	9.327206735213334
-1.9434907843072882	-0.9999979010188796	0.07022737844225115	0.1432031848246524	5876292.2	227344.55	9.305	9.313284989823101
-1.9434907843072882	-0.9999980343716106	0.097608985111764	0.1432031848246524	5876292.2	103839.025	9.3	9.322012349463543
-1.744777996992475	-0.9999983722656983	0.044790029444211586	0.17468376498364754	6980031.9	85959.0	9.52	9.536225948293918
-1.165979672953004	-0.9999985334692141	0.05524340584985337	0.31161722947366133	8225961.0	173445.6	9.48	9.480859895333522
-1.165979672953004	-0.9999985500508974	0.07960562155720022	0.31161722947366133	8225961.0	151330.0	9.425	9.431759296882573
-1.8532235370753365	-0.9999981171323838	0.05291517993385179	0.1567311225420242	6412316.4	175174.375	9.52	9.575979378700193
-1.8532235370753365	-0.9999982035709379	0.0887119807370978	0.1567311225420242	6412316.4	100635.625	9.59	9.619229122055675
-2.0201733383729734	-0.9999977289445506	0.04973176991706259	0.13263247279041937	4913840.0	70234.075	9.32	9.32152549045957
-2.0201733383729734	-0.9999977207939016	0.05653585430261376	0.13263247279041937	4913840.0	73104.15	9.295000000000002	9.303636025150585
-2.1165742823477816	-0.999997375414735	0.04110975488835887	0.12044352810310205	4148141.8	53483.75	8.93	8.99350101609771
-2.1165742823477816	-0.9999973174831219	0.06575014020106007	0.12044352810310205	4148141.8	68012.425	9.01	9.04589627064849
-2.1718133309654606	-0.9999970942732531	0.04512656678695272	0.11397076270677735	3740451.3	52507.45	8.92	8.985278258141967
-2.1718133309654606	-0.9999968585829673	0.06214555904575075	0.11397076270677735	3740451.3	126792.8	8.97	8.972960039232305
-2.1718133309654606	-0.9999972337025358	0.046412034882725335	0.11397076270677735	3740451.3	31168.675	8.950000000000001	8.964651304497954
-2.1718133309654606	-0.9999969996776071	0.07423772786778185	0.11397076270677735	3740451.3	74798.0	8.965	9.008181538167209
