-1.953687543039627	-0.9999980015278817	0.0681417286716847	0.1417503959557395	5824216.3	113496.25	10.19	10.227666714376095
-1.953687543039627	-0.9999979670327314	0.13667662094482436	0.1417503959557395	5824216.3	138750.675	10.245000000000001	10.273144971696317
-1.7521255078739437	-0.9999978400795706	0.07190408150935187	0.17340497782393605	5928945.0	364414.3	10.190000000000001	10.205051990524519
-1.7521255078739437	-0.9999979129756423	0.06774396372038782	0.17340497782393605	5928945.0	236534.275	10.215	10.217051088707795
-1.61439224001968	-0.9999978099700527	0.06709128936727425	0.19901158497055682	5805254.222222222	332261.5	9.98	10.222355891666924
-1.61439224001968	-0.9999980336539048	0.051774296593055935	0.19901158497055682	5805254.222222222	90683.25	9.96	10.3262438375669
-1.9100366761520193	-0.9999979436086902	0.06849883125359728	0.14807495567628579	5640743.2	109050.475	10.1	10.129834929649093
-1.9100366761520193	-0.9999979159249054	0.1305032083942182	0.14807495567628579	5640743.2	127481.25	10.120000000000001	10.127074366077137
-2.1300799685398872	-0.9999981432670764	0.07054393607571043	0.11882779098750632	6210748.3	101894.275	10.120000000000001	10.139006753650861
-2.1300799685398872	-0.9999980506463245	0.08968141988679483	0.11882779098750632	6210748.3	181124.425	10.16	10.222826215755047
-2.1300799685398872	-0.9999980654756389	0.09516723918162767	0.11882779098750632	6210748.3	165187.725	10.200000000000001	10.25667448015123
-2.1300799685398872	-0.9999980372759092	0.09543878858514752	0.11882779098750632	6210748.3	196807.275	10.26	10.374127145914116
-0.702755685010085	-0.9999980940758245	0.04831511269805749	0.4952187548674905	5878918.0	73479.25	9.44	9.567490472837708
-0.702755685010085	-0.9999980857553675	0.022327006719164207	0.4952187548674905	5878918.0	77162.91666666667	9.625	9.96638483607929
-0.702755685010085	-0.9999979812583304	0.039081885402797834	0.4952187548674905	5878918.0	142630.08333333334	9.57	10.005320845534023
-1.6873264121959193	-0.9999980415536925	0.07494106066051283	0.18501351320946818	5981309.8	122279.65	10.1	10.174817421113048
-1.6873264121959193	-0.9999980858338092	0.0971499776816615	0.18501351320946818	5981309.8	93827.225	10.16	10.195746155423416
-1.6873264121959193	-0.9999980723921724	0.05549109126729779	0.18501351320946818	5981309.8	101682.425	10.235	10.287333821519235
-1.4327797533062236	-0.9999978944877882	0.08386515248889902	0.23864462619326277	5625334.285714285	139274.60714285713	10.16	10.16914237340311
-1.4327797533062236	-0.9999979648392217	0.09481850661420056	0.23864462619326277	5625334.285714285	93755.82142857143	10.13	10.132829231024445
-0.9765309254811686	-0.9999979367901363	0.06286788440926729	0.37661534197135627	5605215.0	105316.5	9.895	9.978303447624366
-2.0319797041328473	-0.9999980033352126	0.05842014903826652	0.13107577287168864	5702852.4	88139.25	10.17	10.192857226193672
-2.0319797041328473	-0.9999978766632256	0.10553844881824935	0.13107577287168864	5702852.4	181510.85	10.200000000000001	10.272940228501653
-2.0319797041328473	-0.9999979498418642	0.07283828718556586	0.13107577287168864	5702852.4	119580.0	10.200000000000001	10.28664684156729
-2.1874034399419315	-0.9999981336014281	0.06557265066071119	0.11220772478167752	6491292.0	182651.025	10.200000000000001	10.213079958913358
-1.3144956439941542	-0.9999979292109554	0.08423459276297297	0.2686097640288944	5699424.333333333	133558.91666666666	10.01	10.036599609558342
-1.3144956439941542	-0.9999979927868389	0.08903750639718107	0.2686097640288944	5699424.333333333	92962.25	10.05	10.075951381414885
-1.3144956439941542	-0.9999980191523522	0.04799147943393011	0.2686097640288944	5699424.333333333	79991.75	10.120000000000001	10.137722615609613
-0.24304805903634732	-0.999997690518265	0.02722942681358987	0.78423382334406	4660957.0	47305.125	9.700000000000001	9.798172494668012
-2.066926547588588	-0.9999980574957855	0.06167717846225166	0.12657420429351982	5874842.8	90390.625	10.040000000000001	10.056833580081113
