-1.6687678017664842	-0.9999886508208992	0.12258627536591199	0.188479166308142	943478.1	44697.8	6.15	6.193249858356941
-1.6687678017664842	-0.9999896931670489	0.13381493636436403	0.188479166308142	943478.1	16717.5	6.1899999999999995	6.2003987433542775
-1.2545303009310076	-0.999983192142709	0.12359565887755096	0.2852097795362007	614485.5	30581.541666666668	6.36	6.395931160246182
-1.538847710173315	-0.9999869878142924	0.10535735146166207	0.2146282729684632	812972.8888888889	39282.27777777778	6.15	6.150251653533881
-1.894837211814694	-0.9999974623942868	0.08401934203520049	0.1503428070872063	4701967.3	152014.7	5.88	5.9186822016874245
-1.894837211814694	-0.9999975303419413	0.1309879027738688	0.1503428070872063	4701967.3	110441.625	5.95	5.979842460449165
-1.894837211814694	-0.9999976291730817	0.05575988279863262	0.1503428070872063	4701967.3	69392.65	6.105	6.114154593562939
-1.894837211814694	-0.9999975223904998	0.1250867104872393	0.1503428070872063	4701967.3	114648.95	6.095000000000001	6.124488462808073
-0.6689158427129813	-0.9999792102515658	0.12655068669779437	0.5122636512090584	484635.6666666667	23751.75	6.41	6.451300236406619
-0.6689158427129813	-0.9999788170915344	0.1457892956793777	0.5122636512090584	484635.6666666667	28737.5	6.45	6.458114569237709
-0.6689158427129813	-0.9999793695025849	0.1525673644038395	0.5122636512090584	484635.6666666667	21987.5	6.44	6.46167943107221
-1.8162461091328805	-0.999995324278032	0.08243048931346075	0.16263512095924815	2627567.2	216591.65	5.79	5.7943820574585825
-1.8572077154986915	-0.9999964695455595	0.0745931762224001	0.1561079200845923	3370828.8	147347.75	5.77	5.788930030496162
-1.8572077154986915	-0.9999968174761542	0.04431095895974797	0.1561079200845923	3370828.8	45602.65	5.9	5.918633472152305
-1.8572077154986915	-0.9999965860985084	0.11810241649385246	0.1561079200845923	3370828.8	99475.575	5.9	5.9335615975681835
-1.9962903242289631	-0.9999979913030074	0.08085642047607944	0.13583826563178028	6040750.8	186098.725	6.03	6.041934563826753
-1.7734361661608293	-0.9999940824699605	0.10602175984264069	0.16974870080340151	1860276.1	60368.525	5.38	5.51540290478752
