-1.5806433614702486	-0.9999941604845063	0.11319779535731858	0.2058426243817139	1695590.875	19957.875	13.17	13.176517509727626
-1.5806433614702486	-0.9999942783565506	0.06170256848814017	0.2058426243817139	1695590.875	16342.1875	13.175	13.188069369976779
-2.050445583285135	-0.99999441014686	0.07379192160247786	0.1286775542444553	1714578.6	14532.95	12.21	12.369780600100926
-2.050445583285135	-0.9999948666118909	0.024701779877038574	0.1286775542444553	1714578.6	6643.85	12.425	12.42515397082658
-2.1560035466867116	-0.9999946057917715	0.06674635781027892	0.11578693469383797	1783292.7	15053.8	12.42	12.421714281969106
-2.1560035466867116	-0.9999947356273271	0.045768777646875765	0.11578693469383797	1783292.7	11942.2	12.405000000000001	12.482053643739247
-2.1560035466867116	-0.9999944810670995	0.09282786865013819	0.11578693469383797	1783292.7	18803.9	12.51	12.51295365415788
-2.1560035466867116	-0.9999947013001075	0.05275743253519406	0.11578693469383797	1783292.7	12696.15	12.42	12.442409543682823
-2.1560035466867116	-0.9999944042016723	0.12110576396629615	0.11578693469383797	1783292.7	21566.575	12.455	12.471986183074266
-0.2564617425989878	-0.9999923685868445	0.09438667923715534	0.7737845969808367	1376889.0	36591.875	13.07	13.074889238209186
-0.2564617425989878	-0.9999930714386395	0.07683507154582082	0.7737845969808367	1376889.0	13902.0	13.120000000000001	13.154773780086513
-2.0879098998848553	-0.9999942581516629	0.08420006720239365	0.12394592466736103	1710212.8	18393.05	12.3	12.544687070021872
-1.4795005947132776	-0.9999944170314249	0.11314941445829936	0.22775140024063678	1783792.0	21137.571428571428	13.06	13.081993344122541
-1.4795005947132776	-0.999994054756629	0.07639671628885013	0.22775140024063678	1783792.0	40338.142857142855	13.13	13.179287600114682
-1.3588318987016434	-0.9999941476929398	0.11157382052980892	0.25696075791031575	1687236.5	19422.25	13.0	13.03817260542661
-1.7413488224471045	-0.9999943273416751	0.10313150833429625	0.17528381435302057	1731861.1	18475.525	13.0	13.047730171029537
-0.72991112167724	-0.999993033636284	0.11176681643794498	0.4819518232564064	1546270.0	47660.5	13.200000000000001	13.227222194660692
-0.72991112167724	-0.999993552666606	0.1039508113483323	0.4819518232564064	1546270.0	21359.916666666668	13.260000000000002	13.265314580657327
-0.72991112167724	-0.9999932302961577	0.09491936507022432	0.4819518232564064	1546270.0	35163.416666666664	13.305	13.310274485878212
