-2.118570889438294	-0.9999973371430753	0.0697585682533827	0.12020328961163079	4397870.5	121892.125	13.14	13.14802048904948
-2.118570889438294	-0.9999976129424895	0.05777970124258519	0.12020328961163079	4397870.5	36240.85	13.365	13.388276484690824
-2.118570889438294	-0.9999976803784265	0.053427800007615614	0.12020328961163079	4397870.5	26939.75	13.395	13.4236657091408
-2.118570889438294	-0.9999976264957962	0.08500465059307509	0.12020328961163079	4397870.5	34143.75	13.370000000000001	13.416275358208912
-2.118570889438294	-0.9999975792949384	0.0800421916816671	0.12020328961163079	4397870.5	42020.95	13.455000000000002	13.484545796738914
-1.57019254558535	-0.9999974127683028	0.05707254610747861	0.20800512803186977	4054846.375	35982.90625	12.68	12.80267404591759
-1.730647669717387	-0.999996986154695	0.0717235846588675	0.17716962540143247	3721087.2	74218.425	12.39	12.409682617757744
-2.184793832334262	-0.9999979810015416	0.040410676839213434	0.11250092531668784	5037057.0	26102.125	13.27	13.594398461965355
-2.184793832334262	-0.9999978974096363	0.058510572560644306	0.11250092531668784	5037057.0	39768.975	13.645	13.722279736783307
-2.184793832334262	-0.9999977317903845	0.12279364082161152	0.11250092531668784	5037057.0	91591.175	13.74	13.81787040865211
-1.9084369303220363	-0.999996984705394	0.06055397729187931	0.1483120275459621	3434424.1	31437.875	12.61	12.692620143149284
-1.1984227263488427	-0.9999974995766916	0.09303112223367127	0.3016696524578886	4369625.8	55597.65	11.870000000000001	12.144710047925718
-1.1984227263488427	-0.9999975550010287	0.09698545142109893	0.3016696524578886	4369625.8	43639.05	12.21	12.229872828241094
-1.1984227263488427	-0.9999975027551338	0.13428284261095133	0.3016696524578886	4369625.8	54830.8	12.225	12.282456410927944
-1.1984227263488427	-0.9999975615314994	0.07986725622054035	0.3016696524578886	4369625.8	42411.35	12.405000000000001	12.431172708562812
-1.1984227263488427	-0.9999973643072163	0.04907902529403012	0.3016696524578886	4369625.8	100406.4	12.41	12.476035447974546
-2.215195931943225	-0.9999978373340366	0.07756257824350371	0.10913212968333566	5552053.1	163935.8	13.8	13.831612036382843
-2.215195931943225	-0.9999980601785402	0.06456700431902386	0.10913212968333566	5552053.1	47570.625	13.95	13.989470291124139
-2.215195931943225	-0.999998023542144	0.08309410512330337	0.10913212968333566	5552053.1	58301.425	14.075	14.251665452917571
-2.215195931943225	-0.9999981024593266	0.06798294956018482	0.10913212968333566	5552053.1	37617.325	14.465	14.469536417347578
-2.244336170825416	-0.9999983125434249	0.031104994281267246	0.10599788150990337	5900291.4	21087.55	14.200000000000001	14.341477143281367
-2.244336170825416	-0.9999978782061123	0.08970577133378209	0.10599788150990337	5900291.4	273538.75	14.34	14.37916190546293
-2.244336170825416	-0.9999981638352637	0.0643417683615389	0.10599788150990337	5900291.4	50710.45	14.56	14.581847660848954
-2.244336170825416	-0.9999980981370007	0.0919106495377419	0.10599788150990337	5900291.4	74722.2	14.56	14.6845835907609
-2.244336170825416	-0.9999981868290424	0.0708023063942186	0.10599788150990337	5900291.4	44276.725	14.765	14.778206751054853
-1.9567632697010964	-0.9999968836888936	0.07076794740427612	0.14131508028281253	3584002.8	70887.8	12.63	12.677211454899094
-1.9567632697010964	-0.9999971097166684	0.07433582504047806	0.14131508028281253	3584002.8	31531.8	12.785	12.840679656010224
-1.9567632697010964	-0.9999969808161704	0.09478996150125958	0.14131508028281253	3584002.8	50048.275	12.97	13.096487219985319
-2.043354823030552	-0.9999972559927635	0.07130873898368505	0.12959321847296335	4087903.0	74400.8	13.01	13.06961867683803
-2.043354823030552	-0.9999973124076462	0.1095282348109908	0.12959321847296335	4087903.0	59077.175	13.115	13.222613751344706
-2.043354823030552	-0.9999973694212237	0.0711102986228628	0.12959321847296335	4087903.0	46794.9	13.285	13.314852144398628
-2.043354823030552	-0.9999975236131278	0.05689000138376826	0.12959321847296335	4087903.0	24914.1	13.325	13.330681957053631
-1.349087418720008	-0.9999971098061721	0.06423376002589512	0.25947694643586167	4267921.166666667	227547.66666666666	12.6	12.606431392856665
-1.349087418720008	-0.9999975448185723	0.07549138646649545	0.25947694643586167	4267921.166666667	35542.791666666664	12.485	12.508910482921083
-1.349087418720008	-0.9999976868643404	0.040039203698119134	0.25947694643586167	4267921.166666667	19384.5	12.5	12.56241145440844
-1.4692730138016268	-0.9999971461148867	0.08534671458643166	0.2300926986146715	4180188.714285714	151716.92857142858	12.56	12.561655298050558
-1.4692730138016268	-0.9999974076112897	0.09201855329775367	0.2300926986146715	4180188.714285714	50850.96428571428	12.605	12.727403680276021
-0.25411958486535324	-0.9999970117808347	0.10256874702715005	0.7755990465929574	3928210.0	125284.75	12.31	12.416166104811523
-0.25411958486535324	-0.9999969962006912	0.10300439805702857	0.7755990465929574	3928210.0	133192.0	12.515	12.51559096743295
-1.8549856974200463	-0.9999971236545349	0.05660546356787984	0.1564551803716787	3570654.6	28865.475	12.46	12.507191600673409
-1.8549856974200463	-0.9999970332822997	0.08071723610852069	0.1564551803716787	3570654.6	39858.825	12.645	12.674153134927986
-1.8549856974200463	-0.999997152364245	0.07525725414366714	0.1564551803716787	3570654.6	26052.925	12.705000000000002	12.738671171132907
-1.0050747580184218	-0.9999972928206832	0.08141801458117358	0.36601727105530607	3973729.5	46984.6875	12.4	12.412211082509145
-1.7962808077683599	-0.9999969163081933	0.05808667144468814	0.1659148112206018	3536107.0	54406.875	12.36	12.363882669962917
-1.7962808077683599	-0.9999971860681869	0.06407968452476315	0.1659148112206018	3536107.0	20958.85	12.33	12.331406159209761
-1.7962808077683599	-0.9999969900638487	0.09343108776322101	0.1659148112206018	3536107.0	41916.4	12.425	12.585979253727553
