-2.1972999925968764	-0.9999957705271358	0.028245583115085262	0.11110273195366692	2225546.2	12244.175	11.09	11.20845466500071
-2.1972999925968764	-0.9999954689886299	0.07370470765060529	0.11110273195366692	2225546.2	23955.025	11.165	11.16713275548165
-0.7250963005933477	-0.9999942634177423	0.03198875951408841	0.4842779304576928	1487414.0	5077.0	12.52	12.556417972618972
-0.7250963005933477	-0.9999932386111418	0.1640873318398799	0.4842779304576928	1487414.0	23317.083333333332	12.55	12.56241615368287
-0.7250963005933477	-0.9999937542877012	0.08567319789108882	0.4842779304576928	1487414.0	10827.75	12.545000000000002	12.558834798994974
-0.7250963005933477	-0.9999932058316746	0.1330750220141398	0.4842779304576928	1487414.0	24482.166666666668	12.56	12.561941122678672
-0.7250963005933477	-0.9999932108273141	0.16343086507486376	0.4842779304576928	1487414.0	24300.916666666668	12.555	12.575432765893906
-0.7250963005933477	-0.9999935318214335	0.09937376400791036	0.4842779304576928	1487414.0	15075.0	12.57	12.571726568005637
-0.7250963005933477	-0.9999924162700807	0.1614141012181325	0.4842779304576928	1487414.0	79231.83333333333	12.575	12.76219577666428
-1.7950728749558102	-0.999994184231797	0.046796577706079444	0.1661153462572052	1717760.8	21808.45	11.67	11.679183318187293
-1.9045332235145036	-0.9999948261897761	0.04594868154691485	0.14889212574750876	1950360.4	24118.95	11.59	11.640632883954533
-1.9045332235145036	-0.9999951898688415	0.04889894010931475	0.14889212574750876	1950360.4	11865.675	11.63	11.645198653095115
-1.4729514517371893	-0.9999937749234586	0.0453565314979366	0.2292478716777242	1611998.142857143	22805.75	12.18	12.213353081575102
-1.4729514517371893	-0.9999939621715691	0.11810155684884428	0.2292478716777242	1611998.142857143	16863.535714285714	12.184999999999999	12.211662021358427
-1.4729514517371893	-0.9999941266409126	0.05232562842992055	0.2292478716777242	1611998.142857143	12935.964285714286	12.26	12.274784247161966
-2.07292486045018	-0.9999954393733352	0.044825161527778344	0.12581724512451897	2113793.2	15369.75	11.01	11.063588839078792
-2.07292486045018	-0.9999953604654541	0.05450118802984525	0.12581724512451897	2113793.2	18159.725	11.09	11.108885798844366
-2.07292486045018	-0.9999955419971054	0.06089689321152937	0.12581724512451897	2113793.2	12372.3	11.1	11.134892707395027
-1.5726668491565476	-0.9999937517104845	0.04909750852478327	0.20749109639815605	1604496.625	22591.1875	12.22	12.23944489548021
-1.5726668491565476	-0.9999938487070542	0.07371812438133646	0.20749109639815605	1604496.625	19335.09375	12.225000000000001	12.227266799716132
-0.25413847438470416	-0.9999912444526945	0.10884228684939623	0.7755843960381297	1325098.5	109311.125	12.450000000000001	12.450794009693366
-0.25413847438470416	-0.9999921695065862	0.14644332367237956	0.7755843960381297	1325098.5	32085.0	12.515	12.522923181324646
-0.25413847438470416	-0.9999922155816366	0.17811768836540987	0.7755843960381297	1325098.5	30184.625	12.51	12.528936803373833
-2.03595273015747	-0.9999952347862825	0.0385535108971726	0.13055603855751416	1988506.8	13037.475	11.41	11.436204769542064
