-2.0915370301707736	-0.9999970937876856	0.04284762633422838	0.1234971709862041	3501774.5	26287.85	15.46	15.530178631614426
-2.0915370301707736	-0.9999972538032187	0.034833732562073845	0.1234971709862041	3501774.5	15010.35	15.504999999999999	15.551925851703407
-2.0915370301707736	-0.9999970779440128	0.05223568883563567	0.1234971709862041	3501774.5	27787.6	15.52	15.580801368886354
-2.0915370301707736	-0.999997097220501	0.08789287675747853	0.1234971709862041	3501774.5	25973.725	15.525	15.548830823737822
-2.3155811767335996	-0.9999968740896603	0.04640846083260931	0.09870880007064123	3271113.0	27588.925	14.9	14.967170619235837
-1.5035337420931167	-0.9999974802283127	0.02243791140373015	0.2223430672200331	4037336.285714286	26189.85714285714	14.81	14.995354428412972
-1.5035337420931167	-0.9999972787075229	0.044137524158774165	0.2223430672200331	4037336.285714286	59086.392857142855	15.035	15.09022274661751
-1.605097342945049	-0.9999975331380656	0.02549125310138614	0.20087000068107605	4363792.875	47327.8125	15.07	15.133236224904621
-1.605097342945049	-0.9999976112007516	0.06564655697745277	0.20087000068107605	4363792.875	33664.375	15.24	15.317302051072284
-1.605097342945049	-0.9999975802326421	0.11847331720561306	0.20087000068107605	4363792.875	38535.59375	15.565000000000001	15.752181254588466
-1.605097342945049	-0.999997354698319	0.07550140866728541	0.20087000068107605	4363792.875	103108.6875	15.81	15.864049892944935
-2.049384295547146	-0.9999973292234401	0.025445857914882002	0.12881419064737396	3644803.7	16888.65	15.32	15.480706386370429
-2.049384295547146	-0.9999981386412209	0.0016911727239326466	0.12881419064737396	3644803.7	882.85	15.440000000000001	15.496812827225131
-1.8385629151684268	-0.9999975327430167	0.01266481492769391	0.159045824295447	3962620.9	17619.25	15.540000000000001	15.543288539936585
-1.8385629151684268	-0.9999974612382347	0.04081325083101664	0.159045824295447	3962620.9	23391.025	15.67	15.708208955223881
-1.8385629151684268	-0.9999974096131137	0.09097427924351276	0.159045824295447	3962620.9	28700.975	15.585	15.617592
-1.8385629151684268	-0.9999974995495974	0.055897361510524726	0.159045824295447	3962620.9	20096.225	15.66	15.771297842727906
-1.8385629151684268	-0.9999975258192735	0.0497165154849916	0.159045824295447	3962620.9	18109.375	15.715	15.715205061513956
-1.0263549625819612	-0.9999975400999374	0.046039858639823746	0.35831063883352837	4514358.5	66493.25	15.11	15.317378041174216
-1.0263549625819612	-0.9999972887469019	0.06674831956511461	0.35831063883352837	4514358.5	206811.625	15.33	15.348665284977537
-2.130230967290527	-0.9999971641710972	0.03836598715476169	0.1188098494941315	3531465.5	22350.125	15.13	15.226730022249267
-1.6937058694318818	-0.9999977371502344	0.03553298832165396	0.1838369842122294	4693574.666666667	40979.61111111111	15.98	16.209752677275343
-2.1990521319119956	-0.9999969234418891	0.03396417893961409	0.11090823493169184	3233476.0	20908.875	14.055	14.139504730459077
-2.1990521319119956	-0.9999968104639563	0.06841941163940807	0.11090823493169184	3233476.0	30129.35	14.215	14.606244512311509
-2.1990521319119956	-0.9999965686898081	0.029792995680415445	0.11090823493169184	3233476.0	65844.025	14.855	14.858298084469995
-2.230729616158552	-0.9999966154431823	0.05344424734358282	0.10745000426953291	3218519.6	53811.575	15.0	15.15027188855303
-2.230729616158552	-0.9999971336476454	0.02667247368448712	0.10745000426953291	3218519.6	10150.85	15.08	15.143655598958333
-0.2633269699274099	-0.9999980722217455	0.05642880723972287	0.7684905829171631	6080512.0	123237.75	14.9	15.110695926127747
-0.2633269699274099	-0.9999980664044271	0.0830244505137209	0.7684905829171631	6080512.0	127675.0	15.200000000000001	15.27562572646261
-2.288899383727601	-0.9999966890605212	0.05196442322361039	0.10137797872703343	3292599.7	54262.025	14.72	14.763510883482715
-2.288899383727601	-0.9999971521812047	0.0283402160223625	0.10137797872703343	3292599.7	11809.3	14.725	14.844653990024938
-2.288899383727601	-0.9999973530225041	0.005843196457481262	0.10137797872703343	3292599.7	6095.3	14.815000000000001	14.850702479338842
