-0.7454179733482781	-0.9999987741285477	0.04671718044554386	0.4745359151176965	10704670.0	500092.0	15.16	15.183683928486419
-1.6834733627493788	-0.999998780429431	-0.005412015559905013	0.1857277545440972	7841969.777777778	-14239.361111111111	12.25	12.543959432071162
-1.6834733627493788	-0.9999985883692999	0.04946626366246389	0.1857277545440972	7841969.777777778	64212.27777777778	12.66	12.717439884249119
-1.6834733627493788	nan	nan	0.1857277545440972	7841969.777777778	nan	12.825	12.881235317149569
-1.8223083021682027	-0.9999982790902079	-0.01965210456706735	0.1616521778673297	6209575.6	-43743.425	13.38	13.412375430194302
-1.8223083021682027	-0.9999982095001585	0.02308421909053655	0.1616521778673297	6209575.6	67388.475	13.33	13.333197451079643
-1.8223083021682027	nan	nan	0.1616521778673297	6209575.6	nan	13.35	13.384225913621263
-1.0302944805781113	-0.9999990973319968	0.002364032892460979	0.3569018444310994	9654972.0	6094.0625	15.11	15.55996998923011
-1.7571881748855733	-0.9999985092699268	0.016291738330601324	0.17252930465422378	7489429.5	70594.225	13.35	13.359901249809429
-1.8801321817923897	-0.9999983046017277	-0.005008852096306092	0.15256993745617436	5444082.5	-10196.4	13.39	13.973486394496343
-2.0276552228374745	-0.9999973924994312	0.03482889028344292	0.13164383500149252	4504035.7	126029.05	14.1	14.11256101902021
-2.0276552228374745	nan	nan	0.13164383500149252	4504035.7	nan	14.1	14.14700885257065
-2.0276552228374745	nan	nan	0.13164383500149252	4504035.7	nan	14.155000000000001	14.271433172130674
-1.9335945929652565	-0.9999980635585339	0.007930881158398712	0.14462738640494052	4953838.5	14658.125	13.89	14.134060298213994
-1.9335945929652565	-0.9999979098685262	0.042386488354131946	0.14462738640494052	4953838.5	31386.775	14.18	14.184467201510147
-2.069136575499406	-0.9999974000309605	0.034850761123715907	0.1262947806499977	4026420.4	35190.8	14.5	14.83147817456765
-2.069136575499406	-0.9999973647240872	0.06251733735251692	0.1262947806499977	4026420.4	40566.75	14.925	15.181317298918003
