-2.1848398491775702	-0.9999926148333352	0.06251009852564737	0.11249574849834681	1367564.6	24334.525	10.97	10.983387589013224
-2.1848398491775702	-0.9999918877922699	0.08731021423266318	0.11249574849834681	1367564.6	65772.225	11.02	11.02394090478948
-2.1848398491775702	-0.9999922324770955	0.09582300133449394	0.11249574849834681	1367564.6	41050.775	11.02	11.027699421965318
-2.1557123749607974	-0.9999934651107155	0.0459578269377219	0.11582065348419206	1425034.6	11073.975	10.98	11.000379550735863
-1.7763843426004136	-0.9999949043270461	0.08042332699840046	0.16924898866476717	2000390.0	26723.425	11.19	11.205209749626928
-1.7763843426004136	-0.9999940341622179	0.0909899785632447	0.16924898866476717	2000390.0	152359.125	11.22	11.239242032443777
-2.124864670707714	-0.9999930050804892	0.061349604285095824	0.11944913213948881	1453423.5	26017.95	10.96	10.967562944718118
-2.124864670707714	-0.9999933202997766	0.08090699540562653	0.11944913213948881	1453423.5	16454.8	11.01	11.021393568147014
-2.124864670707714	-0.9999936986964252	0.06324632185408934	0.11944913213948881	1453423.5	9493.45	11.040000000000001	11.054625746211542
-1.1869466253344154	-0.9999947281652063	0.10075571002251897	0.3051515851537672	2316158.6	200867.45	11.370000000000001	11.371531265359216
-1.1869466253344154	-0.9999956806524545	0.09281704088183584	0.3051515851537672	2316158.6	22120.25	11.385000000000002	11.402158415841583
-1.9351609447515177	-0.999993673635758	0.07344009364241233	0.14440102636590896	1553777.8	18577.575	11.21	11.287121285923039
-2.2123366997154106	-0.9999931914473894	0.04426180149910143	0.10944461030005835	1344393.0	9445.225	11.01	11.045048951048951
-2.2123366997154106	-0.9999929955236273	0.07924825118468135	0.10944461030005835	1344393.0	12291.8	11.02	11.036943661971831
-1.4546402639483782	-0.9999951019598043	0.08066509950147935	0.23348434153049302	2091706.142857143	28147.821428571428	11.22	11.332078416444613
-0.7153273426405948	-0.9999955993708783	0.14774404815307196	0.48903200456508955	2450861.3333333335	48306.0	11.28	11.382150870454277
-0.24741091897494646	-0.9999960666918408	0.06900385413578417	0.7808197739387923	2380203.5	11637.5	11.06	11.085385707524846
-0.24741091897494646	-0.999995503612581	0.12870225891712092	0.7808197739387923	2380203.5	44457.75	11.07	11.080647715312987
-0.24741091897494646	-0.9999955641966015	0.12878534381796888	0.7808197739387923	2380203.5	38487.5	11.16	11.17528978291177
-0.24741091897494646	-0.9999950988571503	0.12799337551908246	0.7808197739387923	2380203.5	116507.25	11.195	11.318145867558592
-1.887129067749134	-0.999992699729798	0.08383442711647393	0.1515061489467428	1618891.9	135718.875	11.22	11.224986596857324
