-1.972449770429388	-0.9999965905836801	0.04879136332986789	0.13911563705746965	2933545.1	22062.425	8.76	8.77317006442994
-1.3060558940786857	-0.9999972393103168	0.022455130616963227	0.2708863566851499	3760962.5	32299.9	9.14	9.145196374742422
-1.3060558940786857	-0.9999971873606818	0.025900622865913114	0.2708863566851499	3760962.5	39269.583333333336	9.120000000000001	9.126605276457244
-1.3060558940786857	-0.999997591224594	-0.01992396344868981	0.2708863566851499	3760962.5	-8597.25	9.175	9.180145239376008
-1.8908409126003163	-0.9999967433641119	0.04107178803320776	0.15094482404780504	3034310.5	19566.875	8.8	8.835532047577573
-0.6984048040658604	-0.9999979404547511	0.018451308854105924	0.4973780868029764	5115104.0	37600.083333333336	9.450000000000001	9.461346906278434
-0.9709818425622766	-0.9999975116975484	0.021516232016252745	0.3787110209029982	4342601.0	49300.25	9.305	9.320892448512586
-1.933055696147796	-0.9999966317475896	0.04231057255551166	0.14470534664756843	2936389.9	19740.975	8.67	8.716743126380697
-1.933055696147796	-0.999996965869324	0.019977447538666374	0.14470534664756843	2936389.9	7400.15	8.700000000000001	8.731326808047852
-1.933055696147796	-0.9999968950646294	0.022999643288201175	0.14470534664756843	2936389.9	9110.575	8.745000000000001	8.78050371545084
-2.0753412605399357	-0.9999962804935146	0.042357741510927256	0.1255135873491996	2663745.7	20085.825	8.77	8.77278116826504
-2.0753412605399357	-0.9999959905814993	0.047459468109120106	0.1255135873491996	2663745.7	43479.65	8.790000000000001	8.805680201447908
-2.0753412605399357	-0.9999963191700191	0.07266368998087504	0.1255135873491996	2663745.7	18119.425	8.81	8.826075848303393
-2.0753412605399357	-0.9999962398368396	0.06782723752953358	0.1255135873491996	2663745.7	22383.375	8.844999999999999	8.880553447185326
-2.134501937744245	-0.9999957074729685	0.03393799815729658	0.1183034982127164	2402000.3	30050.0	8.64	8.675097446590582
-1.6006917529644515	-0.9999969609429319	0.022554334326499108	0.20175690377466285	3308549.0	23267.8125	8.965	8.998740681257322
-1.6006917529644515	-0.9999966583626264	0.03290330285784164	0.20175690377466285	3308549.0	63319.916666666664	9.01	9.012924837943112
-1.6006917529644515	-0.9999976530344218	0.006825549614167474	0.20175690377466285	3308549.0	2355.777777777778	8.985	8.997992916174734
-1.6006917529644515	-0.9999971387189025	0.03309087685840377	0.20175690377466285	3308549.0	12921.027777777777	9.01	9.02414530060428
-1.6719214820982862	-0.9999971213624844	0.023959828424821646	0.1878856995624734	3482968.6	22610.277777777777	9.0	9.030291666666667
-1.6719214820982862	-0.9999973485898754	0.01964904767079389	0.1878856995624734	3482968.6	10246.388888888889	9.035	9.055516366989396
-1.6719214820982862	-0.9999971427049607	0.06446298800543374	0.1878856995624734	3482968.6	20990.416666666668	9.075	9.104429352194181
-1.6719214820982862	-0.9999973924326826	0.022226546409338223	0.1878856995624734	3482968.6	8795.2	9.185	9.228209920075223
-1.6719214820982862	-0.9999972126914635	0.040519279939699386	0.1878856995624734	3482968.6	16449.45	9.21	9.23035057322692
-2.009001408677118	-0.999996222408286	0.0562489984977304	0.13412254142465996	2826867.4	43422.275	8.78	8.817783731608527
-1.1614319644251059	-0.9999974294655437	0.022759925434129122	0.31303760107563366	4103010.8	38059.4375	9.265	9.283449474324442
-1.1614319644251059	-0.9999975747615455	0.027012927323621764	0.31303760107563366	4103010.8	20967.5625	9.27	9.294961044682191
