-0.7327353775517929	-0.9999970623439866	0.04257593837954056	0.48059258830545637	3613864.3333333335	40793.0	13.65	13.663191278810265
-0.7327353775517929	-0.9999970684108432	0.11629431762991743	0.48059258830545637	3613864.3333333335	39908.333333333336	13.57	13.612655699177438
-0.7327353775517929	-0.999997476442211	0.0242263483642794	0.48059258830545637	3613864.3333333335	9133.333333333334	13.71	13.761015318845743
-0.7327353775517929	-0.9999971096139806	0.060084079620535094	0.48059258830545637	3613864.3333333335	34387.0	13.835	14.032321927456652
-0.7327353775517929	-0.9999970440285467	0.0750529518124157	0.48059258830545637	3613864.3333333335	43584.5	14.16	14.17162691053271
-1.5912678857439475	-0.999997392525967	0.03341530822154708	0.20366722119772296	4392674.75	94256.46875	14.83	14.907994289347014
-1.5912678857439475	-0.9999980653189939	0.007141149428800839	0.20366722119772296	4392674.75	4906.03125	14.82	14.842238309365037
-1.4881722795013317	-0.9999975658332423	0.06659633288795486	0.2257849504269415	4375872.714285715	42259.32142857143	14.27	14.476458409807668
-1.4881722795013317	-0.9999974997303136	0.05174524131967116	0.2257849504269415	4375872.714285715	56434.96428571428	14.605	14.727100485194992
-1.4881722795013317	-0.9999975532147689	0.033126596542598453	0.2257849504269415	4375872.714285715	44658.42857142857	14.695	14.858751319270622
-1.4881722795013317	-0.9999975329219526	0.0953080211740583	0.2257849504269415	4375872.714285715	48805.53571428572	14.905000000000001	14.979115564986737
-1.9396561810020096	-0.9999979214416528	0.06416373526131933	0.1437533664204263	5391457.7	73603.35	15.815000000000001	16.025465135140244
-1.6793847651326612	-0.9999976471264486	0.048591094920038075	0.18648867508764294	4450126.777777778	35261.86111111111	15.0	15.081249656788106
-1.6793847651326612	-0.9999984665240709	-0.0015524877634282188	0.18648867508764294	4450126.777777778	-918.8055555555555	15.105	15.123249156848564
-2.1905183879092496	-0.9999975824048288	0.05218022449921876	0.11185874736287654	4578125.2	64089.625	15.55	15.5516169237167
-2.1905183879092496	-0.9999976165759298	0.05523605587074687	0.11185874736287654	4578125.2	54808.225	15.495000000000001	15.52515959616949
-1.9896059717880008	-0.9999979932962534	0.06485505527759254	0.1367492979125395	5645166.1	83130.25	15.43	15.527095095948827
-1.9896059717880008	-0.9999981832402647	0.03646078708300887	0.1367492979125395	5645166.1	28449.2	15.405000000000001	15.411438937262782
-1.9896059717880008	nan	nan	0.1367492979125395	5645166.1	nan	15.405000000000001	15.46644246292189
-1.9896059717880008	-0.9999981227553966	0.054667461068071556	0.1367492979125395	5645166.1	40027.925	15.545000000000002	15.557296967584524
-1.9896059717880008	-0.9999981327432188	0.05434038851799469	0.1367492979125395	5645166.1	37833.425	15.47	15.535261061428516
-1.9896059717880008	-0.9999981090367485	0.06889909595586367	0.1367492979125395	5645166.1	43251.125	15.56	15.568649009977625
-1.9896059717880008	-0.9999980688458631	0.0765741926953728	0.1367492979125395	5645166.1	54266.775	15.66	15.756658341063469
-2.078827195549543	-0.9999979890395352	0.055737215902366063	0.1250768168599409	5560463.7	71815.725	15.52	15.717105681064309
-2.078827195549543	-0.999997766723735	0.0573942584656014	0.1250768168599409	5560463.7	247223.375	15.71	15.725172566378589
-1.2143553643092169	-0.9999972395429665	0.029013720983438154	0.2969013458220121	3491069.4	15319.5	13.8	14.008284947548182
-1.2143553643092169	-0.9999969728827511	0.038482525995103475	0.2969013458220121	3491069.4	38865.05	14.004999999999999	14.024727832933927
-1.8839559908535557	-0.9999978480455898	0.04941500817665858	0.15198765312840215	4887796.4	36985.75	15.14	15.23824938237716
-1.8839559908535557	-0.9999980170468991	0.023632889045231854	0.15198765312840215	4887796.4	16190.975	15.254999999999999	15.415478714986548
-1.8839559908535557	-0.9999977290572563	0.06795722789988161	0.15198765312840215	4887796.4	66163.925	15.48	15.516762476966045
-1.8839559908535557	-0.9999978592696714	0.04852292503446443	0.15198765312840215	4887796.4	35011.275	15.525	15.625191391946549
-0.2587973591537673	-0.9999967749557657	0.0622047101439762	0.7719794417621104	3407443.5	59227.375	13.64	13.665898845007451
-2.2828593830135038	-0.9999984682683593	0.05951871550630507	0.1019921547355271	7822512.6	159848.825	16.19	16.26063033909734
-2.2828593830135038	nan	nan	0.1019921547355271	7822512.6	nan	16.265	16.580000927471712
-2.2828593830135038	-0.9999985720388689	0.09573760809950017	0.1019921547355271	7822512.6	70985.425	16.655	16.719313128480547
-2.2828593830135038	-0.9999984637369266	0.11544352302618943	0.1019921547355271	7822512.6	165616.675	16.935000000000002	17.384770462864054
-2.2828593830135038	-0.999998569169772	0.08344072324172395	0.1019921547355271	7822512.6	72596.625	17.43	17.596753025121387
-1.3663085798213281	-0.9999971242147079	0.05253680800683596	0.2550467085479058	3583607.6666666665	29901.166666666668	14.08	14.178208167384668
-1.8235297770338377	-0.9999975902824697	0.04954344661699288	0.16145484433859741	4358699.4	36432.15	14.99	15.06440445026178
-2.311416747543508	-0.9999985094047077	0.052396381882568455	0.09912072299558743	7953858.0	140924.025	17.305	17.447799206605204
-2.311416747543508	-0.9999985062568447	0.07592436284212911	0.09912072299558743	7953858.0	144497.0	17.58	17.623057538118186
-2.311416747543508	-0.999998579749195	0.0942564672500848	0.09912072299558743	7953858.0	80536.1	17.740000000000002	17.78601275191947
-2.222826847622867	-0.9999979787477242	0.05475208708510979	0.10830252096659743	5484915.2	65276.15	15.22	15.390160677165747
-2.222826847622867	-0.9999980118151558	0.07296373890467622	0.10830252096659743	5484915.2	54448.3	15.540000000000001	15.838640391707822
-2.222826847622867	nan	nan	0.10830252096659743	5484915.2	nan	15.835	15.95359061834638
-2.222826847622867	-0.9999980303051417	0.0787022091371065	0.10830252096659743	5484915.2	49197.05	16.015	16.058452389218715
-2.222826847622867	-0.9999981429599434	0.0449693578804898	0.10830252096659743	5484915.2	26520.4	15.99	15.996629088993274
