-1.4736827706322002	-0.9999985597130173	0.013390229937222508	0.22908027966659686	6775492.571428572	17302.321428571428	12.86	13.109415353163765
-1.4736827706322002	-0.999998398670305	0.06265247980543732	0.22908027966659686	6775492.571428572	51522.71428571428	13.15	13.172115601226281
-1.202580994062869	-0.9999993086571095	0.00013541264446040394	0.3004178337841445	7460288.6	172.75	12.43	12.501448153581935
-1.202580994062869	-0.9999984801787192	0.05545122537774788	0.3004178337841445	7460288.6	83976.6	12.445	12.458552848917366
-1.202580994062869	-0.999998570216756	0.07275747975993126	0.3004178337841445	7460288.6	42897.65	12.515	12.540510295788122
-1.202580994062869	-0.9999983687095015	0.09639145233695616	0.3004178337841445	7460288.6	192893.35	12.58	12.67418755261965
-1.202580994062869	-0.9999985209371903	0.040270127280444	0.3004178337841445	7460288.6	61958.45	12.785	12.81411004180033
-1.8019668834432527	-0.9999984805966802	0.03189530886372536	0.1649740841057865	6966291.5	39520.75	12.370000000000001	12.398074121614666
-2.082059054881514	-0.9999980574452493	0.03709755682192108	0.12467323868737869	5357372.9	33089.125	11.9	11.97404831718511
-2.082059054881514	-0.9999982351437704	0.016515539895411376	0.12467323868737869	5357372.9	12770.775	11.955000000000002	12.069390890518221
-1.3531341990790373	-0.9999984305064868	0.025839768427058388	0.25842902201549	6923502.0	52384.833333333336	12.76	12.781496955825816
-2.2627120894367234	-0.9999977601742214	0.010332038939193301	0.10406786033193588	4004190.5	7852.3	12.1	12.30770705248176
-2.2627120894367234	-0.9999973266291589	0.09522417528879315	0.10406786033193588	4004190.5	44563.2	12.31	12.336130006563105
-2.2627120894367234	-0.9999973790279926	0.07677529206135014	0.10406786033193588	4004190.5	36128.725	12.38	12.405558485113557
-2.2627120894367234	-0.9999974719086488	0.047962154237973204	0.10406786033193588	4004190.5	24907.375	12.495000000000001	12.497673973694699
-2.179821534468233	-0.9999973300476243	0.05880999240989712	0.11306170645761777	4330630.4	105089.475	11.5	11.601662845313092
-2.179821534468233	-0.9999976034292457	0.05752074705492501	0.11306170645761777	4330630.4	32164.9	11.875	11.962780680270138
-2.044738378312889	-0.9999981006541835	0.041669144016147186	0.12941404306911009	5597468.4	41419.375	11.93	11.956900726392252
-2.044738378312889	-0.9999983253421643	0.01530753119146887	0.12941404306911009	5597468.4	11775.3	11.950000000000001	11.970437485228077
-0.727567520574626	-0.9999987589587804	0.016237899043211382	0.48308265066739464	8528619.333333334	39511.333333333336	12.77	12.772557865780739
-0.727567520574626	-0.9999986784953963	0.054572698387385384	0.48308265066739464	8528619.333333334	78479.83333333333	12.85	12.885241773272186
-0.727567520574626	-0.9999987560578943	0.07878193419712334	0.48308265066739464	8528619.333333334	40501.083333333336	12.93	12.948807678482465
-0.2537798052840574	-0.9999985201309377	0.06867608562365046	0.775862624088852	8843937.5	483046.125	12.540000000000001	12.655893979135667
-0.2537798052840574	-0.9999987999171128	0.08960016784492186	0.775862624088852	8843937.5	40677.625	12.59	12.619300725007658
-0.2537798052840574	-0.9999985581138567	0.12811550309894237	0.775862624088852	8843937.5	345223.75	12.605	12.801470257737375
-2.23649047805939	-0.9999968767161819	0.05014250700071327	0.10683277921485614	3842861.7	163136.35	12.040000000000001	12.042656529727356
-2.23649047805939	-0.9999972632109849	0.04001796973224579	0.10683277921485614	3842861.7	36940.9	12.01	12.03671274714676
-2.23649047805939	-0.9999972363640643	0.10217498904796642	0.10683277921485614	3842861.7	40955.7	12.08	12.16949853667747
