-2.2426678939298874	-0.9999980442491196	0.04455862061761491	0.10617486291254671	5499818.0	46922.5	14.36	14.406933474554291
-2.2121511523683917	-0.9999981923568054	0.03450051427218199	0.1094649193412312	5808298.5	36290.225	15.0	15.135950206246317
-1.9726830806520783	-0.9999983177517974	0.028540085897173897	0.1390831837432003	6213493.8	34634.65	15.41	15.410315665425136
-2.27121213000044	-0.9999980160158145	0.04318543397203511	0.10318702815573688	5374771.3	42763.4	14.33	14.53735678288594
-2.27121213000044	-0.9999983878783331	-0.00824583758964584	0.10318702815573688	5374771.3	-5794.2	14.55	14.699179487179487
-2.27121213000044	-0.9999982495648365	0.02200403652517222	0.10318702815573688	5374771.3	12186.775	14.73	14.774353369763206
-2.27121213000044	-0.9999982739476749	-0.01833002419991361	0.10318702815573688	5374771.3	-10689.775	14.844999999999999	14.90618305744888
-2.27121213000044	-0.9999981222115731	0.031033410628277414	0.10318702815573688	5374771.3	24164.55	14.94	14.962355531914103
-2.0195966105223104	-0.9999982042654659	0.03643707136426691	0.13270898769339676	5956736.9	44209.525	14.91	15.026052990648708
-2.0195966105223104	-0.999998459777928	0.006089860190440318	0.13270898769339676	5956736.9	9648.85	15.13	15.135079357945907
-2.0195966105223104	-0.9999985453964977	0.01218469103191261	0.13270898769339676	5956736.9	5793.65	15.165	15.191097931034482
-2.0195966105223104	-0.9999983095685696	0.037646305831568194	0.13270898769339676	5956736.9	23609.7	15.22	15.358652207163525
-2.0195966105223104	-0.9999983799805297	0.0224254946937346	0.13270898769339676	5956736.9	15521.25	15.425	15.475756992411336
-2.0195966105223104	-0.9999981343487714	0.06671499307317638	0.13270898769339676	5956736.9	67048.975	15.385000000000002	15.46872759158223
-2.1048520584699117	-0.9999981425602322	0.04521419078276456	0.12186370163803179	5864578.2	53802.875	14.48	14.62749867639921
-2.1048520584699117	-0.9999984724438364	0.01002808776749986	0.12186370163803179	5864578.2	7772.475	14.735	14.937570035277028
-2.1048520584699117	-0.9999985882481155	0.006556487570867568	0.12186370163803179	5864578.2	3940.55	14.92	14.996343952215032
-1.9184166384149	-0.9999984759445419	0.015588919160598557	0.14683927783364037	6495199.3	19910.325	15.83	15.849908782182268
-1.9184166384149	-0.9999984754046171	0.011643323522890209	0.14683927783364037	6495199.3	19980.275	15.72	15.772892887895441
-1.042431128226494	-0.9999987836345091	-0.023668969862390796	0.35259643198526724	8932349.25	-52312.0625	17.16	17.318849328359832
-2.064835258914302	-0.9999982945030514	0.03367272706532143	0.12683918447186462	6197859.6	38964.45	15.43	15.603500918273646
-1.8589009951519289	-0.9999987872890752	-0.002843847310393362	0.15584380938954165	6854283.1	-4072.525	15.6	15.839499670670666
-2.1424721591660463	-0.9999981006013873	0.02633759018036456	0.11736434075504597	5913977.1	75583.0	15.27	15.283694792086244
-2.1424721591660463	-0.9999980153798728	0.04109951857638812	0.11736434075504597	5913977.1	125115.175	15.38	15.408688808728892
