-1.5698457892452966	-0.9999894722766002	0.05460252230605564	0.2080772676354881	950534.125	22179.3125	12.22	12.615559104909657
-1.0039226873722644	-0.9999871185110039	0.03730876675249861	0.3664391918038634	726573.0	11605.75	12.510000000000002	12.54913924050633
-0.25123408839289235	-0.999987752954757	0.07690906037358496	0.7778402668674936	911011.0	70065.0	12.450000000000001	12.45871644676483
-2.005228880109783	-0.999992572236487	0.06759884791097852	0.13462947815913875	1430804.8	41260.275	12.82	12.82645477205552
-1.6555724862497996	-0.9999905621671488	0.07611312027657655	0.19098268943945607	1115296.111111111	37270.27777777778	12.81	12.98947177440257
-1.6555724862497996	-0.9999906744209557	0.09598437832424384	0.19098268943945607	1115296.111111111	32884.333333333336	12.985	13.006040636053122
-1.7306901486219972	-0.9999912896209124	0.08417000887352769	0.17716209958966048	1225861.0	43377.275	13.120000000000001	13.204282034279744
-1.7306901486219972	-0.9999912942011495	0.10626990047667524	0.17716209958966048	1225861.0	43134.4	13.25	13.279026774914408
-1.7306901486219972	-0.9999920594519438	0.09088430641455347	0.17716209958966048	1225861.0	16881.083333333332	13.32	13.330317561130517
-2.0841581710449884	-0.999992288520053	0.07029521365514618	0.12441180955794727	1377208.2	40957.45	12.32	12.534286004947715
