-2.2763863012898655	-0.9999957983692985	0.04843887042261389	0.10265449968205462	2621278.2	60695.6	14.1	14.211439571350313
-2.2763863012898655	-0.9999960033797107	0.043869873520446544	0.10265449968205462	2621278.2	35462.3	14.25	14.311402742148582
-1.0267248581972344	-0.9999954513996346	0.03471161333891132	0.35817812580882247	2288892.5	33230.625	15.31	15.31951340907659
-1.0267248581972344	-0.9999949150327552	0.1402706748507226	0.35817812580882247	2288892.5	113429.25	15.184999999999999	15.254682555989316
-2.1539947227890424	-0.9999967584580157	0.019064842290893412	0.11601976403356354	3179673.2	29941.8	13.68	13.758188336403501
-0.7415879648074118	-0.9999948713407285	0.09465252010269833	0.47635687664868515	2405232.6666666665	227661.33333333334	15.14	15.184737643174369
-0.26327561789147225	-0.9999937239391715	0.07542681348864429	0.7685300474864791	1838503.0	102595.25	15.07	15.09690098535662
-0.26327561789147225	-0.999993735745061	0.15878098658878848	0.7685300474864791	1838503.0	100392.375	15.09	15.174864177706409
-2.2187091037520754	-0.9999966889157006	0.02787334471519159	0.10874940244880456	3224598.6	43342.75	14.18	14.19612264397075
-2.2187091037520754	-0.9999967064315866	0.04323742509246772	0.10874940244880456	3224598.6	40962.475	14.09	14.13295939182524
-2.2187091037520754	-0.9999968710524677	0.06266348590977763	0.10874940244880456	3224598.6	24090.15	14.06	14.11776789968652
-2.2483795136899474	-0.9999961363409685	0.03875664605568902	0.10557016102504999	2820913.7	54123.85	14.08	14.310586471905436
-2.2483795136899474	-0.9999962954782856	0.041653921624774305	0.10557016102504999	2820913.7	34548.075	14.22	14.22330181100922
-1.83340710270166	-0.9999955925845386	0.03691231621652437	0.15986795228683306	2603117.6	96087.1	14.3	14.310235192860182
-1.946512623537005	-0.9999959813544378	0.01560751048070318	0.14277110099565957	2567107.0	30220.025	14.22	14.259681855718128
-1.946512623537005	-0.9999959442489723	0.045898938588123925	0.14277110099565957	2567107.0	33240.25	14.355	14.421928029375763
-1.995227224634403	-0.9999965693327727	0.004266411309050563	0.1359827520250042	2483889.8	5020.075	14.35	14.461679748822606
-2.1872560142257464	-0.9999966634859884	0.02586911457722858	0.11222426830530537	3180175.2	40565.55	14.06	14.253297569535137
