-2.094275187244562	-0.9999868426622659	0.035633276608482124	0.1231594788718884	719119.5	12856.7	12.700000000000001	12.716119402985075
-2.094275187244562	-0.9999861097946139	0.08036048355732409	0.1231594788718884	719119.5	21778.35	12.83	12.86167237834133
-2.1295060962884587	-0.9999867060878359	0.03948954039372809	0.11889600252993625	694690.9	10250.3	12.85	12.884686998394864
-2.1295060962884587	-0.9999856581853009	0.0849397845865507	0.11889600252993625	694690.9	21228.1	12.88	12.938703842338148
-1.5850962144499332	-0.9999847011197756	0.04640348725841951	0.20492807512621058	608107.875	10973.9375	12.98	13.052569732937686
-1.6706388339117215	-0.9999829902188301	0.06142085728190328	0.18812684543389507	602221.0	28102.444444444445	13.18	13.19055724429721
-1.6706388339117215	-0.9999839463630494	0.08098191704494913	0.18812684543389507	602221.0	15800.138888888889	13.22	13.229366480815967
-2.193899186617439	-0.9999865868796284	0.031733177626545324	0.11148121399604607	668915.8	7880.3	12.93	13.0181037414966
-2.193899186617439	-0.9999848587910735	0.0783432646588743	0.11148121399604607	668915.8	25038.1	13.05	13.050752384316496
-2.278084382336155	-0.9999869958641877	0.026909589876505564	0.10248033193915053	681501.8	7060.0	12.790000000000001	12.873905711000383
-2.278084382336155	-0.9999852663772518	0.07398214145238688	0.10248033193915053	681501.8	22947.1	12.825	12.830794315464114
-2.3030656340187043	-0.9999874028362884	0.025696002044838306	0.09995195744166878	732987.7	10233.975	12.83	12.915515377429712
-2.056783081157149	-0.9999864997163154	0.0310383455822152	0.12786463916287166	666229.5	8055.925	12.44	12.493675195143105
-2.056783081157149	-0.9999845995000732	0.0895007415737024	0.12786463916287166	666229.5	28573.425	12.535	12.54954151311511
