-1.359183980797094	-0.9999869603510054	0.03219535518555217	0.2568703025530124	698219.0	8994.958333333334	13.15	13.153134365263835
-1.359183980797094	-0.9999859385449956	0.06498611304477098	0.2568703025530124	698219.0	18359.833333333332	13.125	13.211003151157067
-1.2087583675825992	-0.999986507940655	0.03304461238336994	0.29856776079204683	663648.8	7737.7	13.15	13.207129618735012
-1.6664914553817889	-0.9999848078190426	0.030747113687179757	0.18890869887393186	588397.7777777778	7622.916666666667	12.9	13.015759202453987
-1.6664914553817889	-0.9999839276636789	0.05512672116174469	0.18890869887393186	588397.7777777778	12795.5	13.17	13.178411032462778
-1.6664914553817889	-0.9999844749309152	0.11442821883998355	0.18890869887393186	588397.7777777778	9272.5	13.18	13.189618902439024
-2.053555826761776	-0.9999827501159735	0.0567502243332041	0.12827795746454407	555385.9	14476.375	12.89	12.895313069908815
-2.053555826761776	-0.9999829356112782	0.0670635450474508	0.12827795746454407	555385.9	13059.15	13.040000000000001	13.082182639237331
-2.053555826761776	-0.9999828507297018	0.10734707272147001	0.12827795746454407	555385.9	13689.575	13.11	13.127194492254732
-2.1929349263452145	-0.9999833205136829	0.08256096038544981	0.11158876274596201	592469.7	19575.6	13.200000000000001	13.21618657937807
-2.1929349263452145	-0.9999834286945255	0.09643507126180802	0.11158876274596201	592469.7	18360.225	13.245000000000001	13.259582875960483
-1.741365651689325	-0.9999851211906641	0.027810379931995963	0.17528086448407354	598688.0	7388.125	13.19	13.352094991770516
-2.0127557409330366	-0.9999840314586304	0.04641210435427284	0.13361994488867884	595215.6	13422.0	12.9	12.990032482598608
-1.9200574172207778	-0.9999825509068854	0.048314636813409494	0.1465985446076956	538316.5	12004.675	12.85	12.905083820700362
-1.011041280867312	-0.9999859938963115	0.05847472115838542	0.3638399227031658	703358.75	18982.3125	13.16	13.163494502479274
-1.011041280867312	-0.9999858076135876	0.06489506221895013	0.3638399227031658	703358.75	21639.875	13.235	13.26454559636299
-2.091845746961366	-0.9999826744745662	0.07635604828491048	0.12345905122033862	581661.8	23802.7	13.120000000000001	13.12736579790643
