-1.7057669600708836	-0.9999970272028186	0.04921986164410141	0.18163302746129767	3802600.6666666665	81173.83333333333	15.96	16.100859845943944
-1.7057669600708836	-0.9999969888111129	0.0758261744967647	0.18163302746129767	3802600.6666666665	93933.11111111111	16.14	16.197416619641206
-1.7057669600708836	-0.999997097901162	0.10513140849419686	0.18163302746129767	3802600.6666666665	62038.27777777778	16.185000000000002	16.216932034173645
-1.7822662079728426	-0.9999973436017371	0.05990642666992766	0.16825641086514412	4425110.2	127369.45	16.44	16.615480758804207
-1.7822662079728426	-0.9999974075307652	0.07184869615610241	0.16825641086514412	4425110.2	95985.425	16.73	16.74408544378966
-1.391655279056704	-0.9999970421141612	0.04246557403505093	0.24866335653495744	3789822.3333333335	73854.20833333333	16.080000000000002	16.243961489605386
-1.391655279056704	-0.9999969933787437	0.07598530408405846	0.24866335653495744	3789822.3333333335	88836.16666666667	16.200000000000003	16.20441310495498
-1.8501773378230533	-0.9999975252128495	0.06739655507393742	0.15720928468915688	4861967.8	168102.55	16.55	16.76060907788771
-2.1065534475378804	-0.9999982547617714	0.060374327472915164	0.12165654034923154	6985679.4	197140.05	17.3	17.41010232086516
-2.1065534475378804	-0.9999982977353528	0.0696209504166061	0.12165654034923154	6985679.4	146015.525	17.235	17.279399941979385
-2.016529431505846	-0.9999980097179736	0.06050230291129729	0.1331166547901317	6047551.4	168775.875	16.63	16.77621849302338
-2.016529431505846	-0.9999980359906384	0.07727390799739704	0.1331166547901317	6047551.4	143981.575	16.799999999999997	17.071959556230535
-2.016529431505846	-0.9999980897654932	0.10654538332260799	0.1331166547901317	6047551.4	104008.9	17.16	17.371643815679786
