-0.7354866116777241	-0.9999954964675142	0.028099233277518287	0.47927218278108763	2262131.3333333335	26570.166666666668	13.43	13.621734523400487
-0.7354866116777241	-0.9999962633011604	-0.005513340928568461	0.47927218278108763	2262131.3333333335	-4687.666666666667	13.690000000000001	13.690038726333906
-1.215528221514974	-0.9999955161751289	0.038792796341171505	0.29655332706721227	2356320.8	38766.2	13.84	14.268715722854909
-1.8212018375455754	-0.9999943056891846	0.05866153632923442	0.16183113927228424	1996471.4	86553.425	14.21	14.229020711391264
-1.8212018375455754	-0.9999946626930819	0.06362424390717825	0.16183113927228424	1996471.4	42436.2	14.205000000000002	14.312569885915314
-1.592012889571762	-0.9999954300587637	0.042742303207988504	0.20351554484507742	2330820.75	42263.96875	14.1	14.158859233795647
-1.984551979750157	-0.9999941796406376	0.05943319239689385	0.13744217720373958	1884417.8	57986.85	14.530000000000001	14.645226288672022
-1.984551979750157	-0.9999942850915524	0.07357173191821029	0.13744217720373958	1884417.8	47536.55	14.73	14.753410260253752
-1.984551979750157	-0.9999946969301952	0.08172122362694238	0.13744217720373958	1884417.8	21876.175	14.745000000000001	14.777481556002682
-1.0166256407784144	-0.9999954692711309	0.02351654271212188	0.36181377226686734	2195807.25	20922.0625	13.57	13.667525150738214
-1.0166256407784144	-0.9999959453193923	0.009386522484168224	0.36181377226686734	2195807.25	7355.1875	13.695	13.74986205514025
-1.0166256407784144	-0.9999956061136734	0.042698287575898726	0.36181377226686734	2195807.25	15491.75	13.870000000000001	13.98194982911006
-1.7544993284660948	-0.9999951383419403	0.041006993136545405	0.17299383370105592	2171855.6	38514.625	14.22	14.228941636782915
-1.7544993284660948	-0.9999952075310142	0.044575504562624525	0.17299383370105592	2171855.6	33140.8	14.254999999999999	14.260922983338526
-2.0302319784127634	-0.9999942105245434	0.05556267860224749	0.13130505767632814	1864586.5	48774.225	14.8	14.93275568491235
-1.9352216193204224	-0.9999942421193506	0.052238527180099234	0.14439226516167863	1852646.6	42928.65	14.43	14.501769036854933
-2.0724773337065447	-0.9999942935033072	0.067229192268004	0.12587356430775315	1945092.5	66147.925	14.9	15.154285637703964
-1.3669415363484565	-0.9999953599479628	0.03921055846794517	0.2548853261484173	2397701.6666666665	67876.54166666667	14.15	14.234999209069338
-1.3669415363484565	-0.9999957033757391	0.03454632950926126	0.2548853261484173	2397701.6666666665	29791.833333333332	14.09	14.369428928519136
-1.3669415363484565	-0.9999958239239516	0.0560947527020844	0.2548853261484173	2397701.6666666665	22313.333333333332	14.285	14.318166936993139
