-2.1106350931267395	-0.9999948278573938	0.061189329405767025	0.12116099347928419	2112071.7	55487.775	13.65	13.683054026270703
-2.1106350931267395	-0.9999949512399774	0.04038430988239174	0.12116099347928419	2112071.7	42758.35	13.765	13.848334643572064
-1.6854115585623206	-0.9999938297771298	0.09869584716845782	0.1853681264153411	1826430.7777777778	78391.61111111111	14.35	14.372418111753372
-1.374658248054772	-0.9999944387764212	0.09949896914416279	0.252926018995249	2048871.6666666667	88807.125	14.22	14.29777098865996
-1.374658248054772	-0.9999947509005251	0.06869834811731514	0.252926018995249	2048871.6666666667	46850.166666666664	14.27	14.316662433092553
-1.374658248054772	-0.9999948823633524	0.10890584306077888	0.252926018995249	2048871.6666666667	35787.458333333336	14.370000000000001	14.452297401803493
-2.0321176496235087	-0.9999948328844771	0.06134894788491433	0.1310576928069465	2105183.6	52982.025	13.65	13.652551244817138
-2.14630834639391	-0.9999948454180518	0.06303873688974261	0.11691497165312809	2152508.9	65858.8	13.9	13.921488193403297
-2.14630834639391	-0.9999956793369706	0.01790038937704418	0.11691497165312809	2152508.9	10939.925	13.99	14.005945867795257
-2.14630834639391	-0.9999951299918968	0.07042356827833124	0.11691497165312809	2152508.9	35692.925	14.055	14.11053020749742
-1.8856038464550808	-0.999994757822605	0.0670996465511292	0.1517374056653012	2092128.9	57947.55	13.65	13.950715234442672
-1.8856038464550808	-0.9999951873809005	0.0326846347831111	0.1517374056653012	2092128.9	23589.975	13.625	13.710689001804173
-1.8856038464550808	-0.9999950192008198	0.092528833937762	0.1517374056653012	2092128.9	33538.325	13.765	13.895448272577797
-2.1800408003681144	-0.9999949956018637	0.0641518605938587	0.1130369185984746	2192509.9	58231.125	14.120000000000001	14.170114088611879
-1.4969673162836645	-0.9999943767992786	0.09930773545325262	0.2238078704728499	2014669.4285714286	83189.67857142857	14.450000000000001	14.49325257760336
-0.2623811212745499	-0.9999945190499635	0.13068453812592803	0.7692178025653972	2122203.5	112609.625	14.66	14.840580973365537
