-1.7881424553922676	-0.9999870743027583	0.08919241292178463	0.16727059385403992	795388.1	29170.45	12.52	12.617605248017611
-1.6469094739561485	-0.9999881433686252	0.07587670857532314	0.19264436197870546	853127.1111111111	24715.1875	12.030000000000001	12.038425324675325
-1.6469094739561485	-0.9999879340487412	0.08331469210645863	0.19264436197870546	853127.1111111111	29547.555555555555	12.145	12.275165952753849
-1.6469094739561485	-0.9999891249510378	0.0916839755475749	0.19264436197870546	853127.1111111111	10696.861111111111	12.425	12.435515695067265
-1.3417964577552652	-0.9999895801564949	0.08791782593570886	0.2613756961675088	1037292.1666666666	49434.4	11.950000000000001	11.963334562989118
-1.3417964577552652	-0.9999896939654954	0.07724232971071299	0.2613756961675088	1037292.1666666666	43929.708333333336	12.055	12.057309592307984
-0.997252340846062	-0.9999902733769026	0.08231766284610093	0.36889163843525186	1103422.25	45823.416666666664	11.9	11.960915638581964
-0.2499243860023123	-0.9999922521751995	0.08879389829421842	0.778859673538459	1403111.0	52629.875	11.51	11.589126923992477
-0.2499243860023123	-0.99999243468847	0.0827433143024269	0.778859673538459	1403111.0	40739.25	11.68	11.751074494175352
-2.178278940886607	-0.9999860579440428	0.06801900613147487	0.1132362493100572	725042.8	24551.95	12.22	12.333756622232821
-1.8475050548411311	-0.9999850221313766	0.09428259489599577	0.15762995420889442	680439.7	26675.45	12.63	12.769014778325124
-1.8475050548411311	-0.9999849697704447	0.10001785579249506	0.15762995420889442	680439.7	27643.025	12.795000000000002	12.876216744575254
-2.1129545127767075	-0.9999854346434062	0.0747429644541119	0.12088029594372775	693425.9	24341.9	12.84	13.096120100626806
-2.2077774225326743	-0.9999850690163482	0.07040206751261224	0.10994473785830924	708765.0	39439.9	12.280000000000001	12.281982425655938
-2.0384089790141733	-0.9999838495056704	0.07192978406748507	0.1302357539474526	609549.4	18853.825	12.540000000000001	12.599176935596374
-2.0384089790141733	-0.9999831145737963	0.133731316498582	0.1302357539474526	609549.4	29509.5	12.615	12.717244701348747
-0.7181388884327624	-0.9999894116965579	0.0921914909815582	0.48765899972784843	1058200.3333333333	73462.66666666667	12.01	12.012758007117437
-0.7181388884327624	-0.9999898734011612	0.08454284426197219	0.48765899972784843	1058200.3333333333	45068.916666666664	12.01	12.012027232822717
-1.9015902559180977	-0.9999860371491543	0.09396476943945291	0.14933095586362197	718871.3	22866.975	12.89	12.967267206477732
-1.9015902559180977	-0.9999856697460917	0.10703474736946149	0.14933095586362197	718871.3	29779.475	12.91	12.925119452534675
-1.5621007243722589	-0.9999873081765024	0.07905402241943854	0.20969509657973948	878378.375	69439.34375	11.950000000000001	11.96776313497261
-1.9510133895028077	-0.9999834069436446	0.10849807353726208	0.14212996556594287	658935.7	56035.425	12.99	12.991810468160235
-1.7218695595918814	-0.9999879772081147	0.0821292090126655	0.17873168582290613	848463.6	26926.444444444445	12.39	12.479137984028581
