-1.8522921511540649	-0.9999923981982721	0.0629740333202945	0.1568771677046316	1313235.8	21653.275	11.4	11.988848742168587
-1.8522921511540649	-0.9999922593821707	0.06578422359955959	0.1568771677046316	1313235.8	25983.525	12.240000000000002	12.25992512023042
-0.730374407264074	-0.9999851419795656	0.01023315279763223	0.48172859363666876	532057.3333333334	2710.6666666666665	12.83	12.837641789714489
-0.730374407264074	-0.999981632822864	0.09776147129853242	0.48172859363666876	532057.3333333334	17541.666666666668	12.86	12.957892576120424
-0.730374407264074	-0.999982301871331	0.13813940415964024	0.48172859363666876	532057.3333333334	12287.5	12.96	12.978205841446453
-1.996186250082777	-0.9999933847377294	0.06211029301760984	0.13585240361898196	1676619.6	65595.55	11.31	11.369891048990912
-1.4762683066647988	-0.9999860135407526	0.022895361743704438	0.22848874939011463	625496.8571428572	6300.142857142857	12.11	12.15427885462555
-2.1406997256305402	-0.9999942164372048	0.06245725136199149	0.11757254570868719	1751835.3	25129.8	11.370000000000001	11.486607702229593
-2.1406997256305402	-0.9999939472068177	0.08848326856917382	0.11757254570868719	1751835.3	40274.425	11.5	11.525176670257649
-2.1406997256305402	-0.999995000081985	0.043631899301144014	0.11757254570868719	1751835.3	6366.95	11.47	11.475594562939218
-1.9529457499862237	-0.9999938063084366	0.05614218701854671	0.1418555844239907	1653425.8	28022.8	11.51	11.520378896863381
-1.0104508736758793	-0.9999794259721514	0.061945863183849634	0.36405479983632055	491139.5	24457.125	12.9	12.934310374341804
-1.0104508736758793	-0.9999798325016145	0.10670261531044659	0.36405479983632055	491139.5	20030.375	12.875	12.955283885110026
