-2.1798602196404437	-0.9999970375329773	0.013359818202656673	0.11305733273063276	3360864.0	21086.775	15.950000000000001	16.046593501984127
-2.1798602196404437	-0.9999966135742151	0.08139720957145459	0.11305733273063276	3360864.0	87667.375	15.935	16.007969217946762
-2.1798602196404437	-0.9999969234960445	0.08326577565899684	0.11305733273063276	3360864.0	30936.1	15.934999999999999	15.98561309393475
-2.2757672355834018	-0.9999959019908253	0.030890007499475357	0.10271806923725751	2566134.0	36901.725	16.01	16.04658609973857
-1.621579005640077	-0.999997695454493	0.024054928283200067	0.1975864624981364	4647890.875	44857.84375	16.17	16.232785035658377
-1.621579005640077	-0.9999977036115723	0.02699168574380204	0.1975864624981364	4647890.875	43188.9375	16.165	16.204545014520814
-1.621579005640077	-0.999997743914693	0.04261334732716106	0.1975864624981364	4647890.875	35811.0	16.25	16.28835277105945
-2.2138012402574665	-0.999996682093374	0.016256670923874807	0.10928444154660938	3034649.0	23591.45	16.05	16.066368750984406
-2.0628690763924946	-0.9999971536893124	0.0399747441632463	0.12708881879235118	4115412.3	122239.05	16.02	16.04291565812046
-2.3041037294862727	-0.9999956880154534	0.042067413227093724	0.09984825160526649	2484493.6	44939.65	16.01	16.073066119301295
-2.3041037294862727	-0.9999954969521822	0.08625530602030329	0.09984825160526649	2484493.6	72242.2	16.105	16.24847110909154
-2.3041037294862727	-0.9999956394251798	0.12392531445657046	0.09984825160526649	2484493.6	50706.05	16.285	16.365304011717797
-1.5189324541754552	-0.9999977049028783	0.02433774385313388	0.21894549658621743	4665787.571428572	44730.607142857145	16.330000000000002	16.426692862960362
-0.7488690458337988	-0.9999978406415554	0.029175930496310325	0.4729010798676775	5075793.333333333	57551.75	16.45	16.5993578592435
-0.7488690458337988	-0.999997849532055	0.026863038658151855	0.4729010798676775	5075793.333333333	55012.333333333336	16.61	16.708588774564575
-1.967738968565182	-0.999997518511959	0.02192630774638484	0.13977252928964284	4274073.9	40377.925	15.93	15.98969547667102
-1.967738968565182	-0.9999973740242536	0.05478536286879296	0.13977252928964284	4274073.9	74876.925	16.025	16.174025256696318
-1.967738968565182	-0.9999975353208983	0.0558387125821375	0.13977252928964284	4274073.9	37578.75	16.200000000000003	16.227750360895694
