-1.0202904507213093	-0.9999930337550462	0.03152483533340222	0.3604902203213189	1424251.75	20366.3125	14.25	14.357113526903818
-1.5962985970130608	-0.9999942111381145	0.03580440933089387	0.20264520310729695	1731569.375	22556.34375	14.32	14.32078967943706
-2.0708966544459506	-0.9999961785933402	0.04114489646242932	0.1260726873737019	2777845.2	40751.65	13.69	13.819575730095867
-2.0708966544459506	-0.9999960944276514	0.055068107382409644	0.1260726873737019	2777845.2	51485.525	14.155000000000001	14.252449329437157
-2.0708966544459506	-0.9999966123936632	0.02276232345831304	0.1260726873737019	2777845.2	12211.875	14.370000000000001	14.39461593113482
-1.8835889035970155	-0.999994778131602	0.0320317204813493	0.15204345610067038	1920676.9	22685.425	14.06	14.075021632937892
-1.8835889035970155	-0.9999944056544496	0.06498488810671516	0.15204345610067038	1920676.9	46393.225	14.065000000000001	14.09206576168651
-2.1097449919353846	-0.999996622090352	0.03549760212648417	0.12126888703489354	3149657.1	41740.75	14.4	14.448000010439554
-2.1097449919353846	-0.9999964876986643	0.061963835216915786	0.12126888703489354	3149657.1	63737.55	14.42	14.42895437801963
-2.2702117757466946	-0.9999964706085235	0.0612636257490129	0.10329030338557924	3358587.6	140612.525	13.83	13.894957429809045
-2.2702117757466946	-0.9999966687197699	0.06941357322570928	0.10329030338557924	3358587.6	72285.775	13.9	14.239045970045883
-1.3718763606258269	-0.9999940199475366	0.036559669788018834	0.2536306103003955	1710875.6666666667	27752.75	14.41	14.41062046111542
-1.3718763606258269	-0.9999937027478358	0.07194426651272609	0.2536306103003955	1710875.6666666667	47752.875	14.440000000000001	14.440024213075061
-1.7579715010759944	-0.9999943606774041	0.04027240529914805	0.17239421084943846	1815674.1	27976.95	14.030000000000001	14.090685476235562
-2.29701860288622	-0.9999967209538582	0.04172289231663518	0.1005582011800972	3344313.5	57880.8	14.19	14.190342408616454
-2.29701860288622	-0.9999966326455786	0.07499124171506746	0.1005582011800972	3344313.5	77767.275	14.27	14.298848223707353
-2.2117917123657045	-0.999996208613759	0.054390446062686115	0.10950427248425648	3076564.9	116359.2	14.280000000000001	14.297829087474545
-2.2117917123657045	-0.9999964081009232	0.06363390227762933	0.10950427248425648	3076564.9	62987.7	14.344999999999999	14.373929404447209
-2.2117917123657045	-0.9999966316858876	0.05344166707600512	0.10950427248425648	3076564.9	31659.875	14.3	14.301621254468637
