-1.6770521433801098	-0.9999955581375342	0.13992440063682082	0.18692419037650068	2698887.625	160826.5	21.95	22.236698906880697
-2.2776839213589644	-0.999995037842029	0.10407432652519574	0.10252137953145252	2430065.7	172536.5	18.63	18.631576444593474
-2.2776839213589644	-0.9999952001026539	0.1686169884279588	0.10252137953145252	2430065.7	116315.0	18.655	18.67155723204299
-2.2776839213589644	-0.9999951344570929	0.3082282613361408	0.10252137953145252	2430065.7	136432.0	18.685000000000002	18.744658285855838
-2.208675216961838	-0.9999949535013428	0.12370517137822253	0.10984607438153128	2343996.0	137168.5	18.8	18.911005476943753
-0.28170337138859775	-0.9999959091568916	0.13388769503877418	0.7544974568757481	2902263.0	143300.0	22.86	23.10343614670791
-0.28170337138859775	-0.9999960196869194	0.19204839305504248	0.7544974568757481	2902263.0	103975.0	23.17	23.200805712458703
-0.28170337138859775	-0.9999954980522402	0.41611051791513015	0.7544974568757481	2902263.0	472519.5	23.21	23.776889000849614
-2.170612816555871	-0.999996198815116	0.005680476828455291	0.1141076684118718	2400596.0	9182.0	18.76	18.79492154376746
-1.9163848347086854	-0.9999962828024782	0.011639166327299614	0.14713792972082437	2597841.9	15625.0	20.55	20.801751923419943
-1.0719515977449698	-0.9999953420705133	0.11765558690442328	0.34233975555893686	2606135.5	187061.0	23.3	23.301608378798605
-1.0719515977449698	-0.9999954493109889	0.23862748769752704	0.34233975555893686	2606135.5	141450.5	23.28	23.316775097680598
