-1.5337909810877228	-0.999999071035211	0.04945680470398595	0.2157163387072756	13512048.833333334	282720.5	50.5	51.66893400523714
-2.05347859081571	-0.9999989463089388	0.09612837718139254	0.12828786551657229	12547354.4	551851.0	44.300000000000004	44.958289563078694
-2.05347859081571	-0.9999988786527679	0.2384420032532987	0.12828786551657229	12547354.4	1289726.0	46.870000000000005	47.65139340496794
-2.5160881377458026	-0.9999990597503409	0.04510303029509495	0.08077497007494977	13399581.8	296247.0	56.94	58.4371627496089
-2.5160881377458026	-0.9999992727283178	0.005113969927819624	0.08077497007494977	13399581.8	17070.0	56.78	57.35444441916549
-2.3935138777556544	-0.9999989236354851	0.17200352959353285	0.09130827339884924	12897980.5	1069741.5	56.5	59.04916431785834
-2.4371095019369733	-0.9999990204144708	0.05823156727713169	0.08741315419892479	13107457.6	376952.0	58.0	59.333415984085235
-2.296285146670008	-0.9999989832679818	0.055112916931193724	0.10063198327250332	12486998.3	326416.0	51.56	53.16914055637388
-2.296285146670008	-0.9999989459859553	0.16566490591450608	0.10063198327250332	12486998.3	519940.5	53.585	54.703257092098255
-2.296285146670008	-0.9999989152619057	0.3169276163668314	0.10063198327250332	12486998.3	763082.5	56.105000000000004	56.739071221512155
-0.8206204855662065	-0.9999989736244381	0.09088210585639353	0.4401584577875532	12600520.333333334	413686.5	48.69	49.75304148734651
-2.551972760913756	-0.9999991482642896	0.01116605508279248	0.07792778138107416	13151544.8	73249.5	54.4	54.76206483659583
-2.123192753395434	-0.9999989857080385	0.061021672113546845	0.11964900825305731	12633680.4	367411.5	48.71	49.49185084008242
-1.1337875361857153	-0.9999989777985818	0.07175303356168529	0.32181207037740106	12491727.25	351181.5	48.6	49.912084447136685
-1.3589768674112555	-0.9999991391126773	0.022251452161429833	0.2569235093408243	13583422.2	119825.0	50.7	51.540520444138764
-1.3589768674112555	-0.999999079103412	0.07165848233108285	0.2569235093408243	13583422.2	270742.5	51.44	52.54588724176726
-1.8910404829573046	-0.9999989722278846	0.09290168337036452	0.15091470294112427	12850773.222222222	544522.5	42.77	43.46894652155615
-2.5852300760903484	-0.9999990073578591	0.06467848949410411	0.07537873476129857	13015886.5	408446.0	55.36	56.0083166179751
-2.5852300760903484	-0.9999988768239045	0.6530838774516022	0.07537873476129857	13015886.5	2233615.5	58.215	60.08658903256753
-2.2432536196878226	-0.9999988996905712	0.15975758125796063	0.10611269176989088	12517982.5	959006.5	48.99	50.73589030581848
-2.2432536196878226	-0.9999990117373017	0.07834512650190266	0.10611269176989088	12517982.5	235873.5	52.7	52.89611031263476
