-1.4666331249702766	-0.9999972957177832	0.2860370214705466	0.23070092022541283	5259794.666666667	1504496.0	28.2	28.339768404615597
-1.5992578267351347	-0.9999981102337411	0.21214867230699375	0.20204641581077568	7170212.142857143	766832.5	29.5	30.02017586517841
-2.3038742074972602	-0.9999967573057695	0.07042549867395945	0.0998711716047956	3556287.6	101920.0	25.0	25.064839211241406
-2.3038742074972602	-0.9999963980039109	0.19865055822208375	0.0998711716047956	3556287.6	365759.5	24.869999999999997	24.994712008453043
-2.1324994061123825	-0.9999982250869522	0.028061056679826148	0.1185406420748417	6416387.2	88302.0	26.900000000000002	26.978764629580496
-2.1324994061123825	-0.9999982822872294	0.03741616760094445	0.1185406420748417	6416387.2	61175.0	26.965	26.975970684298574
-0.7897982130927801	-0.99999775148686	0.032532574140372715	0.4539363844603915	5009034.333333333	77875.5	27.8	27.850763165737813
-2.3719460824928853	-0.9999959024049192	0.12227595439421295	0.09329898197528849	2884036.1	135619.0	24.91	24.977921961471463
-1.7107156051552312	-0.9999984237862097	0.03965098246018935	0.1807364104223243	7563880.625	150585.5	28.18	28.35137708240609
-1.0899241704432912	-0.9999975778974926	0.02223800449560401	0.3362419898210766	4445394.0	47438.0	27.740000000000002	27.808637897992554
-1.957844590568327	-0.9999982622735236	0.048383015888483	0.1411623559245472	6899247.1	160974.0	26.900000000000002	26.976441652993014
-0.2908121081067939	-0.9999978765379357	0.024850277491224385	0.7476561433497704	5243096.0	68425.5	28.1	28.305283477888874
-2.0219129267469453	-0.9999982139898127	0.04800005164270686	0.13240194745047665	6695694.6	156150.0	27.05	27.186871742367835
