-1.6497801149010263	-0.9999971989253696	0.04543659853423443	0.19209214217701379	4034516.375	80900.0	18.61	18.84952473799659
-1.052683538741909	-0.9999973436825406	0.10992454567997449	0.3489999364951984	4652168.5	232729.5	19.29	19.43600886911683
-1.052683538741909	-0.9999973128086279	0.265362585689266	0.3489999364951984	4652168.5	268676.5	19.465	19.52414896724939
-1.052683538741909	-0.9999970428769533	0.7214013634501066	0.3489999364951984	4652168.5	943200.0	19.53	19.94945321378962
-2.138815740415971	-0.9999943733097535	0.05685387951304637	0.11779425943355219	1911092.5	46775.0	18.34	18.352820826417403
-1.739224421771058	-0.9999971964065879	0.02601046596672333	0.17565658322175592	3804219.3333333335	42850.0	18.85	18.908002402608545
-1.417906043387526	-0.9999976150055593	0.02241976512362665	0.2422206858473144	4487046.166666667	44425.0	19.71	19.752072899408283
-2.2140345538298454	-0.9999940144432362	0.053937268400005116	0.10925894697737694	1787429.8	44300.0	17.25	17.306501802162597
-1.9453383618037707	-0.9999966214329664	0.033954707768054516	0.14293885010757632	3167850.4	44479.0	18.31	18.311833093780496
-1.9453383618037707	-0.9999964285318566	0.09738894243927274	0.14293885010757632	3167850.4	81950.0	18.310000000000002	18.36278312259483
-1.9453383618037707	-0.9999964861618488	0.08276751789214923	0.14293885010757632	3167850.4	68275.0	18.39	18.39573445841226
-1.8845833765685753	-0.9999965401944393	0.08591196492290314	0.15189232815186107	3390555.4	124325.0	18.03	18.20635066062301
-1.8845833765685753	-0.9999965250514447	0.14504658835462364	0.15189232815186107	3390555.4	130875.0	18.2	18.218147331274814
-1.8845833765685753	-0.9999968392612909	0.05365975598017754	0.15189232815186107	3390555.4	45100.0	18.26	18.322924827951297
-2.050450685463003	-0.9999953260440477	0.07700911212922062	0.12867689771036084	2416149.6	80255.0	18.3	18.33274887950754
