-1.5294003834413774	-0.9999965567477765	0.23000476285266544	0.21666554462206244	3712425.285714286	356045.5	18.270000000000003	18.882830009457447
-2.177876891866606	-0.999998883886086	0.05533487990838021	0.1132817849862945	11260883.2	287341.0	19.42	19.847479980458534
-2.177876891866606	-0.9999987971506241	0.27144045611926554	0.1132817849862945	11260883.2	763100.5	19.89	20.182829060866272
-2.177876891866606	-0.9999986488994357	1.6663363977191619	0.1132817849862945	11260883.2	4051450.0	20.185000000000002	21.175260824767342
-1.8034229600136804	-0.9999975957388573	0.33185364555711194	0.16473404400798372	5656139.6	805191.5	19.174999999999997	19.69132506946028
-1.8034229600136804	-0.9999976994094251	0.24031964508485812	0.16473404400798372	5656139.6	447960.0	20.325000000000003	20.4940061804451
-2.0946896525868004	-0.9999987936713923	0.0324092650311411	0.12310844411312788	9945193.1	162294.0	19.81	19.901876529312627
-1.0435644377988558	-0.9999959699242775	0.09250962789375286	0.35219705742397045	2874410.5	107375.0	17.62	17.885032429797924
-1.0435644377988558	-0.9999961517626655	0.05871237708792032	0.35219705742397045	2874410.5	63665.5	17.805	17.87330675992169
-2.2165890405014115	-0.999999192631848	0.007181964101288913	0.1089802026295111	13286589.8	45576.5	21.42	21.587820070385565
-2.2165890405014115	-0.9999990579996902	0.08210605054317738	0.1089802026295111	13286589.8	272656.5	21.165	21.674285683644275
-1.8741860583832817	-0.9999980326203126	0.4744996441023077	0.15347983964726528	7258437.6	1591364.0	20.215000000000003	20.933927155485975
-2.318960339255897	-0.999998967607651	0.1414334651407273	0.09837580992359474	13329420.4	947129.0	20.814999999999998	21.4644526670138
-2.318960339255897	-0.999998992661135	0.20797345122594343	0.09837580992359474	13329420.4	678230.0	21.835	21.98741622120583
-0.7548087883411105	-0.9999962470056134	0.08315498729265572	0.4701004948326641	3044646.0	91723.0	16.8	16.94577059362964
-0.7548087883411105	-0.9999957922893089	0.288609955187131	0.4701004948326641	3044646.0	366219.0	16.955	17.85201199800986
-1.6348535186458268	-0.9999970527796588	0.06276475765102096	0.1949809302781575	3957013.25	116097.0	18.43	18.726781069557475
-1.724647864508513	-0.9999974058303935	0.08917556507127758	0.1782358038760271	4656799.0	176402.0	18.42	18.773414062765134
-1.724647864508513	-0.9999970129767816	0.705508428336282	0.1782358038760271	4656799.0	1099060.0	18.95	19.23235474538128
-1.4031447964685413	-0.9999967543562163	0.03235248328116087	0.2458226847935336	3245364.0	37544.0	17.91	18.06217242853819
-1.4031447964685413	-0.9999959028255571	0.4347476812970131	0.2458226847935336	3245364.0	595300.0	18.215	18.353266733266732
-1.4031447964685413	-0.9999962365139712	0.36308194638500796	0.2458226847935336	3245364.0	201567.0	18.410000000000004	18.43037916147237
-2.378343831913211	-0.9999989972742429	0.025997858063426672	0.09270398382148348	12309112.7	229271.0	21.04	21.04401005905226
-2.378343831913211	-0.9999989809797001	0.09214669462406003	0.09270398382148348	12309112.7	280192.5	21.025	21.048429194539352
-2.287375362592452	-0.9999990758494159	0.03125112574507175	0.10153259870137933	13270155.5	211846.5	21.245	21.53328460753911
-2.287375362592452	-0.999999150266557	0.026327469257650542	0.10153259870137933	13270155.5	78911.5	21.17	21.218617783794457
