-0.3133537977443546	-0.9999991522174075	0.036622542212408175	0.7309912437601743	14748467.5	269275.5	63.0	63.08548041686488
-0.3133537977443546	-0.9999990932715461	0.1348721992067175	0.7309912437601743	14748467.5	642327.5	61.81	64.51534131839396
-1.5658899790543521	-0.9999991579949387	0.03555000767763232	0.208902012001893	14981371.166666666	300856.0	83.3	86.7675861073414
-1.5658899790543521	-0.999999128177511	0.12893450587146385	0.208902012001893	14981371.166666666	470285.0	90.205	90.94536894657745
-2.0008626283912765	-0.9999994538308409	0.25700563946897925	0.135218589517845	28008019.3	4400004.5	34.910000000000004	36.62402392279943
-1.7191052519950303	-0.9999992612087258	0.30932601933176096	0.17922643868932772	20432348.285714287	3595668.0	37.15	38.39143003908403
-2.4798263868987416	-0.9999995017035298	0.15397488812207558	0.08375776577544698	29238397.2	2125228.0	34.6	36.13093062383218
-2.4798263868987416	-0.9999994647485726	0.7237764666082045	0.08375776577544698	29238397.2	6261270.5	36.790000000000006	37.647424627857944
-0.8325662959439798	-0.9999990324134859	0.09807165648321986	0.43493168946217964	14045025.0	797929.5	64.78	66.63444819730572
-2.411903673620467	-0.999999582950054	0.043560398585146584	0.08964447820614721	33298529.8	1074267.0	33.9	34.28939938414827
-2.411903673620467	-0.9999995837667552	0.12094738800306531	0.08964447820614721	33298529.8	1045446.0	34.0	35.04888800076394
-2.411903673620467	-0.9999996014910234	0.10089228616714835	0.08964447820614721	33298529.8	579407.5	34.81	34.93920448758427
-2.136099711692539	-0.9999995953534965	0.02197330374062658	0.11811462689229821	31968909.1	415029.5	36.07	36.51290546805894
-2.3743528121973867	-0.9999995596522152	0.15477802179251496	0.0930747065374048	33730454.5	2822491.5	32.15	33.59880981638027
-2.3743528121973867	-0.99999958512847	0.1560904940939835	0.0930747065374048	33730454.5	1195176.5	33.55	34.04373269478322
-2.3743528121973867	-0.9999995811383914	0.26023142297491764	0.0930747065374048	33730454.5	1367359.0	34.33	34.55802620691649
-1.920368902727473	-0.9999994036896798	0.2578387758951553	0.14655288839674083	25543949.111111112	4123118.0	32.61	33.78634292162138
-1.920368902727473	-0.999999481384003	0.11066248648903877	0.14655288839674083	25543949.111111112	566651.0	35.43	36.002124117072
-1.920368902727473	-0.9999994473014395	0.5775239162204705	0.14655288839674083	25543949.111111112	1353363.0	35.379999999999995	36.236145154275356
-1.1528832656762789	-0.9999991484311272	0.039529533829314005	0.31572513632175697	14922283.75	330165.5	73.60000000000001	74.63918676448613
