-1.8887704046396077	-0.9999979130444802	0.03515134325052874	0.15125768028151715	5562830.8	110125.0	14.5	14.589389708121276
-1.9425929756583702	-0.9999978404656368	0.026255746860248855	0.14333181161502292	5212285.1	77350.0	13.81	14.009459551518592
-1.9425929756583702	-0.9999979141748745	0.04850659989039857	0.14333181161502292	5212285.1	52675.0	13.940000000000001	14.098014113905178
-1.6856649958590473	-0.9999977445274667	0.25674544197399807	0.18532115317112047	6035671.888888889	816915.5	13.74	14.689387591307218
-1.6856649958590473	-0.9999980311859419	0.08706834042946097	0.18532115317112047	6035671.888888889	144800.0	14.615	14.627616644097008
-2.0756090591468612	-0.9999977602705744	0.043520900813587025	0.12547997948562759	5263192.1	131678.5	13.96	14.403840940637567
-1.8287317982568358	-0.999997957760448	0.07955532244669952	0.16061713359543292	6109590.8	262300.0	14.485	14.682329997160704
-1.8287317982568358	-0.9999981835686252	0.02734542811905333	0.16061713359543292	6109590.8	66015.0	14.57	14.586871311282254
-1.7618903745600276	-0.9999980656037226	0.06928925582752557	0.1717199417982204	6390054.0	233489.5	14.15	14.308449214490661
-1.7618903745600276	-0.9999981689266852	0.07202188319107146	0.1717199417982204	6390054.0	120650.0	14.195	14.405506361037942
-1.7618903745600276	-0.999998119415801	0.15610888174093437	0.1717199417982204	6390054.0	165550.0	14.525	14.549206111630808
-1.3812168380924201	-0.9999981472593893	0.008371684855950058	0.25127260887317854	5668178.5	36375.0	13.64	13.711600921996961
-1.3812168380924201	-0.9999979458472605	0.06819745025043146	0.25127260887317854	5668178.5	113925.0	13.765	13.788438983756768
-1.3812168380924201	-0.9999978742496828	0.16673846428948802	0.25127260887317854	5668178.5	170950.0	13.895	13.91550268763687
-2.214909563631008	-0.9999967243248655	0.11024146807917791	0.10916338614233775	3727421.1	200750.0	13.86	13.996169616401057
-2.214909563631008	-0.9999965206187856	0.5844440989824115	0.10916338614233775	3727421.1	428959.0	14.08	14.152002556435736
-2.214909563631008	-0.9999966228575627	0.3243307229367725	0.10916338614233775	3727421.1	293029.5	14.260000000000002	14.345268025864316
-2.3000929727910506	-0.999996863761239	0.020684856196617314	0.10024952281157766	3307631.6	32000.0	14.08	14.144297372060857
-2.3000929727910506	-0.9999966032471922	0.11267353397601622	0.10024952281157766	3307631.6	75750.0	13.83	13.871777568774982
-1.9912376285323168	-0.9999982045325458	0.003546468718411311	0.13652635193343773	5147640.1	10325.0	14.030000000000001	14.106120392807039
-1.9912376285323168	-0.9999981134702358	0.015095862846126407	0.13652635193343773	5147640.1	16500.0	13.835	13.871032270606532
-1.6017245377476266	-0.9999977351161977	0.07090894433181696	0.20154863987894706	5330127.0	174925.0	13.19	13.319218710259197
-1.6017245377476266	-0.9999976301435053	0.1835212939744298	0.20154863987894706	5330127.0	306089.5	13.665	13.72410842398395
-2.034856586544596	-0.9999977077782461	0.034188849070921803	0.13069922518751922	5005595.6	96175.0	13.36	13.74410515638208
-2.034856586544596	-0.9999975608154368	0.11124883720852888	0.13069922518751922	5005595.6	200700.0	13.655000000000001	13.731619006102877
