-2.140195545408134	-0.9999973496297924	0.08133502952222764	0.11763183840677824	4610390.1	202650.0	11.290000000000001	11.35375281187737
-1.901272078027437	-0.9999965915465858	0.5354928179154038	0.1493784772318925	4080436.2	1096875.0	12.290000000000001	12.681982025282737
-2.0733351273602265	-0.9999974338542833	0.038441845996143406	0.12576563705939584	4718516.9	181388.5	11.25	11.261740404877472
-0.25080312307760216	-0.9999968346163636	0.2711833918903374	0.7781755612882929	4162141.5	526903.5	12.245000000000001	12.307941399512488
-1.7264651833479132	-0.99999649305301	0.08863437226739646	0.17791218673861392	3379397.3	140275.0	11.97	11.981430392781837
-1.1989985198065225	-0.9999965189115181	0.1530624184683025	0.3014960030435188	3570325.8	249850.0	12.15	12.231489347924626
-1.9505758476268782	-0.9999975965884788	0.01305793423843111	0.14219216698457282	4575991.8	59753.0	12.185	12.209323464090339
-2.199094784975219	-0.9999978678138637	0.004298239500096205	0.11090350445662062	4329003.4	10200.0	10.91	10.956358629130968
-2.199094784975219	-0.9999973805117047	0.08750834502886007	0.11090350445662062	4329003.4	84100.0	10.895	11.01476380572189
-1.567562835838181	-0.999996871352421	0.038891006968664744	0.20855284099193458	3550288.125	66675.0	12.05	12.090490368297258
-1.003542729295082	-0.9999973847975899	0.007525610877862509	0.3665784497890082	3605669.75	12450.0	12.205	12.229718309859155
-1.4676890248599523	-0.9999963987759138	0.2936028148448853	0.23045745171100826	3646529.285714286	504825.0	11.684999999999999	12.06352662156785
