-1.4375300803520943	-0.9999896489926458	0.0984730921836036	0.2375136744930466	979551.8333333334	25318.958333333332	22.64	22.71444655871652
-1.6747377150317009	-0.9999925998125002	0.05399532098959615	0.18735731404522155	1378359.0	26905.28125	23.03	23.17979066366019
-1.2773179861949149	-0.9999883371263301	0.09854026077969141	0.2787840012146162	965850.0	78008.55	22.53	22.547228023863283
-1.2773179861949149	-0.9999901237400953	0.08113656675876653	0.2787840012146162	965850.0	13889.85	22.575000000000003	22.58931282051282
-1.2773179861949149	-0.9999893202267649	0.09797106708621382	0.2787840012146162	965850.0	30182.75	22.62	22.62735932423063
-2.0911546772487952	-0.9999952507758642	0.05186222493558081	0.12354439951879498	2383327.0	82367.15	23.68	23.695977021096912
-2.0911546772487952	-0.9999957402109002	0.057159778396511964	0.12354439951879498	2383327.0	25653.4	23.83	23.877190222178392
-2.0911546772487952	-0.9999956234753553	0.05790871183209042	0.12354439951879498	2383327.0	33882.7	23.935000000000002	23.97213656838944
-0.773226509770053	-0.9999895971578301	0.11382015130261722	0.46152155960030256	974661.0	25316.333333333332	22.29	22.357915026766896
-0.773226509770053	-0.9999892096295585	0.12367058826155522	0.46152155960030256	974661.0	36935.416666666664	22.38	22.465207887928646
-0.773226509770053	-0.9999888812446885	0.11143844114229966	0.46152155960030256	974661.0	50868.416666666664	22.51	22.521330668103243
-1.566452258437293	-0.9999917637678037	0.05927664194378181	0.20878458372433292	1241726.4285714286	27642.535714285714	22.73	23.515716980014222
-1.917550184610194	-0.9999940709315505	0.06069532709440723	0.14696656241974343	1777841.0	37832.15	23.080000000000002	23.428864570784
-1.917550184610194	-0.9999942379345002	0.07014799925044721	0.14696656241974343	1777841.0	28113.375	23.56	23.646685998989387
-2.0388502202305587	-0.9999949781388645	0.04836350865490848	0.130178301241147	2093369.5	36775.375	23.37	23.585245133394963
-2.0388502202305587	-0.9999952279203329	0.0483521693276598	0.130178301241147	2093369.5	21800.325	23.580000000000002	23.586608831312603
