-1.9993863618374206	-0.9999959792721598	0.023124640270305894	0.13541835561673482	2409531.1	16123.075	24.36	24.5182376023835
-2.281120469503909	-0.9999951903846298	0.050015542028021893	0.10216966456365874	2434688.7	121772.275	25.330000000000002	25.36888463339011
-1.9359913338988626	-0.9999965806517536	0.0065883846079143795	0.1442811670925565	2486139.7	4918.575	24.27	24.304273237501622
-1.8652435978662583	-0.9999957491478545	0.031870121925891205	0.15485848209407888	2625671.7	70356.325	24.310000000000002	24.311223914177244
-1.8652435978662583	-0.9999959973508211	0.06519680196473904	0.15485848209407888	2625671.7	36666.375	24.259999999999998	24.266684
-1.8652435978662583	-0.9999959976136966	0.05065251912166353	0.15485848209407888	2625671.7	36641.075	24.310000000000002	24.334595646992625
-2.1565289099350555	-0.9999956991335044	0.04798346472056489	0.11572612046988927	2406678.5	31281.15	25.0	25.07844886043971
-2.1565289099350555	-0.9999954421553672	0.041842918939424954	0.11572612046988927	2406678.5	58061.0	25.315	25.373179289776257
-2.1565289099350555	-0.999995514962014	0.04191539801100942	0.11572612046988927	2406678.5	48728.725	25.240000000000002	25.41359988180292
-1.5841970533578267	-0.9999972763233713	-0.003896940746463333	0.20511242134409743	2996320.4285714286	-3500.714285714286	24.48	24.535148782705324
-1.5841970533578267	-0.9999966291486654	0.04070505938213346	0.20511242134409743	2996320.4285714286	24345.678571428572	24.43	24.43847339158062
-1.5841970533578267	-0.9999964850221237	0.05463346639171034	0.20511242134409743	2996320.4285714286	37495.392857142855	24.51	24.60320204506722
-1.5841970533578267	-0.9999964278817921	0.05325115270006206	0.20511242134409743	2996320.4285714286	44497.5	24.634999999999998	24.644433724832215
-2.108333417345917	-0.9999958034371912	0.03839027636087787	0.12144018798791756	2398160.2	23481.95	24.47	24.47415006557568
-2.108333417345917	-0.999995920774247	0.029546461300130493	0.12144018798791756	2398160.2	17722.325	24.51	25.054218060190017
-2.108333417345917	-0.9999956159054147	0.0627509470326424	0.12144018798791756	2398160.2	36817.7	25.060000000000002	25.185767057245222
-2.108333417345917	-0.9999958030830898	0.03809211842157726	0.12144018798791756	2398160.2	23501.9	25.17	25.206832981295328
-2.2010928432969665	-0.9999952336658265	0.04835559125826133	0.11068213401580283	2412293.8	98497.675	25.39	25.439454130379843
-2.2010928432969665	-0.9999957054759679	0.061082663685493456	0.11068213401580283	2412293.8	31559.25	25.29	25.62083850931677
-0.782698497067128	-0.9999965735943993	-0.006495505597078101	0.45717067155813823	2457633.0	-4539.75	25.3	25.31741840646407
-0.782698497067128	-0.9999953935639457	0.05900841833415081	0.45717067155813823	2457633.0	82530.0	25.275	25.341958270874844
-0.782698497067128	-0.9999958395356449	0.06146939345582488	0.45717067155813823	2457633.0	27580.333333333332	25.215	25.26514018691589
-0.782698497067128	-0.9999954587353935	0.09996583239581723	0.45717067155813823	2457633.0	70315.5	25.305	25.392130771205768
-2.4130181575421323	-0.9999975382255615	0.04664712178845435	0.08954462652840034	4498566.4	64501.275	26.14	26.683753505302043
-2.4130181575421323	-0.9999976093702022	0.054227463460558074	0.08954462652840034	4498566.4	46834.975	27.07	27.191056678270435
-2.4130181575421323	-0.9999976703244996	0.047370347174738814	0.08954462652840034	4498566.4	35602.525	27.0	27.19509085416999
-2.4130181575421323	-0.9999973536379015	0.0970966852958497	0.08954462652840034	4498566.4	147979.475	27.28	27.908922865437752
-1.784845666274298	-0.9999968514345694	0.0073108582873269825	0.16782295974424535	2757968.4444444445	5904.527777777777	24.41	24.515150740929993
-2.351069513642486	-0.9999962883370639	0.035186039707267316	0.09526721812050527	2872280.4	42655.575	25.3	25.369737850684913
-2.351069513642486	-0.9999964546549756	0.041546694516643244	0.09526721812050527	2872280.4	26454.65	25.43	25.580801495395278
-2.351069513642486	-0.9999960789340899	0.07566155553946297	0.09526721812050527	2872280.4	77838.225	25.650000000000002	25.6922388195259
-2.0564470980998246	-0.999995798487299	0.026315846434786166	0.12790760673304485	2327101.7	17628.825	24.29	24.29482624691049
-2.0564470980998246	-0.9999953609811355	0.038668065900772604	0.12790760673304485	2327101.7	48798.175	24.325000000000003	24.337260163827327
-2.0564470980998246	-0.9999953086167402	0.046797790335928846	0.12790760673304485	2327101.7	55122.2	24.38	24.41200853734151
