-1.279379452833194	-0.999990946997951	0.05288431568569958	0.2782098892564648	1084286.6	18324.5	22.0	22.1345168
-1.279379452833194	-0.9999927876644675	-0.013478497208470311	0.2782098892564648	1084286.6	-2489.5	22.14	22.147149170745614
-2.0819180423766213	-0.9999904457314412	0.04424839199625447	0.12469082041265157	1063479.7	25867.225	21.52	21.574778037903005
-2.0819180423766213	-0.9999906683062789	0.0865543606928809	0.12469082041265157	1063479.7	20414.85	21.68	21.69717117684078
-2.0819180423766213	-0.9999911651511894	0.04751273949218892	0.12469082041265157	1063479.7	12035.3	21.71	21.74690703948982
-1.0703611610790298	-0.9999921149365941	0.009726792041231305	0.3428846584603031	1001745.75	2693.125	22.09	22.384292661361627
-1.0703611610790298	-0.999991167619083	-0.021816023408589787	0.3428846584603031	1001745.75	-6958.0625	22.43	22.445887714181552
-0.2835317853323993	-0.9999924188392655	-0.021691218023584372	0.753119183616032	1142098.5	-5757.5	23.17	23.174294051806847
-1.8431716907586793	-0.9999901454143874	0.05638605653211375	0.15831450432200914	991517.8	17517.225	21.18	21.245791878195018
-1.9744034658331167	-0.9999892316331128	0.0457002537027867	0.13884411280097528	983210.9	39638.275	21.35	21.574477961591683
-1.9744034658331167	-0.9999904596930544	0.05142327951860978	0.13884411280097528	983210.9	11849.6	21.384999999999998	21.65351236712601
-1.4386502434595996	-0.9999906916356838	0.04964506260769447	0.23724776939369677	1045497.1666666666	16845.0	22.18	22.20347964686956
