-1.4201996368393417	-0.9999823960325365	0.09363355532572275	0.24166576669109804	583057.5	28683.875	19.79	19.968278773575307
-1.2627837991207944	-0.9999834124853595	0.08422711606384743	0.2828654887447785	614742.4	26822.9	19.89	19.895670360824745
-1.2627837991207944	-0.9999852203582513	0.13632783300075987	0.2828654887447785	614742.4	8826.9	19.945	19.952270531400966
-1.6529368012209087	-0.9999805801128524	0.0894865061513811	0.19148672360064847	516921.25	22891.21875	19.63	19.782542827868852
-1.6529368012209087	-0.9999832468714113	0.09693384432426072	0.19148672360064847	516921.25	5766.8125	19.775	19.777759493670885
-1.6529368012209087	-0.9999826372553215	0.057659617931049574	0.19148672360064847	516921.25	7903.375	19.78	19.82183830441144
-1.7431272230511006	-0.9999801959518068	0.09441228006693114	0.17497236653328466	509108.0	23917.305555555555	19.87	19.974116931615733
-1.7431272230511006	-0.999982839281888	0.10447609529811425	0.17497236653328466	509108.0	6226.055555555556	20.105	20.117301324503313
-0.7639626987514776	-0.9999838640627777	0.09500419605914381	0.46581687287670853	651594.6666666666	36829.833333333336	19.76	19.94752092065234
-0.7639626987514776	-0.9999858640925667	0.1439808973725492	0.46581687287670853	651594.6666666666	10004.416666666666	19.965	20.03256613756614
-1.821854286292121	-0.9999795989209944	0.09236275631288664	0.16172558718572158	490477.2	22163.875	20.07	20.110842105263156
-1.821854286292121	-0.9999799886940612	0.07213934808333632	0.16172558718572158	490477.2	18306.925	20.095	20.10012248897599
-1.953808928006757	-0.9999790572193074	0.09316576453148864	0.1417331906328406	463967.2	16592.45	19.93	20.018796296296298
-1.953808928006757	-0.999981460999004	0.09330214541324851	0.1417331906328406	463967.2	5438.75	19.97	20.070630011347333
-1.953808928006757	-0.9999793741762487	0.06217492427379678	0.1417331906328406	463967.2	14323.2	20.09	20.09464872032887
-2.0611223514555106	-0.9999783583774707	0.09865577295176148	0.12731100199132378	442872.6	14536.425	20.23	20.33754655657722
-2.1080404387286618	-0.9999783552790146	0.08715752199141026	0.12147577257878109	438611.9	13273.925	20.330000000000002	20.36635050224558
-2.1080404387286618	-0.999977155849973	0.09577044645879501	0.12147577257878109	438611.9	22464.05	20.29	20.40419243370116
-2.1080404387286618	-0.9999781970526938	0.11793714185771043	0.12147577257878109	438611.9	14227.925	20.365000000000002	20.405391965705594
-2.1080404387286618	-0.9999799692813683	0.061652343621098483	0.12147577257878109	438611.9	6539.125	20.44	20.456439688715953
-2.264762199088874	-0.9999814168868161	0.05895710614114905	0.10385472835360221	481960.6	7755.825	20.53	20.56041996069666
-2.0098040009997646	-0.999978662567076	0.09086407188278442	0.13401493888887928	447301.2	13963.3	20.06	20.107330669619216
-2.0098040009997646	-0.9999794819001344	0.08528559092030594	0.13401493888887928	447301.2	9678.55	20.11	20.1666072721916
-2.0098040009997646	-0.999979094439566	0.09063972318927657	0.13401493888887928	447301.2	11510.275	20.145000000000003	20.253843811630883
-2.0098040009997646	-0.9999802498699625	0.06120699340355983	0.13401493888887928	447301.2	6864.45	20.259999999999998	20.30462663234853
-1.0563088565686354	-0.9999831251766292	0.09612082028487726	0.3477369914756754	627192.25	39487.25	20.07	20.12426821233328
