-2.2300677094070647	-0.9999916976010562	0.0487489706801882	0.10752114969602772	1208780.0	22827.7	19.67	19.84812453173892
-2.153711818494355	-0.9999915349730693	0.05459428261400934	0.11605259116632674	1269268.6	46368.3	19.3	19.30548856767411
-2.153711818494355	-0.9999923353566759	0.07128838159297146	0.11605259116632674	1269268.6	16788.2	19.33	19.461257156912314
-1.549952682449129	-0.9999898261364946	0.039337658031580285	0.21225801711865203	925688.1428571428	12304.785714285714	20.27	20.419396900083424
-1.549952682449129	-0.9999909258420504	0.02521207554507669	0.21225801711865203	925688.1428571428	4445.357142857143	20.43	20.48922657890257
-1.747216517834274	-0.9999901319299863	0.03423485373865993	0.17425831392846824	997574.5555555555	18846.5	20.5	20.53932146616135
-2.3847848584285884	-0.9999878968873256	0.06310640475132727	0.09210879387842087	804576.5	16946.575	19.44	19.55739406779661
-2.3847848584285884	-0.9999880886116617	0.0752041402807479	0.09210879387842087	804576.5	14523.95	19.580000000000002	19.712248300886998
-2.3847848584285884	-0.9999881461351289	0.08627887182505586	0.09210879387842087	804576.5	13867.025	19.73	19.74339634497565
-2.1931604327446275	-0.9999912610094835	0.048701465211825015	0.11156360160296619	1208923.3	38744.475	19.45	19.491662909634616
-2.1931604327446275	-0.9999920184909132	0.06903504472027401	0.11156360160296619	1208923.3	15505.775	19.520000000000003	19.601095257187332
-2.1931604327446275	-0.9999915155396382	0.09719812060262752	0.11156360160296619	1208923.3	28481.975	19.57	19.64585227272727
-2.297613317778699	-0.999990292896767	0.029473032860951674	0.1004984154997738	966572.6	11879.1	19.82	19.86300289371174
-1.65618086181079	-0.9999902264414231	0.038306033589052456	0.19086653557479769	969602.25	13047.96875	20.51	20.646447485155985
-2.3283322351251323	-0.9999882061249084	0.05846552670457899	0.0974581489053822	826630.8	17139.175	19.7	19.706875237011754
-2.3283322351251323	-0.9999873431901182	0.08321877672095436	0.0974581489053822	826630.8	34978.2	19.72	19.737093409242426
-2.3283322351251323	-0.9999886024214634	0.07511762215918767	0.0974581489053822	826630.8	12351.2	19.68	19.738910204485986
-1.8258905869056097	-0.9999913669129372	0.05837706061830291	0.16107412972247315	1160795.6	22498.525	20.59	20.771663397764915
-1.8258905869056097	-0.9999920067843517	0.047801128015969065	0.16107412972247315	1160795.6	10704.25	20.835	20.874242905788876
-1.8258905869056097	-0.999991382703461	0.08662597562615955	0.16107412972247315	1160795.6	22089.875	20.985	21.147051611627447
