-1.6779472075562232	-0.9999900355552586	0.09096624571956588	0.18675695608392268	1016695.125	25103.5	23.28	23.29968357451567
-2.2213607906877937	-0.9999919339438914	0.04896799583219319	0.10846141507399085	1203144.5	16392.35	22.35	22.3717642264561
-2.2213607906877937	-0.9999921791103371	0.04196634914107166	0.10846141507399085	1203144.5	12204.725	22.31	22.348823507119267
-1.7698722230430641	-0.9999894277849677	0.07706878743607672	0.17035475484695578	999936.0	39007.63888888889	22.97	22.978578368703662
-1.4398714341113956	-0.9999896494585122	0.10025803621303353	0.2369582214681474	995416.3333333334	29823.875	22.990000000000002	23.135680526630182
-1.4398714341113956	-0.9999899823698934	0.08828522891034703	0.2369582214681474	995416.3333333334	21411.125	23.23	23.314802827611317
-1.4398714341113956	-0.9999899613283667	0.11854592247064501	0.2369582214681474	995416.3333333334	21864.333333333332	23.325000000000003	23.33809673578904
-1.4398714341113956	-0.9999898492110836	0.0874260079048085	0.2369582214681474	995416.3333333334	24445.958333333332	23.39	23.415688385521094
-2.1374613133304283	-0.9999919095605836	0.05916060275073717	0.11795391126302501	1206255.6	17310.7	22.11	22.197908054969318
-2.1374613133304283	-0.9999921894559067	0.04391440455761845	0.11795391126302501	1206255.6	12350.25	22.235	22.36835994491188
-2.1374613133304283	-0.9999913336953038	0.054507945071622134	0.11795391126302501	1206255.6	34674.15	22.365000000000002	22.36943394131336
-2.2589687986722633	-0.9999912942937887	0.0536651411154515	0.10445814661417988	1199059.6	34153.875	22.36	22.383148465521902
-2.2589687986722633	-0.9999913130059588	0.059356670474352856	0.10445814661417988	1199059.6	33396.075	22.43	22.434752719593348
-1.9827861363467443	-0.9999906450921653	0.055130236498861104	0.13768509297819265	1163835.7	53506.425	22.01	22.021762952304755
-1.9827861363467443	-0.9999909884497586	0.05892383442808202	0.13768509297819265	1163835.7	35880.025	22.020000000000003	22.113882768486302
-2.181030670610501	-0.9999920191410416	0.05335041402527331	0.11292508207741696	1218723.2	16754.1	22.39	22.498948517636872
-2.2942360094225087	-0.9999918789337577	0.06126967436859348	0.10083840343711153	1223291.8	20627.6	22.46	22.481851261017667
-1.5697790155655573	-0.9999891169296348	0.08583502085229634	0.20809116218420803	1032373.4285714285	75764.07142857143	23.42	23.43640793807425
-1.5697790155655573	-0.9999902431815205	0.09786496665956396	0.20809116218420803	1032373.4285714285	23685.964285714286	23.34	23.531264579287665
-0.774226542053994	-0.9999893415738027	0.09379414852997327	0.46106025383973887	1019547.3333333334	52404.666666666664	22.93	22.933701211618967
-0.774226542053994	-0.9999900489972875	0.12193125761801138	0.46106025383973887	1019547.3333333334	25475.666666666668	23.020000000000003	23.028309394122527
-0.774226542053994	-0.9999902280568618	0.08347579505439329	0.46106025383973887	1019547.3333333334	21224.5	23.03	23.03704646900952
-1.8497755785430752	-0.9999904850848732	0.0895984267966499	0.1572724576674948	1062819.0	24651.475	22.87	22.90191549033197
-1.8497755785430752	-0.9999908976195637	0.06393616084478737	0.1572724576674948	1062819.0	15900.725	22.98	22.98151205699807
-0.2817952614650669	-0.9999895162742468	0.10583394739845382	0.75442812923205	1004763.5	37557.875	22.650000000000002	22.756411780841276
-0.2817952614650669	-0.9999901477653926	0.08752126196053955	0.75442812923205	1004763.5	19912.75	22.795	22.806023139831893
-0.2817952614650669	-0.9999898464839231	0.14301073129319378	0.75442812923205	1004763.5	26952.875	22.825000000000003	22.888813790899274
-1.0700905357973232	-0.9999892377632151	0.10594984349497717	0.3429774642748254	969378.5	33950.25	23.05	23.157249655172414
-2.0905544803836498	-0.9999916058827755	0.05338990658872634	0.1236185727371324	1147319.2	15224.575	22.06	22.102792471293778
-2.0905544803836498	-0.9999920074824888	0.03559121557139887	0.1236185727371324	1147319.2	9603.325	22.155	22.18792188770309
