-2.3922214468274623	-0.9999927575078094	0.06345411803815879	0.09142635932790591	1432604.0	32067.3	23.47	23.473388401503932
-1.9808371038091193	-0.9999912920726859	0.05809998339557926	0.13795370738843313	1155545.0	23443.75	22.53	22.627397338132905
-1.9808371038091193	-0.9999916946518468	0.06934047529561148	0.13795370738843313	1155545.0	14722.55	22.655	22.684902097902096
-1.9808371038091193	-0.9999917000052388	0.0626383830185093	0.13795370738843313	1155545.0	14631.75	22.67	22.708763057858658
-1.9808371038091193	-0.999991468178841	0.06009985797418398	0.13795370738843313	1155545.0	19126.9	22.68	22.706015289346016
-0.7735890625987091	-0.9999914643128862	0.07296304500638327	0.46135426398196616	1326975.6666666667	83003.41666666667	22.54	22.565028530743245
-0.7735890625987091	-0.9999919560789097	0.12419100554287515	0.46135426398196616	1326975.6666666667	43220.25	22.56	22.671429886556318
-0.2816823982305679	-0.9999911814917165	0.08534461070255822	0.7545132812360871	1216561.5	45626.125	22.48	22.488613431939598
-0.2816823982305679	-0.9999913467994265	0.1341477444311825	0.7545132812360871	1216561.5	37314.0	22.515	22.524359718314823
-0.2816823982305679	-0.9999910168262264	0.1342975704356834	0.7545132812360871	1216561.5	55746.25	22.535	22.54181947405828
-2.3305651947111783	-0.9999928670830895	0.06289530594639015	0.0972407715852533	1450062.5	31043.45	23.37	23.486324298871132
-2.3305651947111783	-0.9999928758633474	0.0874171766123181	0.0972407715852533	1450062.5	30650.7	23.46	23.4667094017094
-2.3305651947111783	-0.9999934270855143	0.06547527986005335	0.0972407715852533	1450062.5	13781.25	23.47	23.477054701944535
-2.3305651947111783	-0.9999931310819778	0.05155185778021947	0.0972407715852533	1450062.5	21169.425	23.44	23.501988891703075
-1.8475615518034203	-0.9999915558074144	0.053948929308340214	0.1576210488468811	1188634.5	22857.05	22.8	22.83668696366866
-2.3622436736929067	-0.9999922836056349	0.07534276078186489	0.09420861250687886	1432787.7	63318.9	23.5	23.506663257803503
-2.1815495566131964	-0.9999915727899592	0.07081422571607514	0.11286650203247074	1232034.5	32292.25	23.17	23.420767764132407
-2.1815495566131964	-0.9999921762515182	0.056271303850636646	0.11286650203247074	1232034.5	15352.95	23.53	23.599632347557954
-1.9180835772900229	-0.9999908333106806	0.061621861617069736	0.1468881924340155	1167770.1	44558.725	22.64	22.65624209176668
-1.2778286758097193	-0.99999277058958	0.015373092792580454	0.2786416654682095	1189151.4	5413.65	22.6	22.627660480681474
-1.2778286758097193	-0.9999915985943392	0.11154325147007249	0.2786416654682095	1189151.4	21818.15	22.665	22.665704898446833
-1.2778286758097193	-0.9999912525540152	0.11562815842132139	0.2786416654682095	1189151.4	32925.65	22.685000000000002	22.69600639919168
-1.2778286758097193	-0.9999911643863597	0.09999316338417953	0.2786416654682095	1189151.4	36565.3	22.705	22.743109252873563
-2.0375759154124546	-0.9999913683930164	0.07722095659713807	0.1303442938177391	1214954.4	35845.775	22.76	23.15110462315882
-1.4379495328198806	-0.9999924458743896	0.05478504221130214	0.2374140696873487	1354624.1666666667	27804.833333333332	22.78	23.003313233172502
-2.0897214390526013	-0.9999915401993489	0.07197593903044386	0.12372159502246068	1236224.5	34828.25	23.18	23.18372336491796
-2.0897214390526013	-0.9999923831798437	0.05412523083552878	0.12372159502246068	1236224.5	12283.575	23.205	23.206224220685236
-2.0897214390526013	-0.999992392125186	0.06021319136766527	0.12372159502246068	1236224.5	12148.475	23.21	23.230322073841318
-2.0897214390526013	-0.9999916866082286	0.08538029761259479	0.12372159502246068	1236224.5	29061.925	23.25	23.282343265792612
-1.5674900789471335	-0.9999924086412597	0.059082019834169726	0.20856801520027166	1360967.2857142857	30685.89285714286	22.92	22.996533076822768
