-2.286411710113122	-0.9999953484083608	-0.011032562893149406	0.10163048799990812	1901039.8	-6923.775	24.48	24.48699647770229
-2.286411710113122	-0.9999945553009868	0.07548202508096805	0.10163048799990812	1901039.8	31274.475	24.455	24.505558161350844
-2.286411710113122	-0.9999946338081664	0.07794675458340965	0.10163048799990812	1901039.8	26938.375	24.555	24.5611165970376
-2.354910984267989	-0.9999937272673393	0.024741831958095935	0.09490195392554011	1493133.8	11683.625	24.580000000000002	24.62117259054496
-2.354910984267989	-0.99999318308651	0.07812599672739626	0.09490195392554011	1493133.8	26331.625	24.650000000000002	24.671577661431066
-2.354910984267989	-0.9999931848647668	0.10239851894944604	0.09490195392554011	1493133.8	26261.8	24.65	24.66442268551281
-2.354910984267989	-0.9999931678994156	0.06107811051239893	0.09490195392554011	1493133.8	26935.575	24.655	24.68084155835594
-1.0859764559667637	-0.9999984839035921	-0.042237837301614733	0.337572000716252	7726033.25	-122198.625	25.88	26.143622535023127
-1.0859764559667637	-0.9999987559023663	0.00949999697981339	0.337572000716252	7726033.25	14941.125	26.055	26.056898103537982
-1.8724667046087065	-0.9999978812543218	-0.02685213801107259	0.15374395277577246	5103762.9	-49689.825	24.96	25.037418554142103
-1.6988745837613073	-0.9999980812597506	-0.022904991921159065	0.1828892347906356	5602228.0	-46592.6875	25.6	25.656709272921535
-2.3217527652883927	-0.9999939200571841	0.02453608523326483	0.098101485943964	1547504.4	12193.475	24.41	24.48520311481889
-1.4597629454407077	-0.9999984101859233	-0.0065015721891446875	0.23229133392327514	6590650.333333333	-35521.041666666664	25.59	25.594061856596486
-1.4597629454407077	-0.9999984090705609	0.038894750410009574	0.23229133392327514	6590650.333333333	35783.125	25.625	25.656933661119513
-2.4159491188326885	-0.9999931466817461	0.021391125146757502	0.08928255893685978	1329312.6	9046.125	24.42	24.510847846012833
-1.5900409694681377	-0.9999981753375622	-0.028281606473222833	0.20391725718150297	6055382.428571428	-62881.857142857145	25.51	25.54726873560884
-1.5900409694681377	-0.9999983028797254	0.0233892266953783	0.20391725718150297	6055382.428571428	29047.214285714286	25.495	25.502819861277956
-1.5900409694681377	-0.9999982442265843	0.047641257776840404	0.20391725718150297	6055382.428571428	41433.92857142857	25.490000000000002	25.543032722662886
-2.063980635600874	-0.9999971584966209	0.005645029422520445	0.12694763052963437	3060840.1	5986.25	24.91	24.977065160273252
