-2.1992574336411432	-0.9999818088064745	0.09514488982610378	0.11088546761644823	565692.3	29453.975	20.965	20.98764355362947
-1.8976599093342335	-0.9999843417735934	0.07133877923917911	0.14991903319269353	632449.1	19989.875	21.150000000000002	21.19291600600588
-1.7484673257143444	-0.9999844495776047	0.06234058101056588	0.1740404865147611	626003.7777777778	16891.46875	20.31	20.56363381716323
-1.7484673257143444	-0.9999844303814829	0.07940430586729866	0.1740404865147611	626003.7777777778	17095.6875	20.67	20.72144821862588
-1.7484673257143444	-0.9999848982671986	0.09351784642130637	0.1740404865147611	626003.7777777778	12754.805555555555	20.695	20.766883484162896
-1.7484673257143444	-0.9999855703061852	0.06261927728661361	0.1740404865147611	626003.7777777778	8374.305555555555	20.71	20.811513884992987
-1.4239128965221628	-0.9999864028379505	0.058999832976510416	0.24077006296238332	726220.6666666666	19428.35	20.72	20.804566297007074
-1.4239128965221628	-0.9999874881433851	0.05581120716563064	0.24077006296238332	726220.6666666666	8833.05	20.9	20.9185475708502
-1.0580990204320329	-0.9999873233919564	0.05012968790496439	0.3471150421412767	767620.5	16827.416666666668	20.400000000000002	20.627054144027667
-1.0580990204320329	-0.9999867368214854	0.08957944506656713	0.3471150421412767	767620.5	26398.166666666668	20.54	20.55571629634066
-1.0580990204320329	-0.9999873593067113	0.10541497560198146	0.3471150421412767	767620.5	16369.8125	20.55	20.586000181768608
-1.0580990204320329	-0.9999877882581862	0.05214731906141412	0.3471150421412767	767620.5	11776.9375	20.689999999999998	20.697499545495866
-1.960301239375507	-0.99998369297728	0.07812651611810045	0.14081599520876018	611975.4	21578.45	20.75	20.76713992327259
-1.960301239375507	-0.999982981834969	0.09092749098978602	0.14081599520876018	611975.4	33345.175	20.78	20.795223136127905
-2.2716178992314635	-0.999986877717049	0.11122788931517803	0.10314516652832505	819203.8	46620.825	20.51	21.416316007232748
-2.1589029825423967	-0.9999811809329924	0.09039590685064719	0.11545170412837683	571226.8	46626.95	20.82	20.85434597417801
-2.1589029825423967	-0.9999836343902214	0.07401507082825083	0.11545170412837683	571226.8	11480.3	20.85	20.907397172236504
-0.7652995725674883	-0.9999852045609156	0.04509436950831152	0.4651945505721869	685099.6666666666	25243.166666666668	20.520000000000003	20.53861229458308
-0.7652995725674883	-0.9999867138898606	0.06533608347488475	0.4651945505721869	685099.6666666666	8975.0	20.520000000000003	20.537590361445783
-2.0167896295230308	-0.9999844085553471	0.09288387863292798	0.13308202260630922	652118.7	26041.175	20.89	20.992260944700462
-1.6581253053572163	-0.9999846590414213	0.058419002429486847	0.19049576695761172	633733.625	16680.928571428572	20.43	20.520557768924302
-2.06824553198913	-0.9999837195685365	0.09280038116789995	0.12640736494598181	621241.5	24687.175	20.93	21.005274817937906
-1.8276041520271114	-0.9999850721617471	0.06056778409083583	0.16079835505820742	647029.6	15657.25	20.740000000000002	20.78353404557867
-1.8276041520271114	-0.9999857872418544	0.07278165319454574	0.16079835505820742	647029.6	9857.361111111111	20.87	20.8737124600639
-1.8276041520271114	-0.9999852311215189	0.09509164977675702	0.16079835505820742	647029.6	14126.825	20.910000000000004	20.926966292134832
-1.8276041520271114	-0.9999854211773777	0.08519273615575201	0.16079835505820742	647029.6	12492.075	20.945	20.960455223653362
