-1.694589559459123	-0.9999977867348021	0.024518335624211872	0.18367460106139563	5023442.375	67386.1875	25.45	25.587079324814646
-2.2038349718560597	-0.9999972437947923	0.008688641279794474	0.11037904511941331	3373636.2	10919.9	23.7	23.781553991319115
-2.2038349718560597	-0.9999969809212009	0.04278760809121258	0.11037904511941331	3373636.2	26508.9	23.88	23.92183976519685
-0.2872401707712316	-0.9999976019796096	0.011556531618166692	0.7503314995001106	4040681.5	16148.375	25.7	25.760344234779293
-0.2872401707712316	-0.9999974576729765	0.044846824615017364	0.7503314995001106	4040681.5	28931.875	25.805	25.811174794710766
-2.244303920799266	-0.999997025652973	-0.002572677633325355	0.10600129999947687	2588864.7	-2207.75	24.03	24.06293025818552
-1.585096545324324	-0.9999981021273707	0.008923294582725262	0.2049280073207697	5119500.142857143	16582.428571428572	25.12	25.760695655115253
-1.585096545324324	-0.9999977465783247	0.07093361068754049	0.2049280073207697	5119500.142857143	102373.46428571429	25.645000000000003	25.808516048833052
-1.585096545324324	-0.9999978043719641	0.07284748052966047	0.2049280073207697	5119500.142857143	76153.39285714286	25.715	25.940551240705215
-1.585096545324324	-0.9999977401876489	0.08117434179188368	0.2049280073207697	5119500.142857143	105778.25	25.895000000000003	25.991878399916544
-1.454700726456904	-0.9999980238690038	-0.004639094687355772	0.23347022490827013	4458036.333333333	-6697.666666666667	24.87	24.993780851296332
-1.8686041753163296	-0.999997963525043	0.007252456439493412	0.1543389416381231	4613369.4	12027.225	24.36	24.632298414068707
-1.0819948532439407	-0.9999977719463954	0.011554809164152656	0.33891875765981366	4358780.5	16506.9375	25.27	25.438712569782393
-1.9394885114452047	-0.999997561893813	0.024439645691507514	0.14377747150445114	4511425.3	59833.275	24.66	24.728756649548778
-1.9394885114452047	-0.9999975729527298	0.05856621411615189	0.14377747150445114	4511425.3	56921.3	24.895000000000003	25.08286280477682
