-1.0755463285767433	-0.9999952550575699	0.030757162661468582	0.34111134550922906	2085251.75	19818.0625	24.12	24.158708407472048
-1.0755463285767433	-0.9999955991560215	-0.02070607034740085	0.34111134550922906	2085251.75	-9669.8125	24.29	24.345246174907395
-0.7783961198719715	-0.9999954367298713	0.020849076498602886	0.4591418295216955	2095785.3333333333	14236.5	24.0	24.157169742169483
-1.9881853111853063	-0.9999944839110466	0.032916550149874636	0.13694371031685365	1889027.5	33523.9	23.19	23.27095236657411
-1.9881853111853063	-0.9999946232181951	0.06579159025834057	0.13694371031685365	1889027.5	25767.0	23.39	23.42683638097814
-1.9881853111853063	nan	nan	0.13694371031685365	1889027.5	nan	23.384999999999998	23.62840453691433
-1.9253615749193167	-0.999995037996649	0.018410246646173287	0.14582302137569986	1883791.8	11467.75	23.18	23.326015060652754
-2.0454720936307003	-0.9999948725176513	0.018915016168810656	0.1293191248291119	1829216.4	11839.425	23.82	23.993356531713374
-2.0454720936307003	-0.9999943534040204	0.07429171450233386	0.1293191248291119	1829216.4	30601.775	23.945	24.00558616440767
-2.145494795117978	-0.9999944883142602	0.0226369689770376	0.11701012667899018	1730041.1	13840.725	23.8	23.944659731349983
-1.8549080167105407	-0.9999953441509238	0.015847136088501676	0.15646733439315616	1975922.7	9892.15	22.96	23.108778420334747
-1.8549080167105407	-0.9999952386282502	0.027916569588763113	0.15646733439315616	1975922.7	12185.725	23.175	23.276261406826073
-1.8549080167105407	-0.9999949192156615	0.05467434645647491	0.15646733439315616	1975922.7	22906.9	23.310000000000002	23.4236760221395
-2.3043567184266833	-0.9999929558918341	0.0634449931384033	0.09982299429693556	1615365.3	87447.725	23.45	23.540357220767458
-2.3043567184266833	-0.9999939004310263	0.05440176844353108	0.09982299429693556	1615365.3	19014.925	23.465	23.59362475889689
-2.3043567184266833	nan	nan	0.09982299429693556	1615365.3	nan	23.695	23.727382247747947
-2.0976508802714093	-0.9999947357899994	0.01762745927137932	0.12274443120875433	1766536.2	10930.65	23.8	23.821887353878854
-2.0976508802714093	-0.9999941791471472	0.07552178764828198	0.12274443120875433	1766536.2	29223.05	23.855	23.98188717006645
