-1.0604495328302201	-0.9999985591606774	0.06384693289841492	0.34630010206970324	8118251.75	120221.125	20.67	20.718120476188272
-1.0604495328302201	-0.9999985352404249	0.023313539690734183	0.34630010206970324	8118251.75	145988.0625	20.71	20.710773957774073
-2.0164808051903362	-0.9999988403444444	0.04316482731195125	0.13312312791996805	9737660.5	80203.275	20.18	20.209593546773387
-0.7676853422302043	-0.9999987129524404	0.054206634916622455	0.4640860263936491	9037784.666666666	112651.0	20.59	20.641784360820445
-0.7676853422302043	-0.9999992599104776	0.00014372862506940116	0.4640860263936491	9037784.666666666	802.3333333333334	20.634999999999998	20.647503778856155
-0.7676853422302043	-0.9999988170174643	0.02226152174789653	0.4640860263936491	9037784.666666666	43981.25	20.64	20.654156576073724
-2.1567845398168513	-0.9999990407214895	0.028589015616624993	0.11569654119622706	11496315.0	61583.65	20.04	20.071590826356026
-2.361520970731518	-0.9999988590882429	0.06086685584208998	0.0942767219586127	10446862.5	150082.675	20.03	20.152241327862736
-2.1139046772595935	-0.9999989538061893	0.03574419713881049	0.12076549432868683	11547892.2	176544.4	20.1	20.104587667516604
-1.4261513438235955	-0.9999984296171077	0.03304056738286928	0.24023171462166404	7512368.833333333	132891.45833333334	20.650000000000002	20.66506963065857
-2.2336418086230867	-0.9999990116631053	0.040076971012016044	0.10713754436929596	11573931.0	92867.8	20.080000000000002	20.151683844499004
-2.2336418086230867	-0.999998969928471	0.061702207891057646	0.10713754436929596	11573931.0	150537.9	20.18	20.19598512458163
-2.2336418086230867	-0.9999988514385907	0.08661643364004797	0.10713754436929596	11573931.0	593248.6	20.235	20.295714268382017
-2.3015050633881775	-0.9999989522358768	0.04607164034083829	0.1001080613047869	11039469.9	105530.05	20.28	20.342911490752606
