-1.829365301881008	-0.9999987516289138	0.06886174388290014	0.1605154142823747	9501805.4	141743.175	21.17	21.237533798962545
-1.8995203890290069	-0.9999987738050979	0.06600856467468581	0.14964037117846776	9698845.5	146190.825	21.12	21.303428049796807
-1.8995203890290069	-0.9999987477971771	0.09020707779514028	0.14964037117846776	9698845.5	188135.25	21.22	21.39625513284483
-1.8995203890290069	-0.9999987443054679	0.09472729840945936	0.14964037117846776	9698845.5	194615.7	21.37	21.39817870982448
-2.2015604307765893	-0.9999987558626797	0.04969779478418321	0.11063039253349652	9437778.0	125728.975	21.0	21.108570432524306
-2.338096621416087	-0.9999986291566629	0.018494858423665106	0.09651116079519326	7821092.2	45318.475	21.0	21.00539738944434
-2.338096621416087	-0.9999984890892978	0.07522052136582222	0.09651116079519326	7821092.2	135532.2	20.995	20.999521017331425
-2.338096621416087	-0.9999985271894244	0.08095391573543306	0.09651116079519326	7821092.2	100607.025	20.98	21.096943324946274
-2.306939244847925	-0.9999983624277927	0.049200161705960116	0.09956553137221359	7673586.0	286658.725	20.78	20.8722470164207
-2.306939244847925	-0.9999985659322648	0.06699663099065273	0.09956553137221359	7673586.0	60139.7	20.79	20.85431102630503
-2.306939244847925	-0.999998378329049	0.08937611253235488	0.09956553137221359	7673586.0	253730.4	20.87	20.991715247205203
-0.27839073862828245	-0.9999987316220859	0.08833427820740121	0.757000974196346	9405773.5	151762.0	20.6	20.604779834525313
-0.27839073862828245	-0.9999986227859571	0.09654923893219547	0.757000974196346	9405773.5	422422.375	20.564999999999998	20.659240534940423
-0.27839073862828245	-0.9999989282364539	0.0171391155051457	0.757000974196346	9405773.5	23878.25	20.54	20.590872382285355
-0.27839073862828245	-0.9999985883742432	0.11652234456394785	0.757000974196346	9405773.5	583868.125	20.655	20.737967179547397
-1.749799768141341	-0.9999986959600244	0.06908336569631396	0.17380874201390298	9082328.555555556	139206.30555555556	21.07	21.24227473551856
-2.161130725543944	-0.9999988211091397	0.05060546578775542	0.11519479367397185	9983615.9	129260.6	20.95	21.082542908290314
-2.0703853194295925	-0.9999987173441616	0.06621753353796975	0.12613716923787494	9837988.0	302171.325	21.0	21.0678108020248
-2.0703853194295925	-0.9999986749928155	0.08689758445975185	0.12613716923787494	9837988.0	458356.525	21.075000000000003	21.13179587370581
-1.9624342383678208	-0.9999987772296766	0.05747773716576054	0.1405159549394317	9649124.5	133073.325	21.21	21.279582493521453
-1.4254488864666361	-0.9999982765210856	0.05649909593910831	0.24040052644158577	6592357.166666667	85972.0	20.31	20.340657234998698
-1.060390986347505	-0.9999984491467324	0.06306991017321693	0.3463203773161596	7460118.5	105824.75	20.57	20.639600444511796
