-1.0621498389593464	-0.9999979970411781	0.057515578280105235	0.3457117861839273	5693106.0	89594.1875	20.92	21.02899205225803
-2.1256910498563255	-0.9999991396914185	0.06750363573852429	0.11935046264219172	14653320.7	298454.925	22.18	22.42039176192749
-2.1256910498563255	-0.999999170331674	0.08586792166641538	0.11935046264219172	14653320.7	190496.825	22.455	22.55490303860186
-2.1256910498563255	-0.999999157394848	0.10328419062738407	0.11935046264219172	14653320.7	230258.8	22.655	22.850560237779373
-1.5562041623390244	-0.9999984991995072	0.09518715557843754	0.210935229391589	8177935.0	213938.57142857142	21.25	21.322246056137516
-1.5562041623390244	-0.9999986397833076	0.06067495074871798	0.210935229391589	8177935.0	67761.46428571429	21.445	21.445805598287908
-1.5562041623390244	-0.9999985574113044	0.0991574590831998	0.210935229391589	8177935.0	132904.89285714287	21.4	21.45998503702587
-1.5562041623390244	-0.9999983946475408	0.14246750536636374	0.210935229391589	8177935.0	503060.6785714286	21.42	21.64954863682789
-1.663280488788958	-0.9999988297591771	0.08059542989834013	0.18951625329157454	10647198.125	257759.4375	21.95	22.0280731428228
-1.663280488788958	-0.9999989306932802	0.06778033768281846	0.18951625329157454	10647198.125	88001.5	22.015	22.08701243661708
-1.663280488788958	-0.9999988854897638	0.09937609176852871	0.18951625329157454	10647198.125	142401.28125	22.080000000000002	22.089706510374626
-1.663280488788958	-0.9999987317365686	0.1533260069592262	0.18951625329157454	10647198.125	731937.6875	22.06	22.30923049927894
-1.9697321953498332	-0.9999989306004794	0.07279743210280484	0.13949420841096563	11661382.9	260582.15	21.79	21.935290265919843
-1.9697321953498332	-0.9999990011425008	0.07286293514496324	0.13949420841096563	11661382.9	114468.05	21.935000000000002	21.988462408910593
-2.284883000694843	-0.9999990888615256	0.06362195256503439	0.10178597029744459	14293694.6	452948.125	22.16	22.374220250368495
-2.284883000694843	-0.9999990801589005	0.07149744350204544	0.10178597029744459	14293694.6	512945.975	22.585	22.609924320091135
-2.350196951629189	-0.9999992234495212	0.04124388405898228	0.09535038095323772	15744088.6	204040.675	22.59	22.881894342842703
-2.0265982637612256	-0.9999989586426855	0.07549952758722495	0.131783050707421	12065052.7	286080.175	21.94	22.170608285731202
-1.2692577741927795	-0.9999981610049252	0.08729448031112018	0.2810401396296398	6537396.0	166413.85	21.01	21.191128802108576
-1.2692577741927795	-0.9999982040903046	0.08093670792080165	0.2810401396296398	6537396.0	125563.25	21.25	21.262674551839993
-1.2692577741927795	-0.999998221877341	0.08742948235516067	0.2810401396296398	6537396.0	111779.45	21.25	21.305572842115378
-1.2692577741927795	-0.9999981095058724	0.09339015207683915	0.2810401396296398	6537396.0	233025.8	21.259999999999998	21.283681666117396
-0.7690300617871055	-0.9999981201129928	0.05378702118944973	0.46346238024643505	6025398.666666667	83038.25	21.0	21.03978383982578
-2.249479021045772	-0.9999990726023364	0.066188197825932	0.10545414964581715	14540271.6	718278.4	21.95	22.011800416866937
-2.249479021045772	-0.9999991601138403	0.07918148478937255	0.10545414964581715	14540271.6	201222.775	22.05	22.117560575510804
-2.249479021045772	-0.9999991194310857	0.07020650913429702	0.10545414964581715	14540271.6	363563.2	22.130000000000003	22.25418396265767
-2.07822777779595	-0.9999990010396931	0.06913388786808268	0.12515181259917296	12885188.1	389176.75	21.94	21.980412586325354
-2.07822777779595	-0.9999989385968618	0.11991846668665508	0.12515181259917296	12885188.1	870112.625	22.009999999999998	22.04198407278246
