-1.6631614773902752	-0.9999985652408736	0.02373681567570162	0.18953880922813202	7638498.5	57491.25	21.16	21.164250841947432
-1.6631614773902752	-0.9999988678357359	0.005179818395284114	0.18953880922813202	7638498.5	5697.9375	21.325000000000003	21.429724724307295
-2.395144567261379	-0.9999975389072442	0.03331380169794577	0.09115949929078807	4426112.1	53801.35	20.650000000000002	20.768645634115543
-0.7695771692190363	-0.9999989685920327	0.01660584471206051	0.46320888588442977	10408741.666666666	45965.083333333336	20.830000000000002	20.85624840518591
-1.062697067210991	-0.9999988361140537	0.01748642642929157	0.3455226546813715	9180793.5	43711.8125	20.8	20.800180482923974
-1.062697067210991	-0.999998985036089	-0.006373031749501322	0.3455226546813715	9180793.5	-11137.625	20.7	20.76889904672605
-1.062697067210991	-0.9999986207069477	0.06382616454272869	0.3455226546813715	9180793.5	315843.3125	20.8	20.89594583438829
-1.2698373283984739	-0.9999985948281445	0.0344692702987508	0.2808773088239454	8998844.4	310183.6	20.72	20.74154805050098
-1.7543878279666267	-0.9999984682490959	0.030501630866512322	0.17301312367531935	7314432.666666667	73414.38888888889	21.29	21.39875928419502
-1.7543878279666267	-0.9999988251330382	0.005359473272002112	0.17301312367531935	7314432.666666667	5395.388888888889	21.36	21.378304498269895
-1.7543878279666267	-0.9999985277520281	0.03561488269998078	0.17301312367531935	7314432.666666667	47507.25	21.39	21.405417112299464
-1.7543878279666267	-0.9999983454167656	0.06938691041973735	0.17301312367531935	7314432.666666667	180291.83333333334	21.42	21.422036182690203
-2.306951939119077	-0.999997707660422	0.0184402948444015	0.09956426746838312	4484256.6	29126.525	20.400000000000002	20.402227489572194
-2.306951939119077	-0.9999976791393622	0.08224482828620648	0.09956426746838312	4484256.6	33100.525	20.525	20.557219242487136
-2.306951939119077	-0.9999974940855527	0.05973280204874586	0.09956426746838312	4484256.6	75898.35	20.605	20.659498507258792
-2.306951939119077	-0.9999973699094126	0.106490114916284	0.09956426746838312	4484256.6	132454.375	20.76	20.78812092959394
-2.367395768080173	-0.9999975558081423	0.02673744632844822	0.0937244890389347	4364938.3	42990.025	20.71	20.73501960868392
-2.022366402526484	-0.9999979476307015	0.0366175535384503	0.13234191998567346	5462319.3	73915.875	20.54	20.6036173466753
-2.022366402526484	-0.9999979911644844	0.055659593945265005	0.13234191998567346	5462319.3	58272.4	20.665	20.724255563138403
-2.022366402526484	-0.9999980092944016	0.04712772764703225	0.13234191998567346	5462319.3	52778.05	20.65	20.740840207544586
-2.022366402526484	-0.999997959526242	0.037018694191582185	0.13234191998567346	5462319.3	69265.675	20.66	20.661740658490558
-2.162671868306725	-0.9999978764584062	0.035052336408997	0.1150173987819294	5351628.1	86197.225	20.3	20.308354567685296
