-1.5618808816558043	-0.9999994682525437	0.05075912997346585	0.20974120158713813	23302262.0	240605.60714285713	21.56	21.652046728495513
-1.5618808816558043	-0.9999994805602056	0.05877683457333858	0.20974120158713813	23302262.0	180613.85714285713	21.685000000000002	21.76345784685553
-1.5618808816558043	-0.9999997599582494	-4.1822046216848566e-05	0.20974120158713813	23302262.0	-267.67857142857144	21.875	22.026140818954374
-2.1290733532680504	-0.9999993501089153	0.03082598808833272	0.11894746507941201	18435195.2	159669.725	21.59	21.648956535364125
-0.28130414710851037	-0.9999992913142537	0.05361344374598563	0.7547987307137112	17473552.5	238769.375	22.28	22.354271686501512
-0.28130414710851037	-0.9999993819423779	0.01781348194850573	0.7547987307137112	17473552.5	49003.25	22.34	22.342341685949954
-2.2851685991601247	-0.9999993024866551	0.02979298082450025	0.10175690453130715	17104664.3	151861.625	21.330000000000002	21.44347288877655
-2.0301798462792324	-0.9999993197528849	0.040908730363693115	0.1313119030675591	18058787.9	216302.625	21.8	21.8882513899568
-2.0301798462792324	-0.9999993304609137	0.053987845865848205	0.1313119030675591	18058787.9	178270.75	21.925	22.06086250889097
-1.9735014595517417	-0.9999994376116362	0.04158203294326998	0.1389694075626896	21789397.9	209839.675	21.8	21.864511904494023
-1.9735014595517417	-0.9999994466505725	0.05422648054875494	0.1389694075626896	21789397.9	172326.3	22.045	22.069131893652795
-1.434037894694396	-0.9999994533852958	0.040333527889826824	0.23834456631044376	23159113.0	314616.125	21.41	21.440473607251366
-1.434037894694396	-0.9999994818511004	-0.027834815446398695	0.23834456631044376	23159113.0	-162732.45833333334	21.509999999999998	21.544174398827526
-1.434037894694396	-0.9999994214286388	0.0689000206847475	0.23834456631044376	23159113.0	659474.125	21.555	21.556314898745924
-2.318100684047523	-0.9999993600307806	0.029384623539749265	0.09846041556160191	18556179.8	143684.75	21.400000000000002	21.46788457306338
-1.7605734133997997	-0.9999994295413093	0.04626311100445458	0.17194623927178965	21517205.222222224	214201.41666666666	22.0	22.03277787625379
-1.7605734133997997	-0.9999994381692903	0.058960637752767706	0.17194623927178965	21517205.222222224	177907.86111111112	21.96	22.007182478357013
-1.7605734133997997	-0.9999994952268112	0.009275193367572255	0.17194623927178965	21517205.222222224	52119.22222222222	22.11	22.118117800090634
-1.0675733189046743	-0.999999552571582	0.036829267836872084	0.34384190047194507	27132911.5	187218.25	21.48	21.633236881856604
