-1.430525425630257	-0.9999994249448266	0.043402977690482104	0.23918321622993122	21312418.166666668	210199.33333333334	21.29	21.624259428558027
-2.2484927152868304	-0.9999991468342126	0.03387894199682375	0.10555821099063296	15043455.9	374954.225	21.62	21.647724918626604
-2.2484927152868304	-0.9999992412381137	0.034227371517540066	0.10555821099063296	15043455.9	90616.35	21.475	21.71812986640436
-2.2484927152868304	-0.9999991523575232	0.06156676049455381	0.10555821099063296	15043455.9	345058.525	21.735	21.757796220630357
-0.27927356208818016	-0.9999995594506194	0.05417072389853899	0.7563329708850429	29645675.5	469950.125	21.28	21.285402393426686
-0.27927356208818016	-0.9999995388190905	0.11303908205223523	0.7563329708850429	29645675.5	866327.625	21.435000000000002	21.533825933047808
-0.27927356208818016	-0.999999512592878	0.14021365221518656	0.7563329708850429	29645675.5	1885140.375	21.509999999999998	21.576893697128014
-1.5588723882371602	-0.9999993978841524	0.05772471387874764	0.2103731567515542	21629322.0	452867.71428571426	21.5	21.54389439743059
-1.5588723882371602	-0.9999994321572871	0.04114262399714376	0.2103731567515542	21629322.0	215787.25	21.65	21.660300767259304
-1.5588723882371602	-0.9999993663762062	0.10411912699311077	0.2103731567515542	21629322.0	895244.3214285715	21.67	21.69027679741489
-1.9080671059878902	-0.9999993027423332	0.05748743793877325	0.1483668870863664	18027756.4	287790.45	22.145	22.16558936562452
-2.3169395529669536	-0.9999992476832961	0.008242506567885395	0.09857480740942899	13852925.4	33582.4	21.91	21.960675612005478
-2.3169395529669536	-0.9999991815295055	0.04615024788088526	0.09857480740942899	13852925.4	83968.65	21.965	21.966728078473086
-1.7572251677848236	-0.9999993874064245	0.06026602627871538	0.1725229224130885	20776323.666666668	336865.6388888889	21.740000000000002	22.118605754383942
-2.2107783502899903	-0.9999991848003844	0.025156960091232784	0.10961529620523407	14374005.6	122721.85	21.82	21.839659693103993
-2.0793806668994743	-0.9999992083988182	0.05149219954081585	0.1250076095791586	15772508.2	264483.025	21.85	21.974758147406796
-2.0793806668994743	-0.9999992596492232	0.047163546760730604	0.1250076095791586	15772508.2	117851.45	21.89	21.89832760364004
-2.348263583412591	-0.9999989894115101	0.050893346954495974	0.09553490666981258	13283349.7	676034.125	21.92	21.922900235238114
-1.8372839947164499	-0.9999993187746927	0.05676850906084992	0.15924936137906673	20006482.8	829784.4	22.150000000000002	22.16290348071667
-1.8372839947164499	-0.9999993140087656	0.0796985768362848	0.15924936137906673	20006482.8	912798.775	22.240000000000002	22.251843123183146
-2.283714091756976	-0.9999993517009877	0.0025301283060223684	0.10190501839251083	14299977.7	10620.775	21.73	21.966130297535944
