-0.2787473585825392	-0.9999978467674066	0.05558171637795424	0.7567310606746903	5446917.5	124054.0	20.72	20.78866253972846
-2.067022697544746	-0.9999969644563954	0.06338488861288001	0.12656203477438496	3667714.3	68424.9	20.400000000000002	20.45440485965256
-2.067022697544746	-0.9999973031198555	0.04726802075461181	0.12656203477438496	3667714.3	19758.425	20.495	20.583326423165516
-2.067022697544746	-0.9999969742380285	0.07703053400375039	0.12656203477438496	3667714.3	66013.55	20.580000000000002	20.68052040579979
-2.235214845465289	-0.9999967179197278	0.06816952964723377	0.10696914554831917	3406188.5	71637.225	20.98	21.0193357429497
-2.235214845465289	-0.9999970377613393	0.05043610196795278	0.10696914554831917	3406188.5	24098.425	21.310000000000002	21.344799670643827
-2.235214845465289	-0.999996615977424	0.10486844293904628	0.10696914554831917	3406188.5	101377.75	21.33	21.345576906752758
-1.6590763674752567	-0.9999969299953285	0.071563785042349	0.19031467977624014	4100819.375	293470.15625	20.1	20.21236252597383
-2.303852860805616	-0.9999971390118083	0.07223942214325206	0.09987330354665494	4007533.3	95367.675	21.36	21.621382647868646
-2.303852860805616	-0.9999971841589368	0.07815540835886427	0.09987330354665494	4007533.3	79583.675	21.67	21.673882116144995
-2.303852860805616	-0.9999971016558222	0.10792810947367765	0.09987330354665494	4007533.3	110768.95	21.685000000000002	21.69296045663523
-2.303852860805616	-0.9999970934906318	0.09833186391395245	0.09987330354665494	4007533.3	114453.55	21.814999999999998	21.847609455968417
-0.7677293946903889	-0.99999766281483	0.04910914284663582	0.46406558271274967	4905202.333333333	95259.08333333333	20.64	20.64548939231289
-0.7677293946903889	-0.9999974322985843	0.09919901890039755	0.46406558271274967	4905202.333333333	295106.5	20.564999999999998	20.572183069860873
-2.1976104464616015	-0.9999967994782059	0.06344838851961011	0.11106824503472597	3456771.1	63796.625	20.76	20.808839853544256
-2.1976104464616015	-0.999997075935013	0.05842286924843175	0.11106824503472597	3456771.1	24533.2	20.88	20.900573205219374
-2.1976104464616015	-0.9999966725410069	0.10639732886459324	0.11106824503472597	3456771.1	98938.525	20.905	20.912204865669032
-2.1976104464616015	-0.9999965983685531	0.11389594047113508	0.11106824503472597	3456771.1	127855.175	20.92	20.93003223915592
-2.2706007949787184	-0.9999968730937357	0.07048816659617309	0.10325012928583599	3595363.5	76294.15	21.16	21.23863881867562
-2.2706007949787184	-0.9999971412166146	0.05871012284515506	0.10325012928583599	3595363.5	29095.275	21.225	21.298210205635947
-2.2706007949787184	-0.9999965934745686	0.10252632227000893	0.10325012928583599	3595363.5	208499.6	21.285	21.292435417136524
-2.0159425818396723	-0.9999968460887808	0.05482981390931364	0.1331947971812328	3485488.2	59450.75	20.26	20.349190866340233
-2.0159425818396723	-0.999996768324947	0.052992271811668594	0.1331947971812328	3485488.2	77960.1	20.335	20.38304462006208
-2.0159425818396723	-0.9999968811006987	0.06309153352154177	0.1331947971812328	3485488.2	52620.85	20.32	20.374406758603552
-2.0159425818396723	-0.9999966061528692	0.1094174578271274	0.1331947971812328	3485488.2	137201.625	20.415	20.48427141312532
-2.1572685878029683	-0.9999967740823101	0.05203965732335073	0.11564055207026534	3348951.4	49188.8	20.54	20.550711037170597
-2.1572685878029683	-0.9999970011296019	0.05628310119155724	0.11564055207026534	3348951.4	22994.9	20.57	20.586453580395858
-2.1572685878029683	-0.9999965903515591	0.0995771819504413	0.11564055207026534	3348951.4	91011.025	20.634999999999998	20.73463411819021
-2.1572685878029683	-0.9999964969668	0.11277453562678771	0.11564055207026534	3348951.4	124427.675	20.775	20.829702773806297
-1.897867127617958	-0.9999969804980147	0.04989411498909052	0.14988797044643332	3666882.0	64353.2	20.32	20.390971749658014
-1.4255917286231707	-0.9999973341607262	0.05249594194247744	0.24036618956439207	4264080.333333333	86451.70833333333	20.48	20.547669395656587
