-1.0657182223211876	-0.9999991679800261	0.02967684316463222	0.34448035241868624	14265623.25	142810.875	21.85	21.886910828006922
-2.0246177259048777	-0.999999474037794	-0.0035568473836068105	0.13204431066038574	19765068.7	-32716.95	20.22	20.240969559464013
-2.0246177259048777	-0.9999993847840252	0.06689383396995155	0.13204431066038574	19765068.7	190952.65	20.32	20.36477035324137
-1.9072097292442651	-0.9999994625027687	0.004882907828992963	0.14849414795233598	18788750.1	24315.275	20.27	20.316626652225363
-1.9072097292442651	-0.999999545853502	-0.0011897102478160913	0.14849414795233598	18788750.1	-5077.875	20.425	20.522051527497286
-0.7711881076518707	-0.9999991162039384	0.060599204310177485	0.4624632856070429	15565948.333333334	943284.0833333334	21.86	21.862209904504116
-2.339314991787964	-0.9999989672984239	0.040964342336216486	0.09639364605909814	11380326.2	127067.4	20.37	20.429722557992285
-2.339314991787964	-0.9999988962143954	0.06163555188054964	0.09639364605909814	11380326.2	285340.0	20.515	20.537183706290527
-2.339314991787964	-0.9999988552201633	0.0675177727420146	0.09639364605909814	11380326.2	454960.45	20.485	20.589680641975463
-2.1214358157073665	-0.9999994525245166	-0.00795326625569261	0.1198594088812711	19242014.6	-37590.425	20.36	20.376190263510495
-2.1214358157073665	-0.9999994535055362	0.008543335474678927	0.1198594088812711	19242014.6	36887.475	20.38	20.480335926300448
-2.075096967471038	-0.9999994625527211	-0.007254638375235352	0.12554425319421575	19462020.7	-34883.925	20.3	20.31399203581242
-2.075096967471038	-0.9999995717969334	0.0009384000323146424	0.12554425319421575	19462020.7	4160.775	20.35	20.386466535701864
-2.164278185255738	-0.9999994080355402	0.00972060755786514	0.11483279269247401	18078520.8	44436.625	20.5	20.742769891768976
-0.2802594657111031	-0.9999992750739051	0.02976658560880103	0.7555876669282169	16907388.5	210365.625	21.73	21.91669644829855
-2.368485460146225	-0.9999988447416042	0.044494806422143256	0.09362241383220624	10173687.4	127163.625	20.560000000000002	20.706783476061304
-2.368485460146225	-0.9999988466050946	0.08284139904398966	0.09362241383220624	10173687.4	124775.475	20.69	20.733466437763656
-2.308557124750298	-0.9999990248742384	0.03941312954174031	0.09940457653794192	12114818.7	135058.65	20.0	20.04658497624164
-2.308557124750298	-0.9999989930474962	0.07552099534383251	0.09940457653794192	12114818.7	198598.8	19.95	19.956102505835002
-2.308557124750298	-0.9999990366302073	0.06493073275392308	0.09940457653794192	12114818.7	117130.25	19.96	20.03429568126183
-2.308557124750298	-0.9999989683720767	0.052137163414595775	0.09940457653794192	12114818.7	267796.2	20.11	20.38113328167951
