-1.7599774234658334	-0.9999996938930212	0.009776741544513303	0.17204874804364273	40215013.44444445	221924.33333333334	22.650000000000002	22.697735098878585
-1.7599774234658334	-0.9999997027881753	0.0157426756017733	0.17204874804364273	40215013.44444445	155184.66666666666	22.685000000000002	22.685299060391017
-2.0837036221362584	-0.9999997196888627	0.023070238560514354	0.12446837366481758	46360868.4	440411.8	23.37	23.39388813185307
-2.0837036221362584	-0.9999997199199073	0.03909329730726363	0.12446837366481758	46360868.4	435719.525	23.51	23.642174516021708
-2.3244545507676397	-0.9999996647321443	0.024285897064608056	0.09783679450450458	41209822.2	1000817.5	21.67	21.67164077569353
-2.0311748120178175	-0.9999997117935466	0.02270895403346581	0.13118131719794449	43104919.7	248478.6	22.76	22.964643112961102
-2.0311748120178175	-0.9999997160321973	0.029526650583270378	0.13118131719794449	43104919.7	206985.6	22.939999999999998	23.117796846646847
-2.0311748120178175	-0.9999997048682789	0.032092289523133546	0.13118131719794449	43104919.7	334913.025	23.090000000000003	23.308528969114928
-2.0311748120178175	-0.9999996872219523	0.047614447959189225	0.13118131719794449	43104919.7	716598.675	23.400000000000002	23.49476060230358
-1.430362041972641	-0.9999996918442302	0.01686877469034842	0.23922229805121778	39659799.666666664	203087.29166666666	22.53	22.932323617980845
-2.1770501670168034	-0.9999997610420724	0.003764659933342271	0.11337547657621921	44537435.2	41879.4	23.44	23.609860301534336
-1.2697019182800982	-0.9999996718726074	0.009126130330229616	0.2809153450287675	34577732.2	84616.9	21.28	21.326943931235242
-1.2697019182800982	-0.9999996474673333	0.0322428278937677	0.2809153450287675	34577732.2	196766.9	21.439999999999998	21.59452021657794
-1.2697019182800982	-0.9999996124044535	0.07658266138182758	0.2809153450287675	34577732.2	661439.3	21.6	22.097851849434974
-1.2697019182800982	-0.9999996064260563	0.07500270748321804	0.2809153450287675	34577732.2	813330.8	22.415	22.5919416598585
-1.560176521322614	-0.999999711443339	0.0183876143850387	0.21009898097725144	42626365.85714286	219721.75	22.68	22.70543361729642
-1.560176521322614	-0.999999735470812	0.01140648336015135	0.21009898097725144	42626365.85714286	78897.53571428571	22.59	22.62000619380428
-1.97403917893522	-0.9999996840250226	0.01896414301350386	0.13889470110588759	40133027.6	321588.925	22.64	22.69139549284096
-1.97403917893522	-0.999999691200896	0.024737637244793047	0.13889470110588759	40133027.6	241117.3	22.715	22.83399840477981
-1.9106981835971908	-0.9999996881033526	0.016189318876208267	0.1479770353817352	40251646.9	283325.075	22.39	22.441081985046264
-1.9106981835971908	-0.9999997106383098	0.011869738766506923	0.1479770353817352	40251646.9	114379.35	22.400000000000002	22.437804853118767
-1.9106981835971908	-0.9999996737155398	0.03824752563015371	0.1479770353817352	40251646.9	505591.8	22.435000000000002	22.571987015109496
-2.3554165577200132	-0.9999997285822363	-0.004332511051272832	0.0948539861437304	39386680.0	-43924.25	21.650000000000002	21.767474252729247
