-2.2051057811788675	-0.999997210242196	0.03863706448579314	0.11023886349075881	3899703.1	53061.575	13.200000000000001	13.345825430950004
-2.2051057811788675	-0.9999975882488964	0.014919688484798174	0.11023886349075881	3899703.1	12149.35	13.365	13.483096301020408
-2.173944119967661	-0.9999972927089811	0.049227590524773004	0.1137281736039104	4129075.9	71581.8	13.13	13.422956151830316
-2.2339237117866433	-0.9999974454374075	0.05360998039122186	0.10710734621328033	4477352.1	92750.225	13.68	13.74487934102553
-2.2339237117866433	-0.9999976515500163	0.03687576575741926	0.10710734621328033	4477352.1	36857.35	13.73	13.899114340065568
-2.2339237117866433	-0.9999976641315199	0.04623914612512253	0.10710734621328033	4477352.1	34838.45	14.005	14.032051348094376
-2.2339237117866433	-0.9999977077363074	0.027977029070167	0.10710734621328033	4477352.1	28659.4	14.02	14.020589148345364
-1.593900060044226	-0.9999979697455454	0.013075200070479699	0.20313183849168645	5218430.0	39923.3125	14.02	14.053362383588137
-1.9838417321458963	-0.9999977945477011	0.01704416928717341	0.1375398298554987	4651847.2	28549.425	12.96	13.137308299901482
-1.9838417321458963	-0.9999977876329009	0.020234283522408254	0.1375398298554987	4651847.2	29482.725	13.190000000000001	13.19075827935559
-1.9838417321458963	-0.9999977446849165	0.04766773610476327	0.1375398298554987	4651847.2	36002.85	13.18	13.333091130018554
-2.068079230345465	-0.999997638489066	0.02333138373050088	0.1264283884466167	4437019.5	35526.775	12.8	12.906883050781097
-2.068079230345465	-0.9999984528245193	0.000982213418451654	0.1264283884466167	4437019.5	957.0	13.06	13.124449142031299
-1.755434141179451	-0.9999981436052898	0.008512327516693166	0.17283219242990883	5244740.1	16919.95	13.92	14.200654549748135
-1.755434141179451	-0.9999977825803734	0.04273979917833757	0.17283219242990883	5244740.1	112395.675	14.32	14.362082174637194
-1.755434141179451	-0.9999979556122681	0.04281072637864844	0.17283219242990883	5244740.1	45354.3	14.3	14.36463868913884
-1.3691319919348761	-0.9999985904506458	-0.0010868994615881283	0.2543276221977193	5475193.333333333	-2246.4583333333335	14.15	14.331251331531943
-1.3691319919348761	-0.9999980277493977	0.04413079181961668	0.2543276221977193	5475193.333333333	48944.041666666664	14.435	14.50087143079664
-2.1409873471170853	-0.9999973805337972	0.03233288086595471	0.11753873418100755	4091807.8	45176.4	12.93	13.169999368444795
-2.1409873471170853	-0.9999976524340137	0.01747501635763678	0.11753873418100755	4091807.8	14849.5	13.280000000000001	13.37415147658794
-1.0190194705656268	-0.9999983676750677	-0.005172491238386332	0.3609486875273085	5722802.25	-11400.1875	13.69	13.843450098802224
-1.0190194705656268	-0.9999981684707205	0.04120015486987752	0.3609486875273085	5722802.25	35648.125	13.825	13.826467573095897
-1.0190194705656268	-0.9999980485413418	0.050402505427239404	0.3609486875273085	5722802.25	70813.0	13.85	13.990491557945182
-1.0190194705656268	-0.9999981062811084	0.03886874294056372	0.3609486875273085	5722802.25	50886.8125	14.06	14.073158849390923
-2.028337611442476	-0.9999977562793084	0.02238760868218234	0.13155403339185112	4684551.4	36709.75	13.27	13.362733062185594
-1.822170011129086	-0.9999980829211661	0.009557538054186297	0.16167453446080501	5123127.5	18423.55	14.11	14.26028020075275
