-2.0615212834094523	-0.9999978800267202	0.02327560201516637	0.12726022369375722	4990950.0	39365.9	12.85	12.939093975525573
-2.0615212834094523	-0.9999979310954576	0.033383483682252024	0.12726022369375722	4990950.0	30508.675	12.905000000000001	12.939574296973433
-1.9777817777132571	-0.9999983147181397	0.009288581539745227	0.1383758455070541	5794749.4	17426.175	12.11	12.162866479536829
-1.9777817777132571	-0.9999984231779927	0.007420225702947636	0.1383758455070541	5794749.4	9294.525	12.17	12.33696421813687
-1.9777817777132571	-0.9999980397737438	0.03193360913628632	0.1383758455070541	5794749.4	85734.3	12.395	12.485998211567733
-2.2002044686084625	-0.9999978898085949	0.05983044975702995	0.11078050491076907	5554372.0	123103.4	14.200000000000001	14.419415770491515
-2.2002044686084625	-0.9999979220635632	0.06500558393141619	0.11078050491076907	5554372.0	102911.25	14.555	14.567213565804087
-2.2002044686084625	-0.9999979941669941	0.057272718362133844	0.11078050491076907	5554372.0	68949.4	14.545	14.66756590179239
-1.7555896084336289	-0.9999983429256831	0.0038774663752865228	0.1728053247720928	5266895.0	6170.125	13.24	13.262403840449613
-1.7555896084336289	-0.9999985089125739	0.002164450735958247	0.1728053247720928	5266895.0	2573.475	13.16	13.294947112462006
-2.0987282605385302	-0.9999977590905691	0.044339585161759724	0.12261225999278584	5022325.8	77231.625	12.86	13.269435038134233
-2.0987282605385302	-0.9999976488517248	0.05354723333973681	0.12261225999278584	5022325.8	134352.9	13.525	13.545706391010658
-2.0987282605385302	-0.9999977942258589	0.05479724802597582	0.12261225999278584	5022325.8	64737.825	13.46	13.565402655247146
-2.0987282605385302	-0.99999781331975	0.04676933285465119	0.12261225999278584	5022325.8	58818.025	13.605	13.610989145789837
-1.820594655210658	-0.9999981190863745	0.012322803553376793	0.16192943011850292	5267738.1	20092.675	13.22	13.318322300420412
-1.820594655210658	-0.9999981857032348	0.011333967264719073	0.16192943011850292	5267738.1	14145.75	13.4	13.41824842835465
-1.0187780996807547	-0.9999972878858298	0.036771478742638315	0.36103582054667427	3842691.5	33583.4375	14.27	14.462380071977984
-1.0187780996807547	-0.9999971956329582	0.07154300351344929	0.36103582054667427	3842691.5	47872.5	14.38	14.408461898083216
-1.2177604353562967	-0.9999974331033392	0.06005910340597316	0.2958920949061981	4332274.6	67540.75	14.39	14.585260254095648
-1.2177604353562967	-0.9999974560250701	0.06544145122829727	0.2958920949061981	4332274.6	61155.9	14.67	14.731283681213469
-1.2177604353562967	-0.9999975277879359	0.05003195228458835	0.2958920949061981	4332274.6	44814.15	14.66	14.72732015173662
-2.259274545198211	-0.9999978932374094	0.06803624466247925	0.10442621378067089	5853530.3	226838.65	14.13	14.265211205507626
-2.259274545198211	-0.9999978919539773	0.09071411920935442	0.10442621378067089	5853530.3	228549.225	14.565000000000001	14.725224086807758
-0.25822176808224756	-0.9999976797836647	0.024967560462791336	0.7724239141410806	4480143.0	32691.5	13.75	13.828751674021806
-0.25822176808224756	-0.9999975247825329	0.05048037813392757	0.7724239141410806	4480143.0	65467.75	14.015	14.148667995373103
-0.25822176808224756	-0.9999973365056121	0.07967663688115481	0.7724239141410806	4480143.0	152181.5	14.22	14.31571475381695
-0.7354863650492661	-0.9999976494354861	0.019750749629377867	0.47927230098326157	4082907.6666666665	14721.583333333334	14.35	14.376283226743109
-0.7354863650492661	-0.9999973215802813	0.07490310267114675	0.47927230098326157	4082907.6666666665	56146.666666666664	14.425	14.481309885059407
-2.0211266512012944	-0.9999983657700973	0.005832378832528233	0.1325060928020596	5711455.6	11313.4	12.620000000000001	12.93196640997495
-2.0211266512012944	-0.9999985609063723	0.003249699919584491	0.1325060928020596	5711455.6	3710.975	12.940000000000001	12.941899415401913
-2.0211266512012944	-0.9999981543500138	0.0300206787254227	0.1325060928020596	5711455.6	37847.55	12.91	12.983491147412696
