-1.8990167502924071	-0.9999983217241448	0.0474288278340105	0.1497157548474268	6982344.8	122797.575	15.15	15.229571516408846
-2.164839475465592	-0.9999981392047375	0.048419372698141984	0.11476835625562788	6595139.8	213672.6	15.91	16.117549843845154
-2.164839475465592	-0.9999982339852299	0.0728086257305939	0.11476835625562788	6595139.8	114359.875	16.1	16.480372363200512
-1.8393752763187892	-0.9999984058312046	0.03657433267984132	0.15891667411206037	7254528.1	105338.35	14.75	15.179756057961603
-2.0471876499977486	-0.9999981968224718	0.03727397930863188	0.12909746077408626	6328202.8	90297.225	15.15	15.388921598435841
-2.0471876499977486	-0.9999982818701237	0.04381741764586383	0.12909746077408626	6328202.8	52715.0	15.35	15.37715286804182
-2.0471876499977486	-0.999998315106809	0.037132616957934496	0.12909746077408626	6328202.8	42715.725	15.48	15.505
-2.343320552432803	-0.9999983684971655	0.026359657309182105	0.09600830772727352	6826847.3	68734.475	15.43	15.817286911537588
-2.343320552432803	-0.999998358953384	0.060568237124539265	0.09600830772727352	6826847.3	73361.975	15.88	15.891495059146477
-2.343320552432803	-0.9999982602619752	0.09809557610221167	0.09600830772727352	6826847.3	143906.475	15.885000000000002	16.015624698146986
-2.343320552432803	-0.9999983903999835	0.037779040026225945	0.09600830772727352	6826847.3	59188.15	16.0	16.230438255094644
-1.2241282453166717	-0.9999985713562788	0.048575509214742865	0.29401389662849314	8362107.4	154270.95	15.26	15.603491774563718
-1.2241282453166717	-0.9999984816954569	0.08031572320905336	0.29401389662849314	8362107.4	326512.2	15.91	15.992961617084948
-1.2241282453166717	-0.999998565604391	0.09800756488036502	0.29401389662849314	8362107.4	161872.45	15.81	16.060914670867298
-1.5040292383708593	-0.9999984869332704	0.044027384857888596	0.2222329243477888	7827943.285714285	139273.2857142857	15.860000000000001	16.323306347009705
-1.0242055239569094	-0.9999984236913635	0.028070329887889885	0.35908163386681763	7211642.25	86488.125	14.780000000000001	15.268451553534167
-2.0020536835108818	-0.9999982878695557	0.04669075316431244	0.13505763259784379	6809290.2	115657.025	15.02	15.287027135222509
-1.607265373406393	-0.9999984602832868	0.040288302431237794	0.2004349801401173	7611342.75	122921.78125	15.700000000000001	15.707464291847732
-1.607265373406393	-0.9999984825372793	0.07670441446939559	0.2004349801401173	7611342.75	103768.65625	15.74	15.783247694492871
-1.607265373406393	-0.9999983747816488	0.07258208772600291	0.2004349801401173	7611342.75	235646.875	15.825	15.858656335013242
-2.0887768376650873	-0.9999981929277233	0.04581901859045086	0.12383851782681207	6397988.7	104989.8	15.21	15.545357360422948
-2.0887768376650873	-0.9999982704765835	0.05147067941021449	0.12383851782681207	6397988.7	63924.35	15.585	15.711933591369489
-2.0887768376650873	-0.999998247885739	0.05547777387555004	0.12383851782681207	6397988.7	73864.95	15.93	16.116579685667233
-0.7410764653369398	-0.9999982979847584	0.049396153731301046	0.47660059526450455	7203506.333333333	211181.41666666666	14.77	14.843095279978675
-1.6961977545987799	-0.9999984513333727	0.03914469056029869	0.18337945385145593	7517874.111111111	113853.97222222222	15.89	15.983729172392033
-2.3179783116440014	-0.9999982580220492	0.0248570910866132	0.09847246513655857	6324250.4	60881.725	15.35	15.357900888426377
-2.2624473626444033	-0.9999983247754392	0.02998929082818558	0.104095413529659	6731194.4	78924.7	15.27	15.380786747188811
-1.3789517087815741	-0.9999984854913972	0.04775906626123056	0.25184241892764553	8132961.0	223559.95833333334	16.0	16.117905363275423
-1.3789517087815741	-0.999998534598802	0.09802596103904736	0.25184241892764553	8132961.0	149948.04166666666	15.969999999999999	16.000877291009893
-1.3789517087815741	-0.9999985710873369	0.05728501381950295	0.25184241892764553	8132961.0	111444.5	16.055	16.11478822684853
-0.26379690852675386	-0.9999990264916647	0.001496373567452223	0.7681295243733359	8835911.0	5440.625	14.91	15.190828831859475
-0.26379690852675386	-0.9999986018537885	0.13636181853789817	0.7681295243733359	8835911.0	231860.5	14.934999999999999	15.085488150837707
