-1.9220023221927638	-0.999997206590099	0.029941645899629603	0.14631370145562222	3742271.6	34671.375	16.79	16.81060129047077
-1.9220023221927638	-0.9999972669322597	0.030719051578703298	0.14631370145562222	3742271.6	27662.85	16.875	16.94670841893695
-1.9220023221927638	-0.9999972001308232	0.05375291428910413	0.14631370145562222	3742271.6	35519.7	16.88	16.942632423301326
-1.7169980808631242	-0.9999972763750826	0.01865511444901147	0.17960449764457936	3678115.3333333335	22421.194444444445	16.990000000000002	17.094389770256896
-1.8616475903012941	-0.9999972590480393	0.01768445965254973	0.15541635682689878	3624409.8	20625.525	16.73	16.89940836011858
-2.284752505923883	-0.9999966398529718	0.039125297935574045	0.10179925370101402	3069044.0	30103.775	16.04	16.083555263994263
-2.1890569878169073	-0.9999967283987001	0.05704370700054948	0.11202233725262715	3319783.8	52103.625	16.16	16.18300748037194
-2.1890569878169073	-0.9999970111265769	0.0278407278623449	0.11202233725262715	3319783.8	20381.125	16.165	16.187955565323502
-2.1890569878169073	-0.9999968349280312	0.05245775533606807	0.11202233725262715	3319783.8	36582.575	16.2	16.20944857225005
-2.026393657430295	-0.999996816220328	0.03346140865308395	0.13181001711255957	3465599.2	61925.55	16.69	16.71902992533472
-2.026393657430295	-0.9999969674926171	0.0576905947940531	0.13181001711255957	3465599.2	36659.5	16.689999999999998	16.733164418236864
-2.312634803156166	-0.9999964463089938	0.030514431186216218	0.0990000619434661	2820059.0	22506.825	15.530000000000001	15.607234426562817
-2.2226398963248837	-0.9999965879718788	0.04820822608265141	0.10832277015621422	3279672.9	72426.125	16.2	16.30157078041075
-2.2226398963248837	-0.9999967401414681	0.05562868243828813	0.10832277015621422	3279672.9	43969.3	16.375	16.507023931011233
-2.2226398963248837	-0.9999967686252745	0.03988684142511181	0.10832277015621422	3279672.9	40047.725	16.515	16.52022563015342
