-1.8129932561756132	-0.9999970270298283	0.07220911006847104	0.16316501045248627	3763075.1	72221.725	9.77	9.917653122698976
-1.8129932561756132	-0.9999973518226347	0.031008462080678364	0.16316501045248627	3763075.1	21274.05	9.995000000000001	10.09949301904762
-1.8129932561756132	-0.9999971687706746	0.07717223048195769	0.16316501045248627	3763075.1	42366.15	10.205	10.210427072927073
-1.8129932561756132	-0.999997143516447	0.07410024771667256	0.16316501045248627	3763075.1	46589.975	10.16	10.174113692343097
-0.7143460846975549	-0.9999969578379521	0.04167350383271994	0.48951210661742306	3612456.6666666665	59258.333333333336	10.46	10.51329424623829
-0.7143460846975549	-0.9999972147480997	0.06882283811575751	0.48951210661742306	3612456.6666666665	23425.0	10.594999999999999	10.611689750692522
-0.7143460846975549	-0.9999982598674958	0.00046237557978433307	0.48951210661742306	3612456.6666666665	536.0833333333334	10.63	10.666481910712486
-1.9559018001692936	-0.9999974965043684	0.04158638969534193	0.14143687137098418	4243431.8	41084.6	9.46	9.500058095147658
-1.9559018001692936	-0.9999972515327258	0.06576577846368145	0.14143687137098418	4243431.8	116183.35	9.555	9.571926522167695
-1.444127135073023	-0.9999965213692754	0.049849164659955855	0.235951940870561	3174354.4285714286	62466.82142857143	9.9	10.045823397688071
-2.099196772036405	-0.9999976855908699	0.0417433414130668	0.12255482819397832	4642924.0	46425.5	9.72	9.766535867288544
-2.099196772036405	-0.9999975150731892	0.06530064945625436	0.12255482819397832	4642924.0	102469.1	9.81	9.835914364281905
-2.099196772036405	-0.9999977042208325	0.08874751131372621	0.12255482819397832	4642924.0	42578.5	9.815000000000001	9.877208633295444
-1.912588946574353	-0.9999973348283161	0.042005051279071656	0.14769751022295077	4210955.5	74824.9	9.870000000000001	9.896458468536087
-1.184633786438755	-0.9999966670920161	0.046266474432748346	0.3058581684006187	3297355.8	59264.55	10.4	10.425470171274743
-1.6223974351140718	-0.9999965915572567	0.039379950309541153	0.1974248180698705	3397665.0	107016.38888888889	9.65	9.663000040062704
-1.6223974351140718	-0.999997006791609	0.035748531949433296	0.1974248180698705	3397665.0	26104.972222222223	9.6	9.603885509021822
-1.6223974351140718	-0.9999969003591457	0.06760365059663116	0.1974248180698705	3397665.0	37478.194444444445	9.684999999999999	9.784307616870237
-1.7569476989684973	-0.9999967717488459	0.05939475438657923	0.1725707987859527	3407436.2	59876.725	9.33	9.398523576128333
-1.7569476989684973	-0.9999973991338964	0.011386591190472658	0.1725707987859527	3407436.2	7059.6	9.365	9.478750973849388
-1.7569476989684973	-0.999997085359831	0.03473179903867621	0.1725707987859527	3407436.2	20566.15	9.415	9.56728227300803
-1.7569476989684973	-0.9999969139476907	0.06452843518315052	0.1725707987859527	3407436.2	36882.75	9.635000000000002	9.689817664989807
-0.2503205443528356	-0.9999973210176698	0.01436495076654618	0.7785511828845098	3749731.5	23050.0	10.52	10.722410856162206
-1.9954064202885948	-0.9999974710161201	0.04842087369050057	0.13595838668994253	4261668.9	47938.35	9.76	9.82745498280853
