-1.834023040387608	-0.999999830953205	0.09013780636411217	0.15976951390930963	87552776.3	2677826.075	5.5	5.517033891681814
-1.834023040387608	-0.9999998234352026	0.11499607605581309	0.15976951390930963	87552776.3	5171834.525	5.51	5.522304003120112
-1.834023040387608	-0.9999998349588608	0.1166307641083413	0.15976951390930963	87552776.3	1885699.525	5.51	5.528884967763866
-1.5116608949066237	-0.9999998492155636	0.08615711137862156	0.22054337423157042	98759178.8888889	2932444.0555555555	5.51	5.534813523946651
-1.0905012041274278	-0.9999998313050111	0.08148127307877269	0.33604802283505303	88225696.4	2908745.75	5.45	5.471900736778036
-2.0030437703986435	-0.9999997765623256	0.09263357792217465	0.134923979981486	65125576.8	2087560.975	5.2700000000000005	5.319885719182081
-0.6539219174486027	-0.9999998164553449	0.06881053640809646	0.5200023659835744	77865009.0	1609937.0	5.1000000000000005	5.1287072736822825
-0.6539219174486027	-0.9999998109774978	0.06769032022502311	0.5200023659835744	77865009.0	2466321.75	5.145	5.172176304847035
-0.6539219174486027	-0.9999998189479645	0.08861967116169206	0.5200023659835744	77865009.0	1325920.6666666667	5.145	5.172352209325095
-0.6539219174486027	-0.9999998215304937	0.03966472412051996	0.5200023659835744	77865009.0	1084390.6666666667	5.205	5.223847298679157
-1.5805940120145474	-0.9999998435396421	0.0886580122996445	0.20585278285384276	95167281.5	2928223.8	5.47	5.53755384682936
-1.5805940120145474	-0.9999998448250781	0.09939677376926988	0.20585278285384276	95167281.5	2591053.45	5.5200000000000005	5.523508472627794
-1.3388868122630462	-0.9999998526111789	0.09218533464222523	0.2621373142656474	101948223.57142857	3355220.964285714	5.5200000000000005	5.5332431285463715
-1.3388868122630462	-0.9999998568585188	0.10310778270678109	0.2621373142656474	101948223.57142857	2176044.3571428573	5.57	5.607330281450195
-0.9104344390400768	-0.9999998089367704	0.0770192643163255	0.40234938977630236	77742473.75	2824177.5625	5.24	5.244747772505794
-0.9104344390400768	-0.9999998187505988	0.09734149652100015	0.40234938977630236	77742473.75	1316880.25	5.26	5.2634125027362195
-0.9104344390400768	-0.9999998141580192	0.06803338944513662	0.40234938977630236	77742473.75	1881942.0	5.275	5.324391416076847
-2.057236651692532	-0.9999997257677173	0.11769754673591432	0.1278066566805969	52807934.5	1946687.775	5.21	5.240818896940009
-2.057236651692532	-0.9999997417724391	0.08863024512965734	0.1278066566805969	52807934.5	836066.075	5.22	5.228089609796526
-2.057236651692532	-0.9999997359325697	0.12557547893951373	0.1278066566805969	52807934.5	1138081.7	5.235	5.238863893499095
-1.2272134285876923	-0.9999998475266532	0.08738301127527914	0.29310820769972223	98060147.0	3114435.5416666665	5.28	5.338998813707771
-1.2272134285876923	-0.9999998521619562	0.11008696599431765	0.29310820769972223	98060147.0	1976859.0416666667	5.385	5.451033570817412
-1.2272134285876923	-0.9999998442923924	0.09566564953308968	0.29310820769972223	98060147.0	4276778.75	5.505	5.520908630127196
-1.746958888867952	-0.9999998450671993	0.08539200433738355	0.17430321370125137	96562561.9	3143061.375	5.51	5.534253763627515
-1.9428131671543125	-0.9999997936377726	0.08988006605357875	0.14330025464342325	70599241.6	2124434.65	5.26	5.264358632655351
