-1.5040227941204394	-0.9999992983796583	0.12732924746525257	0.22223435647701922	19137058.666666668	678030.9166666666	5.0200000000000005	5.031614432500093
-1.5040227941204394	-0.9999993022689052	0.14836133133775062	0.22223435647701922	19137058.666666668	629398.1388888889	5.025	5.065985885920399
-1.5040227941204394	-0.9999993054366432	0.14123348631580543	0.22223435647701922	19137058.666666668	592376.6944444445	5.07	5.07180749698112
-1.2228789915780813	-0.9999992780282384	0.12729905645003098	0.29438142410779455	18675420.166666668	717210.4583333334	5.1000000000000005	5.100180313408053
-1.2228789915780813	-0.9999992966467766	0.1529927039558587	0.29438142410779455	18675420.166666668	506568.5833333333	5.095000000000001	5.101442757905541
-1.2228789915780813	-0.9999992778299972	0.16639237810647203	0.29438142410779455	18675420.166666668	719870.6666666666	5.105	5.109125480028594
-1.2228789915780813	-0.9999992640738936	0.168127617171487	0.29438142410779455	18675420.166666668	930733.4166666666	5.115	5.13585664256681
-1.6323297265928245	-0.9999994232253637	0.12040834481183374	0.1954736430912928	23702793.0	865591.75	4.94	4.987628725921852
-1.6323297265928245	-0.9999994322276208	0.14102530166777397	0.1954736430912928	23702793.0	699268.275	5.01	5.015249138730735
-1.6323297265928245	-0.9999993981667207	0.13455524756692933	0.1954736430912928	23702793.0	1567713.9	5.0200000000000005	5.054212281433115
-1.8226702196319162	-0.9999993874183214	0.11931560522275995	0.1615936837067797	23197777.7	1484417.4	5.0	5.0030495981818675
-0.6476253938764354	-0.9999992805972259	0.11713516278982011	0.5232869028689214	18802646.333333332	749135.0833333334	5.09	5.099348043582625
-0.6476253938764354	-0.9999992887008916	0.14214415742120742	0.5232869028689214	18802646.333333332	643259.8333333334	5.115	5.116555420858403
-1.9297792136729273	-0.9999994453812303	0.11203273886043041	0.14518024875924926	24802858.5	942347.9	4.84	4.866935782811638
-1.9297792136729273	-0.9999994267815564	0.11991116748235234	0.14518024875924926	24802858.5	1494728.7	4.87	4.89006468753089
-1.9297792136729273	-0.9999994714752891	0.11799095180566736	0.14518024875924926	24802858.5	493324.075	4.86	4.900834738556472
-0.9056067607498178	-0.9999992560806196	0.13739880994390344	0.40429649941821044	19676675.75	2275840.5	5.14	5.1455691843203955
-0.9056067607498178	-0.9999993125946744	0.1589158134655272	0.40429649941821044	19676675.75	748517.875	5.13	5.160473349789887
-1.8610394195490523	-0.9999994085182101	0.1219860443665775	0.15551090525742173	23264602.7	946558.25	4.99	5.014015067740623
