-1.6800071180064766	-0.9999996221756455	0.09757776612278989	0.18637264943296283	37632610.0	1496314.9	4.9	5.007905867018694
-1.9255017102920124	-0.9999996426721499	0.12053405030633763	0.14580258784401554	43286669.3	5217517.575	5.13	5.133984652869944
-0.6396387104847588	-0.9999996983035426	0.10447877939278165	0.5274829636852363	48583989.333333336	2321251.5	4.8100000000000005	4.99232034363881
-0.6396387104847588	-0.9999997147348179	0.10976889527614771	0.5274829636852363	48583989.333333336	1044782.8333333334	5.025	5.02993473657419
-0.20300887152011743	-0.999999563811765	0.035329498764104614	0.8162709998288917	28798897.5	285425.625	4.68	4.704661475141566
-0.20300887152011743	-0.9999995304702314	0.1477041139000715	0.8162709998288917	28798897.5	745595.375	4.72	4.746937852242655
-0.20300887152011743	-0.999999520779789	0.11733061698625231	0.8162709998288917	28798897.5	985606.75	4.775	4.8016708259154095
-0.20300887152011743	-0.9999995148107897	0.15555627949696696	0.8162709998288917	28798897.5	1170467.125	4.78	4.792813872234491
-2.0158199223796505	-0.9999997320148925	0.10950431020363469	0.1332111357851545	53893097.0	1872054.15	5.2700000000000005	5.325804878451903
-1.8558433591219268	-0.9999996624084881	0.09913112478651417	0.15632105228189783	41718464.4	1307723.9	5.12	5.128184921331133
-1.8558433591219268	-0.9999996677663909	0.1332520561704673	0.15632105228189783	41718464.4	1045781.525	5.115	5.117611221596579
-1.626172285017659	-0.9999995797835817	0.10699102403447612	0.19668097384784197	35080906.1	2524547.3	4.87	4.872328093264722
-1.626172285017659	-0.9999996179319114	0.11204227418522528	0.19668097384784197	35080906.1	662180.35	4.875	4.885110003526694
-1.626172285017659	-0.9999996012717044	0.13389082635580196	0.19668097384784197	35080906.1	1187961.125	4.865	4.874366656741317
-1.0791375691658012	-0.9999996504616929	0.09957277552541866	0.3398885296270846	42395190.4	2727081.95	4.96	4.965174037143997
-1.729376800270023	-0.9999996335378658	0.08723181783383478	0.17739492800012657	37902417.2	1077118.275	5.04	5.0540500586389845
-1.729376800270023	-0.9999996256922945	0.13496819804278568	0.17739492800012657	37902417.2	1450133.425	5.11	5.13021902810837
-1.729376800270023	-0.9999996376729108	0.1163961614832901	0.17739492800012657	37902417.2	920867.475	5.14	5.179426365656106
-2.0681676198461187	-0.9999996912529986	0.1056378818933415	0.12641721399835257	46016167.7	1479704.725	5.12	5.132283695824315
-1.8170052396515826	-0.9999996524401752	0.10015181100960781	0.1625117065252736	40424267.6	1264074.225	5.11	5.1572279091828594
-1.2160679124679517	-0.9999996387863779	0.08842758461295416	0.2963933230997492	39404242.5	1518674.5416666667	4.92	4.938505639462628
-1.2160679124679517	-0.9999996512263227	0.11604577981275402	0.2963933230997492	39404242.5	930206.125	4.93	4.935506362578871
-1.2160679124679517	-0.9999996569538275	0.11064375298819926	0.2963933230997492	39404242.5	742273.625	4.925	4.944052340850045
-1.2160679124679517	-0.999999651441209	0.11686638972149355	0.2963933230997492	39404242.5	922362.9166666666	4.94	4.96219043044912
-1.9569345925562598	-0.9999997085371294	0.12395740591375214	0.14129087185356864	49384015.9	1782640.9	5.17	5.22723136347242
-1.9569345925562598	-0.999999708526007	0.13107088898831526	0.14129087185356864	49384015.9	1783620.325	5.29	5.35533026254422
-1.4969229677413103	-0.9999995945903558	0.10608655219254945	0.22381779624576786	37099116.55555555	3403583.3055555555	4.82	4.862806906452594
-1.4969229677413103	-0.9999996382781767	0.11166298930167633	0.22381779624576786	37099116.55555555	673039.0277777778	4.785	4.812263268222698
-1.4969229677413103	-0.9999996200431036	0.13892185068437232	0.22381779624576786	37099116.55555555	1323862.861111111	4.83	4.912845281261177
