-1.9208858595247524	-0.999999370996325	0.10680100251663331	0.14647714646426344	21527987.8	760082.4	4.49	4.495921911825231
-1.9208858595247524	-0.9999993880067157	0.13119581173212788	0.14647714646426344	21527987.8	527013.825	4.495	4.516724059724693
-1.6263219553884782	-0.9999993359649685	0.10264643817073887	0.19665153873639002	20441816.4	785504.075	4.71	4.742293444892485
-1.6263219553884782	-0.9999993578560203	0.1317527155231679	0.19665153873639002	20441816.4	502116.45	4.75	4.750795101161435
-1.8877412865900276	-0.9999993577919445	0.10035272255226887	0.1514134224152075	20987602.9	713834.375	4.46	4.4623731814880125
-1.8877412865900276	-0.9999993314497593	0.11918811738946866	0.1514134224152075	20987602.9	1240799.1	4.48	4.485149982625057
-1.8877412865900276	-0.9999993708842202	0.14199335844265182	0.1514134224152075	20987602.9	542330.2	4.465	4.47098605854524
-1.8877412865900276	-0.9999993621199035	0.10062828004835392	0.1514134224152075	20987602.9	651851.875	4.47	4.501048890055781
-1.9514156742136974	-0.9999993600963162	0.10520955746235768	0.14207280035295303	21145089.3	752246.4	4.4	4.430206652637866
-1.9514156742136974	-0.9999993785766674	0.12732985265025457	0.14207280035295303	21145089.3	508921.925	4.41	4.421406033737691
-1.9514156742136974	-0.9999993721980999	0.1563857272991517	0.14207280035295303	21145089.3	582407.425	4.42	4.427522274823958
-1.9514156742136974	-0.9999993675333153	0.10021081531922625	0.14207280035295303	21145089.3	642783.325	4.4350000000000005	4.448414599607615
-2.007481562664322	-0.9999993762103649	0.10261386482160594	0.13432654201994698	21484933.9	661375.85	4.54	4.5533176459302
-2.007481562664322	-0.9999993698249733	0.14279478307019688	0.13432654201994698	21484933.9	758628.5	4.565	4.573066687266241
-1.2187102270250174	-0.9999993467739083	0.10235743915329934	0.29561119248012485	21484705.0	1244655.1666666667	4.8	4.8001919337540855
-1.2187102270250174	-0.999999344659949	0.13967977238941567	0.29561119248012485	21484705.0	1302488.0833333333	4.8100000000000005	4.8280537961264285
-1.980057918130259	-0.999999382821894	0.10717442985155207	0.1380612408303943	21912116.6	746893.05	4.46	4.485535915757803
-1.980057918130259	-0.9999993835512542	0.14128852386150811	0.1380612408303943	21912116.6	735051.2	4.5	4.578727454579281
-1.852936563421863	-0.9999993497182181	0.10208552056047082	0.15677610669919842	20745614.7	722515.325	4.42	4.439048881146219
-1.852936563421863	-0.9999993236935331	0.12271401018500579	0.15677610669919842	20745614.7	1239715.625	4.445	4.4495983155262495
-1.852936563421863	-0.9999993639046275	0.14351857208740312	0.15677610669919842	20745614.7	538308.8	4.4350000000000005	4.449619256545643
-1.852936563421863	-0.9999993552294424	0.10393112233144185	0.15677610669919842	20745614.7	644454.825	4.46	4.468979446875788
-0.6458421363382896	-0.9999993615735959	0.12308941411697362	0.5242208907059935	21788525.333333332	1099503.1666666667	4.89	4.970298346900995
-2.0335029988961884	-0.9999993921809751	0.11041282769251232	0.13087625783196005	22220919.1	734023.275	4.58	4.585023459163322
-2.0335029988961884	-0.9999993556345684	0.13907531434193393	0.13087625783196005	22220919.1	1653478.025	4.605	4.606712219284905
-2.0335029988961884	-0.999999370852351	0.11987889330243608	0.13087625783196005	22220919.1	1179071.9	4.62	4.62458576560458
