-0.6509572818501419	-0.9999996786181002	0.05207991957892757	0.5215462709360548	41675282.333333336	655845.0833333334	4.8	4.836334165925942
-1.4976498943922072	-0.9999995980558702	0.0755563277839417	0.22365515624556914	33609323.0	736061.3333333334	4.69	4.715402924575342
-1.4976498943922072	-0.9999996098488959	0.06185867122590055	0.22365515624556914	33609323.0	495197.75	4.725	4.781546769114465
-1.4976498943922072	-0.9999996184448722	0.059253999661283765	0.22365515624556914	33609323.0	370944.1666666667	4.795	4.7999149785876645
-1.4976498943922072	-0.9999995954658262	0.08143331940366255	0.22365515624556914	33609323.0	803006.8055555555	4.805	4.830134099110287
-1.6257332149658335	-0.999999536458128	0.07174227149540825	0.19676734953432334	31059798.0	1789624.45	4.9	4.901547374148446
-1.6257332149658335	-0.9999995479210608	0.08197114308636007	0.19676734953432334	31059798.0	1253537.025	4.9	4.932753752778687
-1.7749144475753715	-0.999999577282772	0.09124632433823734	0.16949794983976996	32708042.3	1010799.325	5.09	5.113213335210476
-0.906090176878584	-0.9999996261582361	0.06241008708886966	0.4041011032022343	35944738.75	685321.3125	4.78	4.796937408456205
-0.906090176878584	-0.9999996035725918	0.06122741221046364	0.4041011032022343	35944738.75	1543370.125	4.845000000000001	4.8516412168947936
-1.5654230455151878	-0.999999581378845	0.07865776457838555	0.20899957813437264	32288574.0	741684.175	4.83	4.88189386263504
-1.5654230455151878	-0.9999995857956985	0.06089658148988166	0.20899957813437264	32288574.0	643105.9	4.89	4.9011751250428155
-1.5654230455151878	-0.9999996001735454	0.06650690457470797	0.20899957813437264	32288574.0	404264.075	4.88	4.906547931380852
-1.5654230455151878	-0.9999995785102704	0.08514424104287639	0.20899957813437264	32288574.0	813662.625	4.88	4.896141615697968
-1.6802792228470154	-0.9999994859473591	0.09559651326789603	0.18632194343189515	27367351.7	1287558.875	5.0	5.017179841465853
-1.7296060181460104	-0.9999995433516554	0.0934204928072199	0.17735427057140218	30086735.5	926395.825	5.05	5.2088023265632115
-1.8556315400179666	-0.999999563604714	0.09553777158679863	0.15635416757422424	31699570.4	1018195.1	5.01	5.0605181104304044
-1.8556315400179666	-0.9999995784533874	0.09768827625320363	0.15635416757422424	31699570.4	635930.75	5.075	5.08697776148669
-1.221455452682165	-0.9999996241352885	0.06731596713632466	0.29480078593336395	36018276.166666664	757665.7916666666	4.7	4.716686912721829
