-1.4082615824187423	-0.9999995390894948	0.11130040808910575	0.24456807525526594	29555792.0	824534.125	4.49	4.495304857931708
-1.4082615824187423	-0.9999995329781819	0.11899337928886008	0.24456807525526594	29555792.0	987763.625	4.5200000000000005	4.561299072298972
-1.4082615824187423	-0.9999995584399352	0.11331946721857201	0.24456807525526594	29555792.0	465401.28125	4.575	4.576377599893229
-1.4082615824187423	-0.9999995196008161	0.14652937929094723	0.24456807525526594	29555792.0	1466776.46875	4.57	4.58278322372681
-1.2086794714857032	-0.9999994929365194	0.11391551203780387	0.29859131755228835	29181484.333333332	2668066.5833333335	4.47	4.472723875946376
-1.2086794714857032	-0.9999995543635776	0.12223220880128086	0.29859131755228835	29181484.333333332	444333.2083333333	4.48	4.492436535460398
-1.6157043405027216	-0.9999994965649658	0.11554654455841576	0.1987506330088217	27102941.0	842870.7	4.53	4.561644369970044
-1.999559337196798	-0.999999804384374	0.09422426187613994	0.13539493360377963	75574966.8	2633025.35	4.73	4.837599787224564
-1.8050858176068463	-0.99999944213772	0.10848927552921804	0.1644603423785361	24134388.2	703387.625	4.38	4.389953628888942
-1.910569410339515	-0.9999995996753527	0.10324214222312261	0.1479960920936137	35029968.8	1231026.7	4.43	4.532364708332301
-1.910569410339515	-0.9999995972737361	0.12126010790732793	0.1479960920936137	35029968.8	1339072.425	4.55	4.555726832524392
-1.910569410339515	-0.9999996029088678	0.13925484187491508	0.1479960920936137	35029968.8	1099195.45	4.54	4.571063835615202
-1.910569410339515	-0.9999996054736039	0.11716046787132123	0.1479960920936137	35029968.8	1004747.025	4.565	4.576610221516764
-1.7639955426394858	-0.9999994818242677	0.1047654819502899	0.17135882269970512	25843829.2	654510.95	4.36	4.382045226056321
-1.7639955426394858	-0.9999994786348163	0.11412676542648227	0.17135882269970512	25843829.2	710746.675	4.39	4.423909891819301
-1.072322388412106	-0.9999995180675285	0.11699969804147561	0.3422128427030912	31364572.4	3669645.5	4.46	4.463662199768946
-0.894578089055273	-0.9999995282478524	0.10460865830768797	0.40878003103181226	29197278.0	959221.75	4.5	4.509484635096468
-1.3177925475176682	-0.9999995237841914	0.10365821129259604	0.26772564178512354	28431710.0	758902.3928571428	4.47	4.471689804790654
-1.3177925475176682	-0.9999994935238553	0.11893994874756388	0.26772564178512354	28431710.0	1794043.0357142857	4.47	4.4773135220104905
-1.3177925475176682	-0.999999539914267	0.1181645362778343	0.26772564178512354	28431710.0	479750.78571428574	4.46	4.480411856155601
-1.3177925475176682	-0.9999994991028132	0.15088452686175688	0.26772564178512354	28431710.0	1530894.7142857143	4.485	4.494020327690417
-0.6398508260545309	-0.9999995192578043	0.10333528098275291	0.5273710882015346	29909263.0	1756167.0833333333	4.45	4.454101912697345
-1.8781059506498323	-0.9999995381408772	0.11260507947879743	0.15287939282304167	29756097.5	930171.275	4.33	4.395727272915661
-1.8781059506498323	-0.9999995120075965	0.11759575334632988	0.15287939282304167	29756097.5	2024329.4	4.41	4.411045130963809
-1.8781059506498323	-0.9999995400800257	0.12607433258548478	0.15287939282304167	29756097.5	878018.075	4.385	4.4172729891630125
-1.9708003164935348	-0.9999997556741413	0.09690570833184846	0.1393452912424842	58609264.9	1655739.625	4.5	4.593407991741133
-1.9708003164935348	-0.9999997517247968	0.13575691874692256	0.1393452912424842	58609264.9	2086975.975	4.565	4.708153259972995
-1.9708003164935348	-0.9999997526030776	0.13059746578082698	0.1393452912424842	58609264.9	1982266.125	4.78	4.832004431104318
-1.9708003164935348	-0.9999997613082805	0.10525208242402358	0.1393452912424842	58609264.9	1190097.0	4.825	4.8262607734487695
