-1.8544299264310409	nan	nan	0.15654215778953282	188902775.7	nan	5.84	5.880966883899716
-1.892207063499931	nan	nan	0.15073875143583276	210311256.6	nan	5.88	5.9412816779767645
-1.892207063499931	nan	nan	0.15073875143583276	210311256.6	nan	5.985	6.160172541316593
-1.9936405730290911	nan	nan	0.13619868053315712	303040597.9	nan	6.15	6.4334258762411345
-1.9273078752880477	nan	nan	0.145539481991337	238406939.6	nan	5.96	5.966789209139504
-1.9273078752880477	nan	nan	0.145539481991337	238406939.6	nan	6.025	6.185895089227177
-1.9273078752880477	nan	nan	0.145539481991337	238406939.6	nan	6.09	6.299013981870177
-1.9273078752880477	nan	nan	0.145539481991337	238406939.6	nan	6.390000000000001	6.448850126501909
-1.9620491373947022	nan	nan	0.14057007819120715	274528774.0	nan	6.36	6.407054250533385
-1.9620491373947022	nan	nan	0.14057007819120715	274528774.0	nan	6.33	6.336554475461987
-1.9620491373947022	nan	nan	0.14057007819120715	274528774.0	nan	6.445	6.4645316707817
-1.7147093064282684	nan	nan	0.18001604261432017	127201436.9	nan	6.65	6.658244138673895
