-1.9012729008797897	-0.9999994585394605	0.05926380265729447	0.1493783543155116	23209740.1	286976.3	15.120000000000001	15.384678403773655
-1.9012729008797897	-0.9999994922604611	0.03200359395240878	0.1493783543155116	23209740.1	131202.225	15.465	15.485299926426132
-2.16681576870652	-0.9999993883442593	0.06253241685590168	0.11454176430870468	20361873.4	256389.45	15.44	15.505941562754561
-2.16681576870652	-0.9999993839989526	0.08453438904916041	0.11454176430870468	20361873.4	280108.35	15.540000000000001	15.628146708114734
-2.16681576870652	-0.9999993837176984	0.10680508402286103	0.11454176430870468	20361873.4	281717.1	15.725000000000001	15.848031241375182
-2.16681576870652	-0.9999994085108708	0.09548628590806306	0.11454176430870468	20361873.4	170045.425	15.88	15.892683541669223
-2.16681576870652	-0.9999993595318833	0.10324036423834461	0.11454176430870468	20361873.4	460988.575	15.9	15.985084458544266
-2.16681576870652	-0.9999993841445117	0.11036480930670488	0.11454176430870468	20361873.4	279279.375	15.96	15.97762860656212
-1.8417785708109897	-0.9999994687568288	0.06660157118526953	0.1585352091144181	23974356.0	339833.125	14.98	15.060883932420895
-1.8417785708109897	-0.999999469630414	0.030711388417875723	0.1585352091144181	23974356.0	332789.775	15.094999999999999	15.100690215450236
-2.0500730575630253	-0.9999993352380558	0.06437490679892932	0.12872549887301876	18780581.4	264239.725	15.27	15.350398706172063
-2.0500730575630253	-0.9999993534432771	0.06419757420354939	0.12872549887301876	18780581.4	187719.825	15.31	15.331384062595403
-2.0500730575630253	-0.9999993215126072	0.057444980707840015	0.12872549887301876	18780581.4	341938.025	15.34	15.355126669574133
-2.0500730575630253	-0.9999993728406339	0.07667847246869093	0.12872549887301876	18780581.4	130406.25	15.375	15.39436437212566
-2.0500730575630253	-0.999999372379036	0.07809022208768705	0.12872549887301876	18780581.4	131541.675	15.42	15.45428555326577
-2.2013183196460018	-0.9999994307107476	0.06231001697315272	0.11065718062562689	22180952.1	304788.8	15.92	16.11255789516152
-2.3470985393424644	-0.9999995267831221	0.05378195257120083	0.09564627390759152	26840587.1	328212.25	15.93	15.954819918471618
-2.3470985393424644	-0.9999995327826556	0.06385851581689528	0.09564627390759152	26840587.1	279395.675	15.91	15.931608508210772
-1.510309251450528	-0.9999995485922927	0.05860875271231446	0.22084167179069333	28217282.714285713	340270.4285714286	15.290000000000001	15.324898518634491
-1.6121486348177734	-0.9999995246538326	0.039039456952329576	0.19945858966135152	27067135.625	387029.65625	15.17	15.202207531301502
-1.6121486348177734	-0.9999995957318926	0.017220613268180977	0.19945858966135152	27067135.625	56520.6875	15.280000000000001	15.34307368019259
-0.7464247523585047	-0.9999995376736919	0.11233531676329364	0.47405840273381394	29569658.333333332	865298.5	16.05	16.27404065070847
-0.7464247523585047	-0.999999671937608	0.0027697915662401942	0.47405840273381394	29569658.333333332	16327.916666666666	16.345	16.36540757475775
-1.6990157162304194	-0.9999995097684806	0.06722842350991984	0.18286342500269795	26122568.222222224	364435.02777777775	15.22	15.399834906730543
-2.3210713363034152	-0.9999995217435668	0.050011025162535985	0.09816835792161982	26386946.6	302465.85	16.12	16.211307399908794
-2.2642784554155506	-0.9999994799852066	0.0701686963792159	0.10390497957476322	25994970.2	742492.25	16.27	16.350243298707692
-2.2335733723663904	-0.9999994726259548	0.06852310364770714	0.10714487671268032	24449774.9	397986.825	15.965	16.18367913742702
-0.2655647019613731	-0.9999995361047566	0.11148075764438646	0.766772829574607	29115793.0	734302.625	15.72	15.945876725478083
