-2.158442153722254	-0.9999992959290832	0.015415089269449294	0.11550491986170379	17078716.6	166811.825	17.07	17.08088410940907
-2.158442153722254	-0.9999992862059373	0.08788469655721659	0.11550491986170379	17078716.6	196945.325	17.08	17.08711398598035
-2.158442153722254	nan	nan	0.11550491986170379	17078716.6	nan	17.080000000000002	17.102204682978165
-2.158442153722254	nan	nan	0.11550491986170379	17078716.6	nan	17.15	17.15153128715386
-2.158442153722254	-0.9999992892739455	0.10543060573624993	0.11550491986170379	17078716.6	186891.5	17.160000000000004	17.16365081807458
-1.2483647244817282	-0.9999994021872597	-0.011525188915020117	0.28697369442422566	18473593.4	-62550.75	17.65	17.664409684962443
-1.4038803137960791	-0.9999993185292166	-0.015790432989632678	0.24564194442635018	17470341.333333332	-148081.85	17.47	17.545061712220757
-1.4038803137960791	-0.9999993584673693	0.027371404259756756	0.24564194442635018	17470341.333333332	73701.65	17.585	17.641923795602843
-0.2712173378746803	-0.9999995278315902	-0.008569267512163695	0.7624507689666176	22986595.5	-51716.125	17.77	17.911774251095437
-2.261201767146211	-0.9999990670065338	0.04588582821165643	0.10422515509411384	12819419.4	156440.05	16.93	16.954862014692086
-2.261201767146211	-0.9999990911606166	0.052095954260681344	0.10422515509411384	12819419.4	114781.375	16.945	16.99674885245067
-1.9267049444925528	-0.9999993803371365	-0.012904062544676291	0.145627258685967	18347111.0	-86596.25	16.85	16.927056960800755
-2.195147000059034	-0.9999992819279143	-0.004806261460256746	0.11134219299291298	14351086.3	-29884.075	17.17	17.217813195929324
-2.291182738985753	-0.9999990360873097	0.04627481316669397	0.10114676086296776	12379820.1	152216.5	16.78	16.838491999121338
-2.291182738985753	-0.9999990543520594	0.057295912663447995	0.10114676086296776	12379820.1	121411.775	16.845	16.859794997774507
-2.291182738985753	-0.9999990427747618	0.07146128020102703	0.10114676086296776	12379820.1	140122.05	16.9	16.916945241966886
-2.291182738985753	-0.9999990660853664	0.06656594619864711	0.10114676086296776	12379820.1	104996.85	16.92	16.950195287670557
-2.291182738985753	nan	nan	0.10114676086296776	12379820.1	nan	16.939999999999998	16.941683291855206
-2.291182738985753	-0.9999989834721063	0.09766352583050832	0.10114676086296776	12379820.1	291976.625	16.97	17.011402593466986
-2.346841630426528	-0.9999989167723536	0.05066496419753055	0.0956708494448366	11032612.6	154944.85	16.72	16.753380361057875
-2.2290800045174826	-0.9999991013979319	0.026050614314228154	0.10762740132530499	12897097.1	107941.95	16.84	16.92558657677845
-2.2290800045174826	-0.9999990376846645	0.06204918321368082	0.10762740132530499	12897097.1	245504.425	16.935000000000002	16.94821381001614
-2.119147784207982	-0.9999994628499083	-0.0032811409732752205	0.12013396496099144	18604705.1	-21883.175	17.0	17.07397379117879
-2.119147784207982	-0.9999993592903241	0.052326804591105135	0.12013396496099144	18604705.1	150272.85	17.15	17.173847546459704
-2.119147784207982	nan	nan	0.12013396496099144	18604705.1	nan	17.18	17.216286042732765
-2.119147784207982	-0.9999993464333155	0.08147358328162321	0.12013396496099144	18604705.1	190881.9	17.175	17.191695323307204
-0.7539537915414933	-0.9999993946348315	0.006106272614151171	0.4705026011265461	18654678.666666668	80248.25	17.995	18.101865406035863
-0.7539537915414933	-0.9999993573533428	0.04833582834056463	0.4705026011265461	18654678.666666668	160871.41666666666	17.995	18.101865406035863
-0.7539537915414933	-0.9999993233488172	0.05325660324914236	0.4705026011265461	18654678.666666668	303369.5833333333	18.160000000000004	18.169654665575965
-1.9812090856205116	-0.9999993274370447	0.024972495895025655	0.13790240066164677	19469366.5	486198.675	17.005000000000003	17.009057219493336
-1.5286766691379012	-0.9999994202489968	0.006200346126133364	0.21682240533009844	17954346.85714286	33157.375	17.630000000000003	17.74475848033412
-1.5286766691379012	-0.9999993999916836	0.011001133229428665	0.21682240533009844	17954346.85714286	47702.375	17.8	17.824646833354596
-1.5286766691379012	-0.9999993538348809	0.03960586950267301	0.21682240533009844	17954346.85714286	109257.58333333333	17.875	17.986508865719554
-2.030900177329135	-0.999999460577338	-0.004823607390093799	0.1312173490857308	19243916.9	-32227.45	17.05	17.18395866529553
-2.030900177329135	-0.9999993928224887	0.034921381892514924	0.1312173490857308	19243916.9	118713.125	17.299999999999997	17.3474113363981
-2.030900177329135	-0.9999993389947799	0.04898919504254811	0.1312173490857308	19243916.9	334478.05	17.314999999999998	17.326277277578768
-2.030900177329135	-0.99999937019622	0.07791714271943423	0.1312173490857308	19243916.9	183484.625	17.29	17.31787846153042
-2.030900177329135	nan	nan	0.1312173490857308	19243916.9	nan	17.345	17.376816037103406
-2.030900177329135	-0.9999993588880834	0.08772070114250229	0.1312173490857308	19243916.9	228091.025	17.365000000000002	17.370688202650843
-1.798593633818845	-0.9999994211418352	-0.01774978645097141	0.1655315225339353	20383651.8	-133150.55555555556	16.9	16.95509522679977
-1.798593633818845	-0.9999994708401558	0.012453380244912052	0.1655315225339353	20383651.8	48348.444444444445	16.93	16.960783505840535
-1.798593633818845	-0.9999994424104436	0.029049100727542704	0.1655315225339353	20383651.8	86309.91666666667	16.915	16.933466162593557
-1.798593633818845	-0.9999994111901507	0.07280605599473841	0.1655315225339353	20383651.8	163095.11111111112	17.03	17.080089855419764
-1.798593633818845	-0.9999994237133725	0.03613905198384288	0.1655315225339353	20383651.8	126350.875	17.130000000000003	17.14090220066409
