-1.7262940878365662	-0.9999993981151976	0.03218616450619435	0.17794262931939908	19703047.555555556	141344.83333333334	18.080000000000002	18.09256510430248
-1.7262940878365662	-0.9999993908058289	0.053760282193149586	0.17794262931939908	19703047.555555556	163239.80555555556	18.14	18.216114785633348
-1.2513386185169304	-0.9999994765556033	0.003811353447569271	0.2861215328133296	18699341.4	17818.8	17.725	17.833050620937637
-2.0392078134373643	-0.999999280472949	0.06634419777792376	0.1301317586870962	17849100.0	378097.6	17.63	17.648940576391574
-2.0392078134373643	-0.9999993774523481	0.028316310209396244	0.1301317586870962	17849100.0	66963.325	17.705	17.717660161172162
-2.0392078134373643	-0.9999993557605422	0.05309450965029267	0.1301317586870962	17849100.0	98625.425	17.785	17.795163802554672
-2.2703536152446246	-0.9999994695104241	0.06768810537623361	0.10327565377977688	24958789.7	562629.15	18.36	18.388153938017204
-2.2703536152446246	-0.9999995134359517	0.059659308840946855	0.10327565377977688	24958789.7	187971.275	18.505000000000003	18.51395200976127
-2.2703536152446246	-0.9999994737030032	0.07602215261600509	0.10327565377977688	24958789.7	506730.25	18.64	18.682274919051004
-2.2703536152446246	-0.9999994980617692	0.06866244092296925	0.10327565377977688	24958789.7	275892.65	18.745	18.916932406333622
-2.3013646189959336	-0.9999995423234237	0.06576710061617974	0.10012212190795891	28032170.8	373123.7	18.900000000000002	19.071550970073126
-2.3013646189959336	-0.9999995045525049	0.07730751775365534	0.10012212190795891	28032170.8	1075684.625	19.325000000000003	19.57326946875569
-2.3013646189959336	-0.9999995487952711	0.08736693085040427	0.10012212190795891	28032170.8	311216.725	19.575000000000003	19.92658622770293
-0.7588114923498044	-0.9999994103333054	0.02953556185478303	0.4682225825682515	20013333.333333332	133410.83333333334	18.3	18.408001053315918
-1.9341352526763331	-0.9999993828619853	0.034738376883514596	0.1445492133384111	19093061.9	131012.325	17.86	17.919682331936546
-1.9341352526763331	-0.9999993728915179	0.02938648387239668	0.1445492133384111	19093061.9	158484.925	17.814999999999998	17.830266054032375
-1.9341352526763331	-0.9999994016718233	0.056935877819362275	0.1445492133384111	19093061.9	91482.775	17.814999999999998	17.81768294533645
-1.9341352526763331	-0.9999993501373002	0.0581565188642289	0.1445492133384111	19093061.9	244718.7	17.83	17.846505731527394
-1.9341352526763331	-0.9999993580415568	0.09414112464238245	0.1445492133384111	19093061.9	210438.25	17.82	17.823642672017385
-1.8040693404972041	-0.9999993210376923	0.03496658782093287	0.16462759754312997	19360966.1	511633.725	18.16	18.16749177838163
-1.8040693404972041	-0.999999421305244	0.04663544410929781	0.16462759754312997	19360966.1	73429.125	18.160000000000004	18.166043331114814
-1.8040693404972041	-0.9999994058064374	0.04728579390120533	0.16462759754312997	19360966.1	99126.425	18.19	18.2470670911258
-1.6371680144553666	-0.9999994164035038	0.028798650467907246	0.19453016957519062	20193296.0	131232.9375	17.985	18.123078660698628
-2.1665662156470535	-0.9999993745163839	0.07277282271311851	0.11457035212336453	19758724.3	232990.75	17.66	17.838341579201323
-2.1665662156470535	-0.9999993817154008	0.059788803329313064	0.11457035212336453	19758724.3	202098.4	17.895000000000003	17.992636719288654
-2.1665662156470535	-0.9999994142677967	0.04032552641154485	0.11457035212336453	19758724.3	106224.675	17.965	17.970140420186333
-2.1665662156470535	-0.999999390466474	0.07628419979883422	0.11457035212336453	19758724.3	170007.7	18.075000000000003	18.1438117678852
-2.331293315197353	-0.9999995593532415	0.06001770302862831	0.09716999435767217	29041262.8	361109.15	19.53	19.680544574480177
-1.4071074801468282	-0.9999994090200403	0.01949458673353262	0.24485049476570753	19279658.5	88776.79166666667	17.91	18.04604125370196
-1.4071074801468282	-0.9999994297697218	0.022055517701703546	0.24485049476570753	19279658.5	59505.75	18.130000000000003	18.14551350842642
-1.4071074801468282	-0.9999995183831087	0.005383648705548468	0.24485049476570753	19279658.5	10778.583333333334	18.11	18.125878358149716
-1.4071074801468282	-0.9999993945346927	0.07242532882589148	0.24485049476570753	19279658.5	117378.125	18.18	18.192801865852964
-1.4071074801468282	-0.9999994034451387	0.04641902984327023	0.24485049476570753	19279658.5	98850.5	18.189999999999998	18.19054586996549
-1.4071074801468282	-0.9999994294176893	0.027856317550210046	0.24485049476570753	19279658.5	59911.0	18.145000000000003	18.146299807994055
-0.27336719995648184	-0.9999993795537152	0.026880315822258194	0.7608133656954389	18745112.0	112457.0	18.365000000000002	18.386186890532542
-2.2031815317318957	-0.9999994101158735	0.04945719084320531	0.11045119478653771	20423237.2	170644.475	17.91	17.92462018737411
-2.2031815317318957	-0.9999994086868919	0.05688997356999134	0.11045119478653771	20423237.2	175698.05	17.845	17.882285328461005
-2.2031815317318957	-0.9999994121012583	0.058009330428374715	0.11045119478653771	20423237.2	163863.55	17.92	18.034843597605487
-2.2031815317318957	-0.9999994027142038	0.0920590560393036	0.11045119478653771	20423237.2	198492.075	17.945	17.97102136555391
-2.2031815317318957	-0.9999994328242009	0.05504478656593311	0.11045119478653771	20423237.2	107318.525	18.03	18.060235277350316
-2.2031815317318957	-0.9999994341552676	0.05704798442558474	0.11045119478653771	20423237.2	104440.375	18.06	18.085041976582268
-2.2031815317318957	-0.9999993942041805	0.0781295244653644	0.11045119478653771	20423237.2	236170.075	18.115000000000002	18.135777883403268
