-2.1575545976868957	-0.9999990318758335	0.06942715515094025	0.11560748245873373	13183748.6	349235.85	17.66	17.662920270783893
-2.1575545976868957	-0.999999045882144	0.06344303802336303	0.11560748245873373	13183748.6	290351.2	17.810000000000002	17.81557790997378
-1.3985932946742634	-0.9999992027083218	0.08449357882101347	0.24694409730402558	15748344.5	283798.7083333333	17.26	17.29246960025395
-1.3985932946742634	-0.9999991648034303	0.06998396067990952	0.24694409730402558	15748344.5	515535.4583333333	17.299999999999997	17.328754673353412
-1.3985932946742634	-0.9999992422333799	0.10249672126072293	0.24694409730402558	15748344.5	152293.25	17.400000000000002	17.469874655001185
-1.3985932946742634	-0.9999991658382872	0.09785617968278844	0.24694409730402558	15748344.5	507201.7083333333	17.475	17.477526171564563
-2.074917794802186	-0.9999990875403155	0.08777126896716862	0.12556674930840375	13222895.7	173746.65	17.52	17.64585585925185
-2.074917794802186	-0.9999989883759873	0.07133493000009526	0.12556674930840375	13222895.7	644736.675	17.69	17.71688135599575
-2.074917794802186	-0.9999991022821015	0.09749217725629107	0.12556674930840375	13222895.7	142974.725	17.66	17.672005366726296
-2.074917794802186	-0.9999991321669691	0.0676055300835783	0.12556674930840375	13222895.7	96303.05	17.68	17.683879497247077
-2.074917794802186	-0.9999991236735373	0.06454066677811841	0.12556674930840375	13222895.7	107749.475	17.665	17.781393253785474
-2.074917794802186	-0.9999990799801567	0.0783206296991101	0.12556674930840375	13222895.7	192013.55	17.85	17.905462898207094
-1.9780217820154018	-0.9999990768235489	0.07221671387111578	0.1383426386938679	12870439.3	144593.2	17.41	17.54809128282032
-1.9780217820154018	-0.9999991143637087	0.04749899132475381	0.1383426386938679	12870439.3	89189.35	17.645	17.6936503460901
-1.9780217820154018	-0.9999989790650969	0.07180082372542117	0.1383426386938679	12870439.3	508834.825	17.68	17.680607249646087
-1.9780217820154018	-0.9999990409892956	0.08278949025492291	0.1383426386938679	12870439.3	229322.525	17.655	17.69118089080454
-1.9780217820154018	-0.9999991363020588	0.04369517430936694	0.1383426386938679	12870439.3	67248.975	17.73	17.74712419433728
-1.9228349943388021	-0.999999076596048	0.051115133940398634	0.14619192082054394	12554627.9	108335.025	17.05	17.24720131480314
-1.9228349943388021	-0.9999991275832573	0.033224876815741156	0.14619192082054394	12554627.9	57116.6	17.205	17.295279828598524
-1.9228349943388021	-0.9999990946020171	0.06235999043119862	0.14619192082054394	12554627.9	86415.575	17.33	17.372011877478922
-1.9228349943388021	-0.999999061992101	0.09027142827116773	0.14619192082054394	12554627.9	130135.625	17.395000000000003	17.44447117283964
-1.9228349943388021	-0.999998990210348	0.06676269026232157	0.14619192082054394	12554627.9	320465.6	17.4	17.422543022604263
-2.1178763420051423	-0.9999990684493653	0.08772890825584276	0.1202868054974017	12911034.3	167255.225	17.795	17.80142702747931
-2.1178763420051423	-0.9999991139523623	0.05465608548369275	0.1202868054974017	12911034.3	92946.625	17.86	17.89443480036761
-2.1178763420051423	-0.9999991104545094	0.0683589650146285	0.1202868054974017	12911034.3	97240.45	17.86	17.862768092452555
-2.2294921772758616	-0.9999990527757843	0.07438626886306261	0.10758304938338263	13185385.1	265537.75	17.8	17.80235565272644
-1.524038738294606	-0.9999991512857963	0.08572563189034417	0.2178303482292557	14681226.142857144	257857.2142857143	17.45	17.507535255192312
-0.7509685914039673	-0.9999993348933768	0.1045710403661013	0.47190924406688617	19773965.333333332	514933.6666666667	17.38	17.518510856334668
-1.794259152502516	-0.9999990779255149	0.08251821544976072	0.16625057305537067	13250582.4	202403.6	16.91	16.97931061370374
-1.794259152502516	-0.9999990946066404	0.04504774814319255	0.16625057305537067	13250582.4	162264.525	17.015	17.02873128716423
-1.794259152502516	-0.999999126576197	0.08412931120914774	0.16625057305537067	13250582.4	106230.3	17.185000000000002	17.203045097663953
-0.26736159091706363	-0.9999994294823293	0.12629909719104424	0.7653962610863673	23496643.0	663476.375	16.79	16.971612645821647
-0.26736159091706363	-0.9999994496661138	0.10725013870072228	0.7653962610863673	23496643.0	412914.75	17.11	17.158228053155256
-0.26736159091706363	-0.9999994868530027	0.06160163665524401	0.7653962610863673	23496643.0	172340.25	17.195	17.21259241129216
-0.26736159091706363	-0.9999994642297592	0.119439590919088	0.7653962610863673	23496643.0	293255.25	17.17	17.235819830706816
-0.26736159091706363	-0.9999994600636687	0.1217660114588422	0.7653962610863673	23496643.0	323413.875	17.255000000000003	17.332658131358134
-0.26736159091706363	-0.9999994869071804	0.07306473186901911	0.7653962610863673	23496643.0	172121.0	17.35	17.363511657874604
-0.26736159091706363	-0.9999994678599342	0.10792258291023875	0.7653962610863673	23496643.0	269278.5	17.369999999999997	17.391396628323218
-2.028746497686721	-0.9999990677854281	0.07671789843505032	0.13150025375284877	12834825.4	157126.25	17.75	17.81401580588734
