-2.1085619506071724	-0.9999993036623841	-0.023722437705451956	0.1214124380367234	15973408.8	-67701.975	15.68	15.694690557398182
-2.1827098088083483	-0.9999996063382391	0.00011600414157209115	0.11273562436596052	14805868.7	338.85	15.8	15.82560112009041
-2.1827098088083483	-0.9999990922399284	0.09523895846753615	0.11273562436596052	14805868.7	687058.675	15.85	15.91080071063226
-2.1827098088083483	-0.9999991717154251	0.12773227928034248	0.11273562436596052	14805868.7	211814.875	15.905000000000001	15.991504305296885
-2.1827098088083483	-0.9999991676567133	0.08286284676442354	0.11273562436596052	14805868.7	224933.7	16.025	16.029833344875595
-2.1827098088083483	-0.9999991809356864	0.08633484229912806	0.11273562436596052	14805868.7	184785.925	16.095	16.11580190465414
-2.021249310609202	-0.9999992167906628	0.012122087129453849	0.13248984067993055	12965733.1	25715.375	16.34	16.38621080400161
-2.021249310609202	-0.9999990969799093	0.06933799298440282	0.13248984067993055	12965733.1	121577.75	16.41	16.419592923828034
-2.021249310609202	-0.9999990661765881	0.10067456043017953	0.13248984067993055	12965733.1	181262.15	16.39	16.403036158618193
-2.021249310609202	-0.9999990702524754	0.12237601106206296	0.13248984067993055	12965733.1	171931.675	16.435000000000002	16.44981479261667
-0.752119964219698	-0.9999990252321154	0.1292909839292265	0.4713662132672155	13871896.333333334	745550.1666666666	17.21	17.268189719447545
-1.040097448706917	-0.9999988904151592	0.12441971033212179	0.35342023993526206	12252012.25	801825.125	17.03	17.040058295964126
-0.2687810480732007	-0.9999991070290393	0.13959317466914986	0.764310584604204	15464028.0	993438.0	17.18	17.227218956169985
-0.2687810480732007	-0.9999992091695569	0.0754995119112464	0.764310584604204	15464028.0	204724.25	17.35	17.355683628947908
-2.2165804125939346	-0.9999993279537209	0.007287428440564615	0.1089811429046725	14841242.7	21460.2	16.1	16.17195256861937
-2.2165804125939346	-0.9999991401611226	0.08867684375392063	0.1089811429046725	14841242.7	348388.875	16.225	16.232357752021368
-2.2786238137968575	-0.9999990907730822	0.051635867953622246	0.10242506573150498	14246972.2	422408.55	16.259999999999998	16.266154107582572
-1.8568418652194043	-0.9999990139470737	0.07136229232431386	0.15616504265927197	13022548.3	377346.525	16.46	16.465782568501243
-1.8568418652194043	-0.9999990199267493	0.0875849473919057	0.15616504265927197	13022548.3	349077.2	16.45	16.452313403218703
-1.8568418652194043	-0.9999991030546268	0.08613328552847196	0.15616504265927197	13022548.3	118244.05	16.45	16.468282764251597
-1.7128971618937756	-0.9999990147141491	0.0693642565049836	0.18034255345513095	12672484.111111112	264610.84375	16.295	16.384701203637665
-2.248595502549833	-0.9999992900178171	0.008521647650479792	0.10554736150864161	14366538.8	26901.825	16.310000000000002	16.32039849513631
-1.7890657282196667	-0.9999989876782256	0.07708244071946416	0.16711622873143872	12924599.5	481110.1	16.36	16.40457631704709
-1.7890657282196667	-0.9999991009125324	0.08108913921136113	0.16711622873143872	12924599.5	111339.175	16.505000000000003	16.51631491743679
-1.7890657282196667	-0.9999990085316841	0.09053966654066413	0.16711622873143872	12924599.5	367444.725	16.52	16.522556409463004
-1.9172207345568153	-0.9999989812331588	0.06402999301285071	0.14701498853813313	12051108.3	214757.525	16.34	16.34753014481322
-2.1467595562530084	-0.9999993869140733	-0.003261098102189854	0.1168622303648315	14881433.0	-9168.125	15.620000000000001	15.731579370681168
-2.1467595562530084	-0.9999991996875404	0.06121089930341624	0.1168622303648315	14881433.0	148715.375	15.754999999999999	15.762878735829611
-2.1467595562530084	-0.9999991388177126	0.10608541268809112	0.1168622303648315	14881433.0	367921.1	15.754999999999999	15.755007968319893
-2.1467595562530084	-0.999999180063934	0.13311314353180984	0.1168622303648315	14881433.0	199151.0	15.754999999999999	15.808578539669911
-2.1467595562530084	-0.9999991338908628	0.08067491280750995	0.1168622303648315	14881433.0	395910.15	15.844999999999999	15.879976738955325
