-1.5130341186578193	-0.9999993601200996	0.07104320873062968	0.22024072668086891	19511435.0	264334.6785714286	16.2	16.24305320596262
-1.5130341186578193	-0.9999993634268199	0.113142868920119	0.22024072668086891	19511435.0	247818.57142857142	16.25	16.3081903039854
-1.5130341186578193	-0.9999993575682826	0.10824521354630431	0.22024072668086891	19511435.0	277829.0	16.33	16.382175508756635
-1.5130341186578193	-0.9999993772731286	0.09658405296139634	0.22024072668086891	19511435.0	189148.85714285713	16.384999999999998	16.428880408283494
-1.5130341186578193	-0.9999993967658435	0.08332569265509887	0.22024072668086891	19511435.0	129308.5	16.46	16.468661477699925
-1.5130341186578193	-0.9999993520389149	0.12496717700558302	0.22024072668086891	19511435.0	309479.5714285714	16.5	16.50923761107243
-1.5130341186578193	-0.9999993373106074	0.12885718222883816	0.22024072668086891	19511435.0	412511.1785714286	16.55	16.6172823070184
-1.3893413783262487	-0.9999991823498245	0.07086100667366108	0.24923940505981207	16114415.833333334	527525.7916666666	16.19	16.200162894429464
-0.26548943297585775	-0.9999992543729722	0.09183420256974156	0.7668305459597095	17895522.0	623674.125	16.2	16.2253898105555
-0.7460014644287241	-0.9999993009332092	0.07573636861793494	0.4742591084088504	18536925.333333332	424448.75	16.1	16.136837492639923
-0.7460014644287241	-0.9999993463861023	0.08000842529561494	0.4742591084088504	18536925.333333332	182770.5	16.105	16.120139119533892
-0.7460014644287241	-0.9999992910121669	0.07745916540962337	0.4742591084088504	18536925.333333332	510146.1666666667	16.130000000000003	16.14728525634217
-0.7460014644287241	-0.9999993572982033	0.11890064066998779	0.4742591084088504	18536925.333333332	149299.33333333334	16.13	16.155627044887982
-0.7460014644287241	-0.9999993834380221	0.06098489369885542	0.4742591084088504	18536925.333333332	91964.0	16.175	16.188870277476738
-0.7460014644287241	-0.9999993301143347	0.11898430310249737	0.4742591084088504	18536925.333333332	247116.83333333334	16.19	16.2315336582155
-0.7460014644287241	-0.9999993189334672	0.12910372149260566	0.4742591084088504	18536925.333333332	304028.3333333333	16.245	16.279525209730146
-1.6169977269233615	-0.9999993631469041	0.0893923167527709	0.19849373780718943	20267971.125	403413.625	16.63	16.762697228847777
-2.14447638355749	-0.9999994759186278	0.0534437621315486	0.11712935184453298	23647685.9	241182.1	17.265	17.344821126301834
-1.9669437776066299	-0.9999993744712955	0.05696317098878816	0.1398837193439918	19428892.8	189723.85	16.18	16.271272862516675
-1.9669437776066299	-0.9999994039379378	0.04385025880184605	0.1398837193439918	19428892.8	107024.875	16.305	16.333751490420973
-1.9669437776066299	-0.9999993702815626	0.09326987419199852	0.1398837193439918	19428892.8	205813.8	16.35	16.37562064712155
-1.9669437776066299	-0.9999993533865624	0.08681322146365363	0.1398837193439918	19428892.8	285780.6	16.345	16.372213878549676
-1.9669437776066299	-0.9999993588661716	0.10023935487641668	0.1398837193439918	19428892.8	256919.1	16.395	16.41612307051409
-1.9669437776066299	-0.9999993465568543	0.08584433040496059	0.1398837193439918	19428892.8	326333.05	16.415	16.421832785228823
-1.0328581870229134	-0.9999992212790947	0.07287840344421226	0.35598802475557884	17404426.75	769264.125	16.25	16.252475550139625
-1.0328581870229134	-0.9999993085803555	0.11711760834462122	0.35598802475557884	17404426.75	168342.625	16.32	16.32423877570579
-2.1044946719027555	-0.9999994847466239	0.06115458229643778	0.12190726187147857	23938160.1	227342.6	16.445	16.58476302141342
-2.1044946719027555	-0.9999994815591399	0.0652514335487723	0.12190726187147857	23938160.1	245368.45	16.615000000000002	16.80506774971109
-2.1044946719027555	-0.9999994778789787	0.09567723414452539	0.12190726187147857	23938160.1	267965.325	16.86	16.99654352564662
-2.1044946719027555	-0.9999994453975513	0.12387910925822512	0.12190726187147857	23938160.1	583127.125	17.11	17.192564904529057
