-1.7263981436056746	-0.9999993624114415	0.018320553655634564	0.17792411432556082	16954762.777777776	49520.52777777778	17.48	17.502382150343074
-2.079637123950802	-0.9999994387567401	0.050246406162977354	0.1249755546067499	23035217.1	411826.7	17.2	17.22429092941086
-2.033924013746298	-0.999999454202308	0.047653643444035325	0.13082116858139595	22364423.9	200074.675	16.88	17.113543216784976
-2.033924013746298	-0.9999994647384013	0.04144390123170655	0.13082116858139595	22364423.9	158072.8	17.23	17.287063477291184
-2.033924013746298	-0.9999994465431491	0.07129178724320151	0.13082116858139595	22364423.9	237456.425	17.345	17.382265377633384
-2.033924013746298	-0.9999995000818553	0.032977398460560824	0.13082116858139595	22364423.9	71708.7	17.314999999999998	17.325099077023523
-2.1217908692086853	-0.999999461323582	0.05260392242136347	0.11981685993250543	22933725.7	231851.625	17.2	17.327159685452347
-2.231801883805452	-0.9999994598614462	0.06501778339151315	0.10733485085496912	23363127.1	302344.5	17.45	17.593380232713947
-2.231801883805452	-0.9999994705504704	0.06522170184672642	0.10733485085496912	23363127.1	235529.725	17.535	17.56542654969042
-2.1611336039054163	-0.9999994629970539	0.05278484556370592	0.11519446210219317	22987446.5	229652.4	17.330000000000002	17.34700169314032
-2.1611336039054163	-0.9999994774441162	0.04197622254188431	0.11519446210219317	22987446.5	164755.75	17.35	17.364946260375035
-2.1611336039054163	-0.999999456531117	0.07437333215729823	0.11519446210219317	22987446.5	266454.325	17.380000000000003	17.421805627722087
-2.197597092408228	-0.9999994491776556	0.05859540201962855	0.11106972825590175	22549287.9	247867.0	17.1	17.27803160065923
-2.197597092408228	-0.9999994568657735	0.05971124803935897	0.11106972825590175	22549287.9	208414.725	17.265	17.267981819525392
-2.197597092408228	-0.9999994422005853	0.08517494330744856	0.11106972825590175	22549287.9	290098.6	17.245	17.327960761587192
-2.197597092408228	-0.9999994859980558	0.04707345526772345	0.11106972825590175	22549287.9	108052.075	17.45	17.46253623522648
-1.9303767219536978	-0.9999993940804313	0.04385484213226654	0.14509352826909688	21851287.1	562485.525	16.61	16.626195067654933
-1.9303767219536978	-0.9999994095727346	0.06110556656497556	0.14509352826909688	21851287.1	400950.475	16.875	16.8878473686078
-1.9303767219536978	-0.999999439274937	0.0823294533414873	0.14509352826909688	21851287.1	209516.875	16.93	16.941015687173927
