-1.9673905174551385	-0.9999988916220377	0.12186886059607968	0.13982124166907584	12555151.5	1105548.7	6.15	6.153827582823191
-1.9673905174551385	-0.9999989462990972	0.14015040889689365	0.13982124166907584	12555151.5	556472.3	6.155	6.160895375585252
-0.9271068774873903	-0.999999157970706	0.11929188050198263	0.39569685542549765	16295030.75	909720.0	6.34	6.370194281727869
-1.6043337756750915	-0.9999991251591708	0.1024451822721752	0.20102343701113742	15378667.6	696543.05	6.1899999999999995	6.215920820085047
-1.665656049615191	-0.9999991743470871	0.10209671418732702	0.18906658022864667	16425622.6	775964.35	6.23	6.265392329926789
-1.4554503519298314	-0.9999991546245016	0.09960969827889123	0.23329527526205698	15948386.375	716672.09375	6.19	6.213171132106515
-1.8586204191762812	-0.9999990757376064	0.10358667510194974	0.15588754155322018	14446342.1	629202.95	6.24	6.252947121752211
-2.0831842304657946	-0.9999986671398072	0.11250742422946396	0.1245330382930162	9822132.3	484817.15	6.11	6.1827923433794965
-0.6646876481202669	-0.9999990414655303	0.13549585885711363	0.5144341870995336	15164453.0	2054720.5833333333	6.28	6.29158751521006
-0.21761417145228656	-0.9999989116992564	0.11678407977077068	0.8044357560781271	12376076.5	707074.875	6.24	6.278020679809852
-1.770875431097433	-0.9999991347876881	0.10552925249939613	0.17018393928089517	15647224.8	757796.55	6.2700000000000005	6.29174566083161
-1.770875431097433	-0.999999159702999	0.1003791183503078	0.17018393928089517	15647224.8	513145.2	6.29	6.293615977507143
-1.770875431097433	-0.9999991971954436	0.12627414569273773	0.17018393928089517	15647224.8	285403.675	6.29	6.29659785754321
