-1.462863886267608	-0.9999991212141465	0.1002228391290112	0.23157212792611084	15131659.75	595696.65625	6.48	6.486221753287245
-1.8656557452200013	-0.9999992670835253	0.08390746682599831	0.15479467073122458	18611423.5	839546.975	6.49	6.518761415316388
-1.9044927081544893	-0.999999265028877	0.08664574508221737	0.14889815828779115	18613583.3	873658.7	6.46	6.534830709705778
-2.0062220165043536	-0.9999992774145233	0.07511639603492458	0.13449583909648954	18838546.7	816236.175	6.390000000000001	6.413503584095297
-2.0062220165043536	-0.9999993201333509	0.08361571286434279	0.13449583909648954	18838546.7	365016.15	6.41	6.411312369958671
-2.0062220165043536	-0.9999993438108953	0.10496797888217138	0.13449583909648954	18838546.7	233665.25	6.4	6.401991083136354
-0.2193768597160322	-0.999999187144635	0.09870816319803133	0.8030190355970541	16410816.5	621330.625	6.55	6.574440426294376
-0.2193768597160322	-0.999999180876893	0.09824028638856842	0.8030190355970541	16410816.5	688642.5	6.605	6.629249740194933
-1.940787712935793	-0.9999992642248343	0.09033744959255527	0.14359079688938628	18646740.8	908734.0	6.48	6.487202067290798
-0.6683243759629705	-0.9999992617563617	0.10061413937144979	0.5125667277469996	19020953.666666668	1254311.3333333333	6.62	6.621216932983116
-0.6683243759629705	-0.999999279448547	0.11628273146060003	0.5125667277469996	19020953.666666668	895891.5833333334	6.615	6.6438781517488845
-0.6683243759629705	-0.9999993006358484	0.16919647394574577	0.5125667277469996	19020953.666666668	598733.25	6.675	6.693598318548965
