-1.6428671635431984	-0.9999989158064998	0.07984891060740937	0.1934246663428244	11619964.8	296050.975	3.285	3.3296109633112665
-1.6428671635431984	-0.9999988871417979	0.14262817574546366	0.1934246663428244	11619964.8	413069.325	3.4050000000000002	3.414963605271416
-1.1933047509260053	-0.999998336303423	0.07872634077212359	0.3032175479918797	7933507.5	539796.4583333334	3.23	3.244347593406084
-1.1933047509260053	-0.9999984223907952	0.11954201696269197	0.3032175479918797	7933507.5	272657.25	3.27	3.3142737453111737
-1.9121818236428498	-0.999998942759932	0.1153975518075951	0.14775765350831307	12706609.5	682784.95	3.35	3.353632078519066
-1.9121818236428498	-0.9999989928379923	0.14748765968090063	0.14775765350831307	12706609.5	361353.35	3.34	3.363196820471326
-1.9121818236428498	-0.999999095841236	0.09480236706366028	0.14775765350831307	12706609.5	97614.575	3.36	3.3623865950305856
-1.7356586467036303	-0.9999989819028613	0.09780464653875597	0.1762840531300714	13191428.6	680208.225	3.3200000000000003	3.3228437376859983
-1.4656958956667807	-0.9999986266168689	0.07023637092783518	0.2309172412435555	9054600.666666666	251558.75	3.17	3.178454127053582
-1.4656958956667807	-0.9999986012781524	0.13132646757308464	0.2309172412435555	9054600.666666666	316432.30555555556	3.185	3.217017524340912
-1.8815544468912482	-0.9999989889126916	0.1136753365930689	0.15235309679799838	13252837.1	659854.0	3.3000000000000003	3.306735951227999
-1.8815544468912482	-0.9999990289818901	0.15389746131559598	0.15235309679799838	13252837.1	387992.875	3.3150000000000004	3.3271132037401574
-1.8136644803249269	-0.9999990585503848	0.09731578984256956	0.16305552690525854	13600631.3	363780.65	3.33	3.374294344168051
-1.8136644803249269	-0.9999990520474388	0.1496580676008724	0.16305552690525854	13600631.3	397420.725	3.34	3.3454946199236377
-1.8136644803249269	-0.999999160111274	0.0879553772164231	0.16305552690525854	13600631.3	91400.475	3.3449999999999998	3.3452119406031535
