-1.7229450163470998	-0.9999996157338039	0.1036344882311133	0.178539570948153	37454089.9	1780384.825	6.6000000000000005	6.651128968258816
-0.6615485754663109	-0.9999994508620031	0.129604881317133	0.5160515706025693	25605929.0	1278486.8333333333	6.13	6.200741875433384
-2.03559964067695	-0.9999996042555861	0.07707237344478836	0.13060214466065828	35254612.9	1146031.025	6.9	6.944397161141357
-1.6057040674923586	-0.9999995767216143	0.10041228965084054	0.20074816488496636	33693778.5	1562577.925	6.53	6.534140884044852
-1.6057040674923586	-0.9999995821041044	0.11555786518615146	0.20074816488496636	33693778.5	1303405.45	6.54	6.558434104205125
-1.9022767820110849	-0.9999995432013821	0.07241017758701208	0.1492284714490685	30148444.7	957199.225	6.49	6.526636985771717
-1.9022767820110849	-0.9999995405502256	0.10676555028672936	0.1492284714490685	30148444.7	1036847.225	6.54	6.548490098178905
-1.6676579020399376	-0.9999995943647633	0.09804031763870591	0.18868847541786207	35159044.5	1562420.375	6.46	6.515444791910542
-1.6676579020399376	-0.9999995972094181	0.11855824443297143	0.18868847541786207	35159044.5	1413714.625	6.49	6.55887561230376
-1.105135184522764	-0.9999995537618765	0.13591773512732414	0.33116611068321	32315418.0	1830996.55	6.23	6.413388774196394
-1.105135184522764	-0.9999995590750289	0.13116295039197445	0.33116611068321	32315418.0	1542128.4	6.51	6.576285648794136
-1.2462511290505325	-0.9999995920618941	0.12624810121476251	0.2875808821622083	35652432.666666664	2071918.125	6.565	6.656636455468557
-1.2462511290505325	-0.9999996022569954	0.12051091395163387	0.2875808821622083	35652432.666666664	1440506.0	6.6	6.621828381145402
-1.8204182664226523	-0.9999996150664339	0.09149427603354632	0.1619579951736276	37100276.5	1593018.35	6.61	6.658542669490914
-1.8204182664226523	-0.9999996200821307	0.11378350959811066	0.1619579951736276	37100276.5	1322530.15	6.6450000000000005	6.651663435048027
-1.8204182664226523	-0.9999996494035384	0.09954840276020421	0.1619579951736276	37100276.5	445620.7	6.68	6.688933308632729
-1.3600772455773678	-0.9999995898041211	0.12131403666177351	0.2566409518093646	35312205.85714286	1953085.142857143	6.545	6.555809377006523
-1.3600772455773678	-0.9999995993727699	0.1169400191285125	0.2566409518093646	35312205.85714286	1393083.9285714286	6.57	6.611747780664263
-1.3600772455773678	-0.9999996270940067	0.13175065173944978	0.2566409518093646	35312205.85714286	523415.71428571426	6.555	6.573679855373154
-2.0048114443052745	-0.9999995934466074	0.07305492926780992	0.1346856890550687	34096807.8	1047767.15	6.8	6.8476022738164755
-2.0048114443052745	-0.9999995885206893	0.10485071667807874	0.1346856890550687	34096807.8	1239390.35	6.915	6.94418828647499
-1.5351661038436417	-0.9999995866517825	0.10433266415565005	0.2154199061234034	34675910.333333336	1678187.888888889	6.55	6.567254830415787
-1.5351661038436417	-0.9999995931719865	0.11461414889635765	0.2154199061234034	34675910.333333336	1338594.8055555555	6.5	6.525130530382006
-1.5351661038436417	-0.999999620656828	0.13865984837842266	0.2154199061234034	34675910.333333336	516106.22222222225	6.5200000000000005	6.546445573431179
