-1.9518884304776565	-0.999999193543916	0.0953546792644851	0.1420056504206742	17786190.6	1695996.5	6.48	6.480133307853532
-1.2672904115432555	-0.9999990627279179	0.1025483331711285	0.28159359174536247	14510819.166666666	806601.0416666666	7.1000000000000005	7.102808636248055
-1.878507922568723	-0.999999246230239	0.0898778163694457	0.15281795194972986	17665329.4	606578.525	6.325	6.370870120719518
-1.878507922568723	-0.9999992512316795	0.08557510727378144	0.15281795194972986	17665329.4	555285.25	6.390000000000001	6.393323769429905
-1.878507922568723	-0.9999992888131691	0.10976755117200047	0.15281795194972986	17665329.4	285885.35	6.385	6.394548506764417
-1.7432734501875544	-0.999999187492502	0.08793313048708415	0.17494678269573916	16343616.0	584965.9	6.5600000000000005	6.569067944982243
-1.7432734501875544	-0.9999991891175845	0.10083068680309532	0.17494678269573916	16343616.0	569633.85	6.485	6.508219309440989
-1.7432734501875544	-0.9999992307522215	0.11005779723336219	0.17494678269573916	16343616.0	288452.825	6.535	6.545486677960881
-0.22444855202268169	-0.999998969455694	0.09823529171736735	0.7989566803477319	12789311.0	529638.375	7.11	7.1386016697187005
-1.9163570015264655	-0.9999992442598016	0.09534933272281192	0.14714202509462715	17720274.8	654693.5	6.41	6.45172473905206
