-1.3608358929926931	-0.9999993352549388	0.11278358737714175	0.2564463256502588	20968125.85714286	1130824.107142857	6.18	6.194456859154516
-2.0021268966381474	-0.9999997158503229	0.07986870459284423	0.13504774496815677	50398626.7	1657387.125	6.6000000000000005	6.608814093822396
-2.060846912266895	-0.9999997077961827	0.08096285626053812	0.12734607326019323	49196205.4	1750336.2	6.47	6.530407201222155
-2.060846912266895	-0.9999997131300074	0.09043414189127634	0.12734607326019323	49196205.4	1346358.825	6.5	6.531247156232442
-1.2489184292166657	-0.9999993714438542	0.1112128913003457	0.28681483971418154	22278125.666666668	1206280.2083333333	6.2	6.22041712435821
-1.2489184292166657	-0.9999993995031348	0.10025030421525534	0.28681483971418154	22278125.666666668	645604.9583333334	6.165	6.1689467352753224
-1.2489184292166657	-0.999999427179312	0.13846995139854187	0.28681483971418154	22278125.666666668	348491.25	6.18	6.186120619331272
-1.719905054059454	-0.9999994171050567	0.10171358388438693	0.17908315032246877	23845049.1	1087245.1	6.3100000000000005	6.414025994419306
-1.8574512823167675	-0.999999585382628	0.09903071747939116	0.15606990200538004	34090508.9	1375759.475	6.3100000000000005	6.443799467864298
-1.8574512823167675	-0.9999995843128757	0.11616167432103733	0.15606990200538004	34090508.9	1426857.325	6.59	6.693947245801934
-1.8574512823167675	-0.9999996059260703	0.13540955864858434	0.15606990200538004	34090508.9	682951.65	6.78	6.8072246941791645
-1.602543411803488	-0.9999993669557499	0.11634174022752754	0.20138366448301045	21911187.6	1056794.025	6.24	6.2692479224541815
-1.602543411803488	-0.9999993732675992	0.11387635692233586	0.20138366448301045	21911187.6	920295.525	6.2700000000000005	6.344742994650538
-2.113577501298816	-0.9999996971488899	0.07101497942408332	0.12080501235964505	46761162.5	1413626.95	6.390000000000001	6.393430025412176
-2.032493048288294	-0.9999997069825197	0.08086639924389132	0.13100850315749893	49054893.2	1747926.225	6.405	6.516106508568877
-1.8972919930911822	-0.9999996530169362	0.08187589305207703	0.1499742009880893	40752282.2	1383809.85	6.785	6.791439291375062
-1.8972919930911822	-0.9999996477675608	0.11842776667926846	0.1499742009880893	40752282.2	1713888.25	6.815	6.864200189321005
-1.8972919930911822	-0.9999996640496971	0.14203403816743765	0.1499742009880893	40752282.2	882699.775	6.880000000000001	6.885249984366377
-1.4540724556840323	-0.9999992928785614	0.11623583163268053	0.23361695351473677	19645632.0	1079325.25	6.16	6.163053467140421
-0.6643838951652723	-0.9999994337039151	0.13953381260308234	0.5145904717387741	25384015.0	1749547.5	6.23	6.281775446149069
-0.21756162075321228	-0.9999993435091807	0.12750131563257094	0.804478030850244	21334636.5	1209832.125	6.22	6.243367097514268
-1.5333632738966239	-0.9999992424445984	0.11406424959781189	0.21580862187025762	19277049.333333332	2198822.1666666665	6.16	6.191833207295171
