0.0	-0.999998835702513	0.12810029219846303	1.0	11620252.0	751201.25	6.640000000000001	6.642572847114637
-1.6748165454878752	-0.9999987857523489	0.12155968241953044	0.1873425451648143	10968738.0	608506.4	6.51	6.545627658470246
-1.6748165454878752	-0.9999987723592727	0.1444425375782661	0.1873425451648143	10968738.0	704799.1	6.535	6.539773623155254
-1.9757965865805975	-0.999999272339459	0.10794558928597675	0.1386508208575365	18962128.4	982633.6	6.68	6.758169710928995
-0.9325180560415084	-0.9999989010672022	0.13822374945061952	0.39356145182311003	12482154.25	906229.25	6.62	6.6715715174077275
-0.9325180560415084	-0.999998986678163	0.11377186074002842	0.39356145182311003	12482154.25	311276.3125	6.65	6.660829025032752
-0.9325180560415084	-0.9999989884108375	0.13148765767226958	0.39356145182311003	12482154.25	304616.4375	6.665	6.672114865496427
-1.9422191583259543	-0.9999990345670294	0.12744217591220336	0.14338540154628973	13935960.3	696786.35	6.38	6.448525126794745
-1.9422191583259543	-0.9999990435157745	0.1242001700545074	0.14338540154628973	13935960.3	615090.425	6.505	6.532945973388168
-1.7802737216556548	-0.9999988145195242	0.12693793837730546	0.16859199367262614	11269121.9	633694.6	6.51	6.5112298465623795
