-1.8216756812868142	-0.9999997704201299	0.015445200073115523	0.16175447476473548	55241312.7	321994.675	10.57	10.584075555794584
-2.0799783921599033	-0.999999785827279	0.05311422749912843	0.12493291169979594	63557124.5	816025.65	10.715	10.767421237062464
-2.0799783921599033	-0.9999998053072038	0.03019620088129152	0.12493291169979594	63557124.5	236596.175	10.77	10.805675384874684
-1.7641768197820618	-0.9999998142790398	0.01135090581162252	0.17132776207734643	64193719.8	150559.35	10.34	10.37378475892418
-1.7641768197820618	-0.9999998081589866	0.028502272396895168	0.17132776207734643	64193719.8	223012.65	10.355	10.4307760215361
-1.7641768197820618	-0.9999997904982308	0.08353068054972701	0.17132776207734643	64193719.8	692938.425	10.44	10.51212182547107
-1.7004986645104985	-0.999999815228239	0.01672216140686778	0.18259244897247917	66608914.0	221337.025	10.28	10.434511535885093
-1.9653341849757922	-0.9999997554058984	0.054827493131813676	0.14010905644964433	55131836.1	718499.675	10.66	10.710411315079682
-1.9653341849757922	-0.9999997324443044	0.059962327263674293	0.14010905644964433	55131836.1	2548043.5	10.795	10.86972353182444
-1.4460858910699161	-0.9999998479853144	0.007764420047003619	0.23549022093737065	76590793.0	113881.82142857143	10.81	10.84357444359442
-1.921801327964511	-0.9999997279506135	0.048307377278441206	0.1463431126207673	48793706.4	582041.0	10.56	10.660641746990562
-1.5440450618436363	-0.9999998374593941	0.008242789784817363	0.21351566815919965	71799172.0	117040.15625	10.44	10.567780857168962
-2.00622732326346	-0.9999997829849538	0.04446292583457351	0.13449512536136438	62206775.1	729274.0	10.955	11.082333115913862
-2.00622732326346	-0.9999998081672391	0.01982972566125568	0.13449512536136438	62206775.1	152251.775	11.04	11.086471038439633
-2.226337473899769	-0.9999997897216713	0.026153414131001827	0.1079229778973797	61013433.5	373174.025	10.38	10.420272989614357
-2.226337473899769	-0.9999997893610402	0.04777040861107303	0.1079229778973797	61013433.5	381476.125	10.375	10.413429270474337
-2.226337473899769	-0.9999997934397681	0.05097332173589126	0.1079229778973797	61013433.5	297433.4	10.455000000000002	10.500038330027621
-2.1728662759416992	-0.9999997740826935	0.040775068426634246	0.11385082092187863	62328999.7	1304328.575	10.57	10.575520498251953
-1.3276600662584603	-0.9999998576738878	0.006411812802581764	0.26509684517731963	79790633.5	85500.625	10.39	10.462258933174299
-1.3276600662584603	-0.9999998405251689	0.03185338638320746	0.26509684517731963	79790633.5	335908.75	10.61	10.651776244697372
-2.143687867744748	-0.999999765871866	0.04944808333966963	0.1172217466131794	62265971.5	2144067.425	10.47	10.495547741596484
-2.143687867744748	-0.999999793597174	0.08209606525035451	0.1172217466131794	62265971.5	381501.425	10.530000000000001	10.539491837602492
-2.143687867744748	-0.999999797925246	0.05158536834732046	0.1172217466131794	62265971.5	291378.225	10.540000000000001	10.588500254645592
-1.8740021045294755	-0.9999997476440424	0.031094674711604858	0.15350807545221296	51204234.3	409090.275	10.6	10.733238017643195
-0.24375108418937713	-0.9999998748563972	0.05360746172132404	0.7836826809965589	111946835.5	1213997.875	10.5	10.535792132867929
-0.24375108418937713	-0.9999998679270237	0.13772873499570584	0.7836826809965589	111946835.5	2636997.125	10.51	10.836209817848282
-0.24375108418937713	-0.9999998723648532	0.1102555005816342	0.7836826809965589	111946835.5	1604544.0	10.91	11.10378929978041
-0.24375108418937713	-0.9999998843210947	0.03027152329076761	0.7836826809965589	111946835.5	420788.25	11.15	11.177231563540394
-0.24375108418937713	-0.9999998925427727	0.012068857270891437	0.7836826809965589	111946835.5	167626.0	11.08	11.093867480966665
