-2.1178103698698503	-0.9999996218398057	0.028132625837512058	0.12029474133657705	33106580.1	273645.05	8.48	8.556350018072303
-2.144957756046987	-0.9999996292180876	0.026633983704264324	0.11707298256524097	33589312.2	256351.675	8.46	8.466884748186997
-2.144957756046987	-0.9999996360350896	0.039636373674611126	0.11707298256524097	33589312.2	203888.0	8.42	8.475212450100628
-2.144957756046987	-0.9999996190574921	0.10104214963756798	0.11707298256524097	33589312.2	360625.05	8.515	8.59649350103894
-2.144957756046987	-0.9999996477012302	0.04927569117518736	0.11707298256524097	33589312.2	137787.25	8.61	8.62884385807241
-2.144957756046987	-0.999999639641658	0.06286582944822994	0.11707298256524097	33589312.2	180625.9	8.64	8.69084707854445
-1.5229665537308308	-0.9999995523989574	0.06199179201282289	0.21806402781758644	28451782.5	339437.3125	9.4	9.490126821057519
-1.5229665537308308	-0.9999995499684415	0.0758424421455708	0.21806402781758644	28451782.5	363740.96875	9.540000000000001	9.63900132431737
-1.5229665537308308	-0.9999995449584087	0.11070740072806594	0.21806402781758644	28451782.5	419467.78125	9.65	9.678731087351787
-1.9006514419732918	-0.9999995873815938	0.06563654137319706	0.1494712156760101	32172116.7	582337.7	9.3	9.347364781518115
-1.9006514419732918	-0.999999561497726	0.0701846617436372	0.1494712156760101	32172116.7	1339149.925	9.415	9.423459606551333
-1.9006514419732918	-0.9999996250721205	0.06057128082255088	0.1494712156760101	32172116.7	173202.675	9.395	9.452144296700572
-0.23921412114412072	-0.9999994972982997	0.04935764000204488	0.7872462982465337	25186042.0	315231.625	9.17	9.335794606536158
-0.23921412114412072	-0.9999995155064239	0.04581696698666134	0.7872462982465337	25186042.0	199280.875	9.4	9.435866281033281
-1.9837821659166852	-0.9999995843068712	0.06874890216365258	0.1375480228285394	32131377.3	632092.6	9.52	9.62817782238718
-1.9837821659166852	-0.9999996087263106	0.056705272875569784	0.1375480228285394	32131377.3	288415.975	9.64	9.645789043468291
-1.9837821659166852	-0.9999996148800308	0.07343106049847857	0.1375480228285394	32131377.3	236672.075	9.61	9.622995560089256
-1.9837821659166852	-0.9999996199316918	0.06816533374311445	0.1375480228285394	32131377.3	201211.775	9.625	9.685156734475957
-1.6785387335406134	-0.9999995717583143	0.07610572025142483	0.18664651715860062	30673920.0	506788.6	9.64	9.905736998017936
-1.6785387335406134	-0.9999995806267842	0.07218297943719529	0.18664651715860062	30673920.0	386086.95	10.01	10.053358417537858
-0.6981038701133186	-0.9999996052904254	0.07613065306212569	0.49752778728039415	33541907.0	562029.75	9.26	9.393238204751382
-0.6981038701133186	-0.9999996304624569	0.04518332623672659	0.49752778728039415	33541907.0	241588.16666666666	9.445	9.468655217828543
-0.6981038701133186	-0.9999996043885697	0.12036270959483623	0.49752778728039415	33541907.0	579290.9166666666	9.455000000000002	9.553513123703352
-0.6981038701133186	-0.9999996112821413	0.12604305157951237	0.49752778728039415	33541907.0	459703.0833333333	9.594999999999999	9.63383267478973
-1.3079220202184305	-0.9999995707417145	0.07018841782426283	0.27038131995172715	30169522.166666668	421053.4166666667	9.59	9.619712158913584
-1.3079220202184305	-0.9999995801838556	0.06627819772456106	0.27038131995172715	30169522.166666668	316680.7083333333	9.645	9.736014283285156
-1.3079220202184305	-0.9999995680828181	0.10925782353561488	0.27038131995172715	30169522.166666668	456221.0833333333	9.74	9.745553056266823
-1.3079220202184305	-0.9999995513894583	0.08923347600092474	0.27038131995172715	30169522.166666668	754917.9583333334	9.700000000000001	9.70378748578006
-1.3079220202184305	-0.9999995585750333	0.1343410142893603	0.27038131995172715	30169522.166666668	607786.3333333334	9.760000000000002	9.790948585576352
-1.801015899582358	-0.9999995921661909	0.08663299290305204	0.16513104641972132	33125478.0	736517.675	9.950000000000001	10.111405373787132
-1.801015899582358	-0.9999996121598407	0.07274291278121206	0.16513104641972132	33125478.0	379795.425	10.11	10.110232002879016
-0.9708467382185118	-0.9999995792325513	0.07604219204554798	0.37876218986345045	31284259.25	520943.0625	9.61	9.625914073018677
-0.9708467382185118	-0.9999995707921895	0.07528604154865116	0.37876218986345045	31284259.25	678369.1875	9.620000000000001	9.621969746077106
-1.9438185151291725	-0.9999995935488328	0.07457913361635486	0.14315626041690074	33002943.1	669363.975	9.49	9.59373447167664
-1.9438185151291725	-0.9999996103821467	0.0704443445802801	0.14315626041690074	33002943.1	384052.0	9.705	9.732416754366806
-1.9438185151291725	-0.9999996233393965	0.0748967532742338	0.14315626041690074	33002943.1	250422.425	9.735	9.764977090480523
-1.7431102506821252	-0.9999995776901572	0.07537648588358839	0.17497533625405146	31122888.2	510680.825	9.81	9.81087351378179
-1.7431102506821252	-0.9999995516845117	0.07722718168585123	0.17497533625405146	31122888.2	1147242.675	9.85	9.8516778572545
-1.7431102506821252	-0.9999996028299935	0.07531277558185716	0.17497533625405146	31122888.2	233531.775	9.83	9.880034045795648
-1.7431102506821252	-0.999999576663774	0.0942614472105046	0.17497533625405146	31122888.2	527257.4	9.91	9.916940014465279
