-1.9958352423659556	-0.9999997196728594	0.07532397895125885	0.13590009723092422	48862795.4	888745.85	10.4	10.623312011780733
-1.9958352423659556	-0.9999997217786811	0.08450506536885015	0.13590009723092422	48862795.4	801844.625	10.765	10.785867658650504
-1.9958352423659556	-0.999999743091023	0.041190578167121926	0.13590009723092422	48862795.4	283024.075	10.79	10.829085133735857
-1.531155038575801	-0.9999997071947117	0.06198806650788737	0.21628570465326913	45476594.25	606697.53125	10.39	10.408090545266985
-1.531155038575801	-0.9999997065421631	0.08278820063389176	0.21628570465326913	45476594.25	624971.53125	10.495000000000001	10.592385260075519
-1.8643767694133426	-0.9999997150200974	0.0694307767923194	0.15499277602902625	47134322.3	681691.925	10.36	10.417738465930311
-1.9558546260108172	-0.999999680668312	0.07196089259771798	0.14144354369374798	47085336.6	3388302.85	10.200000000000001	10.202218425461774
-0.2429863019424153	-0.9999997130325217	0.0670672265653275	0.7842822568414936	48253483.5	1032175.75	10.0	10.173533282683792
-1.314789033091873	-0.9999996644073129	0.062149705216425606	0.2685309684120403	39684429.5	607922.5	9.700000000000001	9.731537753791816
-1.314789033091873	-0.9999996648838984	0.06199141673167844	0.2685309684120403	39684429.5	596532.875	9.774999999999999	9.853666807443664
-1.314789033091873	-0.9999996796662394	0.10658198118497784	0.2685309684120403	39684429.5	331790.6666666667	9.985	9.985935322979005
-1.314789033091873	-0.9999996901642376	0.055004908071004464	0.2685309684120403	39684429.5	218742.58333333334	9.99	10.008339949849374
-1.314789033091873	-0.9999996817283837	0.07912038723432797	0.2685309684120403	39684429.5	305719.7916666667	10.02	10.078491763491108
-1.314789033091873	-0.9999996730315246	0.07914913545412652	0.2685309684120403	39684429.5	431729.75	10.125	10.143055478105406
-1.6154701165451635	-0.9999997090321197	0.06578484248366517	0.1987971906208934	46027890.333333336	655160.9166666666	10.565000000000001	10.670163312951638
-1.6154701165451635	-0.9999997100196935	0.07840260716419818	0.1987971906208934	46027890.333333336	626046.6388888889	10.684999999999999	10.732259453598399
-1.811806662656419	-0.9999997126592721	0.07155403906055458	0.16335873591040426	46872888.0	706789.625	10.31	10.333545307021653
-1.811806662656419	-0.9999997149446502	0.07830140515802073	0.16335873591040426	46872888.0	634990.875	10.280000000000001	10.290565322201317
-1.811806662656419	-0.9999997034401419	0.0716743195472649	0.16335873591040426	46872888.0	1088831.975	10.26	10.275995056311398
-1.811806662656419	-0.9999997271496701	0.09661762799948698	0.16335873591040426	46872888.0	358355.275	10.26	10.328605452294248
-1.811806662656419	-0.9999997299151183	0.06267053750744614	0.16335873591040426	46872888.0	314788.175	10.35	10.407066784655102
-2.0343383883670416	-0.9999996952354628	0.07622834350926	0.13076697083913977	45012292.2	907228.2	10.615	10.692333922945393
-2.0343383883670416	-0.9999996892155306	0.05881167281247943	0.13076697083913977	45012292.2	1189591.475	10.61	10.61000375695588
-0.7076141808738711	-0.9999996851801946	0.06256418243373217	0.49281857195602563	43297874.0	831533.6666666666	9.825	9.830036653938732
-0.7076141808738711	-0.9999997002680322	0.028194363899867316	0.49281857195602563	43297874.0	432680.4166666667	9.790000000000001	9.806313766234384
-0.9799667260811872	-0.9999996575625899	0.053800424336289294	0.37532358713019803	40743915.5	1146517.9375	9.82	9.8475513824167
-0.9799667260811872	-0.9999996867532042	0.10790646316971463	0.37532358713019803	40743915.5	349024.75	9.86	9.873991739058402
-1.754620386631441	-0.9999997127487978	0.0664922140813065	0.1729728926524999	46452134.7	623703.225	10.15	10.234021624486383
-1.754620386631441	-0.9999997136641965	0.06921308908478632	0.1729728926524999	46452134.7	597737.9	10.200000000000001	10.264030995140397
-1.754620386631441	-0.9999997246452186	0.051458197129778324	0.1729728926524999	46452134.7	358905.575	10.29	10.292011454000626
-1.754620386631441	-0.9999997050637074	0.0740044113128332	0.1729728926524999	46452134.7	891284.775	10.235	10.23595117302765
