-2.0119131317051444	-0.9999997700749573	0.02085086153398955	0.13373258173503116	54680076.4	288461.075	10.31	10.380080217292488
-2.0119131317051444	-0.9999997957763321	0.007710998887964652	0.13373258173503116	54680076.4	70753.1	10.445	10.478533798225042
-2.2234664772498256	-0.999999750946029	0.02324226882738504	0.10823326961548183	50064653.6	260093.625	10.085	10.096785072728999
-2.2234664772498256	-0.9999997499047198	0.0368265216353408	0.10823326961548183	50064653.6	274012.75	10.035	10.045913700111882
-2.2234664772498256	-0.9999997477245639	0.054969209237770066	0.10823326961548183	50064653.6	305614.275	10.045000000000002	10.050375908203327
-2.2234664772498256	-0.9999997505613509	0.06669009507071896	0.10823326961548183	50064653.6	265151.275	10.045000000000002	10.079277550760649
-1.447761924437618	-0.9999998339051878	0.04471257598591181	0.2350958620409625	81756347.57142857	789617.5	11.08	11.15120143764332
-1.447761924437618	-0.9999998399868045	0.031092136230958432	0.2350958620409625	81756347.57142857	480264.53571428574	11.094999999999999	11.123327561963416
-1.447761924437618	-0.9999998440121901	0.04070813119042285	0.2350958620409625	81756347.57142857	345583.89285714284	11.23	11.26260570692928
-1.447761924437618	-0.9999998341724408	0.06440462121597283	0.2350958620409625	81756347.57142857	772551.75	11.26	11.30386899452597
-1.447761924437618	-0.9999998320692226	0.07468759939226446	0.2350958620409625	81756347.57142857	917498.2142857143	11.36	11.44236927412217
-1.447761924437618	-0.9999998338341466	0.07578615995545787	0.2350958620409625	81756347.57142857	794217.0	11.49	11.493241816378912
-0.7146764780465408	-0.9999998213871883	0.04927340223539974	0.48935040178771966	79983512.0	1600904.5	10.555	10.585352513126674
-2.171504279854866	-0.9999997067686787	0.03306830607620701	0.11400599094094915	43461285.6	342561.775	9.47	9.57662133143618
-1.771679138089635	-0.9999998055043652	0.044742417460467726	0.17004721620893867	76668839.7	2992902.8	10.73	10.743849161573925
-1.771679138089635	-0.9999998373446309	0.039175613985572226	0.17004721620893867	76668839.7	260561.6	10.675	10.720573247546294
-1.771679138089635	-0.9999998149933036	0.07424382296505092	0.17004721620893867	76668839.7	1445908.0	10.74	10.813200489151638
-1.1803813983728786	-0.9999998260510433	0.044582230133804863	0.3071615653364752	85349282.0	2803609.35	10.75	10.796233895805836
-1.1803813983728786	-0.9999998481609463	0.04555595569221688	0.3071615653364752	85349282.0	424790.7	10.85	10.881734179875606
-1.1803813983728786	-0.9999998414061543	0.057298803548726164	0.3071615653364752	85349282.0	756055.1	10.915	10.968879505470381
-1.1803813983728786	-0.9999998420203656	0.05729141395839259	0.3071615653364752	85349282.0	717441.7	11.02	11.179914405254694
-1.1803813983728786	-0.999999840828932	0.0759609682057913	0.3071615653364752	85349282.0	794235.35	11.18	11.183366170866387
-0.9890065976155467	-0.9999998295090367	0.03283556320863795	0.37194599959855357	78556162.5	655474.25	10.715	10.8644653633915
-1.8815043650020749	-0.9999998021458587	0.034867990490819026	0.15236072711997628	67176293.4	591907.8	10.69	10.780459611400289
-1.8815043650020749	-0.999999832776421	-0.007964412763560798	0.15236072711997628	67176293.4	-75617.8	10.805	10.829587849677752
-1.7072852328268753	-0.9999998331920451	0.030124956098740767	0.18135746822408993	79560727.1	580334.8	10.83	10.886215507605673
-2.1144328657647224	-0.9999997178891045	0.029305332740064763	0.1207017242255666	44689468.2	298756.025	9.23	9.24821709991121
-2.143655801844432	-0.9999997207974254	0.021681915787873873	0.11722550549428676	44081885.7	221410.0	9.59	9.609030478332189
-0.24864698418384223	-0.9999998386039498	0.04781073457520971	0.7798552260266746	83198796.5	678714.375	10.795000000000002	10.901831055053934
-0.24864698418384223	-0.9999998386950085	0.07791156491186756	0.7798552260266746	83198796.5	673591.875	11.0	11.015900577377405
-2.197411881359341	-0.9999997105690293	0.0417011773366795	0.11109030150190913	48579404.6	1277458.925	9.61	9.617718081062828
-2.197411881359341	-0.9999997455071217	0.06033986611061554	0.11109030150190913	48579404.6	234007.45	9.695	9.766403884495029
-2.197411881359341	-0.9999997287611244	0.08514161159076578	0.11109030150190913	48579404.6	527878.375	9.825	10.009887729995791
-2.197411881359341	-0.999999732589606	0.07297089821389925	0.11109030150190913	48579404.6	438289.725	10.11	10.224653567780305
-2.197411881359341	-0.9999997336362128	0.06707101927533142	0.11109030150190913	48579404.6	416562.5	10.225000000000001	10.23386051496367
