-1.7069587010607887	-0.9999990887534711	0.07969889427173277	0.18141669686797263	14132131.1	391543.875	8.07	8.14719436851467
-1.7069587010607887	-0.9999990765255887	0.07713399941256577	0.18141669686797263	14132131.1	465403.15	8.1	8.116964539874719
-1.7069587010607887	-0.9999991368318593	0.09917486613711149	0.18141669686797263	14132131.1	198471.4	8.125	8.140629106287706
-1.1396473535493423	-0.9999992512715684	0.08304044845483895	0.3199318247478079	17686574.4	563791.25	7.880000000000001	7.947095964575214
-1.572825619883	-0.9999991196344462	0.07483268423863688	0.2074581555011428	14567037.888888888	371132.96875	7.79	7.821360204349949
-1.572825619883	-0.9999992176425418	0.044383445306407525	0.2074581555011428	14567037.888888888	89020.28125	7.83	7.880128903511137
-1.2827718806978947	-0.9999992255482649	0.064349571240514	0.2772676813656892	17437326.666666668	732608.35	7.9	7.900892951045059
-0.953300857901673	-0.9999992930231464	0.07648473585635397	0.3854665508749578	18668566.0	539415.9166666666	7.92	7.935435420507668
-0.953300857901673	-0.9999994117386992	0.023598930054220986	0.3854665508749578	18668566.0	58804.75	7.9350000000000005	7.93929994953126
-0.231467486021961	-0.9999995123378033	0.07942287714056229	0.7933684906494524	27654111.0	719177.25	8.03	8.155385500373864
-2.082124366236104	-0.9999993017574816	0.06856647936252917	0.12466509637517455	19190270.3	659647.675	8.28	8.340195218529455
-1.763612214689094	-0.9999988664106768	0.08373550788478507	0.17142452191736085	11371093.9	396387.725	8.1	8.125005978807412
-1.763612214689094	-0.999998858067256	0.07795325205611371	0.17142452191736085	11371093.9	435836.375	8.120000000000001	8.121127683686082
-1.763612214689094	-0.9999989286383331	0.10188912491167836	0.17142452191736085	11371093.9	195350.175	8.120000000000001	8.14630692813541
-1.763612214689094	-0.999998944743361	0.07613769021573775	0.17142452191736085	11371093.9	162659.8	8.145	8.157221931659693
-2.110737558243821	-0.9999992947634914	0.07526785244877401	0.12114857933992065	18563571.9	484904.175	8.28	8.382229559891973
-2.110737558243821	-0.9999993474228307	0.05341217565337758	0.12114857933992065	18563571.9	182436.55	8.36	8.405467702034084
-2.110737558243821	-0.9999993860916337	0.03643246547513426	0.12114857933992065	18563571.9	88993.7	8.475000000000001	8.476846880679242
-2.051649066919887	-0.9999993027046236	0.08258380373310086	0.1285227860629292	18853349.1	512138.925	8.24	8.25108284259096
-2.051649066919887	-0.9999993663331328	0.04808677413515499	0.1285227860629292	18853349.1	154312.675	8.3	8.303848726308022
-2.051649066919887	-0.9999993904822307	0.041668782934214145	0.1285227860629292	18853349.1	97874.475	8.295000000000002	8.318572989142602
-1.9457243278582337	-0.9999992728058638	0.07439284568968481	0.14288369120898678	17904819.9	451476.15	8.39	8.622717028215014
-1.9457243278582337	-0.9999993354962324	0.047860542670150705	0.14288369120898678	17904819.9	146944.975	8.760000000000002	8.790256307381533
-1.9457243278582337	-0.9999993226065568	0.08456466809015833	0.14288369120898678	17904819.9	185090.875	8.725000000000001	8.72660999281686
-1.9057371999031718	-0.9999991647925078	0.07075264829897189	0.1487129710143258	15339950.7	366604.55	8.63	8.791303926279438
-0.6850006464064979	-0.9999992998534166	0.07188214287863352	0.5040899037277309	19770828.666666668	1027333.5	7.98	7.985158900812423
-0.6850006464064979	-0.9999993587265802	0.08413297551607804	0.5040899037277309	19770828.666666668	320777.75	7.98	7.985158900812423
-0.6850006464064979	-0.9999994087780408	0.03713121936364185	0.5040899037277309	19770828.666666668	119245.5	7.99	7.991449299078165
-1.814925641715232	-0.9999988984018635	0.08465227717920468	0.16285001718794925	12444524.8	898843.5	8.19	8.213123240165377
-1.814925641715232	-0.9999989681898983	0.09722535835018636	0.16285001718794925	12444524.8	377144.525	8.23	8.261014279917072
-1.3969797164216626	-0.9999991909545515	0.08213463391510005	0.24734288257814202	16161493.42857143	477051.9166666667	7.88	7.8827254604672055
-1.492123384224466	-0.9999991210197617	0.06505677024695468	0.22489461051428863	15195511.875	631942.1071428572	7.78	7.785384916180862
-1.492123384224466	-0.9999992064509944	0.09406699334124381	0.22489461051428863	15195511.875	172538.82142857142	7.795	7.8162168395800276
-1.492123384224466	-0.9999992252399831	0.06229635153826362	0.22489461051428863	15195511.875	129685.46875	7.83	7.831051042196238
-1.492123384224466	-0.9999992037853993	0.0572180395816343	0.22489461051428863	15195511.875	179671.03125	7.8	7.801026418910378
-1.8611113046831225	-0.9999991170784703	0.08665099514800859	0.15549972673693746	14525295.0	371273.025	8.2	8.386456885374884
-1.8611113046831225	-0.9999991970755744	0.05725274320132184	0.15549972673693746	14525295.0	116157.875	8.485	8.502171653449816
-1.8611113046831225	-0.9999991681593081	0.10577847832171648	0.15549972673693746	14525295.0	176791.4	8.395	8.399365641888899
-1.8611113046831225	-0.9999991604362102	0.10615183647207407	0.15549972673693746	14525295.0	197779.225	8.39	8.425538579209519
-1.8611113046831225	-0.999999135341008	0.10791279910997721	0.15549972673693746	14525295.0	284766.1	8.445	8.554136502105546
-1.8611113046831225	-0.9999991307846056	0.12764113382720824	0.15549972673693746	14525295.0	304250.525	8.575	8.704663531302279
-1.6438150909616667	-0.9999991161316041	0.07587980435531916	0.19324140067318957	14463293.4	356341.6111111111	7.890000000000001	7.925723730023949
-1.6438150909616667	-0.9999992034531504	0.05192033341412312	0.19324140067318957	14463293.4	100778.55555555556	7.945	7.955177055958661
-1.6438150909616667	-0.9999991626528703	0.07834091443752011	0.19324140067318957	14463293.4	181823.5	7.93	7.934647018320389
-1.6438150909616667	-0.9999991609032277	0.09535855909785779	0.19324140067318957	14463293.4	186483.38888888888	7.99	8.000157085474259
-1.6438150909616667	-0.9999991814338951	0.07279904204041378	0.19324140067318957	14463293.4	138573.275	8.02	8.034482639678094
