-2.034553221131488	-0.9999994708548223	0.09741699587481742	0.13073888082673168	25135463.8	597379.45	8.74	8.939176212778094
-2.097732617801108	-0.999999462085465	0.10563368902382705	0.1227343987921811	24549114.9	543249.45	8.84	8.881532768801076
-2.097732617801108	-0.9999994757286995	0.10587224899397524	0.1227343987921811	24549114.9	388634.2	8.9	8.934750031713214
-2.097732617801108	-0.9999994969339756	0.08163623433513365	0.1227343987921811	24549114.9	230918.775	8.96	8.979440197377599
-1.8331888797461706	-0.9999994235939201	0.09215028615840282	0.15990284295070253	22556354.2	443129.55	8.77	8.776644476962387
-1.1525048078624947	-0.9999994920411398	0.06764012175830042	0.31584464758016434	25030126.8	332458.95	8.48	8.506165678201135
-1.1525048078624947	-0.9999994992258912	0.07436987332318203	0.31584464758016434	25030126.8	277738.65	8.5	8.526939783688979
-2.1265581607053194	-0.9999994929963352	0.10389012609848919	0.11924701741692231	26076801.1	551850.2	8.86	8.927524574513019
-2.1265581607053194	-0.9999995130655288	0.0909018940122306	0.11924701741692231	26076801.1	326991.775	8.93	8.930154022552276
-2.1265581607053194	-0.9999994877654187	0.08232238201217895	0.11924701741692231	26076801.1	632501.4	8.97	8.987352253977411
-2.1265581607053194	-0.9999995298931367	0.08260285103179629	0.11924701741692231	26076801.1	210844.975	8.995000000000001	9.01051113999853
-2.000174037689163	-0.9999994041058974	0.07674065152364541	0.1353117318461302	21265155.6	318627.4	8.675	8.722860550031296
-2.153692282810271	-0.9999996196639038	0.10710412389712066	0.11605485835523034	35471744.6	723013.725	9.040000000000001	9.147827246920093
-2.153692282810271	-0.9999996297661826	0.10473146010127142	0.11605485835523034	35471744.6	505264.55	9.17	9.244010243106905
-2.153692282810271	-0.9999996401225302	0.1018754455437589	0.11605485835523034	35471744.6	349926.65	9.23	9.251173526597912
-2.153692282810271	-0.9999996531118424	0.06265574438514082	0.11605485835523034	35471744.6	220736.2	9.445	9.46084146169665
-2.153692282810271	-0.9999996204612736	0.08932062228168597	0.11605485835523034	35471744.6	702850.4	9.450000000000001	9.48785283328355
-2.153692282810271	-0.9999996264512727	0.10798070519610685	0.11605485835523034	35471744.6	568310.55	9.545000000000002	9.560282649659682
-1.8802227777748317	-0.9999993658481191	0.09383713136682628	0.15255611585889944	21316100.0	742400.075	8.8	8.80110788557046
-1.8802227777748317	-0.9999994257379096	0.08660979778349646	0.15255611585889944	21316100.0	207113.725	8.8	8.813505696617185
-1.963202317728584	-0.9999993543273589	0.08370907752583831	0.14040806897238103	21239731.5	903392.525	8.6	8.613977168782817
-1.963202317728584	-0.9999993752900366	0.12040712908460369	0.14040806897238103	21239731.5	578775.625	8.71	8.756741329348856
-1.2956017555274513	-0.9999994860703283	0.08577985841744683	0.2737330943582201	25478533.666666668	486101.3333333333	8.48	8.64006611844517
-1.5887626412389753	-0.9999994966881319	0.07954967692541316	0.20417809705173587	26054557.888888888	495620.69444444444	8.82	8.831937277482336
-0.2356182907124936	-0.9999995403310236	0.0788003171451533	0.7900821980947614	28925966.5	595030.375	8.700000000000001	8.757041642508565
-0.2356182907124936	-0.9999995548047641	0.07257330620605915	0.7900821980947614	28925966.5	391484.0	8.785	8.816996180025019
-0.9647095326610791	-0.9999994860834811	0.06889930553656957	0.38109387898911445	24973564.0	374866.1875	8.58	8.599410727260718
-1.7244467790052458	-0.9999994548879451	0.08609040967975501	0.17827164811610746	23887408.7	451943.4	8.83	8.847863655907648
-1.7244467790052458	-0.9999994637756643	0.10271512884161882	0.17827164811610746	23887408.7	365494.725	8.82	8.878052922399439
-2.0670867142101597	-0.9999993745450773	0.08913463281764379	0.12655393295427927	22987524.0	1754438.6	8.785	8.790142767615114
-2.0670867142101597	-0.99999948378501	0.0727660920538042	0.12655393295427927	22987524.0	142414.55	8.76	8.760456342285782
-2.0670867142101597	-0.9999994559576454	0.09168093032656016	0.12655393295427927	22987524.0	270001.55	8.77	8.802019035743013
-2.0670867142101597	-0.9999994762732631	0.06411358068612721	0.12655393295427927	22987524.0	169257.25	8.825	8.868690183143105
