-1.9627144735815354	-0.9999997541888457	0.04770903181338144	0.1404765829377373	52642393.7	416684.725	10.245000000000001	10.28465523510719
-1.625516471770624	-0.999999867828609	0.0019580013009386395	0.19681000214053848	77613556.44444445	28517.027777777777	10.450000000000001	10.5201967441532
-1.1768160938187342	-0.9999998247248745	0.033530483232156655	0.3082586444126236	81650874.2	1641903.2	10.485	10.507261523785127
-1.1768160938187342	-0.999999837621308	0.1135684071326065	0.3082586444126236	81650874.2	572839.25	10.51	10.586087774774196
-2.1680613361100063	-0.9999997225198307	0.07660135780406718	0.11439918363609679	48612699.2	721479.05	10.585	10.620012036075707
-2.1680613361100063	-0.9999997198762914	0.09966030266915744	0.11439918363609679	48612699.2	820417.275	10.645	10.676146705462761
-2.1680613361100063	-0.9999997230906155	0.0815235001796053	0.11439918363609679	48612699.2	701735.05	10.66	10.660370379195387
-1.8202730926293862	-0.9999997991670595	0.026251752961163232	0.1619815089368866	62730782.5	296085.675	10.23	10.26009039998257
-1.8202730926293862	-0.9999997964803996	0.045360739778992784	0.1619815089368866	62730782.5	350438.65	10.235	10.244341241322923
-1.8202730926293862	-0.9999998075416761	0.022897575194343288	0.1619815089368866	62730782.5	175090.025	10.25	10.28657203360741
-1.8202730926293862	-0.9999997869434482	0.10987872986810764	0.1619815089368866	62730782.5	637431.85	10.26	10.261932192172855
-1.8202730926293862	-0.9999997891043155	0.07845671246065422	0.1619815089368866	62730782.5	556626.375	10.27	10.313124348205278
-1.6981692842115945	-0.999999851722493	0.004512279954788267	0.18301827198516915	74387570.8	61696.8	10.42	10.438134744124529
-1.6981692842115945	-0.999999795870338	0.06448871376356	0.18301827198516915	74387570.8	3932199.225	10.465	10.468058665269506
-0.9843603295765209	-0.9999998428274361	0.018997274283992876	0.3736781813829972	86511494.25	803901.5625	10.41	10.460413437352006
-1.3236622009858519	-0.9999998711237092	-0.003643871088002781	0.26615878798625836	84623648.83333333	-54500.416666666664	10.52	10.569611649863596
-1.3236622009858519	-0.9999998423817276	0.046618849046131214	0.26615878798625836	84623648.83333333	620469.5	10.6	10.607789929373185
-1.3236622009858519	-0.9999998306018694	0.07697489540943003	0.26615878798625836	84623648.83333333	1681315.9166666667	10.6	10.635115892790209
-1.3236622009858519	-0.9999998399025649	0.10749327900903445	0.26615878798625836	84623648.83333333	765303.5416666666	10.635000000000002	10.682488137869218
-1.3236622009858519	-0.9999998363888839	0.07901132476270145	0.26615878798625836	84623648.83333333	1030308.3333333334	10.695	10.734200118964912
-1.3236622009858519	-0.9999998519355461	0.026131154343845837	0.26615878798625836	84623648.83333333	276440.4583333333	10.745000000000001	10.780140627359986
-1.3236622009858519	-0.999999833242283	0.1080518545841797	0.26615878798625836	84623648.83333333	1344651.9166666667	10.765	10.804911394952885
-1.8720597934604593	-0.9999997756727389	0.04870092742983448	0.15380652563406597	58006484.7	447948.525	10.265	10.328413644601588
-1.8720597934604593	-0.99999977397162	0.06689886896933062	0.15380652563406597	58006484.7	494404.725	10.33	10.380168314499198
-0.24435285341836557	-0.9999998641368012	-0.04152521153767218	0.783211226741403	99146971.0	-708158.5	10.25	10.338197187732735
-0.24435285341836557	-0.9999998585253019	0.06129746122342563	0.783211226741403	99146971.0	1235253.75	10.35	10.460684594980302
-0.24435285341836557	-0.9999998504694217	0.07359405169764534	0.783211226741403	99146971.0	2745581.75	10.47	10.550985846919819
-0.24435285341836557	-0.9999998682967325	0.10774576351040004	0.783211226741403	99146971.0	468821.75	10.35	10.39631884162953
-0.24435285341836557	-0.9999998538006322	0.09198610642143963	0.783211226741403	99146971.0	1973312.125	10.434999999999999	10.619510094023978
-2.0025494664478996	-0.999999736131743	0.057215077930120255	0.13499068992397667	49856187.2	516826.9	10.335	10.360648941557676
-2.0025494664478996	-0.9999997342300284	0.07914273072417952	0.13499068992397667	49856187.2	568226.675	10.415	10.425994323431368
-2.0025494664478996	-0.9999997092991426	0.0788805058053964	0.13499068992397667	49856187.2	1969392.85	10.415	10.421891646878901
-2.0025494664478996	-0.9999997147518249	0.09828273332572368	0.13499068992397667	49856187.2	1500615.25	10.425	10.427642079548843
-2.0025494664478996	-0.9999997304464516	0.07390102012806182	0.13499068992397667	49856187.2	686190.6	10.485	10.508115649453948
-2.0751173069119897	-0.999999710929149	0.07614291607073473	0.12554169972025925	46086953.0	610719.525	10.275	10.306705140200917
-2.0751173069119897	-0.9999997117166594	0.08852480127438117	0.12554169972025925	46086953.0	588951.475	10.35	10.385073754919679
-2.0751173069119897	-0.999999721807447	0.0732711020997869	0.12554169972025925	46086953.0	369920.875	10.38	10.407730213120841
-2.0751173069119897	-0.9999997190850238	0.12188821126018477	0.12554169972025925	46086953.0	419371.7	10.254999999999999	10.288680368233015
