-1.9782624144239789	-0.9999987777104793	0.05419472133744525	0.1383093529764818	9100707.1	67757.075	8.01	8.023716224951519
-1.9782624144239789	-0.9999987200985497	0.10991908432573312	0.1383093529764818	9100707.1	114462.15	8.02	8.051431668678706
-1.9782624144239789	-0.9999986813146318	0.12071110662253604	0.1383093529764818	9100707.1	162911.625	8.055	8.097233116584095
-1.9782624144239789	-0.9999987397598195	0.08678266205113971	0.1383093529764818	9100707.1	95708.875	8.120000000000001	8.14420287840313
-1.9782624144239789	-0.9999987447430155	0.09091685091349416	0.1383093529764818	9100707.1	91465.325	8.16	8.194495280621002
-1.5736839914408887	-0.9999984659374538	0.10828498109550334	0.2072801557269095	7393687.222222222	84319.36111111111	7.78	7.801839756342317
-1.5736839914408887	-0.9999983389248002	0.0837571489761754	0.2072801557269095	7393687.222222222	215661.61111111112	7.800000000000001	7.811416846792164
-1.2819422031402135	-0.9999985785517275	0.10818206133967302	0.2774978195954492	8109112.333333333	101384.33333333333	7.890000000000001	7.905942408376963
-1.2819422031402135	-0.9999985598190312	0.09812663426079965	0.2774978195954492	8109112.333333333	118016.625	7.92	7.9266583438571185
-1.2819422031402135	-0.9999985516009515	0.0726679874778954	0.2774978195954492	8109112.333333333	126149.45833333333	7.925000000000001	7.934252116617788
-1.9016537593347298	-0.9999983114834201	0.08960990614212486	0.14932147313881164	7983709.4	715419.45	7.96	7.966737496764281
-1.8129967177650816	-0.9999983663982935	0.0831484606477885	0.16316444564318197	6613825.1	49233.8	7.66	7.670223772541793
-1.8129967177650816	-0.9999983070805544	0.09241985631068947	0.16316444564318197	6613825.1	72886.55	7.695	7.732786309725517
-1.8129967177650816	-0.9999983257335981	0.10090336302256998	0.16316444564318197	6613825.1	64427.1	7.745	7.801140399946567
-1.7628414450685244	-0.9999984436945377	0.08400980660122316	0.17155670166459844	6962132.4	50776.3	7.68	7.689367979289133
-1.9414729027369726	-0.9999986482787243	0.06565607433524369	0.14349244363898433	8314819.1	76062.05	8.040000000000001	8.08394547468668
-1.9414729027369726	-0.9999986156841205	0.09850864786707014	0.14349244363898433	8314819.1	99740.4	8.08	8.084797839434291
-2.045585920080626	-0.9999986950140012	0.08650812221104624	0.12930440572995236	9806562.5	361285.575	8.14	8.142625573760967
-2.045585920080626	-0.9999986762793789	0.09337536785792029	0.12930440572995236	9806562.5	434150.575	8.135000000000002	8.136360448463188
-1.3965069394329934	-0.999998551145966	0.110950616748846	0.24745984824849623	7940001.428571428	99100.82142857143	7.890000000000001	7.91833649243167
-1.3965069394329934	-0.9999983888390619	0.09505390759180882	0.24745984824849623	7940001.428571428	359553.1785714286	7.930000000000001	7.938079180381313
-1.3965069394329934	-0.9999985232351227	0.11896571292423273	0.24745984824849623	7940001.428571428	123686.71428571429	7.945	7.974197015307757
-0.6844685184143297	-0.9999988427347926	0.13280784524237857	0.5043582154578337	10316212.666666666	153060.33333333334	7.86	7.865517788352594
-1.6441773797641848	-0.9999984569875614	0.10576675508444962	0.1931714041577852	7303794.7	78419.925	7.75	7.769977848880138
-1.6441773797641848	-0.9999984444769797	0.08831854011765498	0.1931714041577852	7303794.7	85923.2	7.75	7.755813066285169
-1.6441773797641848	-0.9999985132645475	0.07386019282083221	0.1931714041577852	7303794.7	51989.2	7.75	7.75815537084399
-1.6441773797641848	-0.9999984245807024	0.0990758528184784	0.1931714041577852	7303794.7	99362.4	7.8500000000000005	7.8581312362240885
-0.230032272899761	-0.9999987448148862	0.14021252996251482	0.7945079610137885	9642862.5	180515.5	7.88	7.93710486106536
-0.230032272899761	-0.9999987505901186	0.13652933558673372	0.7945079610137885	9642862.5	170737.375	7.955	7.964002758314295
-0.9520779911890123	-0.9999987164937796	0.09717077503281885	0.3859382134203029	9655212.25	240992.4375	7.930000000000001	7.934861089730393
-1.8593524687636347	-0.9999983562858081	0.10549582168416745	0.15577346590236352	6689998.8	59660.725	7.83	7.839371685920632
-1.8593524687636347	-0.9999983345996684	0.091434868819258	0.15577346590236352	6689998.8	68975.85	7.84	7.870610862086939
-1.8593524687636347	-0.9999982939278341	0.12047359227101374	0.15577346590236352	6689998.8	90545.675	7.8950000000000005	7.9172455239398705
