-1.2861601962881886	-0.9999986035992109	0.10160745735893838	0.27632980077324193	8505078.666666666	143845.0	8.18	8.241448584762608
-1.2861601962881886	-0.999998624401627	0.0913830745526859	0.27632980077324193	8505078.666666666	120519.16666666667	8.290000000000001	8.295308564670117
-1.579664329204353	-0.9999988749981203	0.09676262771213706	0.20604424963538995	10739555.666666666	176665.72222222222	8.42	8.508591160647011
-1.579664329204353	-0.9999988316501837	0.10232438032806597	0.20604424963538995	10739555.666666666	281406.1666666667	8.575	8.592214946380656
-1.4977483725494627	-0.9999985452778942	0.09212429729251188	0.22363313218238373	9397936.0	865778.25	8.36	8.361024646208325
-1.7733917762255371	-0.9999989448194834	0.10916107488701925	0.1697562361044907	11625536.9	212571.85	8.64	8.77136130314001
-1.1437271690774204	-0.999998564779837	0.03603276110070943	0.3186292209197459	7342701.8	37735.9	8.13	8.14116644387258
-1.8727360054883744	-0.999999094044467	0.12698736959247436	0.1537025549685295	13881456.8	289519.85	9.02	9.035000452415499
-1.8727360054883744	-0.9999991388326801	0.0806231996411598	0.1537025549685295	13881456.8	155476.6	9.030000000000001	9.046094421772105
-0.6877040722832402	-0.999998362092059	0.0958451505270342	0.5027289744523624	6996403.0	94793.25	8.120000000000001	8.150204082227816
-0.6877040722832402	-0.9999984079938133	0.06578515965613603	0.5027289744523624	6996403.0	68754.83333333333	8.125	8.132305678129773
-0.6877040722832402	-0.9999983796498345	0.10903505292295554	0.5027289744523624	6996403.0	83835.41666666667	8.13	8.151186346640936
-0.6877040722832402	-0.9999984780891001	0.054603512345604295	0.5027289744523624	6996403.0	42103.166666666664	8.155000000000001	8.155464009770235
-0.6877040722832402	-0.9999982121244554	0.16279913071284155	0.5027289744523624	6996403.0	270680.4166666667	8.16	8.166914933481177
-1.7161541514546965	-0.9999989271951674	0.09956232339401323	0.1797561351386981	11281772.2	180436.5	8.66	8.685647679434627
-1.8247458698727195	-0.9999990755902477	0.11630958087435425	0.16125861959652907	13479861.6	258050.775	8.71	8.86765073409549
-1.8247458698727195	-0.9999990586952744	0.08756170789244945	0.16125861959652907	13479861.6	324050.4	8.870000000000001	8.93433536749189
-1.8247458698727195	-0.9999991170279298	0.0883776125988016	0.16125861959652907	13479861.6	147610.825	8.965	9.00623433438041
-0.23172243584733604	-0.9999982660276351	0.12541658670265562	0.7931662472733554	6752187.0	121552.0	8.120000000000001	8.16009285545777
