-1.3826389536157742	-0.9999981599857255	0.06084592092007083	0.2509155241635416	6700081.833333333	225989.04166666666	15.65	15.829551245166884
-1.2284969281633646	-0.9999981041164969	0.058269990807527976	0.2927322447652595	6486303.0	219097.1	15.120000000000001	15.615526900158356
-1.6957656802821401	-0.9999979280329242	0.05040188874924966	0.18345870452352164	5792088.222222222	162919.25	15.39	15.499449261252671
-1.6957656802821401	-0.9999980317057735	0.055771057738451965	0.18345870452352164	5792088.222222222	89368.41666666667	15.57	15.616317392076713
-1.6957656802821401	-0.9999981059131561	0.07425987465272368	0.18345870452352164	5792088.222222222	58145.333333333336	15.47	15.471070871280668
-2.236651909270597	-0.9999982631143365	0.05035155607932153	0.10681553446186895	7256978.6	297907.625	16.16	16.160047166918734
-2.236651909270597	-0.9999983322470474	0.07584685437031756	0.10681553446186895	7256978.6	180383.775	16.1	16.209035371092334
-2.236651909270597	-0.9999985995173623	0.024756613189366047	0.10681553446186895	7256978.6	25932.025	16.310000000000002	16.311932660747765
-0.7417415134138325	-0.9999981871732964	0.04801752717944906	0.476283738329404	6725397.666666667	197200.33333333334	15.34	15.395506943259456
-0.7417415134138325	-0.9999982249674341	0.10121593736308876	0.476283738329404	6725397.666666667	152938.83333333334	15.51	15.54790445066005
-1.8993034936908795	-0.9999981598324453	0.05718613472064542	0.14967283099743645	6608589.7	191167.85	15.24	15.671246780909748
-1.8993034936908795	-0.9999982071244656	0.06770953686528977	0.14967283099743645	6608589.7	139856.425	15.84	16.084981277357784
-2.0043194432305684	-0.9999983422517851	0.04497769473035586	0.13475197086285462	7263871.6	169679.1	16.080000000000002	16.116037729032605
-2.0043194432305684	-0.9999983743977232	0.05815211474768707	0.13475197086285462	7263871.6	134343.975	16.23	16.254762219985977
-2.0502507059851136	-0.999998352760856	0.04039997045650717	0.12870263302236276	7239287.4	150969.175	16.1	16.25473499440628
-2.0502507059851136	-0.9999983535263435	0.05844809786291214	0.12870263302236276	7239287.4	150134.875	16.435000000000002	16.459617637694652
-1.9542884197819812	-0.9999981257554409	0.04900514133806278	0.14166524702415836	6427996.4	170694.625	15.83	15.942096873450533
-0.2628317134067398	-0.9999982564534263	0.03723521730442852	0.7688712771522962	6910162.0	170788.875	15.21	15.315323674269589
-0.2628317134067398	-0.9999983163690622	0.07994675091339286	0.7688712771522962	6910162.0	112888.25	15.25	15.321319570181677
-1.0277209769565214	-0.999997972257961	0.04849097222581597	0.35782151550113395	5955636.5	175692.1875	15.6	15.63979124439004
-1.0277209769565214	-0.9999980213070078	0.09373672527878478	0.35782151550113395	5955636.5	131185.625	15.450000000000001	15.525086422535212
