-2.127457062327637	-0.9999983871615968	0.05523424748787652	0.11913987424231097	8064551.8	445439.45	15.465	15.514044045628962
-1.8349277313905688	-0.9999986671755545	0.032387234667852566	0.15962503723075822	8755731.3	116990.05	15.47	15.550438483186165
-1.8349277313905688	-0.9999985907527018	0.06141240153709601	0.15962503723075822	8755731.3	228430.275	15.775	15.82201046679143
-1.690567771476724	-0.9999985519390074	0.02842422797541782	0.1844147888060068	7903317.888888889	93384.03125	14.65	14.87175180651966
-1.690567771476724	-0.9999984412325166	0.06638748349211038	0.1844147888060068	7903317.888888889	224006.52777777778	15.14	15.26986954395294
-1.690567771476724	-0.9999987125565086	0.029325627632637234	0.1844147888060068	7903317.888888889	26239.916666666668	15.415	15.431777206620566
-1.379418115825841	-0.9999987631388451	0.020324131463559433	0.25172498523749154	9158188.5	83066.4	15.16	15.240661054063526
-0.2615328013026518	-0.9999991038281226	0.052327764625640726	0.7698706222508916	14889159.0	623587.25	14.68	15.040662589401473
-0.2615328013026518	-0.9999991085008257	0.07305712700496518	0.7698706222508916	14889159.0	581677.375	14.84	15.293747078701474
-2.2287551934941052	-0.9999985252633476	0.025431394981501	0.10766236556975146	7815505.1	101295.975	14.44	14.509179205346937
-1.895496479332755	-0.99999839934907	0.03260194516373346	0.1502437236227632	7430294.7	146283.425	15.6	15.606377790375353
-1.895496479332755	-0.999998382176869	0.062211177869848984	0.1502437236227632	7430294.7	166191.6	15.600000000000001	15.666042766171763
-2.2580270982781614	-0.9999984718982032	0.020766316974496744	0.10455656122327887	7333951.7	73644.975	14.370000000000001	14.393280436358939
-2.1977132622048603	-0.9999986333811586	0.029003357704238703	0.1110568260575957	8503909.5	111479.275	14.280000000000001	14.336731703411429
-2.0882844328030563	-0.9999985078943373	0.04110516696494777	0.12389951153066253	7968041.6	145677.875	14.950000000000001	15.24435011334194
-2.0882844328030563	-0.9999984984766012	0.057888388298293736	0.12389951153066253	7968041.6	157030.375	15.36	15.442019273276184
-2.0882844328030563	-0.9999985947496127	0.06585174263659478	0.12389951153066253	7968041.6	72917.2	15.434999999999999	15.455621767961842
-2.046173785814639	-0.999998428525719	0.04019749878479532	0.12922841443909325	7495736.8	130528.9	15.33	15.616111607986305
-0.7393615488338547	-0.999998825877974	0.05428464563075655	0.4774186267180419	11063128.0	437774.8333333333	15.485	15.501270311630496
-1.604452410390182	-0.9999985657878899	0.024805688830975156	0.2009995900675268	7921505.5	85914.46428571429	14.700000000000001	14.854106314031075
-1.604452410390182	-0.9999984621432257	0.05883217092378427	0.2009995900675268	7921505.5	195269.46875	14.77	14.827941981510591
-1.7670818768492729	-0.9999986071159337	0.0352474830412632	0.17083076739979067	8435487.3	126708.94444444444	15.25	15.577753607515316
-1.7670818768492729	-0.9999985455526988	0.061561574776894334	0.17083076739979067	8435487.3	212982.875	15.535	15.642550569115382
