-2.0745841732706167	-0.9999982314241683	0.06868465131231348	0.12560864806839783	6914725.9	204681.875	13.86	14.235062266775866
-1.3756963013475152	-0.9999981390905375	0.019952846127475308	0.25266360453207315	5784739.166666667	47327.875	14.44	14.491043361016853
-1.497815493882554	-0.9999981041210969	0.02295685302766067	0.2236181221321811	5739039.142857143	53130.392857142855	14.280000000000001	14.337381054701988
-1.497815493882554	-0.9999981754585083	0.018317014828798665	0.2236181221321811	5739039.142857143	35280.53571428572	14.370000000000001	14.371555753384312
-1.5992489441281381	-0.999998053368364	0.02780905106529464	0.20204821051765323	5682191.375	63647.65625	14.4	14.453917279795203
-1.023462246195619	-0.9999982601831237	0.018297058144710596	0.3593486304737867	6150595.75	44395.25	14.775	14.789352818371608
-0.2614624927588645	-0.9999986733785011	0.009122515564224299	0.7699247526361387	7807974.5	31514.25	14.91	14.911335894886788
-2.03391053390301	-0.9999979060988484	0.04049855044009012	0.13082293204213286	5436119.1	87788.4	13.91	13.984022431878062
-2.183432698922373	-0.9999982608968699	0.046119761898246465	0.11265415834664559	7319610.1	337578.675	13.91	13.926960710619431
-1.760897183504086	-0.9999979988425735	0.030362155891530084	0.17189057723130746	5572783.6	69703.3	14.26	14.348636086059493
-1.8867626547359986	-0.9999979053093869	0.03563635309823043	0.1515616729430232	5362878.2	75626.15	13.940000000000001	14.019064300605368
-1.8867626547359986	-0.9999979740132586	0.02644522592079505	0.1515616729430232	5362878.2	52318.275	14.085	14.144875696254699
-1.8867626547359986	-0.9999980212438719	0.0468246772106443	0.1515616729430232	5362878.2	40611.375	14.11	14.110025677410636
