-2.169550840131096	-0.9999994257842738	0.0031166374255068244	0.11422891243336267	17504418.8	23185.2	19.91	20.1218990766477
-2.169550840131096	-0.9999993521392091	0.015390254912262667	0.11422891243336267	17504418.8	84154.925	20.485	20.497540071427945
-2.169550840131096	-0.9999993809145622	0.015513622491872056	0.11422891243336267	17504418.8	50853.85	20.575	20.602252394145122
-1.670866775201416	-0.9999992186018865	0.02532073507857721	0.18808396844502448	16568902.125	419536.78125	21.72	21.82067223434408
-1.2772895024116735	-0.9999993426771921	0.02252989717538126	0.27879194215077147	18463596.8	186565.55	21.11	21.48924607809748
-1.8412158515518628	-0.9999993006956016	0.0214089925194568	0.1586244450348673	17194487.8	166737.325	21.91	22.280017199855145
-1.8412158515518628	-0.9999992757854097	0.03204759836798797	0.1586244450348673	17194487.8	255887.975	22.18	22.34625889680852
-2.081664357061621	-0.9999993867559129	0.00532463907974256	0.124722456655361	17289167.1	40233.475	20.55	20.75139412750596
-1.974191487182302	-0.9999993013044285	0.009591728347058404	0.1388735479083774	17193767.8	164917.95	21.04	21.155128740362212
-2.2093472847524716	-0.9999994094334257	0.003458008244765304	0.1097722751748246	17133459.9	24795.275	20.5	20.668446625334564
-2.2093472847524716	-0.9999993352553666	0.016404767915415258	0.1097722751748246	17133459.9	88376.75	20.51	20.572423840137
-2.2464411954722214	-0.9999993492574931	0.007618048902895836	0.10577498803724844	16764477.3	54684.725	20.67	20.689585577077388
-2.2464411954722214	-0.9999993390922821	0.012479722294622457	0.10577498803724844	16764477.3	64845.125	20.564999999999998	20.58537421009302
-2.2806017867031945	-0.9999993366003139	0.00896256706287714	0.10222267195724598	16705135.7	65001.55	20.48	20.665629447558178
-2.2806017867031945	-0.9999993322230196	0.013723766459704561	0.10222267195724598	16705135.7	69932.85	20.555	20.738196369782482
