-2.230786103929142	-0.9999990174370199	0.03652220082981513	0.10744393482976795	12478248.7	211221.05	19.35	19.461325061295007
-2.3281606338595253	-0.9999985824838752	0.04156728256203619	0.09747487428208489	8849337.7	280428.85	19.150000000000002	19.154175711788916
-1.0634289343784018	-0.9999986608661898	0.04988154185628011	0.34526987050831515	9093562.0	194364.625	21.39	21.715626927812803
-1.8329298136033882	-0.9999991315762083	0.017095826979659317	0.1599442737298701	13249400.0	99318.2	18.990000000000002	19.171423428640548
-1.8329298136033882	-0.9999992673612415	0.004325664186381834	0.1599442737298701	13249400.0	16431.625	19.130000000000003	19.17816305565932
-2.265237110410807	-0.9999986755850778	0.051924279437356176	0.10380541827715441	9401411.8	255599.275	19.44	19.474651712556145
-1.4305012885800388	-0.9999987451485502	0.036070367438864104	0.23918898947690706	9567363.5	163671.04166666666	21.62	21.816142091438778
-1.4305012885800388	-0.9999988526067611	0.02098195922813514	0.23918898947690706	9567363.5	58542.666666666664	21.689999999999998	21.7253048106194
-2.1119032255336374	-0.999999105253944	0.011143095938758563	0.12100744267895207	12588208.5	77904.35	19.0	19.00009172624635
-2.1119032255336374	-0.9999991701437131	0.009306369768793078	0.12100744267895207	12588208.5	34419.375	19.155	19.3099906930082
-2.1119032255336374	-0.9999991304630033	0.029049299471475675	0.12100744267895207	12588208.5	56720.75	19.275	19.313974732955018
-2.066316852201152	-0.9999991199985645	0.011199140231216468	0.12665139953244525	12555717.5	62883.15	19.080000000000002	19.12165587457222
-2.066316852201152	-0.9999991988629883	0.006571913333523696	0.12665139953244525	12555717.5	23360.625	19.035	19.057951434251972
-2.3566601314761115	-0.9999985112519717	0.051295843575325684	0.09473610153019876	8741178.5	448386.125	19.04	19.09462618860758
-0.7695817324431209	-0.9999986091890645	0.04310746270137569	0.4632067721633082	8484194.0	133239.33333333334	21.06	21.26233528358117
-0.7695817324431209	-0.9999987266449333	0.016567012425118977	0.4632067721633082	8484194.0	49186.333333333336	21.384999999999998	21.42180719421095
-0.7695817324431209	-0.9999985986631084	0.09157079705813398	0.4632067721633082	8484194.0	145685.75	21.255000000000003	21.3387136080724
-2.0164502747240447	-0.9999991214414252	0.014402376683803435	0.13312719229318098	12931522.9	85912.85	18.96	19.133431271114404
