-0.7676158979514509	-0.999999656630337	0.049825980300521946	0.4641182556320866	40351682.666666664	1040844.25	19.52	20.17611823859746
-0.7676158979514509	-0.9999997300088267	0.0053725775450151805	0.4641182556320866	40351682.666666664	53883.5	20.255	20.332943571468924
-1.2666163731326983	-0.9999996659910124	0.040959068989988426	0.28178346062463594	40941265.0	868696.7	20.17	20.930833503467298
-1.2666163731326983	-0.9999997325583512	0.005174147676030796	0.28178346062463594	40941265.0	56918.85	20.94	21.051951942462075
-1.7504414476794314	-0.9999996943641941	0.018868865834498875	0.1736972482760621	44641121.55555555	842327.3333333334	21.13	21.17131348317417
-1.6597858728686203	-0.999999704828298	0.02405851747866602	0.19017969837518106	44774538.0	549176.28125	20.89	21.477938952141166
-2.072827956133321	-0.9999997401918627	0.0038679515102962034	0.12582943794946605	43314916.5	77153.7	22.35	22.356173151571404
-1.0593248549672434	-0.9999996438556413	0.04325642111465835	0.3466897972281294	38455422.5	887071.3125	19.85	20.581368945532542
-0.2783695048357143	-0.9999996775785326	0.026929892861015946	0.7570170483686632	40801691.0	516762.75	20.94	21.211976183989183
-0.2783695048357143	-0.999999724115367	0.00674221852324832	0.7570170483686632	40801691.0	77384.875	21.04	21.2080125725778
-1.8298978557205374	-0.9999996996675851	0.02595995457330418	0.16042995394033147	44787339.4	694597.875	21.36	21.448691568273397
-1.8298978557205374	-0.9999997265767498	0.01621942883163834	0.16042995394033147	44787339.4	208125.2	22.0	22.17319788427765
-1.8298978557205374	-0.9999997956691169	0.0017783049428500852	0.16042995394033147	44787339.4	9426.975	21.995	22.074034312603686
-1.9635441988211846	-0.9999997041817221	0.017618232143927326	0.14036007431305159	43325273.6	368208.675	21.28	21.669307188430935
-1.9635441988211846	-0.9999997177261278	0.016458563513929155	0.14036007431305159	43325273.6	204758.775	22.200000000000003	22.255925078261974
-1.9635441988211846	-0.9999997468891573	0.011262073962877778	0.14036007431305159	43325273.6	57877.225	22.025	22.06202159724458
-2.1206474905202497	-0.9999997193747366	0.009446384263349084	0.11995393432570421	43395254.5	194424.575	22.580000000000002	23.313115060029087
-2.1206474905202497	-0.9999997114575943	0.022112045812440202	0.11995393432570421	43395254.5	274132.675	23.380000000000003	23.643540266712257
-2.1658113031947863	-0.9999996945037211	0.018450752941395036	0.1146568753634697	42094842.2	384544.6	23.2	23.568215122930756
-1.4235196002235015	-0.9999996883765107	0.02420084188897567	0.24086477556081123	43799492.166666664	846571.0416666666	20.7	20.847268856074017
-1.4235196002235015	-0.999999727231189	0.012421477456985037	0.24086477556081123	43799492.166666664	154373.29166666666	21.58	21.597766439714576
