-1.5334219543313028	-0.9999977941761219	0.0559779914050397	0.2157959584980685	5371550.285714285	139900.5	18.35	18.473196271677146
-1.5334219543313028	-0.9999978752866703	0.0549078636756352	0.2157959584980685	5371550.285714285	90489.89285714286	18.535	18.663810679422756
-2.2057462910839702	-0.9999989448513533	0.056979484620561606	0.11016827701484742	12029990.3	325600.0	17.86	19.131291718374744
-1.875165855722802	-0.9999985843493587	0.03122736301494936	0.153329534155194	8173371.3	105940.075	18.59	18.6894509755019
-2.1697373013128116	-0.9999988632800689	0.011126582950978762	0.11420761516098316	9399714.2	43687.6	17.41	17.575464609815988
-2.2412672142300814	-0.9999990993014644	0.05014984165095166	0.10632368408872711	14276770.8	384255.875	19.53	19.535099787121762
-2.2412672142300814	nan	nan	0.10632368408872711	14276770.8	nan	19.355	19.550840430459097
-2.2412672142300814	-0.9999991384714437	0.0865198795423694	0.10632368408872711	14276770.8	219661.1	19.63	19.774416787150717
-2.305774350450875	-0.9999992169350982	0.043327970216760034	0.09968158228225253	16346017.8	362213.85	19.080000000000002	19.158796262004973
-2.305774350450875	nan	nan	0.09968158228225253	16346017.8	nan	19.36	19.547780465488525
-2.305774350450875	-0.9999992310894702	0.08323278607358235	0.09968158228225253	16346017.8	287397.55	19.630000000000003	20.049930171915314
-2.3643474697137177	-0.9999993288710848	0.03771531181788542	0.09401062513830351	19110798.3	371686.725	19.67	19.697314398125624
-0.757868008681835	-0.9999973765978672	0.08045769351337108	0.4686645513902766	4643741.333333333	195320.25	18.3	18.4710904040249
-0.27259570618306367	-0.999997474476898	0.08377543757830529	0.7614005549471072	4859206.5	213637.0	18.27	18.455844426052057
-1.727706754596279	-0.9999981417933701	0.04980599197437275	0.17769143315183628	6673279.222222222	242881.16666666666	18.35	18.49442125814595
-1.727706754596279	-0.999998197346687	0.06735314967202914	0.17769143315183628	6673279.222222222	167644.83333333334	18.165	18.634083815200142
-1.727706754596279	-0.9999983627498268	0.0522703334721399	0.17769143315183628	6673279.222222222	55592.833333333336	18.630000000000003	18.64144500810627
