0.0	-0.9999973974070279	0.0798085088896803	1.0	4216093.0	58265.0	23.77	23.837397200230118
0.0	-0.9999971553546604	0.13988307691242752	1.0	4216093.0	161665.25	23.85	23.945692535456345
0.0	-0.9999973160177906	0.08382655582005936	1.0	4216093.0	82117.5	23.965	23.997723690604033
-1.681838516806159	-0.9999981721104055	0.01526695627462047	0.18603163914472698	5337779.125	17271.5	23.26	23.293789916219012
-1.681838516806159	-0.9999979210703552	0.08113785234325582	0.18603163914472698	5337779.125	65963.1875	23.330000000000002	23.450885007488544
-1.681838516806159	-0.9999981206621378	0.03706556639233189	0.18603163914472698	5337779.125	22730.125	23.5	23.55814685131957
-1.681838516806159	-0.9999981201580106	0.052850269887656474	0.18603163914472698	5337779.125	22791.375	23.575000000000003	23.6640288694075
-1.9892908204022837	-0.9999981677670949	0.033719891654789586	0.13679240143498317	5819867.7	42758.775	24.09	24.145378524774557
-1.7741611638292676	-0.9999980882257158	0.020769467612537337	0.16962567799211292	5258702.444444444	23234.86111111111	23.76	23.84290108642155
-1.7741611638292676	-0.9999978814033849	0.08633853610236747	0.16962567799211292	5258702.444444444	68944.33333333333	23.875	23.89584461200586
-1.9255192609840401	-0.9999981907703968	0.028577757350311667	0.14580002893015487	5760030.0	33563.25	23.92	23.99302519749557
-1.8545436726695366	-0.999998018898746	0.027496672509806037	0.15652435272056725	5194413.8	29455.2	23.78	23.83270041447124
-1.8545436726695366	-0.9999978608373242	0.08454141387916407	0.15652435272056725	5194413.8	66948.65	23.87	23.905748406903918
-2.1459659646719342	-0.9999983383659184	0.04445591093675831	0.11695500805592267	6392548.5	41029.725	23.13	23.190057003663487
-2.268144556192234	-0.9999983075160144	0.06828767813733916	0.10350404797290139	7022348.4	145103.9	23.52	23.569282746723424
-2.268144556192234	-0.9999985963003194	0.025115452178492384	0.10350404797290139	7022348.4	19095.65	23.68	23.72586292263497
-2.268144556192234	-0.9999986932858923	-0.012720873942650476	0.10350404797290139	7022348.4	-9663.375	23.634999999999998	23.674711253895783
-2.3974685960925015	-0.9999984258767274	0.04200981195974152	0.09094788797684751	6763784.6	42066.5	22.56	22.676064779665356
-2.3974685960925015	-0.9999983131991974	0.041939456946564924	0.09094788797684751	6763784.6	90142.425	22.705	22.721318126454673
-2.3974685960925015	-0.9999984025023475	-0.050774112665075116	0.09094788797684751	6763784.6	-49271.925	22.745	22.7692849049077
-2.3974685960925015	-0.9999989290528377	-0.0014822827875821552	0.09094788797684751	6763784.6	-1398.2	22.775	22.800204362990257
-2.3974685960925015	-0.9999982623549103	0.07056779196761247	0.09094788797684751	6763784.6	127140.65	22.81	22.819672021896938
-1.5744117665690487	-0.9999981591629645	0.013821515047820488	0.20712935726535106	5292146.142857143	17016.178571428572	23.32	23.38653442512843
-0.7775934178618665	-0.9999979580247619	0.06202966364844702	0.4595105315503085	5574582.0	87829.0	23.67	23.839129496817726
-0.7775934178618665	-0.9999979758238929	0.09673914189310276	0.4595105315503085	5574582.0	79532.66666666667	23.900000000000002	23.967351396772393
-0.7775934178618665	-0.9999984184628552	-0.009265765175673485	0.4595105315503085	5574582.0	-6743.0	23.915	23.92428327900728
-2.046781303570168	-0.9999983529478292	0.022101104503986294	0.1291499297256451	6126258.2	24106.225	23.82	23.832115295432654
-2.046781303570168	-0.999998246766774	0.05468599728583003	0.1291499297256451	6126258.2	46200.125	23.745	23.765164200913244
-2.303749808269709	-0.9999984531106955	0.06987370538229526	0.0998835962741915	7289338.2	78888.175	23.42	23.4870694172047
