-2.2806901527121557	-0.9999988849334048	0.07355056089749828	0.10221363934679348	10800800.6	170008.9	24.05	24.09124460373055
-2.2806901527121557	-0.9999989900899349	0.03430073283910338	0.10221363934679348	10800800.6	54601.625	24.055	24.102975713230514
-2.380527882850511	-0.999998347705739	0.0482738999998996	0.09250173454048792	7545308.9	259644.0	24.22	24.24461934411365
-2.380527882850511	-0.9999985193388864	0.04590768603288965	0.09250173454048792	7545308.9	71113.425	24.295	24.32086120232741
-2.349099578649858	-0.9999986424785445	0.0712952679028762	0.09545507331764451	8600022.9	117560.35	23.83	23.85967602641401
-2.349099578649858	-0.9999987290146476	0.03773695908756804	0.09545507331764451	8600022.9	55853.375	23.835	23.842084682999623
-2.349099578649858	-0.9999987380859887	0.055404055288231585	0.09545507331764451	8600022.9	51661.6	23.845	23.86025422706539
-2.349099578649858	-0.9999987354132488	0.03216845307778784	0.09545507331764451	8600022.9	52862.85	23.875	23.93176392917303
-2.349099578649858	-0.9999986930168857	0.0703004376668726	0.09545507331764451	8600022.9	76120.4	24.1	24.245114635422958
-2.349099578649858	-0.9999987654346899	0.035745537169623094	0.09545507331764451	8600022.9	40833.8	24.25	24.253716012676605
-1.8675183586194701	-0.999999301174358	0.01784609397582307	0.15450661645351244	15525732.8	51521.825	24.01	24.20208726120569
-1.9377858975853908	-0.9999992677777418	0.03666432277188996	0.14402247753630915	16029552.3	125139.825	24.1	24.496910329981205
-1.9377858975853908	-0.999999300827222	0.03766408766931236	0.14402247753630915	16029552.3	73674.575	24.689999999999998	24.734786962633105
-1.9377858975853908	-0.9999993247768525	0.034342902971620924	0.14402247753630915	16029552.3	50186.675	24.645000000000003	24.67822017870006
-2.2428826884756514	-0.9999990559830693	0.05292921982926523	0.10615205958019923	12548678.9	139547.2	24.2	24.267157982963752
-1.2923458283111802	-0.9999991961986626	0.026649943609898866	0.27462580189688374	13777221.6	64481.5	25.635	25.876103235331268
-2.1581069437999916	-0.9999991224082936	0.03998267511873349	0.11554364474703184	13261369.9	113330.025	24.32	24.409527990264255
-2.1581069437999916	-0.9999991658537934	0.039194853004744956	0.11554364474703184	13261369.9	63697.825	24.365000000000002	24.401894328928584
-2.1581069437999916	-0.9999991491189453	0.01225968292224395	0.11554364474703184	13261369.9	79525.725	24.355	24.421735863190104
-2.1581069437999916	-0.9999993078898725	-0.002269194924662996	0.11554364474703184	13261369.9	-9683.95	24.425	24.47528520129539
-2.410138707815965	-0.9999985514071734	0.05652103260166835	0.08980283735287407	7554858.0	56607.425	24.22	24.304586121681318
-2.410138707815965	-0.9999986609903072	0.023171653182755943	0.08980283735287407	7554858.0	24735.325	24.315	24.355437660119556
-2.410138707815965	-0.9999985508950927	0.0641480980947986	0.08980283735287407	7554858.0	56826.85	24.345	24.414707881643253
-2.410138707815965	-0.9999985478706411	0.08411759769726634	0.08980283735287407	7554858.0	58140.275	24.455	24.515406033669276
-1.586003420005887	-0.9999991677986549	0.01327111483469558	0.20474224754253836	13061065.285714285	52544.57142857143	25.310000000000002	25.337643446779353
-1.586003420005887	-0.9999991868912783	0.02768151896059406	0.20474224754253836	13061065.285714285	40947.32142857143	25.38	25.398248178656416
-0.7815363667990466	-0.9999991089945985	0.028779173727744523	0.4577022722680436	13959029.333333334	252096.33333333334	25.28	25.351840071927395
-0.7815363667990466	-0.9999991382291467	0.07514259807932655	0.4577022722680436	13959029.333333334	167624.0	25.375	25.604723304500947
-0.7815363667990466	-0.9999991912733572	0.04402343265978586	0.4577022722680436	13959029.333333334	79939.58333333333	25.73	25.7399403726343
-0.7815363667990466	-0.9999990860149826	0.09859676629798585	0.4577022722680436	13959029.333333334	347437.75	25.695	25.753714182155193
-0.28636129840432956	-0.9999989516940754	0.01667098998868014	0.7509912349902174	10690680.0	73650.75	25.22	25.22690206404549
-2.058359635337624	-0.9999991876136458	0.041574553409656816	0.12766321245324594	14578581.1	139167.45	24.52	24.53699156660529
-2.058359635337624	-0.9999991702341152	0.020293064107429717	0.12766321245324594	14578581.1	179297.85	24.53	24.543660992051812
-2.058359635337624	-0.9999993055127896	-0.0035780439584170475	0.12766321245324594	14578581.1	-24949.225	24.57	24.60399415788341
