-1.9297014979284743	-0.9999980550413011	0.04845603251718483	0.1451915319887981	5634450.0	57454.875	17.03	17.187592170280126
-1.9297014979284743	-0.9999983073768798	0.03387865827579886	0.1451915319887981	5634450.0	13862.3	17.39	17.415501022494887
-1.9297014979284743	-0.9999984783453683	-0.008257604283163893	0.1451915319887981	5634450.0	-5289.6	17.415	17.474663342741813
-1.9297014979284743	-0.9999981014559959	0.07069925178805585	0.1451915319887981	5634450.0	44233.1	17.725	17.859602302459447
-1.9297014979284743	-0.9999982547426579	0.06303651341953266	0.1451915319887981	5634450.0	18648.325	17.82	17.86611723393971
-0.7628287231942285	-0.9999978329013083	0.02642314394678625	0.46634539743503434	4766849.333333333	30644.25	19.01	19.010562739880335
-2.080949524758437	-0.9999980504812406	0.0384588677940468	0.12481164416957108	6113271.5	149931.05	17.2	17.237975141190983
-2.2332529688866427	-0.9999982554897635	0.04385082500807495	0.10717921180426389	6170206.3	47285.875	17.38	17.610710047930667
-2.2332529688866427	-0.9999983844394248	0.06526076229954153	0.10717921180426389	6170206.3	21339.075	17.7	17.784440330116198
-2.2332529688866427	-0.9999981089499892	0.057391936926520185	0.10717921180426389	6170206.3	116793.2	17.79	17.79002772119009
-2.034933425163385	-0.9999982630681078	0.021284697172192574	0.1306891828254045	6267202.9	53406.4	17.34	17.488633090918228
-2.199101162955577	-0.9999981942021899	0.04839219877951529	0.11090279711850339	6272209.2	82977.9	17.17	17.215732204775588
-2.199101162955577	-0.9999983574306159	0.058308180148317394	0.11090279711850339	6272209.2	29807.2	17.255000000000003	17.398905762134543
-2.199101162955577	-0.999998406014986	0.09184504812026116	0.11090279711850339	6272209.2	21977.225	17.46	17.491196412997294
-2.199101162955577	-0.9999983608732677	0.06064340895105361	0.11090279711850339	6272209.2	29170.45	17.47	17.49888538132189
-1.8700409184129523	-0.9999978735088897	0.03645971877870305	0.15411735544851568	5018189.6	43092.85	16.38	16.409631869454326
-1.8700409184129523	-0.9999981739612619	-0.010700061807961956	0.15411735544851568	5018189.6	-9540.525	16.439999999999998	16.55424691591711
-1.8700409184129523	-0.9999979473379336	0.055335588850997264	0.15411735544851568	5018189.6	29750.875	16.48	16.518377186262125
-1.8700409184129523	-0.9999980763866902	0.0515483408694178	0.15411735544851568	5018189.6	15568.3	16.619999999999997	16.717721194809034
-1.8700409184129523	-0.9999979787759661	0.049850359862249234	0.15411735544851568	5018189.6	25408.678571428572	16.795	16.86299130066658
-1.8700409184129523	-0.999997975813277	0.044962349293876006	0.15411735544851568	5018189.6	25789.275	16.91	16.911664350243225
-2.1232753575564924	-0.9999981608309915	0.05488813767558189	0.11963912515530732	5982511.4	60044.0	17.580000000000002	17.665905533358117
-1.0532708574744412	-0.9999977341599747	0.023211774526657753	0.3487950224756536	4451333.5	24003.8125	18.89	18.89952066070434
-1.6402262821821758	-0.9999977986320007	0.02654668026848546	0.19393615302948994	4673900.625	29405.625	17.04	17.08015235450689
