-1.6762327207106935	-0.999998339597548	0.05018293995454424	0.18707742306815406	6620322.25	59419.78125	23.22	23.34708591382264
-2.22024192632937	-0.9999979415464137	0.08418982654999405	0.10858283660002341	5355224.8	61295.725	23.035	23.263764925953886
-2.22024192632937	-0.9999978691459945	0.07803439469337832	0.10858283660002341	5355224.8	90326.95	23.244999999999997	23.25380827992183
-2.22024192632937	-0.9999980433540281	0.05748123790213911	0.10858283660002341	5355224.8	35534.2	23.465	23.63683211528928
-2.22024192632937	-0.9999979833321373	0.07591860747031572	0.10858283660002341	5355224.8	49005.575	23.755000000000003	23.77330549844445
-2.22024192632937	-0.9999979794609062	0.05985381367134909	0.10858283660002341	5355224.8	50032.15	23.875	23.92206420201282
-1.4385912056299026	-0.9999982201289861	0.03497753435555455	0.23726177640056978	5972765.0	41387.208333333336	22.580000000000002	22.624700912975065
-1.4385912056299026	-0.9999981415878508	0.06283503762678522	0.23726177640056978	5972765.0	66160.83333333333	22.625	22.658921313685834
-1.4385912056299026	-0.9999983887501751	0.02144946013191809	0.23726177640056978	5972765.0	15116.625	22.665	22.761825892056663
-1.4385912056299026	-0.9999979945275935	0.0658280296596945	0.23726177640056978	5972765.0	159246.58333333334	22.86	22.860741488804884
-2.1357069239778532	-0.9999980539629486	0.06995487243675842	0.11816102997935081	5646681.1	59197.45	22.48	22.489866688123925
-2.1357069239778532	-0.9999981106137247	0.06129576703696866	0.11816102997935081	5646681.1	42990.675	22.549999999999997	22.690578467158712
-2.1357069239778532	-0.9999980855039213	0.08245608691339087	0.11816102997935081	5646681.1	49539.65	22.7	22.716331168831168
-2.1357069239778532	-0.9999981418098224	0.05329857427484669	0.11816102997935081	5646681.1	36047.025	22.64	22.67223252220935
-2.1357069239778532	-0.9999980399170646	0.09230422324065728	0.11816102997935081	5646681.1	64083.85	22.68	22.695805914287227
-2.1357069239778532	-0.999997932892752	0.07073170621380333	0.11816102997935081	5646681.1	117276.175	22.705	22.712114009937405
-2.037021700092733	-0.9999982131025317	0.04670108768637282	0.1304165526438358	5991767.7	44651.9	22.06	22.200280713720854
-2.037021700092733	-0.9999982753018376	0.03937293988756559	0.1304165526438358	5991767.7	30759.625	22.3	22.368635566467905
-2.037021700092733	-0.999998229621131	0.06297347047228984	0.1304165526438358	5991767.7	40444.025	22.365000000000002	22.38025974025974
-2.258627443006198	-0.9999980231620269	0.07693737395964138	0.10449381008101027	5505480.3	53285.725	23.67	23.887816852966466
-2.258627443006198	-0.9999980248108508	0.08265588552319048	0.10449381008101027	5505480.3	52804.2	24.11	24.180751674577177
-2.258627443006198	-0.9999979169440865	0.08746511195045177	0.10449381008101027	5505480.3	95627.225	24.185000000000002	24.20795060859265
-2.258627443006198	-0.9999980950940167	0.05912189788338574	0.10449381008101027	5505480.3	35860.6	24.185000000000002	24.18875726294057
-2.258627443006198	-0.9999978758304772	0.07860539147213091	0.10449381008101027	5505480.3	119918.2	24.21	24.239884023253772
-2.258627443006198	-0.9999979730165091	0.06733142975973536	0.10449381008101027	5505480.3	70228.075	24.33	24.368343353518707
-1.9807158157832971	-0.9999980541420253	0.0540795758707108	0.13797044053600188	6568016.1	355195.525	21.93	21.931876086991025
-2.179410320543565	-0.9999979476738855	0.07907242917251806	0.11310820856616184	5351755.7	58896.15	22.73	22.869522025129342
-2.179410320543565	-0.9999980368747148	0.055591080512484396	0.11310820856616184	5351755.7	36539.15	22.895000000000003	22.948005235155204
-2.179410320543565	-0.9999980094353602	0.07237231729288462	0.11310820856616184	5351755.7	42319.025	22.96	23.014685730324956
-2.179410320543565	-0.9999980368016035	0.05698860709604113	0.11310820856616184	5351755.7	36553.45	23.12	23.140149425287355
-2.179410320543565	-0.9999977443759698	0.07736692918626595	0.11310820856616184	5351755.7	174825.4	23.125	23.161989153475634
-2.2949865359291333	-0.9999980350130226	0.08018376092059613	0.10076274993597642	5528513.4	52231.325	24.3	24.348126628739216
-1.5679226010346254	-0.9999981192835511	0.04448981963004755	0.20847782443310875	6457562.428571428	188120.60714285713	23.02	23.021253674661615
-1.5679226010346254	-0.9999983671862771	0.05308382606499182	0.20847782443310875	6457562.428571428	37947.92857142857	23.06	23.141340234516058
-1.5679226010346254	-0.9999982609817214	0.0982112779682473	0.20847782443310875	6457562.428571428	75342.96428571429	23.29	23.34568968526383
-0.7732718527918483	-0.9999977371215016	0.07023146140928131	0.4615006332926013	5008506.333333333	83585.83333333333	22.55	22.915315670696028
-0.7732718527918483	-0.999997715097139	0.08780938474912411	0.4615006332926013	5008506.333333333	93334.0	23.075000000000003	23.1269147911556
-0.2815739309762811	-0.9999972000606073	0.02880442912102123	0.7545951256586654	3528842.5	19545.375	22.365000000000002	22.50175765768288
-0.2815739309762811	-0.9999969733916266	0.06986587422696972	0.7545951256586654	3528842.5	43495.0	22.535	22.544806991988345
-1.0691547832714243	-0.9999977473118774	0.058989224948280745	0.3432985565113526	4940386.5	68127.4375	22.85	23.050116278072338
-2.0883625873046636	-0.9999982321893369	0.05619597429843158	0.12388982860447646	6147285.9	52429.175	22.21	22.331681545799192
-2.0883625873046636	-0.9999982996190961	0.04382774035318318	0.12388982860447646	6147285.9	34637.725	22.384999999999998	22.385798224374497
-2.0883625873046636	-0.9999979610246796	0.06186503815377453	0.12388982860447646	6147285.9	277662.225	22.415	22.426475360329245
