-2.1721297005350815	-0.9999961652350258	0.0687811168102287	0.11393471152867891	3133219.0	165239.7	18.76	18.76665053763441
-2.1721297005350815	-0.9999964986918131	0.1079351666551845	0.11393471152867891	3133219.0	58124.825	18.73	18.750172786177107
-2.1721297005350815	nan	nan	0.11393471152867891	3133219.0	nan	18.755000000000003	18.79523940561365
-2.1721297005350815	nan	nan	0.11393471152867891	3133219.0	nan	18.810000000000002	18.90826103427169
-1.872953875391185	-0.9999969508088066	0.05900548430364998	0.153669071455474	3574421.0	54126.25	18.665	18.780725161466062
-1.725840029453474	-0.9999966365487063	0.06446352590110048	0.17802344400785597	3500311.4444444445	129718.15625	18.0	18.089645964748804
-1.725840029453474	-0.9999970529023453	0.06479381953340003	0.17802344400785597	3500311.4444444445	30203.90625	18.155	18.19124360495442
-1.725840029453474	-0.9999969632748792	0.08274207438697384	0.17802344400785597	3500311.4444444445	41334.77777777778	18.235	18.250330268409108
-1.725840029453474	-0.9999968259131312	0.07976039910108404	0.17802344400785597	3500311.4444444445	66854.75	18.275	18.370288911545135
-1.4065417648523393	-0.9999970303159714	0.07549844326546684	0.24498904962306542	3804537.1666666665	80681.2	18.14	18.169712104973325
-1.4065417648523393	-0.9999970180252167	0.11147528857227171	0.24498904962306542	3804537.1666666665	84543.55	18.195	18.208711653474055
-1.4065417648523393	-0.9999972976095112	0.0496968675174812	0.24498904962306542	3804537.1666666665	29182.1	18.150000000000002	18.19678987341772
-0.2712590673409229	-0.9999979313706142	0.12989727761584466	0.7624189529668293	5885981.5	194057.375	17.85	18.044878510000085
-0.2712590673409229	-0.9999979598714488	0.13929776448171605	0.7624189529668293	5885981.5	164087.125	18.18	18.22712325790329
-2.276579083100392	-0.9999960715180783	0.03429006265589133	0.10263471166919302	2563048.5	23596.35	18.35	18.350032286138042
-2.276579083100392	-0.9999960774637509	0.05317557328063859	0.10263471166919302	2563048.5	23239.475	18.340000000000003	18.444973098815904
-1.934695058354739	-0.9999965704023266	0.05619727966182322	0.14446831651333883	3148747.8	48967.775	18.650000000000002	18.77099786740409
-2.307035539189811	-0.9999952211928409	0.05066219844881345	0.09955594423649633	2358697.5	78570.2	18.32	18.336714426700453
-2.244189414532967	-0.9999965613091522	0.030752275819913695	0.10601343850751696	2896018.7	21130.35	18.28	18.34282894736842
-2.244189414532967	-0.9999965495506453	0.0513786630136703	0.10601343850751696	2896018.7	21862.325	18.335	18.405262193089655
-2.244189414532967	-0.9999963188141227	0.09527065862458191	0.10601343850751696	2896018.7	42649.025	18.295	18.36235851015239
-2.244189414532967	-0.9999962109910217	0.11695214117924693	0.10601343850751696	2896018.7	58280.55	18.395000000000003	18.39733391833081
-2.1322205217778416	-0.9999970164686891	0.024071104062497545	0.11857370581318787	3280011.8	17782.35	18.7	18.774730931391336
-2.1322205217778416	-0.9999969460753564	0.05581346589724188	0.11857370581318787	3280011.8	22401.075	18.79	18.80303310786757
-2.1322205217778416	-0.9999964179914672	0.0876565350894863	0.11857370581318787	3280011.8	126629.7	18.795	18.801726791178588
-2.1322205217778416	-0.9999965583390573	0.08217644830950303	0.11857370581318787	3280011.8	79911.575	18.81	18.81654792933681
-0.7555499248052513	-0.9999973479621422	0.11135449413257216	0.46975221529140887	4830117.0	365729.9166666667	18.23	18.301097881031772
-0.7555499248052513	-0.9999976375157275	0.09988479644915008	0.46975221529140887	4830117.0	90315.5	18.23	18.301097881031772
-1.9905137562355584	-0.9999966762853543	0.05034867881900661	0.13662521535530905	3291142.3	56319.725	18.81	18.832232545855916
-1.9905137562355584	-0.9999967608054898	0.08110576281166873	0.13662521535530905	3291142.3	42643.35	19.0	19.093332806456818
-1.9905137562355584	-0.999996709580322	0.08749713972693927	0.13662521535530905	3291142.3	50474.3	19.115000000000002	19.123168554394013
-1.9905137562355584	nan	nan	0.13662521535530905	3291142.3	nan	19.13	19.154439151595266
-2.041785633626375	-0.99999657666656	0.06022550005960931	0.1297967344140128	3363440.6	100124.4	19.14	19.147578824696033
-2.041785633626375	-0.9999967167864254	0.10936072779704556	0.1297967344140128	3363440.6	62497.25	19.215	19.24548125633232
-2.041785633626375	nan	nan	0.1297967344140128	3363440.6	nan	19.215	19.218004824259133
-2.041785633626375	-0.999996735847126	0.07955925263266764	0.1297967344140128	3363440.6	58616.25	19.195	19.21224906785981
-1.803657902098083	-0.9999970779224454	0.05514041790960713	0.1646953455944334	3693995.5	48733.444444444445	18.165	18.250191503212477
-1.803657902098083	-0.9999970496255143	0.09805555370961852	0.1646953455944334	3693995.5	54103.36111111111	18.36	18.366985478123723
-1.803657902098083	-0.9999970896164508	0.0768803831779464	0.1646953455944334	3693995.5	46673.055555555555	18.435000000000002	18.49704627175996
-1.803657902098083	-0.9999970946184812	0.0846024025394241	0.1646953455944334	3693995.5	45818.555555555555	18.605	18.693387557284513
-1.803657902098083	-0.9999971437490506	0.08353919109050542	0.1646953455944334	3693995.5	38213.8	18.71	18.711085568326947
