-2.2067216064418576	-0.9999993966857914	0.020392176035713958	0.11006088058353057	20184701.4	194407.55	26.1	26.328626412080993
-2.2067216064418576	-0.9999994324114002	0.05324927756150192	0.11006088058353057	20184701.4	94522.75	26.740000000000002	26.903934332713547
-2.2067216064418576	-0.9999993888356677	0.054680319489910006	0.11006088058353057	20184701.4	227786.75	26.97	27.023451847105715
-2.113788350203963	-0.9999994472573573	0.013953095676136076	0.12077954344019394	20113841.8	67357.075	24.625	24.865552288076596
-2.113788350203963	-0.9999994850967387	0.009199238628655675	0.12077954344019394	20113841.8	31465.625	25.080000000000002	25.187844714858425
-2.113788350203963	-0.9999994659222697	0.021516667478840394	0.12077954344019394	20113841.8	46273.9	25.35	25.39384736104732
-2.113788350203963	-0.9999994252835332	0.03079047739094333	0.12077954344019394	20113841.8	104793.45	25.655	25.67894074630595
-2.113788350203963	-0.999999415541737	0.059518568064788675	0.12077954344019394	20113841.8	127477.25	25.770000000000003	25.984466994027596
-1.8689818165471412	-0.9999994998361449	0.0028881446893033783	0.15428066789421746	19171127.2	14597.95	25.090000000000003	25.48814430523179
-1.6961811878848114	-0.9999993962417351	0.006624433062915385	0.18338249187158046	19035235.875	97994.90625	24.86	24.931573597840774
-1.6961811878848114	-0.9999994252553165	0.03178638062329753	0.18338249187158046	19035235.875	56408.9375	24.86	24.969763419713097
-1.6961811878848114	-0.9999993809094022	0.0786408877347075	0.18338249187158046	19035235.875	131206.53125	25.0	25.154308019468388
-2.3901499284845014	-0.9999994986821751	0.0012984569208494316	0.09161594700766554	19008702.1	13757.35	25.86	25.924038982906627
-2.3901499284845014	-0.9999994069366553	0.043159635202335185	0.09161594700766554	19008702.1	78696.325	25.89	25.919615637751743
-2.3901499284845014	-0.999999434694168	0.027013047383890734	0.09161594700766554	19008702.1	46430.35	25.935000000000002	25.98449843620124
-1.2945599341170546	-0.9999994291151819	-0.008192396687355582	0.27401842396209397	18621136.2	-41377.8	25.7	26.03778769882671
-1.2945599341170546	-0.9999996176453332	-0.0003888277967209664	0.27401842396209397	18621136.2	-1235.3	26.119999999999997	26.169534493162427
-2.4203127740646253	-0.9999994575232177	0.009956795722000988	0.08889380943270195	20190251.8	57109.475	26.02	26.04111227756244
-2.4203127740646253	-0.999999473892687	0.014874906072169198	0.08889380943270195	20190251.8	41036.4	26.125	26.351092859145044
-2.4203127740646253	-0.9999994310484891	0.04688929111545196	0.08889380943270195	20190251.8	97466.5	26.665	26.85162827741334
-0.2872695082736815	-0.9999992699323008	-0.026264491251005908	0.7503094869708037	15958190.0	-114754.5	25.95	26.11815663368831
-1.7885805483925628	-0.9999994010322711	-0.012826426956770434	0.16719732982711777	18387939.333333332	-60704.055555555555	24.830000000000002	24.975786424362376
-2.16216830747592	-0.9999994004731614	0.013701673820740291	0.11507533162394784	19271003.8	104138.225	25.95	26.013526934010216
-2.16216830747592	-0.9999994116262212	0.016452233949869017	0.11507533162394784	19271003.8	83997.425	25.935000000000002	25.952137435350622
-2.16216830747592	-0.9999994980710029	0.01089391174921293	0.11507533162394784	19271003.8	15876.775	25.92	25.96795575918945
