-2.2453718947137618	-0.9999983624653617	0.03969148762303815	0.10588815380552084	6705320.5	58698.975	21.28	21.365506103146682
-2.2453718947137618	-0.9999984445317914	0.03692158574243398	0.10588815380552084	6705320.5	33856.4	21.46	21.532918904801974
-2.2453718947137618	-0.9999982615674178	0.09819614656224672	0.10588815380552084	6705320.5	115466.875	21.575000000000003	21.597750033648037
-2.168195603600037	-0.9999979348001542	0.055646668907916585	0.11438382457598276	6085521.0	287165.375	20.75	20.774599550010795
-2.168195603600037	-0.9999981183583182	0.07022718524046989	0.11438382457598276	6085521.0	93972.675	20.745	20.78003440310205
-2.168195603600037	-0.9999982377838567	0.07053176841789216	0.11438382457598276	6085521.0	45432.425	20.855	20.88900173948634
-1.5595464294965022	-0.9999985231914064	0.02751966602673336	0.2102314043428986	6869814.428571428	25472.678571428572	21.080000000000002	21.24855009106794
-1.5595464294965022	-0.9999982468505094	0.0284525263037068	0.2102314043428986	6869814.428571428	170042.85714285713	21.36	21.382261802850078
-1.9698525696953995	-0.9999982752998494	0.03326429550985169	0.1394774178975117	6150398.5	40439.75	21.990000000000002	22.016841218450388
-2.2080312487497236	-0.9999980211608323	0.05697466856511579	0.10991683454286051	6307647.6	263502.025	20.900000000000002	20.905960872148963
-2.2080312487497236	-0.999998326222869	0.053791004094641284	0.10991683454286051	6307647.6	38467.55	20.89	20.909050485423805
-2.2080312487497236	-0.9999982479839388	0.08610190629530148	0.10991683454286051	6307647.6	63012.225	20.93	20.967224869114467
-2.2080312487497236	-0.9999982647891393	0.07553738572177429	0.10991683454286051	6307647.6	56674.575	20.97	21.158284387125292
-2.2080312487497236	-0.9999982158770813	0.07848061191536324	0.10991683454286051	6307647.6	77157.625	21.255000000000003	21.255009467155407
-2.078926244218463	-0.9999983203440262	0.04310380939241413	0.12506442878123966	6586754.2	63797.25	20.53	20.578177100861257
-2.078926244218463	-0.9999987827435567	0.003541127580754029	0.12506442878123966	6586754.2	3033.4	20.53	20.538349056875862
-2.078926244218463	-0.9999984228990376	0.057811133333903156	0.12506442878123966	6586754.2	32465.9	20.575000000000003	20.57709520883751
-2.078926244218463	-0.9999984139463337	0.04327638216845456	0.12506442878123966	6586754.2	34438.025	20.595	20.68056022639534
-2.078926244218463	-0.999998379998219	0.05999245702489182	0.12506442878123966	6586754.2	43067.775	20.72	20.76517236589262
-0.281418394712877	-0.9999987304805164	0.019215001670646378	0.7547125016927715	7786660.5	19638.875	22.09	22.099347029573405
-1.4322503774204762	-0.9999983750502798	0.018920031249480558	0.2387709923482793	7052590.333333333	94854.0	20.87	20.91619851386111
-1.4322503774204762	-0.999998431261808	0.07157428466844068	0.2387709923482793	7052590.333333333	63809.166666666664	20.79	20.992987957384788
-1.4322503774204762	-0.999998536503535	0.03459822954016338	0.2387709923482793	7052590.333333333	30376.0	21.145000000000003	21.18731839764043
-1.4322503774204762	-0.9999985216005663	0.03373765763531858	0.2387709923482793	7052590.333333333	33742.583333333336	21.255	21.285673280989
-2.3449369755256324	-0.9999982792499678	0.03796359849240133	0.0958532430403931	6271880.0	48645.625	21.35	21.39831173300307
-2.3449369755256324	-0.999998341064347	0.0381357459445653	0.0958532430403931	6271880.0	33011.625	21.365000000000002	21.394859838745514
-2.3449369755256324	-0.9999981542984612	0.08795865650146004	0.0958532430403931	6271880.0	106511.6	21.445	21.46383627592672
-2.3449369755256324	-0.9999983037869603	0.07299779117309362	0.0958532430403931	6271880.0	41706.85	21.485	21.489121507945868
-1.8367882877919297	-0.9999984037543161	0.03446394972734808	0.15932832195926405	6659792.3	41383.625	21.38	21.51866994328249
-1.8367882877919297	-0.9999988974219228	-0.001915412981271931	0.15932832195926405	6659792.3	-1544.25	21.575000000000003	21.607139339185235
-1.8367882877919297	-0.999998533085917	0.030318148319777236	0.15932832195926405	6659792.3	17488.275	21.62	21.622670783764868
-1.8367882877919297	-0.9999984010102617	0.048558114547350095	0.15932832195926405	6659792.3	42146.875	21.765	21.776293391922653
