-1.6573296516710234	-0.9999980484479678	0.004704409448340547	0.1906473959308722	4648887.75	8711.78125	19.7	19.758412195520602
-1.6573296516710234	-0.9999979073894278	0.02845763382122753	0.1906473959308722	4648887.75	16785.1875	19.895000000000003	20.105959646786655
-1.6573296516710234	-0.9999977827851462	0.04991677188205934	0.1906473959308722	4648887.75	29957.9375	20.1	20.1376827987746
-1.425331434352248	-0.9999977579040413	0.012738677703453164	0.24042876364994387	4721051.833333333	39538.333333333336	19.615000000000002	19.62171171784975
-1.425331434352248	-0.9999978007595125	0.05155070518644244	0.24042876364994387	4721051.833333333	32295.958333333332	19.655	19.699488539496116
-1.425331434352248	-0.9999977766994714	0.051040748238381076	0.24042876364994387	4721051.833333333	36181.0	19.725	19.780124887704158
-1.425331434352248	nan	nan	0.24042876364994387	4721051.833333333	nan	19.795	19.820761202424848
-1.425331434352248	-0.9999977568377598	0.0552443972387446	0.24042876364994387	4721051.833333333	39737.875	19.985	19.99520947838919
-2.1089973651060903	-0.9999973863715378	0.020980261597794973	0.12135958480821929	3717442.2	16580.0	19.0	19.09277353129593
-2.1089973651060903	-0.9999972603852993	0.051311963322297136	0.12135958480821929	3717442.2	26484.675	19.085	19.095085587842348
-2.1089973651060903	-0.9999974684610589	0.02429478178884988	0.12135958480821929	3717442.2	12219.25	18.770000000000003	18.773638103543412
-1.7475905369022249	-0.999997940837215	0.008541573284932382	0.1741931501833113	4422588.666666667	9015.666666666666	19.900000000000002	20.063070444104135
-2.012678567784369	-0.9999973426292806	0.024345832350669575	0.1336302571584607	3935791.0	34850.65	19.21	19.257388372395745
-2.012678567784369	-0.9999972901414219	0.041465310088565764	0.1336302571584607	3935791.0	42847.975	19.340000000000003	19.366441816351504
-2.012678567784369	-0.9999973360289252	0.06701548829876032	0.1336302571584607	3935791.0	35767.875	19.32	19.411114411157026
-2.012678567784369	-0.9999972990334173	0.0727653975412193	0.1336302571584607	3935791.0	41374.325	19.425	19.477024072616725
-1.8260857900413678	-0.9999979145288439	0.011871443899519853	0.1610426906158677	4511359.3	12188.25	19.84	19.860062997995637
-1.8260857900413678	-0.9999979157830656	0.01725409044296956	0.1610426906158677	4511359.3	12119.475	19.855	19.894863852961198
-2.2934340751608002	-0.9999969682542901	0.04531775750121578	0.10091930164090891	3472041.1	37283.975	18.740000000000002	18.952341343976375
-2.2934340751608002	-0.9999970241457524	0.06951652900232859	0.10091930164090891	3472041.1	30707.3	18.995	19.03266578384435
-2.2934340751608002	-0.9999977325981789	-0.005809995012062304	0.10091930164090891	3472041.1	-2623.15	19.225	19.23813596094739
-2.2934340751608002	-0.9999966952216497	0.05428604903531059	0.10091930164090891	3472041.1	96212.625	19.259999999999998	19.26450912399033
-2.380300216488878	-0.9999970013732534	0.04784047620208569	0.09252279647129115	3574096.8	45132.6	19.03	19.133626352075538
-2.380300216488878	-0.9999971440122192	0.058446380381431906	0.09252279647129115	3574096.8	27106.8	19.17	19.207149430882343
-2.380300216488878	-0.9999988690363143	0.0001156770882867386	0.09252279647129115	3574096.8	55.95	19.11	19.121394602306502
-2.380300216488878	-0.9999971995017072	0.05041920366952335	0.09252279647129115	3574096.8	22230.2	19.105	19.14666696304529
-2.380300216488878	-0.9999971999091449	0.044317364626286576	0.09252279647129115	3574096.8	22197.85	19.150000000000002	19.15765546444355
-2.1512249016017013	-0.9999969246112503	0.034290569117846004	0.11634156349187816	3558800.9	56651.775	18.985	19.013333617569188
