-0.7809620332312152	-0.9999968292193918	-0.008738723192706422	0.4579652215501515	2944544.0	-11343.666666666666	24.03	24.05072271530284
-0.7809620332312152	-0.9999965683731191	0.025045440330802877	0.4579652215501515	2944544.0	24453.666666666668	24.23	24.44474058577406
-0.7809620332312152	-0.9999968151076104	0.02906595657517411	0.4579652215501515	2944544.0	11825.0	24.51	24.52628513030148
-1.7756914234584835	-0.9999956637903233	-0.012496217113291356	0.16936630516949727	2181010.222222222	-12800.5	22.73	23.004135158626685
-1.7756914234584835	-0.9999955282943026	0.02636563848893603	0.16936630516949727	2181010.222222222	17201.944444444445	23.145	23.273870427254955
-2.0988111321146112	-0.9999940336663528	0.01842074891851542	0.12260209934257373	1611011.3	14939.5	24.1	24.23438179139038
-2.0988111321146112	-0.9999938833921651	0.04360775906907302	0.12260209934257373	1611011.3	19031.9	24.435000000000002	24.49566690097017
-2.0988111321146112	-0.9999943179877798	0.04317428536703271	0.12260209934257373	1611011.3	9449.15	24.515	24.51769078295342
-1.8554722620817194	-0.9999957155045675	-0.007704270560501552	0.15637907332677498	2085420.7	-7591.95	23.39	23.674684596731016
-1.9894566164723215	-0.9999952519057261	0.0022798462973431174	0.13676972367240817	1579838.1	1809.25	23.64	23.88080980631408
-2.1470613421834615	-0.9999933141852386	0.03255002573639126	0.11682696830896973	1520534.7	26003.2	24.5	24.609842268148302
-2.046682829861976	-0.9999945248040727	0.0060099965201986655	0.12916264822434637	1546248.9	4749.55	23.81	24.189344109299665
-2.1912989495713284	-0.9999943842370247	0.050949247823133675	0.1117714687807059	1947104.2	56075.7	25.425	25.71402977693239
-1.4484990270463236	-0.9999972664731254	0.0004897318554964773	0.23492263611823908	2499186.6666666665	925.6666666666666	22.990000000000002	23.098698437881378
-1.4484990270463236	-0.9999961075823	0.021543560504731482	0.23492263611823908	2499186.6666666665	16777.916666666668	23.1	23.221708389986404
