-1.8686046890347299	-0.9999962982559994	0.04781029338652413	0.15433886235138933	3020310.0	71711.075	25.650000000000002	25.845205281772675
-2.3573461796716617	-0.9999954395068839	0.028191207326218198	0.09467113028794054	2258841.5	29774.2	25.41	25.971541435528238
-2.0628272208673266	-0.9999954576869186	0.048024089099691004	0.12709413827292868	2405962.4	55749.1	25.990000000000002	26.07336117936118
-2.0628272208673266	-0.9999955860236938	0.038808777194703936	0.12709413827292868	2405962.4	40938.925	25.995	26.010416337583212
-1.290420011260387	-0.99999658759328	0.040225486178654346	0.2751551905379851	3234597.0	62177.25	24.900000000000002	25.21165399171397
-2.249773282892663	-0.9999949822109835	0.030194518247002942	0.10542312307817148	2028849.3	26378.375	25.8	25.82242741850959
-2.4193686912829775	-0.9999955506147551	0.04008176928997842	0.08897777217523593	2539320.5	80692.65	25.67	25.72090119822547
-2.4193686912829775	-0.9999956576110626	0.06956894307642547	0.08897777217523593	2539320.5	61494.375	25.725	25.973704624121147
-2.1156442979682817	-0.9999952876622858	0.05455357901335665	0.12055559080305332	2335584.3	60237.2	26.0	26.02334804191947
-2.1156442979682817	-0.99999567524798	0.035887034881442806	0.12055559080305332	2335584.3	24362.05	26.045	26.157475381177612
-2.2085322882221075	-0.9999951440414196	0.029004375099757087	0.10986177566456251	2143601.6	33163.675	25.46	25.495962577079855
-1.452581221954463	-0.9999967288434368	0.05682455900900263	0.2339655908809094	3534406.0	104986.375	25.48	26.128290400652066
-0.2852031574553556	-0.9999968090987096	0.05779081166096774	0.751861492534957	3632090.5	107972.625	24.87	25.30129765878757
-2.004846284499799	-0.9999958680018667	0.04475314938356211	0.1346809966612048	2655474.5	58244.125	26.13	26.18827078277555
-1.940419514633632	-0.9999961177269421	0.0468317183764003	0.14364367651150303	2872514.5	69694.125	25.93	26.1624028865893
-2.3237628714739027	-0.9999953234963929	0.023227855727330486	0.0979044895983774	2138434.7	22034.225	24.91	25.16395878857927
-2.3237628714739027	-0.999994963983652	0.06911866238492728	0.0979044895983774	2138434.7	47532.6	25.29	25.43041228609323
-2.3237628714739027	-0.9999954989439658	0.05608430722501065	0.0979044895983774	2138434.7	15140.8	25.5	25.513343504795117
