-2.1285925128876477	-0.9999999977054911	0.08593677915480452	0.11900467357674423	8172918255.555555	139396600.0	3323.304	3327.249601336902
-2.3381082508554143	-0.9999999981261368	0.008526070404383568	0.09651003843103068	8796086680.0	14398900.0	3315.7160000000003	3319.093908945019
-2.3381082508554143	-0.9999999977600438	0.27977153203368216	0.09651003843103068	8796086680.0	360444750.0	3320.9895	3324.6851675246453
-2.3381082508554143	-0.9999999980280678	0.032136823366433954	0.09651003843103068	8796086680.0	34116300.0	3332.5080000000003	3335.397997885144
-2.3381082508554143	-0.9999999978881716	0.0734834754756018	0.09651003843103068	8796086680.0	116782700.0	3312.7005	3314.9650338748224
-2.3381082508554143	-0.9999999978019203	0.10364592247727698	0.09651003843103068	8796086680.0	249382850.0	3320.3325000000004	3323.737730821041
-2.4280793594240713	-0.9999999979621977	0.15626365794127337	0.0882060821769978	9521037530.0	266795200.0	3332.5130000000004	3335.334030078835
-2.4280793594240713	-0.9999999979101346	0.30997898210304525	0.0882060821769978	9521037530.0	437981300.0	3333.4585	3344.1012800510107
-2.4280793594240713	-0.9999999979714845	0.1977759009977982	0.0882060821769978	9521037530.0	244218000.0	3352.0095	3358.012539934967
-0.34533026981393705	-0.9999999970916135	0.030579218480472462	0.7079864882848648	6274864100.0	84286350.0	3265.364	3267.2354795695883
-2.722313572932198	-0.9999999980694447	0.16043895154905327	0.06572252454301804	10121599790.0	306371050.0	3347.1440000000002	3363.373402637071
-2.2389669430044794	-0.9999999975928993	0.20383081889762425	0.1065685389081186	8148015140.0	329501950.0	3317.179	3320.2661149072787
-0.8934108593203718	-0.9999999972862447	0.15378673539334695	0.40925744981356144	7107014833.333333	237742600.0	3296.867	3299.93108421035
-1.4929625423126796	-0.9999999979502594	0.0019025190002912534	0.22470596754458683	7262088480.0	2915050.0	3299.156	3301.828904488875
