-2.240315945324326	-0.999999888643755	0.014658240040471986	0.10642487462542093	129845465.4	1903306.0	3835.549	3836.4551799520773
-2.8984075700879064	-0.9999998707698196	0.04423835218608754	0.05511091047978062	106923124.5	1002185.5	3810.333	3815.6631477790265
-2.8984075700879064	-0.9999998715537064	0.05783742640693381	0.05511091047978062	106923124.5	921610.5	3814.1925	3815.6226240857636
-2.7859819668885644	-0.999999889347407	0.002970540173352604	0.061668502861143865	115160704.8	342089.5	3826.458	3829.606077364279
-3.0456770612731208	-0.99999984895244	0.19522711615278704	0.047564097274837965	100762279.1	4073023.5	3825.202	3837.0699113621445
-2.724440877317442	-0.9999998706318118	0.049022573230525376	0.06558286133409644	115685278.9	3159722.0	3843.257	3845.698889588919
-1.2392331263522258	-0.999999904014124	0.01656402834510384	0.28960622418435933	142381586.0	861663.5	3845.545	3849.147005324867
-1.2392331263522258	-0.9999998960689703	0.0823013191610252	0.28960622418435933	142381586.0	2670735.5	3850.866	3851.933873576947
-2.00520434439901	-0.9999998862553267	0.07234683588437933	0.13463278142960017	132179470.375	3384478.5	3828.342	3835.6529693317966
-2.6587166206998574	-0.9999998734921648	0.11123950593008333	0.07003804947371893	116971713.5	2670664.5	3830.154	3833.1564998852245
-2.6587166206998574	-0.9999998741131793	0.05950941251401014	0.07003804947371893	116971713.5	2483543.0	3835.5975	3836.4549846451323
-2.6587166206998574	-0.9999998841658481	0.036378132277739596	0.07003804947371893	116971713.5	766291.5	3846.808	3846.898511976074
-0.8937274065544495	-0.9999999117973031	0.008892192447794184	0.40912792100187245	147978416.33333334	466071.0	3828.5440000000003	3829.208002957173
-0.8937274065544495	-0.9999999034005849	0.03221917670124505	0.40912792100187245	147978416.33333334	1614648.5	3831.4945000000002	3833.9109666642953
-0.8937274065544495	-0.9999999052718712	0.08056436758858856	0.40912792100187245	147978416.33333334	1224101.5	3835.2245000000003	3839.4730717355396
-2.339599395526929	-0.9999998803305885	0.1727451822119379	0.09636623524380043	128069582.9	4528998.5	3843.572	3847.18266400728
-1.862426545395697	-0.999999903119255	0.014541561827044587	0.15529534160282665	133253986.57142857	404231.5	3830.07	3833.1220628570504
-1.862426545395697	-0.9999998926191358	0.044735606625476945	0.15529534160282665	133253986.57142857	1637903.5	3830.2555	3830.728819040528
-2.5121827749911896	-0.9999998784719105	0.10061516762860409	0.08109104242144631	121250770.6	2508948.0	3832.962	3848.080932268277
-0.3454954200844497	-0.9999998954685457	0.16590876415953842	0.707869573779302	146755057.5	4595184.0	3825.3390000000004	3835.067210570112
-0.3454954200844497	-0.9999998977845498	0.15798047997739748	0.707869573779302	146755057.5	3271090.5	3836.0150000000003	3836.8635769912808
