-2.3401808283646868	-0.9999999032623725	0.030273182887155737	0.0963102210360065	159062346.3	4815323.5	3945.094	3948.604431545317
-0.3455976658365215	-0.9999999144905776	0.055478343956597856	0.707797200822339	169011865.0	1890036.0	4276.342000000001	4281.057646260353
-1.8629300385131198	-0.9999999134644529	0.1018695674457718	0.15521717114795616	175646258.7142857	3991369.0	4022.88	4035.2429551463133
-2.430316470049977	-0.999999899350109	0.1065054387298907	0.08800897596968973	150511855.1	3794266.0	4020.9730000000004	4021.1674707473244
-2.430316470049977	-0.9999999039353838	0.09532714656140462	0.08800897596968973	150511855.1	1902849.5	4025.2665	4034.703768188005
-2.430316470049977	-0.9999998985062165	0.07552319857780426	0.08800897596968973	150511855.1	4308142.5	4039.7980000000002	4041.789603772288
-2.430316470049977	-0.9999999045859055	0.06600138865489978	0.08800897596968973	150511855.1	1725369.5	4046.184	4049.13355059754
-2.130352407626785	-0.9999999141756237	0.06868134076834619	0.118795422062112	172442349.44444445	2675794.0	3846.2670000000003	3859.991661926004
-2.130352407626785	-0.9999999248133593	0.005806688222348244	0.118795422062112	172442349.44444445	427350.0	3865.3445	3866.602713970687
-1.2395221144598911	-0.9999999058053999	0.11229385788343076	0.2895225435216048	161863579.5	4183567.5	4204.4580000000005	4239.3257911056
-2.725261474372319	-0.9999998819513429	0.04135806072130506	0.06552906630627468	124898492.9	2530934.0	4016.791	4018.593384701623
-2.725261474372319	-0.9999998821460727	0.23560821649961491	0.06552906630627468	124898492.9	2470120.5	4009.839	4021.204249822333
-2.725261474372319	-0.9999998836552841	0.175391798314922	0.06552906630627468	124898492.9	2045758.5	4032.955	4040.1387490842635
-0.8939224122836178	-0.9999999087350134	0.03512698194824015	0.4090481464918104	161677362.0	2559908.0	4213.938	4218.8604122397055
-0.8939224122836178	-0.9999999179653294	0.01301322582181086	0.4090481464918104	161677362.0	575588.0	4238.962	4240.985700531458
-0.8939224122836178	-0.9999999102389949	0.06857526059653728	0.4090481464918104	161677362.0	2007342.0	4261.594	4268.498552755634
-2.512841667390083	-0.9999998958897827	0.07338029228243437	0.08103762974851098	145815490.8	3917178.5	4061.7540000000004	4067.4454681873813
-2.5889201733626224	-0.9999998909456675	0.05127424499426408	0.07510109247633794	143424854.2	6206462.0	4093.398	4093.895469188569
-2.5889201733626224	-0.9999999035653919	0.08017222880288649	0.07510109247633794	143424854.2	1015730.5	4100.7825	4102.328619874831
-2.5889201733626224	-0.999999906390126	0.053724252450430846	0.07510109247633794	143424854.2	677375.5	4109.360500000001	4116.038556392498
-2.5889201733626224	-0.999999914845189	0.013835547221430815	0.07510109247633794	143424854.2	201453.0	4116.597	4122.048950475875
-2.240878155673276	-0.9999999221920498	0.011160524657099822	0.10636505827578176	166509883.4	423280.5	3925.5950000000003	3943.7425121220213
-2.240878155673276	-0.9999999112937045	0.11688627500808621	0.10636505827578176	166509883.4	2598577.0	3955.767	3962.953248593053
-2.240878155673276	-0.9999999159516392	0.062330364565572866	0.10636505827578176	166509883.4	1196465.0	3969.4815	3977.8539602752444
