-0.3453493811186109	-0.9999999975411258	0.16736812202270332	0.7079729578686745	7915600600.0	283710800.0	3313.953	3328.7661161938145
-2.65682459792211	-0.9999999976971401	0.23220740110218166	0.07017068849709104	8533342240.0	342263650.0	3326.9770000000003	3335.3900446862954
-2.65682459792211	-0.9999999979872628	0.027764963951498196	0.07017068849709104	8533342240.0	28785300.0	3341.84	3342.665759155312
-2.65682459792211	-0.9999999977237843	0.31083946284105873	0.07017068849709104	8533342240.0	272657600.0	3343.3605	3350.86786172113
-2.65682459792211	-0.9999999978626958	0.10739904016975896	0.07017068849709104	8533342240.0	83332450.0	3352.4055000000003	3353.8493086878752
-2.12873133006648	-0.9999999977747535	0.09829298600538713	0.11898815483025997	8488844277.777778	159854000.0	3332.686	3337.6415237869746
-2.004268045710421	-0.9999999977542567	0.12775463277749746	0.13475889695798254	8534460625.0	210755200.0	3355.8010000000004	3358.389737212559
-2.239105868662382	-0.9999999977853943	0.03305548442471468	0.10655373483209589	8481765740.0	143776000.0	3317.963	3321.3038464900865
-1.6945708691054633	-0.9999999979043277	0.030507016970496605	0.1836780340367295	8464437533.333333	50560800.0	3345.748	3350.2382541508014
-1.6945708691054633	-0.9999999978321996	0.044223306112438195	0.1836780340367295	8464437533.333333	93102450.0	3348.9855	3349.9200095547067
-2.4282172962966118	-0.9999999981062482	0.0038037523892305723	0.08819391614497475	9170970250.0	34884100.0	3305.6	3313.19303632795
-2.5105579010584003	-0.9999999978401359	0.16900432424664008	0.0812229122493688	8976694250.0	263203750.0	3323.339	3331.4964179185463
-2.5105579010584003	-0.9999999979645503	0.02404590026385183	0.0812229122493688	8976694250.0	86150800.0	3338.751	3341.230584630571
-2.5105579010584003	-0.999999997900564	0.19281027743159276	0.0812229122493688	8976694250.0	153007000.0	3343.4955	3345.0890496067973
-2.841570164951472	-0.9999999976294935	0.11027909209273987	0.05833400001569987	7948643390.0	152444400.0	3361.656	3362.2846835596124
-2.841570164951472	-0.9999999977184111	0.040391003929971955	0.05833400001569987	7948643390.0	75190600.0	3365.697	3367.930263766755
-0.8934448806019117	-0.9999999976874918	0.12128941646527198	0.4092435265874834	8278761300.0	206271400.0	3340.558	3345.0096445058693
-0.8934448806019117	-0.999999997738241	0.06814231664570321	0.4092435265874834	8278761300.0	135510900.0	3344.9235000000003	3345.629147474108
-0.8934448806019117	-0.999999997641161	0.4212317625078658	0.4092435265874834	8278761300.0	302703800.0	3356.7715000000003	3359.4843508209624
-0.8934448806019117	-0.9999999977162652	0.19003829373552303	0.4092435265874834	8278761300.0	162549850.0	3362.5740000000005	3362.7352249628425
-2.8960282106712625	-0.9999999974915037	0.22777391591786647	0.055242195268502256	7789418510.0	306193300.0	3378.261	3385.089986808636
-2.8960282106712625	-0.9999999976583054	0.08037540261284486	0.055242195268502256	7789418510.0	83506850.0	3388.5535	3391.95834118176
-2.7838395267878155	-0.9999999976401973	0.0365958748992697	0.06180076556649759	8275588460.0	302852400.0	3363.137	3363.1725127533628
-1.8616160579245566	-0.999999997915786	0.027594560338765173	0.15542125755127875	8452648742.857142	44773600.0	3361.639	3362.9396795266757
-1.8616160579245566	-0.999999997817424	0.02314505501171257	0.15542125755127875	8452648742.857142	102825950.0	3361.5535	3362.914659980091
-2.722421177326748	-0.99999999771474	0.1647667978100766	0.06571545289103349	8451837800.0	244480650.0	3359.054	3368.0639538814976
-1.2388201148306757	-0.9999999979426969	0.01189442113823103	0.2897258595953611	8417479900.0	33175000.0	3368.34	3369.1378437782946
