-2.5888557726518315	-0.9999998970366161	0.07794492406325118	0.07510592919581696	142380397.5	2326713.0	4094.078	4105.352900901852
-2.5888557726518315	-0.9999998843819613	0.12440462253308615	0.07510592919581696	142380397.5	14100802.0	4103.2880000000005	4106.400598958915
-2.130146940201614	-0.9999998849263741	0.14596547047331873	0.118819833159362	132310450.8888889	4095679.0	4070.2760000000003	4075.222899921727
-2.130146940201614	-0.9999998844328091	0.0951756924189019	0.118819833159362	132310450.8888889	4372069.0	4080.327	4082.122945650668
-2.130146940201614	-0.999999887790807	0.22832218511165198	0.118819833159362	132310450.8888889	2803694.5	4098.432500000001	4101.897109156736
-2.130146940201614	-0.9999998882494585	0.20997846563252692	0.118819833159362	132310450.8888889	2638613.5	4099.727	4107.35803703748
-2.130146940201614	-0.9999998929438623	0.04063005133989848	0.118819833159362	132310450.8888889	1417840.0	4107.379000000001	4109.222940502993
-2.6594226908766436	-0.999999888332343	0.06635934575104448	0.06998861514984994	143928483.5	9551000.0	4093.7340000000004	4098.758390640485
-2.5127687192579304	-0.9999998913346259	0.09217370909842368	0.08104354150785839	136139601.4	2659531.0	4063.494	4068.576658200488
-2.5127687192579304	-0.9999999079650149	0.005845998992955055	0.08104354150785839	136139601.4	276399.5	4081.4680000000003	4081.657411066105
-2.5127687192579304	-0.9999999030673121	0.020767186486098512	0.08104354150785839	136139601.4	538410.0	4085.945	4088.826966988869
-2.5127687192579304	-0.9999998976893956	0.07962202828019314	0.08104354150785839	136139601.4	1119647.0	4099.182000000001	4101.58911281446
-2.5127687192579304	-0.9999998891984845	0.1633228724707597	0.08104354150785839	136139601.4	3557163.0	4098.1515	4103.895105576348
-0.34554009576087624	-0.9999998707155973	0.24835722187654255	0.7078379499336853	121073411.0	6280144.0	4007.911	4016.892090281591
-1.4937345717581376	-0.9999998767573055	0.05069606804043626	0.22453255486953114	124424894.6	4567420.0	3989.1820000000002	3989.7203319006258
-1.4937345717581376	-0.9999998815898522	0.23226364899820007	0.22453255486953114	124424894.6	2503423.5	3992.4735	3999.7119217396457
-1.4937345717581376	-0.9999998894297534	0.08106553366224406	0.22453255486953114	124424894.6	943819.5	4003.411	4006.4835463124946
-1.4937345717581376	-0.9999998827180695	0.16528698605706388	0.22453255486953114	124424894.6	2175548.5	4009.6495000000004	4015.1510261621565
-1.4937345717581376	-0.9999998762237978	0.2233537150148267	0.22453255486953114	124424894.6	4880902.5	4010.5	4011.9525066487713
-3.0913437511896067	-0.9999999105946634	0.011631442903696925	0.04544085216156107	149243217.9	623521.5	4034.009	4036.071696612275
-1.6954436129683725	-0.9999998778530216	0.2551738017153913	0.18351780009153945	129142289.0	7091023.5	4022.4010000000003	4039.2995532142863
-1.6954436129683725	-0.9999998858063598	0.13213692945086286	0.18351780009153945	129142289.0	2538865.0	4047.7445000000002	4056.17079592047
-2.7252102489947605	-0.999999889405566	0.36045525593707184	0.06553242314341408	146807925.6	11252933.0	4131.848	4160.544956879006
-2.7252102489947605	-0.999999898624667	0.13149004906253575	0.06553242314341408	146807925.6	2907203.0	4181.9985	4194.498391645307
-2.7252102489947605	-0.999999906579623	0.05647003733600161	0.06553242314341408	146807925.6	904240.5	4189.25	4201.454073381943
-2.7252102489947605	-0.9999998999549087	0.18118277384181725	0.06553242314341408	146807925.6	2391453.5	4200.3565	4212.753493489102
-2.7868323769500587	-0.9999999020739117	0.07647599483646132	0.061616081638760235	150414148.2	2494175.5	4228.372	4239.409978719969
-2.7868323769500587	-0.9999998980747102	0.11962525705344774	0.061616081638760235	150414148.2	4551673.0	4243.557500000001	4245.244982585611
-2.240723694586034	-0.9999998840009172	0.20242647978973738	0.10638148880723387	134288382.9	5823017.0	4115.55	4126.228203381966
-2.4302392497888947	-0.9999999207529087	0.0017014997607481608	0.08801577230819574	136607919.0	50300.0	4084.213	4091.830669055666
-2.0054948408533946	-0.9999998940894369	0.01737728382430527	0.1345936767641094	131017623.125	1062515.0	4043.0660000000003	4045.4269487057527
-2.0054948408533946	-0.9999998778490637	0.1542053404291463	0.1345936767641094	131017623.125	8921059.0	4050.2885	4056.4373960744197
-1.862667056369056	-0.9999998877283213	0.10121169746594559	0.15525799586027011	132335235.57142857	2834847.5	4051.4930000000004	4055.660550948789
-1.862667056369056	-0.999999887463167	0.1489292135080927	0.15525799586027011	132335235.57142857	2936086.0	4065.419	4068.221452164349
-1.862667056369056	-0.999999890066664	0.1374172780201635	0.15525799586027011	132335235.57142857	2080364.0	4071.5455	4076.2540503805226
