-2.004156325307564	-0.9999997255239825	0.026451238434029765	0.13477395311726365	46809444.625	380053.5	3229.7050000000004	3232.597073160544
-2.6565298226819842	-0.9999997275684882	0.0755055472868292	0.07019137612759346	53813832.2	2328147.0	3320.695	3328.796883194112
-2.6565298226819842	-0.9999997172168716	0.6146941844025227	0.07019137612759346	53813832.2	4063859.0	3356.929	3369.839976672932
-2.6565298226819842	-0.9999997150784118	0.27380629230258274	0.07019137612759346	53813832.2	4559494.5	3381.9980000000005	3392.2693296768307
-1.4930208965843437	-0.9999997214727155	0.04852197667833479	0.22469285537409148	48218727.0	680259.5	3286.664	3295.157209044297
-2.5102797223643356	-0.999999718468078	0.0811392179224176	0.08124550987596994	51334407.5	1890352.5	3261.9970000000003	3278.3344552471135
-2.5102797223643356	-0.9999997272831934	0.35412200291683715	0.08124550987596994	51334407.5	1202309.5	3298.612	3304.4522332371394
-2.5102797223643356	-0.999999714323007	0.4275521439968724	0.08124550987596994	51334407.5	2338590.0	3307.614	3315.6558611723535
-2.5102797223643356	-0.999999735117567	0.12546332107171285	0.08124550987596994	51334407.5	804182.5	3321.944	3328.3280405120067
-2.7835676326510903	-0.9999997770913446	0.009007468672614026	0.06181757111686205	55561507.8	239219.5	3388.5570000000002	3395.4032651749953
-2.7835676326510903	-0.9999997369357672	0.3156341163681493	0.06181757111686205	55561507.8	2227176.0	3434.86	3442.857236280146
-1.6945264885709126	-0.9999997032583549	0.11923282491931994	0.1836861859469569	48318319.833333336	1686316.5	3273.89	3297.500028304461
-2.5861684281228254	-0.9999997342747492	0.06761890188822844	0.0753080361476112	51926567.2	982837.5	3314.875	3322.165718039951
-2.7221454563780645	-0.9999997345974798	0.10814046397771136	0.06573357451618894	53966521.9	1660867.0	3375.971	3381.332704531877
-2.7221454563780645	-0.9999997397115943	0.1317368524860231	0.06573357451618894	53966521.9	1260298.5	3381.116	3387.810009397565
-0.8934474973478079	-0.9999997275419428	0.03742253203454567	0.4092424557025658	48562688.666666664	557542.5	3324.186	3328.9048538629268
-0.8934474973478079	-0.999999700456965	0.07641704719450997	0.4092424557025658	48562688.666666664	2077373.0	3327.5920000000006	3333.1737517450424
-0.8934474973478079	-0.9999997022592386	0.34164740786410147	0.4092424557025658	48562688.666666664	1903284.0	3317.2285	3326.2058032114815
-0.8934474973478079	-0.9999997235251238	0.08804420685156047	0.4092424557025658	48562688.666666664	677633.5	3342.858	3349.714604096235
-2.8957815697583515	-0.9999997686692575	0.027684866080623757	0.05525582193435206	57970616.0	666892.5	3409.9590000000003	3412.992771943195
-2.8957815697583515	-0.999999759889598	0.06933171446281791	0.05525582193435206	57970616.0	1109419.0	3435.0755	3436.9826329929297
