-1.8618776281950329	-0.9999998404915362	0.09428363148033271	0.15538060928732375	90261250.42857143	1789475.0	3531.241	3535.6552375513015
-1.8618776281950329	-0.9999998347930048	0.1330472378142101	0.15538060928732375	90261250.42857143	2993008.5	3535.1010000000006	3536.356038235469
-1.8618776281950329	-0.9999998609373749	0.0067628400704016125	0.15538060928732375	90261250.42857143	282649.5	3550.129	3552.8750001525764
-3.044210797393206	-0.9999998484438072	0.02825873365858174	0.04763388994738616	97869955.3	2765681.0	3649.252	3656.716868775768
-2.8425252963938648	-0.9999998490283958	0.022760499269988816	0.05827830997801107	88756614.1	659823.0	3583.435	3583.795761609711
-2.8425252963938648	-0.9999998328158471	0.2837937104815959	0.05827830997801107	88756614.1	2782051.0	3590.164	3595.623488999231
-2.8425252963938648	-0.9999998550448718	0.04433144941085559	0.05827830997801107	88756614.1	386823.5	3572.8895	3576.7777087773625
-2.8425252963938648	-0.9999998380336598	0.19347442843904358	0.05827830997801107	88756614.1	1750800.0	3582.9705000000004	3583.8470801693807
-2.8425252963938648	-0.9999998386228803	0.1776075342430538	0.05827830997801107	88756614.1	1661591.0	3589.8635000000004	3592.5616473042587
-2.8425252963938648	-0.9999998250965149	0.37656137979184306	0.05827830997801107	88756614.1	5519738.0	3600.2960000000003	3613.885037160155
-1.6947838879171377	-0.9999998293059498	0.2642107378927606	0.1836389113272727	90267308.0	4916425.0	3493.884	3505.452747934467
-1.6947838879171377	-0.9999998473553323	0.07291558275002177	0.1836389113272727	90267308.0	963976.5	3520.36	3521.5042017126952
-1.6947838879171377	-0.9999998412316213	0.06615210005769079	0.1836389113272727	90267308.0	1675452.0	3522.606	3527.1409619964106
-1.6947838879171377	-0.9999998488975375	0.10336586747299553	0.1836389113272727	90267308.0	838702.5	3531.5085	3534.3654622514237
-1.4932086939474276	-0.999999851641151	0.022673901134696976	0.22465066261031727	87436776.0	430205.0	3464.376	3472.007414913712
-1.4932086939474276	-0.9999998466960193	0.05289490545771673	0.22465066261031727	87436776.0	662916.5	3475.291	3477.5897397427
-0.3454069691513549	-0.9999998726980851	0.016315168660665232	0.7079321882727266	104758257.5	619040.0	3485.222	3485.9340514558935
-0.3454069691513549	-0.9999998694706299	0.02468461145254752	0.7079321882727266	104758257.5	868070.5	3488.175	3490.1452904500693
-0.3454069691513549	-0.9999998664246208	0.12616988636747775	0.7079321882727266	104758257.5	1194362.5	3488.166	3488.872420044133
-0.3454069691513549	-0.999999867994976	0.11085829559108419	0.7079321882727266	104758257.5	1013191.0	3490.9610000000002	3494.9782672743877
-2.5871682657931583	-0.9999998399748321	0.04467409104930664	0.07523277796544427	84301622.8	722433.0	3520.06	3532.9746532462636
-2.5871682657931583	-0.9999998307908129	0.11761146180965412	0.07523277796544427	84301622.8	1566898.0	3536.1745	3542.541023106779
-2.5871682657931583	-0.9999998234862518	0.16230899466915436	0.07523277796544427	84301622.8	2900504.0	3544.032	3544.316752561647
-2.8970493940968773	-0.9999998313353102	0.37336939180603596	0.055185811648208606	93182296.9	6692935.0	3627.02	3649.483753464802
-2.8970493940968773	-0.9999998396192008	0.040818795666953636	0.055185811648208606	93182296.9	3092996.5	3662.9195	3663.228945628009
-2.7847331538122675	-0.9999998204526819	0.45739681676069494	0.06174556340100255	88362527.2	7765913.5	3583.558	3599.127397935815
-2.7847331538122675	-0.9999998471504828	0.05491053914670043	0.06174556340100255	88362527.2	733929.5	3605.0785000000005	3606.259525884481
-2.7847331538122675	-0.999999832996796	0.254415123407088	0.06174556340100255	88362527.2	2563348.0	3604.527	3608.2742150649105
-2.7847331538122675	-0.9999998331974751	0.30386244683902786	0.06174556340100255	88362527.2	2518294.0	3626.4035000000003	3629.5302756178344
-2.5112220667009955	-0.9999998316089063	0.08968186612741412	0.08116898469205898	84295723.9	1461024.5	3522.974	3530.450055537433
-2.0045870749973385	-0.9999998329864798	0.22866051818540425	0.13471591178031	91627127.25	4425832.0	3561.241	3574.6254762841313
-3.08863087764531	-0.9999998560811213	0.019425582970989144	0.0455642948136647	98407875.1	1415156.0	3654.7340000000004	3654.800401837563
-3.08863087764531	-0.9999998723436742	0.014815458154623252	0.0455642948136647	98407875.1	285610.5	3657.7255	3659.1754540796014
-3.08863087764531	-0.9999998552072606	0.1576471407676695	0.0455642948136647	98407875.1	1542238.0	3665.5525	3665.9430176857177
-2.2395693045082683	-0.9999998490865819	0.01176817343327605	0.10650436545251525	89857532.3	775068.0	3569.159	3569.423255562043
-2.1291200290409575	-0.9999998396130755	0.12096662961506709	0.1189419132441132	91488687.22222222	2358623.5	3570.219	3582.772839362851
-2.1291200290409575	-0.999999845133863	0.10121423288792925	0.1189419132441132	91488687.22222222	1423314.5	3592.9805000000006	3599.172864746351
