-2.128383779290049	-0.9999998193031363	0.02877517615911177	0.11902951644307129	74663305.77777778	723187.5	3160.246	3165.637084230816
-2.128383779290049	-0.9999998148431737	0.07960767292642892	0.11902951644307129	74663305.77777778	1008949.0	3158.293	3168.1836454630748
-2.128383779290049	-0.9999998246509296	0.04226954873178458	0.11902951644307129	74663305.77777778	485114.0	3185.6765	3189.2004877837308
-2.128383779290049	-0.9999998096808745	0.1623617968811	0.11902951644307129	74663305.77777778	1483410.5	3189.971	3190.067292018809
-2.7218788964609755	-0.999999787778013	0.21848157978198054	0.06575109878789227	72775332.1	5098849.0	3187.1020000000003	3204.32446830496
-2.7218788964609755	-0.9999998191542442	0.04870364635769834	0.06575109878789227	72775332.1	519752.5	3215.637	3220.0468729842205
-2.7218788964609755	-0.9999998286087245	0.027221737787850676	0.06575109878789227	72775332.1	261203.0	3214.1465	3214.6565375347086
-2.7218788964609755	-0.9999998185232373	0.029965321246170847	0.06575109878789227	72775332.1	544177.0	3220.9725	3222.477056654782
-0.3452968204817704	-0.9999998724387064	0.16672929240896106	0.7080101703561534	121930417.0	5686477.5	3185.202	3197.476272373522
-2.9956020894202844	-0.9999997848642778	0.017384761324910215	0.05000650963040141	61285714.5	532184.0	3137.7470000000003	3139.517082071574
-2.9956020894202844	-0.9999997774672883	0.09284118379768319	0.05000650963040141	61285714.5	837415.0	3169.8355	3173.449458550439
-2.427770941689006	-0.9999998624778491	0.00043101782685214286	0.08823329069266052	67325514.1	10495.0	3201.281	3207.9446512352624
-2.427770941689006	-0.9999997943094553	0.03374357765957926	0.08823329069266052	67325514.1	1033251.0	3208.066	3217.3924433691877
-2.427770941689006	-0.9999997901284096	0.13662602023301532	0.08823329069266052	67325514.1	1369165.5	3222.683	3224.2989278601667
-2.427770941689006	-0.9999997970268567	0.06973253200685059	0.08823329069266052	67325514.1	860501.0	3230.2915000000003	3231.8056994255844
-2.427770941689006	-0.9999997807418248	0.2448445856780933	0.08823329069266052	67325514.1	2575795.5	3238.8175	3238.9704665826434
-2.8953302508589887	-0.9999998038954325	0.009666074996496998	0.05528076555943215	68334975.7	660531.0	3148.672	3149.4326049374563
-2.510085318104133	-0.9999997950790062	0.05238036484551719	0.08126130588456804	72278074.5	2706845.5	3242.8790000000004	3251.93338907657
-2.510085318104133	-0.9999997960780116	0.13537932832094945	0.08126130588456804	72278074.5	2518284.0	3271.5110000000004	3272.551519746187
-0.8933333161709333	-0.999999849883893	0.023808024724327918	0.4092891861556033	95226898.66666667	1615396.0	3270.9865	3277.524750681617
-0.8933333161709333	-0.999999849883893	0.09466546977899655	0.4092891861556033	95226898.66666667	1615396.0	3270.9865	3277.524750681617
-0.8933333161709333	-0.9999998515341795	0.10777174944057384	0.4092891861556033	95226898.66666667	1380476.0	3279.6145	3280.771128218
-3.0863198204796918	-0.9999997465118186	0.06733850262667997	0.04566971827659284	55470491.4	1278391.5	3136.1960000000004	3145.1095355300176
-2.58595489661522	-0.999999793386584	0.13874241330052603	0.07532411850308832	72394311.2	3133420.0	3258.791	3265.2584498262167
-2.58595489661522	-0.9999997910561469	0.0736546470664015	0.07532411850308832	72394311.2	3709271.5	3281.1875	3281.334757001064
