-2.999908757770423	-0.9999998395283195	0.08593678141425977	0.049791611258234454	91949568.5	2559446.0	3992.9970000000003	3995.169956840566
-2.999908757770423	-0.9999998536554195	0.03621348591105312	0.049791611258234454	91949568.5	698241.0	4010.3950000000004	4014.9905139908014
-2.999908757770423	-0.9999998360641953	0.4040253593065109	0.049791611258234454	91949568.5	3519488.5	4018.8815000000004	4027.656358893803
-2.725057210407425	-0.9999998388188295	0.0320411793981028	0.06554245290032701	86833335.0	1197681.0	4023.076	4025.605461913175
-2.725057210407425	-0.9999998494917115	0.027699278980257026	0.06554245290032701	86833335.0	474081.5	4070.994	4072.2108921243766
-2.8991713711513873	-0.9999998444752151	0.03598027359367255	0.05506883277928862	85364209.4	583178.5	4040.617	4043.606879645849
-1.6954603378093018	-0.9999998860395938	0.01473200846493542	0.18351473081119185	111154833.16666667	317187.0	4003.5820000000003	4008.674254303713
-2.2406891065343757	-0.9999998583465554	0.05545943450507066	0.10638516839929882	101765997.4	1822106.0	4013.831	4015.189815097507
-2.2406891065343757	-0.9999998657115862	0.012430409685393114	0.10638516839929882	101765997.4	861123.5	4027.1900000000005	4031.7203415286754
-2.844550479746607	-0.9999998204514786	0.24448795472920914	0.05816040514456821	84676478.7	4006931.5	4057.4170000000004	4074.6466619886687
-0.34553943524761166	-0.9999998628711081	0.030700616998375074	0.7078384174701948	103689440.0	1496766.0	4003.56	4006.0186529048065
-1.8626637823246521	-0.9999998605925288	0.16936346331343183	0.15525850418267476	108110399.14285715	3510949.5	3962.828	3969.0470244300623
-1.8626637823246521	-0.9999998746856835	0.014034099343219565	0.15525850418267476	108110399.14285715	765113.5	3981.8115000000003	3985.486014361539
-1.8626637823246521	-0.9999998622247779	0.30493815435693433	0.15525850418267476	108110399.14285715	2942982.0	3983.2975	3990.4951173206055
-2.005480577962562	-0.9999998584823817	0.18034773847126095	0.13459559647271802	106816247.0	3672490.5	4006.878	4014.5868635008687
-2.005480577962562	-0.9999998716983391	0.06105667312466994	0.13459559647271802	106816247.0	895109.0	4022.8455000000004	4023.9943779360124
-2.005480577962562	-0.9999998602078596	0.28022552996600375	0.13459559647271802	106816247.0	3054332.0	4026.1325	4038.2647434077185
-2.005480577962562	-0.9999998682402368	0.13901220582391843	0.13459559647271802	106816247.0	1295079.5	4038.9075000000003	4039.7832057384812
-2.005480577962562	-0.9999998594897279	0.1387175658790183	0.13459559647271802	106816247.0	3297844.5	4042.6705	4050.1804456842547
-0.8938111009505324	-0.9999998661236712	0.04538767314535802	0.40909368072048335	103610988.66666667	1057119.0	3989.0460000000003	3992.8729743757567
-0.8938111009505324	-0.9999998730247125	0.019484076621270767	0.40909368072048335	103610988.66666667	517121.5	4006.9255000000003	4010.4166022513527
-3.046572905385815	-0.9999998501156595	0.05442120015221587	0.04752150633858686	91963278.0	968839.5	4022.882	4034.779755531281
-1.2393570383097767	-0.9999998685565855	0.19644699472780042	0.28957034073344207	116441630.75	4436983.5	4007.936	4025.221410022277
-1.2393570383097767	-0.9999998632063886	0.11425326127048245	0.28957034073344207	116441630.75	8272696.5	4033.8325000000004	4034.2905272685266
-1.2393570383097767	-0.9999998656377143	0.1100179373081045	0.28957034073344207	116441630.75	6232970.0	4038.2695000000003	4038.4755592563365
-2.588742682301776	-0.9999998313986865	0.16686366235226313	0.07511442343194001	88069731.7	2809935.5	3985.8230000000003	3996.868992808337
-2.588742682301776	-0.9999998343399656	0.10024994452993664	0.07511442343194001	88069731.7	2168691.0	4007.6465	4012.2110777980597
-2.588742682301776	-0.9999998336981155	0.286945890311791	0.07511442343194001	88069731.7	2294813.0	4017.2705000000005	4023.5608112810323
-2.588742682301776	-0.9999998486193822	0.017784995573529198	0.07511442343194001	88069731.7	616645.0	4026.2235	4028.517081688427
