-0.3456932896084139	-0.9999999995044413	0.11214905450989363	0.7077295218201738	42269130000.0	1250534350.0	4862.756	4882.831750039554
-0.3456932896084139	-0.9999999995457697	0.03720126988179539	0.7077295218201738	42269130000.0	217981650.0	4925.264	4930.334149839387
-0.3456932896084139	-0.9999999995086379	0.26052406890646185	0.7077295218201738	42269130000.0	1047264500.0	4936.851500000001	4951.729889327486
-0.3456932896084139	-0.9999999995306733	0.1115725879792911	0.7077295218201738	42269130000.0	412616300.0	4986.144	4988.655691697909
-0.3456932896084139	-0.9999999995086177	0.2276573430613609	0.7077295218201738	42269130000.0	1048156900.0	5005.506	5024.002136259027
-0.3456932896084139	-0.9999999995273087	0.10299060288376961	0.7077295218201738	42269130000.0	475677100.0	5049.272000000001	5049.289664950004
-0.3456932896084139	-0.9999999995255416	0.08595347271039372	0.7077295218201738	42269130000.0	512566000.0	5057.5245	5072.020124766361
-3.0501751666332546	-0.999999999530295	0.05595561871890573	0.04735062941432353	42765105840.0	529257900.0	4161.067	4179.170390070912
-3.0501751666332546	-0.999999999526151	0.02805117159749154	0.04735062941432353	42765105840.0	631873650.0	4160.2375	4225.427049600338
-3.0501751666332546	-0.9999999995406658	0.03966839724723036	0.04735062941432353	42765105840.0	339668000.0	4309.809	4373.081007400135
-3.0501751666332546	-0.9999999995660778	0.023808056664004592	0.04735062941432353	42765105840.0	114573650.0	4415.315500000001	4421.9980819157445
-3.0501751666332546	-0.99999999950999	0.19574240002663285	0.04735062941432353	42765105840.0	1261202000.0	4416.307000000001	4457.902162082021
-1.8638306624037615	-0.999999999562388	0.027980317212806482	0.1550774417866279	47695082385.71429	1160292600.0	5259.408	5268.088866114505
-1.8638306624037615	-0.9999999995828722	0.08537501163011618	0.1550774417866279	47695082385.71429	436780950.0	5273.85	5284.898672130491
-1.8638306624037615	-0.9999999995636136	0.2563344466095553	0.1550774417866279	47695082385.71429	1094415650.0	5286.2305	5296.756495990896
-1.8638306624037615	-0.9999999995598761	0.2880195491035708	0.1550774417866279	47695082385.71429	1307973900.0	5299.3325	5328.180761986327
-1.8638306624037615	-0.9999999995895162	0.04976765293637735	0.1550774417866279	47695082385.71429	318156850.0	5342.886	5357.730348756996
-2.847790114270844	-0.9999999995292007	0.005186599339500825	0.05797229156227072	40714085700.0	211167650.0	4811.595	4827.184152210383
-2.515151723019078	-0.9999999996282036	0.005134189408521698	0.08085064437221226	48027843920.0	56887100.0	5165.025000000001	5176.668696963867
-0.8941595452835854	-0.9999999995210549	0.025912339310642366	0.4089511591776025	41945193200.0	530560050.0	5091.272	5104.563165219073
-0.8941595452835854	-0.9999999995073859	0.07887694726291876	0.4089511591776025	41945193200.0	941316550.0	5077.244000000001	5089.661691961859
-0.8941595452835854	-0.9999999994973889	0.24204881170470666	0.4089511591776025	41945193200.0	1431687150.0	5128.752	5147.639532830442
-2.131739749429293	-0.9999999995659544	0.07085554651315415	0.11863072647808894	48347207844.44444	1299041950.0	5254.304	5259.695385867547
-2.131739749429293	-0.9999999995891169	0.07893583856373507	0.11863072647808894	48347207844.44444	423918600.0	5291.2395	5299.788541937658
-2.131739749429293	-0.9999999995948813	0.06487932192611658	0.11863072647808894	48347207844.44444	320809300.0	5295.866	5313.197804653334
-2.131739749429293	-0.9999999995864874	0.10960682907958741	0.11863072647808894	48347207844.44444	481385600.0	5325.6630000000005	5337.971185096743
-2.131739749429293	-0.9999999995713658	0.21022974681716114	0.11863072647808894	48347207844.44444	1000004700.0	5342.789000000001	5357.577866377631
