-2.5849601764051684	-0.9999999981566313	0.1295755799488792	0.0753990822038405	10594577010.0	303141700.0	3077.606	3094.872669034294
-0.8931563709739831	-0.999999998065964	0.06759712258491185	0.40936161431897594	9623385466.666666	121081550.0	2901.5280000000002	2925.5151796849873
-0.8931563709739831	-0.999999998007551	0.1442360647304823	0.40936161431897594	9623385466.666666	212426150.0	2941.1670000000004	2947.0225065644927
-0.8931563709739831	-0.9999999980100794	0.09436012097768841	0.40936161431897594	9623385466.666666	207319600.0	2958.6635000000006	2962.413543052672
-2.0032807411443203	-0.999999997775122	0.2594057899576272	0.13489201073337795	9002752162.5	499953100.0	2962.1870000000004	2982.2000725797316
-2.0032807411443203	-0.9999999978420139	0.1999370737941309	0.13489201073337795	9002752162.5	273774300.0	2994.317	3010.5410866606076
-2.0032807411443203	-0.9999999981459284	0.009560961489875175	0.13489201073337795	9002752162.5	17747350.0	3020.6014999999998	3023.7255799015256
-2.0032807411443203	-0.9999999979948073	0.09502892616125956	0.13489201073337795	9002752162.5	69182100.0	3032.8950000000004	3036.1288085961187
-2.2379340877517087	-0.9999999979873584	0.14771200275748855	0.10667866564600957	9729132440.0	319177100.0	3079.527	3082.0078271229822
-1.492459009404403	-0.9999999978813758	0.14309591747272696	0.22481914288529456	9157405760.0	266557750.0	2960.3340000000003	2974.897399393619
-2.4268671331317258	-0.9999999980125235	0.07544023998913688	0.08831307274424502	10010986230.0	437505550.0	3083.933	3090.350758314565
-2.4268671331317258	-0.9999999980627671	0.33065007147052616	0.08831307274424502	10010986230.0	264569000.0	3114.2705	3115.5774734468687
-2.127642673957253	-0.9999999980311532	0.05660161294982666	0.11911776254825786	9427908666.666666	115191550.0	3034.09	3042.449644156456
-2.127642673957253	-0.9999999979563665	0.15831809073400102	0.11911776254825786	9427908666.666666	233149300.0	3046.7635	3050.7155664246957
-2.3369884358632875	-0.9999999982636205	0.006497279231590788	0.09661817235264994	9469469970.0	13833350.0	3047.942	3052.2677789501163
-2.3369884358632875	-0.9999999982280299	0.013416625429356732	0.09661817235264994	9469469970.0	19377400.0	3053.303	3054.3144372081015
-1.8607767734598717	-0.9999999977129694	0.22325808220245677	0.15555175495278406	8680579000.0	418735450.0	2888.4280000000003	2899.879957671015
-1.8607767734598717	-0.9999999979111043	0.032967616134694684	0.15555175495278406	8680579000.0	74986950.0	2911.2690000000002	2912.2512965847777
-1.8607767734598717	-0.9999999978443178	0.19598002837073047	0.15555175495278406	8680579000.0	133895350.0	2922.8495000000003	2936.1746813787845
-1.8607767734598717	-0.9999999986642094	0.00012919299633924286	0.15555175495278406	8680579000.0	108600.0	2944.3185000000003	2946.4867410398847
-1.8607767734598717	-0.999999997839846	0.14775746123728453	0.15555175495278406	8680579000.0	139195100.0	2941.767	2944.711170968224
