-0.345473248763831	-0.9999998937178285	0.2526946775388707	0.7078852683565626	151235088.5	9564735.5	3738.7360000000003	3750.676996492431
-2.429399610183175	-0.9999999959584537	0.3728886895340855	0.08808970487056406	4920616047.5	433281250.0	3695.78	3707.7065031168745
-2.429399610183175	-0.9999999961577084	0.21985751038987383	0.08808970487056406	4920616047.5	162541150.0	3714.393	3715.3423457246017
-2.949543419832024	-0.9999999972166966	0.002505429716343741	0.052363608676506745	5363944930.8	3046444.0	3736.291	3751.9764055572255
-2.949543419832024	-0.9999999972719081	0.0009711059719792806	0.052363608676506745	5363944930.8	2265563.0	3758.2175	3768.9526478362272
-2.949543419832024	-0.9999999972594373	0.00487745770214465	0.052363608676506745	5363944930.8	2422296.5	3774.155	3781.2354580377355
-2.949543419832024	-0.9999999973130964	0.0033329051119458065	0.052363608676506745	5363944930.8	1816464.5	3781.3630000000003	3784.7826087872168
-2.949543419832024	-0.9999999972817384	0.0037550665630441582	0.052363608676506745	5363944930.8	2149198.0	3788.6455	3791.788298669024
-1.862276712066516	-0.999999995342287	0.06479843067255668	0.15531861176414466	3846878187.714286	60469800.0	3724.329	3726.443500651668
-2.7240133396449173	-0.9999999977462305	0.0025760200471639165	0.06561090647273819	6734085164.6	3902295.5	3731.8390000000004	3739.363933536165
-1.4934964081866486	-0.9999999116359435	0.012862735866703738	0.22458603671317515	156160302.8	983582.5	3724.722	3726.730963344969
-1.4934964081866486	-0.9999999075740281	0.12492468535288934	0.22458603671317515	156160302.8	1854762.5	3731.0160000000005	3734.6397640491346
-2.6583177574431214	-0.9999999975577014	0.1523641361792103	0.07006599065021135	7966303883.8	281626550.0	3707.1890000000003	3710.3680562798436
-2.6583177574431214	-0.9999999978853343	0.017572259748263132	0.07006599065021135	7966303883.8	20708800.0	3713.3725000000004	3714.059377311435
-2.6583177574431214	-0.9999999976887936	0.03243016590218056	0.07006599065021135	7966303883.8	99113150.0	3715.3545000000004	3716.920555404486
-2.6583177574431214	-0.9999999976053278	0.2728198565465891	0.07006599065021135	7966303883.8	192708050.0	3715.6475	3719.88442395526
-2.339325738002232	-0.9999999948504965	0.5224753460714417	0.09639261019788939	3871507905.6	455243700.0	3651.375	3661.3097350853764
-2.339325738002232	-0.9999999951439784	0.15165630071728933	0.09639261019788939	3871507905.6	146147350.0	3671.013	3671.9892236446385
-2.339325738002232	-0.9999999948580728	1.2833417614956806	0.09639261019788939	3871507905.6	442084550.0	3681.7905	3688.3988957097276
-2.339325738002232	-0.9999999953424563	0.08477638394917297	0.09639261019788939	3871507905.6	67775900.0	3694.4695	3694.7639651205695
-2.2400934027050785	-0.9999999947687408	0.0024513897823780165	0.10644856133132624	2733329985.2	1621329.5	3687.931	3692.6481175645463
-2.0050314678619823	-0.9999999959427255	0.00026880517583437885	0.13465605829057775	3381603412.875	908992.5	3728.0310000000004	3728.136909322427
-1.2391774957207435	-0.9999999174953946	0.010298875795582208	0.2896223356096322	155632342.5	377144.0	3755.108	3757.6246485210536
-2.7855313460726654	-0.9999999974210146	0.0002563785225573991	0.06169629823433499	5371752732.6	1038897.5	3745.7540000000004	3745.795316496157
-1.695130865303496	-0.9999999909238905	0.5460698107245199	0.1835752038309562	2200659085.6666665	472440750.0	3701.2160000000003	3702.1169185917656
-1.695130865303496	-0.99999999088642	0.5218747614661833	0.1835752038309562	2200659085.6666665	513049400.0	3711.8060000000005	3714.9277623868265
-1.695130865303496	-0.9999999910155273	2.006999542811635	0.1835752038309562	2200659085.6666665	386159700.0	3704.648	3712.30375822956
-1.695130865303496	-0.9999999917407839	0.39959364031792466	0.1835752038309562	2200659085.6666665	78273450.0	3716.155	3717.1907784918935
-1.695130865303496	-0.9999999912042082	1.0824318640450221	0.1835752038309562	2200659085.6666665	254940050.0	3718.8920000000003	3725.540354622091
-2.587840154238712	-0.9999999973941769	0.053511346889692814	0.07518224690871993	7016514048.2	87206950.0	3707.067	3712.5951470794316
-2.587840154238712	-0.9999999972490805	0.04447832783967678	0.07518224690871993	7016514048.2	241375800.0	3712.5495	3713.359287512533
-2.843364620602073	-0.9999999971758848	0.0031679609625969384	0.058229416103409655	5369849524.6	3855739.5	3747.61	3751.6765568726337
-3.0896291694804012	-0.9999999931596915	0.0013323111489982357	0.045518831047009836	2150849117.8	2452139.0	3834.268	3842.084900395121
-3.0896291694804012	-0.999999992929379	0.006401710542310364	0.045518831047009836	2150849117.8	4024208.0	3836.6655	3837.6725963426306
-2.129604952127179	-0.9999999947672565	0.009988254611402264	0.11888424954682075	3020323603.4444447	7308717.0	3724.962	3733.7207995121917
-0.8936912581565372	-0.9999999097689544	0.015208958224720535	0.40914271058806617	158515059.0	1628189.0	3768.193	3772.385865516153
-0.8936912581565372	-0.9999999029329473	0.2933213482552466	0.40914271058806617	158515059.0	4811836.5	3771.1850000000004	3777.596461790718
