-0.8933907149424913	-0.999999998328281	0.05082726400823027	0.409265694133319	11166453900.0	127953000.0	3302.36	3309.5238073738988
-0.8933907149424913	-0.9999999983093203	0.1114977708458385	0.409265694133319	11166453900.0	158125150.0	3313.6795	3321.0595151155208
-0.8933907149424913	-0.9999999981985452	0.16655471052302348	0.409265694133319	11166453900.0	544762950.0	3317.9415	3321.760268227787
-0.8933907149424913	-0.9999999982430074	0.29264658694357776	0.409265694133319	11166453900.0	331579050.0	3326.6100000000006	3331.635426427407
-0.8933907149424913	-0.9999999983415825	0.04847652385523829	0.409265694133319	11166453900.0	110292050.0	3335.996	3337.2107411605016
-1.4929942066514927	-0.9999999986523387	0.05768311817328309	0.2246988524913445	14036557420.0	164188450.0	3422.4770000000003	3431.5576107797324
-1.8616136552331806	-0.9999999986766335	0.05476504541402562	0.1554216309810425	14645144400.0	261225250.0	3403.389	3418.4526022409977
-1.8616136552331806	-0.9999999987543913	0.05018648796940355	0.1554216309810425	14645144400.0	83647300.0	3424.9265000000005	3432.5298772259157
-1.8616136552331806	-0.9999999986580577	0.22038462459450664	0.1554216309810425	14645144400.0	342896450.0	3459.652	3465.690966740963
-2.4284951143015987	-0.9999999989430515	0.11349158436008192	0.08816941769035282	18764971820.0	410796900.0	3453.201	3468.9410524217537
-2.4284951143015987	-0.9999999990114795	0.02559436192645744	0.08816941769035282	18764971820.0	113755150.0	3481.4025	3488.401853127399
-2.4284951143015987	-0.9999999989030552	0.09627198363380074	0.08816941769035282	18764971820.0	870115900.0	3488.8320000000003	3490.4136217587397
-2.7229665738294604	-0.9999999990558783	0.036766106646442184	0.06567962168484812	19987130690.0	156769000.0	3575.8050000000003	3582.202212386278
-2.510892473857426	-0.9999999990389596	0.0070876755776376026	0.08119574181776967	19504391600.0	138240800.0	3536.8430000000003	3546.4614626664397
-2.8422085559095525	-0.9999999990243494	0.007095533851689197	0.05829677200181925	18847424210.0	96833100.0	3530.223	3532.6078699116533
-2.8422085559095525	-0.9999999990271428	0.055357922411063486	0.05829677200181925	18847424210.0	91867100.0	3545.7915000000003	3555.0049183235524
-2.8422085559095525	-0.999999999015406	0.05249865758408229	0.05829677200181925	18847424210.0	114611650.0	3549.9275000000002	3557.7442791449002
-2.128823013890909	-0.9999999987977602	0.0262975618196094	0.11897724604125073	16019239566.666666	231239900.0	3548.953	3550.851230695149
-2.2392602680831226	-0.9999999987944926	0.09109203935134964	0.10653728426717161	16207566690.0	305769400.0	3527.875	3534.5010826484245
-2.2392602680831226	-0.9999999987531261	0.06905373720811782	0.10653728426717161	16207566690.0	597815550.0	3528.429	3531.870117708638
-2.2392602680831226	-0.9999999988149314	0.06955240586694732	0.10653728426717161	16207566690.0	219547300.0	3538.1575000000003	3540.6195303934333
-2.2392602680831226	-0.9999999988381877	0.09154629358350914	0.10653728426717161	16207566690.0	150601850.0	3542.0845	3553.7692590506927
-2.2392602680831226	-0.9999999987199275	0.37417272594186707	0.10653728426717161	16207566690.0	1023875400.0	3553.4295	3559.4859281219465
-2.0043012362054267	-0.9999999987400944	0.08672527631625622	0.13475442431771095	15426560212.5	276027050.0	3508.518	3518.6073518914577
-2.0043012362054267	-0.9999999987855998	0.06615693418654947	0.13475442431771095	15426560212.5	136798250.0	3514.5860000000002	3521.352253617564
-1.2387524917510906	-0.9999999985596445	0.18690463093993348	0.28974545241267824	13909852125.0	502513300.0	3351.139	3363.671053954399
-1.2387524917510906	-0.9999999985788817	0.2097985401507643	0.28974545241267824	13909852125.0	384535050.0	3374.942	3395.700713023546
-1.2387524917510906	-0.99999999853888	0.40780913489454	0.28974545241267824	13909852125.0	670787700.0	3409.2920000000004	3423.7445361613
-1.2387524917510906	-0.9999999986137914	0.15595151070368238	0.28974545241267824	13909852125.0	236617800.0	3462.1580000000004	3472.894504029474
