-0.8937222770561571	-0.9999999991717156	0.017508579432935857	0.409130019628227	22947278433.333332	179713400.0	3827.373	3839.512166938598
-0.8937222770561571	-0.9999999991905801	0.06183786566218141	0.409130019628227	22947278433.333332	116567850.0	3880.016	3891.6386487654654
-0.8937222770561571	-0.9999999991311912	0.16234848466665575	0.409130019628227	22947278433.333332	455450350.0	3884.7665	3904.2363965197687
-0.8937222770561571	-0.9999999991357078	0.136829218754608	0.409130019628227	22947278433.333332	410610050.0	3912.9045	3928.993911431865
-0.8937222770561571	-0.9999999990908793	0.21559653197788317	0.409130019628227	22947278433.333332	1148640600.0	3916.2095	3938.8467717986773
-0.3454939248628678	-0.9999999991602011	0.014735980860870591	0.7078706322019572	23409089850.0	344955900.0	3766.072	3778.228525552585
-2.0052948366532637	-0.9999999991283195	0.11543862138834901	0.13462059875693927	23104315000.0	557838900.0	4083.5890000000004	4087.6039961884626
-1.8624572635817525	-0.9999999990594448	0.1145417180684331	0.15529057128489784	21804442985.714287	806555450.0	3947.472	3949.9147391772713
-1.8624572635817525	-0.9999999991331766	0.08164426897520255	0.15529057128489784	21804442985.714287	161594550.0	3960.9135	3971.761023936284
-1.8624572635817525	-0.9999999990730131	0.3018135299034447	0.15529057128489784	21804442985.714287	599996450.0	4025.0075	4042.059684199912
-1.8624572635817525	-0.9999999990653372	0.14389581223957715	0.15529057128489784	21804442985.714287	709309200.0	4053.8325000000004	4067.043274582188
-1.8624572635817525	-0.9999999991210037	0.050599030887919776	0.15529057128489784	21804442985.714287	210716600.0	4087.1330000000003	4091.3961731301183
-2.949732518736808	-0.9999999992532265	0.057072295651476534	0.05235370771161574	26365014220.0	355379150.0	3092.8120000000004	3099.3927290015386
-2.949732518736808	-0.9999999992833158	0.047456404095741436	0.05235370771161574	26365014220.0	160754350.0	3104.0935	3106.7489567677303
-2.949732518736808	-0.9999999991912651	0.10734095157130713	0.05235370771161574	26365014220.0	1820370900.0	3092.1775000000002	3107.36486465608
-2.8983347115265516	-0.9999999992268467	0.035111644942788824	0.05511492592771122	26120434710.0	589685700.0	3062.5660000000003	3065.9180523920313
-2.8983347115265516	-0.9999999992516319	0.11931559140997682	0.05511492592771122	26120434710.0	308644850.0	3113.8865000000005	3160.8440430909295
-2.5885627077323368	-0.9999999991863423	0.20019897623743213	0.07512794333453866	25566892960.0	1082672550.0	3748.266	3791.824795943743
-2.1299477561722657	-0.9999999991321253	0.12956071139042333	0.11884350252969927	23372126622.22222	644558100.0	4025.674	4046.119592585511
-1.493609217514852	-0.9999999990689958	0.05698187500464967	0.22456070274223064	20723626320.0	239432650.0	3802.9280000000003	3823.487449171293
-1.493609217514852	-0.9999999991402967	0.02222220938714524	0.22456070274223064	20723626320.0	54634200.0	3842.7525000000005	3851.20520883152
-1.493609217514852	-0.9999999991579008	0.020581156483512986	0.22456070274223064	20723626320.0	37933600.0	3871.414	3872.994004068624
-1.493609217514852	-0.999999999082156	0.10873659521892289	0.22456070274223064	20723626320.0	182280350.0	3863.5325000000003	3876.3784337864113
-2.51254012048151	-0.9999999992317872	0.037928610942523644	0.08106207008000767	24881237260.0	200051800.0	4084.311	4085.2767376809234
-2.843991189887941	-0.9999999991774284	0.2346013445395341	0.05819294276747458	25589190440.0	1384965000.0	3070.007	3102.2461507911953
-2.843991189887941	-0.9999999992252705	0.11776994815432412	0.05819294276747458	25589190440.0	407153650.0	3137.9645	3151.8668547098046
-1.695272884520953	-0.9999999990808669	0.031696089909366634	0.18354913447538218	20325507816.666668	129844400.0	3866.4300000000003	3874.154069754101
-1.695272884520953	-0.9999999990353189	0.12687552801050883	0.18354913447538218	20325507816.666668	327707700.0	3884.0655	3905.1606570941285
-2.9985605607347074	-0.9999999992910215	0.014891052071989931	0.04985878543277297	26826068520.0	181925550.0	3246.2360000000003	3249.0722255688042
-2.9985605607347074	-0.9999999992557295	0.059483646491047086	0.04985878543277297	26826068520.0	468878100.0	3255.9725	3272.416743932041
-2.9985605607347074	-0.999999999220682	0.26376672217010655	0.04985878543277297	26826068520.0	1200542600.0	3308.3514999999998	3335.315785898346
