-2.0063329783348895	-0.9999999994791587	0.011462962120925674	0.1344809160199452	37064051325.0	242009100.0	4690.287	4697.040419236223
-2.0063329783348895	-0.9999999994572298	0.07775622643837314	0.1344809160199452	37064051325.0	545526550.0	4714.6125	4722.45203186984
-1.8633837114636742	-0.9999999994553331	0.06097286037006794	0.1551467692868623	36972431642.85714	556767700.0	4558.294	4560.30898083225
-1.8633837114636742	-0.9999999994820786	0.03932003346036958	0.1551467692868623	36972431642.85714	207121050.0	4571.7095	4592.818198282383
-1.8633837114636742	-0.9999999994568833	0.05041789709410821	0.1551467692868623	36972431642.85714	525753500.0	4597.843000000001	4608.795250476634
-1.8633837114636742	-0.999999999455291	0.15707777658226768	0.1551467692868623	36972431642.85714	557634800.0	4614.5245	4627.324371212783
-1.8633837114636742	-0.9999999994479025	0.20343322955175178	0.1551467692868623	36972431642.85714	732802300.0	4638.575000000001	4645.94435270683
-1.8633837114636742	-0.9999999994579308	0.13719599621784892	0.1551467692868623	36972431642.85714	505781850.0	4654.2294999999995	4657.919374758835
-1.8633837114636742	-0.9999999994400335	0.1751464525754469	0.1551467692868623	36972431642.85714	980255750.0	4676.988	4682.268722007545
-1.239771805275293	-0.9999999994914874	0.08066146865594012	0.28945026142609886	40351615625.0	815492800.0	4596.837	4627.933583680495
-1.239771805275293	-0.9999999994809697	0.1304675877193725	0.28945026142609886	40351615625.0	1246628150.0	4640.3125	4647.5257869024335
-0.3456824833002612	-0.9999999994530555	0.061967214927706085	0.7077371698047985	38878564850.0	1717979550.0	4749.704000000001	4754.238998772023
-2.514140489617638	-0.9999999993885151	0.10038262843782864	0.0809324445969184	33479863660.0	778148650.0	4577.637000000001	4611.178956530857
-2.514140489617638	-0.9999999993856203	0.17677810054708293	0.0809324445969184	33479863660.0	857343350.0	4621.903	4644.682709698032
-2.514140489617638	-0.9999999994098261	0.09949222283869526	0.0809324445969184	33479863660.0	381241250.0	4662.1495	4675.585679699734
-2.726930241823252	-0.9999999994259419	0.06626500579104926	0.06541980472477398	34958274970.0	519346850.0	4840.42	4900.330526930277
-2.726930241823252	-0.9999999993966414	0.05289018168172604	0.06541980472477398	34958274970.0	1446447750.0	4915.673000000001	4919.227976459162
-2.788673208825947	-0.9999999993937326	0.3460755848788228	0.06150276112561903	35877256670.0	2795313000.0	4951.335	4996.056118090909
-2.788673208825947	-0.9999999994344625	0.11968769529942373	0.06150276112561903	35877256670.0	648346650.0	5026.9735	5035.132492046004
-2.788673208825947	-0.9999999994396285	0.05083983721936958	0.06150276112561903	35877256670.0	538659950.0	5042.352	5047.380488749684
-2.788673208825947	-0.9999999994539815	0.09646546801621132	0.06150276112561903	35877256670.0	321865250.0	5058.175	5063.2582349554405
-2.788673208825947	-0.9999999994457748	0.120904357097782	0.06150276112561903	35877256670.0	432062350.0	5069.634	5070.669079368865
-2.788673208825947	-0.9999999994100176	0.17615682630191531	0.06150276112561903	35877256670.0	1558435300.0	5076.739500000001	5079.07096830892
-2.846750053275025	-0.9999999994662684	0.011832046039886676	0.05803261764752896	36986211350.0	374353700.0	5099.258	5138.6167685136925
-2.6610207482820964	-0.9999999994602774	0.00432054387688168	0.06987685864555046	33423887460.0	68314250.0	4768.689	4781.073691587237
