-2.0055337735479024	-0.9999999996075836	0.06451900178347825	0.1345884367716134	53224337237.5	1176849450.0	3621.6800000000003	3648.236135762658
-2.0055337735479024	-0.9999999995923162	0.16376913411003688	0.1345884367716134	53224337237.5	2652315300.0	3722.869	3788.2306295145977
-2.0055337735479024	-0.9999999995912807	0.4305212966567082	0.1345884367716134	53224337237.5	2802600950.0	3766.371	3845.9335964299407
-2.0055337735479024	-0.9999999996064248	0.23935335827583268	0.1345884367716134	53224337237.5	1251709900.0	3866.4115	3890.9112645280716
-2.0055337735479024	-0.9999999996352744	0.044791215300181916	0.1345884367716134	53224337237.5	269552700.0	3916.7070000000003	3921.951032539893
-2.512759729526573	-0.9999999995723554	0.10028076045432212	0.08104427007079962	50518218030.0	2412289150.0	3949.639	3955.218237606419
-1.862806558874689	-0.9999999996081524	0.11549916026754514	0.15523633849149177	53629662414.28571	1338284650.0	3651.06	3670.679749669161
-1.862806558874689	-0.9999999996124065	0.16276647652614468	0.15523633849149177	53629662414.28571	1065286450.0	3728.0285000000003	3742.3008660602695
-2.1301398712806145	-0.9999999995892258	0.21787220469800817	0.11882067309034454	52873875344.44444	2707322750.0	3916.2720000000004	4024.7763926157404
-2.1301398712806145	-0.9999999995980058	0.24467228361307292	0.11882067309034454	52873875344.44444	1701868550.0	4074.8595000000005	4121.393157666612
-2.1301398712806145	-0.9999999996059027	0.23146774842973597	0.11882067309034454	52873875344.44444	1120958200.0	4150.108	4164.950344979645
-3.133682314056543	-0.9999999993894367	0.03795843664128898	0.04355711062428969	32559915500.0	430254650.0	3777.155	3796.490475802759
-3.133682314056543	-0.9999999993895684	0.03427387239152436	0.04355711062428969	32559915500.0	428414250.0	3812.3650000000002	3814.2864610158813
-3.133682314056543	-0.999999999388293	0.07368105398433204	0.04355711062428969	32559915500.0	446580600.0	3815.2450000000003	3826.9885035360385
-2.340079404986738	-0.9999999995990312	0.0449746711033694	0.09631998963932899	51881176960.0	1082712850.0	4178.63	4188.143717032383
-3.0001156976365646	-0.9999999994138024	0.07292134464151405	0.04978130845493291	35686881160.0	1216890250.0	3690.974	3711.888749580959
-2.240713022824785	-0.9999999996479357	0.003838495042711281	0.10638262409114146	52607409670.0	110573350.0	4132.231	4138.3285432018765
-2.240713022824785	-0.9999999996034564	0.18743281256275887	0.10638262409114146	52607409670.0	1147816950.0	4202.3705	4229.732086025341
-2.240713022824785	-0.9999999996400823	0.034176103509416945	0.10638262409114146	52607409670.0	167138550.0	4251.7325	4259.177631191903
-0.34564048112456525	-0.9999999995789113	0.05727760401314886	0.7077668969300488	47938334550.0	584514750.0	4408.984	4456.280260736954
-0.34564048112456525	-0.9999999996157519	0.009494500692830775	0.7077668969300488	47938334550.0	99953000.0	4480.9095	4487.357216906296
-2.786798146536405	-0.9999999995172444	0.026300428163681493	0.06161819081882124	40346758640.0	287756250.0	4148.56	4164.120819204991
-2.786798146536405	-0.9999999995392822	0.02131691684241428	0.06161819081882124	40346758640.0	118268750.0	4160.986000000001	4165.114580940494
-1.6956035463098897	-0.999999999585179	0.06349358894516904	0.18348845182348877	52876821200.0	3357339150.0	3877.8540000000003	3878.594059853525
-2.5888190653851257	-0.9999999996211658	0.010993513388990982	0.0751086861797915	49536280840.0	141248900.0	4023.757	4023.797024003078
-2.5888190653851257	-0.9999999996248417	0.011022678153213821	0.0751086861797915	49536280840.0	117735250.0	4044.7095	4071.849845548867
-2.5888190653851257	-0.9999999995995891	0.07460237899995321	0.0751086861797915	49536280840.0	411314000.0	4060.038	4082.0427285461515
-2.5888190653851257	-0.9999999995856763	0.17729457558877712	0.0751086861797915	49536280840.0	819376900.0	4089.4385	4108.109142086926
-2.5888190653851257	-0.9999999995927324	0.11418889430350182	0.0751086861797915	49536280840.0	577672850.0	4125.65	4146.514187705182
-2.8447175807943883	-0.9999999995090493	0.018724654732755617	0.05815068729188347	38852770130.0	192343700.0	4158.932	4164.859785543616
-2.8447175807943883	-0.9999999995204348	0.02337593928941461	0.05815068729188347	38852770130.0	123584500.0	4171.282	4191.497278422909
-2.8447175807943883	-0.9999999995065616	0.018558110872037896	0.05815068729188347	38852770130.0	211862600.0	4199.2585	4209.482006491664
-2.8447175807943883	-0.99999999952184	0.03096835933188755	0.05815068729188347	38852770130.0	117018150.0	4219.1485	4225.629203851898
-2.8447175807943883	-0.9999999994934465	0.10182965455810208	0.05815068729188347	38852770130.0	352656200.0	4225.422500000001	4232.497240699249
-2.8447175807943883	-0.9999999994853465	0.13035305511772477	0.05815068729188347	38852770130.0	483090650.0	4229.2255000000005	4241.051601503263
-2.8447175807943883	-0.9999999994636889	0.20686055561929056	0.05815068729188347	38852770130.0	1120645650.0	4239.091	4251.531668177211
-2.6593928964629368	-0.9999999996157374	0.00485857203755082	0.06999070045066949	46582070260.0	59396600.0	4157.06	4160.231593513038
-2.6593928964629368	-0.9999999995804929	0.050432950740772184	0.06999070045066949	46582070260.0	306739100.0	4174.923500000001	4192.336859072116
-2.7251858882038897	-0.9999999995289832	0.05187539476138735	0.06553401958451474	42971969640.0	617085850.0	4109.761	4114.920061356861
-2.7251858882038897	-0.9999999995428881	0.0582474392320954	0.06553401958451474	42971969640.0	339504850.0	4139.567000000001	4139.667814097749
-2.7251858882038897	-0.9999999995311875	0.03454039979707926	0.06553401958451474	42971969640.0	561318600.0	4159.3369999999995	4166.7417229706725
-2.7251858882038897	-0.9999999995380008	0.09525896010729151	0.06553401958451474	42971969640.0	418847250.0	4171.3095	4177.424312966944
-2.8993835609886807	-0.9999999994692517	0.0547043001104516	0.05505714897225764	37766205840.0	507167650.0	4255.198	4257.04844856516
-2.8993835609886807	-0.9999999994787028	0.07190811754414173	0.05505714897225764	37766205840.0	354925350.0	4256.3105	4264.812709284305
-2.8993835609886807	-0.9999999994590799	0.0655572770056226	0.05505714897225764	37766205840.0	744704200.0	4258.550499999999	4263.232646530468
