-2.585515463490616	-0.9999999977380828	0.024992282233226526	0.07535722568950454	7678499070.0	34904600.0	3060.3430000000003	3067.9493543970198
-2.585515463490616	-0.9999999975672124	0.1233945172461718	0.07535722568950454	7678499070.0	129625200.0	3068.353	3078.0566229940805
-2.7213063365251524	-0.9999999971794824	0.14824351299062277	0.06578875601227488	6757172480.0	189277350.0	3078.5150000000003	3087.550483469757
-2.2384872800209723	-0.999999997685957	0.11872308636579175	0.10661966815286197	8217410910.0	181259850.0	3081.6800000000003	3093.318422350987
-1.861255234027854	-0.9999999978136701	0.08548514187477475	0.1554773473737244	8550733600.0	131527250.0	3055.212	3067.3560595482227
-1.2386743511327318	-0.999999997605659	0.15706188367768253	0.28976809418610594	8044767500.0	231923000.0	3204.1690000000003	3206.8844605563445
-2.6557986662624504	-0.9999999974177624	0.07684927434977191	0.07024271576921214	7152505090.0	104999650.0	3047.7780000000002	3051.3096614428046
-2.6557986662624504	-0.9999999973690518	0.025567866663612902	0.07024271576921214	7152505090.0	148763900.0	3061.7975	3067.1932951931926
-2.9948551255364024	-0.9999999976077909	0.0006905365607599871	0.05004387664122066	6235632160.0	3008450.0	3056.3140000000003	3057.944634885816
-0.34529619573600306	-0.9999999975277778	0.19650050879360015	0.7080106126826488	7809730550.0	242712850.0	3159.8230000000003	3161.392972550045
-0.34529619573600306	-0.999999997498265	0.23705949724908296	0.7080106126826488	7809730550.0	305627250.0	3169.811	3189.925032259358
-0.34529619573600306	-0.9999999975767823	0.1708963594832815	0.7080106126826488	7809730550.0	165532350.0	3202.045	3204.861570877718
-0.34529619573600306	-0.9999999976335961	0.15081357149697966	0.7080106126826488	7809730550.0	106215050.0	3214.976	3215.8851906726877
-2.003808837658813	-0.9999999977089952	0.0550428074047112	0.13482079353910786	8504320125.0	289434100.0	3080.636	3080.924033909704
-2.840273111291014	-0.9999999970152308	0.15423569074586624	0.05840971143422126	6404602430.0	200487100.0	3079.7490000000003	3082.593139316155
-2.9460611000585346	-0.9999999970742208	0.01475825318134657	0.05254627337025858	6199264930.0	75351950.0	3059.732	3060.984742684947
-2.9460611000585346	-0.999999997120342	0.12394383791663093	0.05254627337025858	6199264930.0	56613750.0	3054.9260000000004	3055.271456010734
-2.9460611000585346	-0.9999999970489798	0.13226324717021024	0.05254627337025858	6199264930.0	88115250.0	3057.625	3063.3295829335348
-2.9460611000585346	-0.9999999970592145	0.10429068927065437	0.05254627337025858	6199264930.0	82698200.0	3064.2585	3068.503188472611
-0.8933508878479567	-0.999999997656051	0.16880654266196815	0.40928199432140144	8235233966.666667	241642250.0	3203.465	3209.4363546023656
-2.337546801853511	-0.9999999977138515	0.04228648461697806	0.09656423910981615	8231731710.0	148926200.0	3064.5260000000003	3067.569707715675
-2.337546801853511	-0.9999999975773186	0.11793356905684901	0.09656423910981615	8231731710.0	458221350.0	3083.656	3084.921216099552
-3.04126222379081	-0.9999999970525981	0.6088598876154008	0.047774549248106334	6971482020.0	839031800.0	3068.596	3113.2590926305793
-3.04126222379081	-0.9999999974051206	0.06893920844299938	0.047774549248106334	6971482020.0	71854600.0	3138.6765	3142.1354181837214
-3.04126222379081	-0.9999999973515595	0.13705373653472153	0.047774549248106334	6971482020.0	104380700.0	3140.356	3141.485563495314
-3.04126222379081	-0.999999997205475	0.5142703102328159	0.047774549248106334	6971482020.0	289012550.0	3148.9700000000003	3154.7622440037485
-3.04126222379081	-0.9999999971558104	0.26621381828680485	0.047774549248106334	6971482020.0	408587500.0	3158.5755000000004	3160.100659279511
-3.04126222379081	-0.9999999971207157	0.4212185427949042	0.047774549248106334	6971482020.0	521843550.0	3161.228	3167.99744905946
-2.128187246434573	-0.9999999977022621	0.05840118696347832	0.11905291195274162	8434570400.0	261104800.0	3059.3830000000003	3059.637798778623
