-1.400178448852991	-0.999999162411098	0.05073556869328606	0.24655296292232257	15230729.42857143	347002.4285714286	7.87	7.91189833823419
-1.400178448852991	-0.999999234264353	0.047585410032943275	0.24655296292232257	15230729.42857143	116157.67857142857	7.86	7.882361121966568
-1.2862544946496646	-0.9999992047809084	0.0523100026653783	0.27630374455435075	16078038.666666666	357024.7916666667	7.8500000000000005	7.955312696634079
-1.1445892012570997	-0.9999992145249044	0.05544370292445551	0.3183546706305206	16208095.4	338084.9	8.06	8.06701265181445
-1.9430190981373239	-0.9999992081678438	0.06612069246716741	0.14327074771941797	16570292.0	499262.875	8.265	8.293491945671606
-1.9430190981373239	-0.9999992938307811	0.05412890974269292	0.14327074771941797	16570292.0	120743.275	8.315000000000001	8.342397157381114
-1.9430190981373239	-0.9999992031236491	0.11546003750032068	0.14327074771941797	16570292.0	542786.85	8.35	8.39797848428554
-1.9430190981373239	-0.9999992522318645	0.08892089362768732	0.14327074771941797	16570292.0	240561.775	8.43	8.522227339593812
-0.686718639072151	-0.9999992317213071	0.05635606452212567	0.5032246244548417	16683508.333333334	368642.0	8.02	8.074544294490833
-0.686718639072151	-0.9999992364396059	0.1004192386902023	0.5032246244548417	16683508.333333334	340736.0	8.1	8.101255996476752
-0.686718639072151	-0.9999992160038771	0.1004271103875236	0.5032246244548417	16683508.333333334	479166.6666666667	8.11	8.155044632943998
-0.686718639072151	-0.9999992544021281	0.11482571358930144	0.5032246244548417	16683508.333333334	252504.5	8.215	8.228309666492965
-1.8602730028679075	-0.9999992050193832	0.06256360286091041	0.15563013709410883	16456207.7	480395.05	7.66	7.983101574713514
-1.8602730028679075	-0.9999992415475936	0.06155786159439517	0.15563013709410883	16456207.7	263351.925	8.125	8.15306740164633
-1.8602730028679075	-0.9999992167499824	0.09368393971357585	0.15563013709410883	16456207.7	396060.575	8.135000000000002	8.200445384679945
-1.903450611622326	-0.999999183740723	0.0630779945043999	0.14905340541938775	16066760.3	496153.25	8.14	8.15804656899503
-1.903450611622326	-0.9999993137331812	0.026242102716829807	0.14905340541938775	16066760.3	61455.475	8.13	8.152768754449449
-1.903450611622326	-0.9999991919856099	0.09537152853228577	0.14905340541938775	16066760.3	434595.6	8.175	8.210312647673451
-2.048321617450558	-0.9999992930882734	0.06392307023430492	0.12895115142602553	18627893.3	523490.575	8.065000000000001	8.081149939550999
-2.048321617450558	-0.9999993689946142	0.04800429018010777	0.12895115142602553	18627893.3	127298.9	8.09	8.090018783918216
-1.8158576353073441	-0.9999990337526545	0.04547227404215115	0.1626983127202316	12957788.1	273874.35	7.5200000000000005	7.546635591236336
