-1.2861601962881886	-0.9999985367132559	0.095481394052884	0.27632980077324193	8505078.666666666	254069.95833333334	8.18	8.264852914959352
-1.579664329204353	-0.9999988192353342	0.09851624690868815	0.20604424963538995	10739555.666666666	321542.4166666667	8.42	8.53061387857251
-1.579664329204353	-0.9999988415496278	0.09737182243503766	0.20604424963538995	10739555.666666666	253023.66666666666	8.585	8.682916799575938
-1.4977483725494627	-0.9999985452778942	0.09212429729251188	0.22363313218238373	9397936.0	865778.25	8.36	8.361024646208325
-1.7733917762255371	-0.9999989057268674	0.09333993285860347	0.1697562361044907	11625536.9	334874.025	8.64	8.780456440858206
-1.1437271690774204	-0.9999984049480186	0.059460699526634644	0.3186292209197459	7342701.8	122025.2	8.13	8.141462976029876
-1.8727360054883744	-0.9999990649310133	0.10544211278298807	0.1537025549685295	13881456.8	433703.95	9.02	9.040590731191768
-0.6877040722832402	-0.9999982846713282	0.0804973154867505	0.5027289744523624	6996403.0	162937.91666666666	8.120000000000001	8.143993278219886
-0.6877040722832402	-0.9999983251698177	0.07374388244031048	0.5027289744523624	6996403.0	122734.5	8.13	8.157860268217298
-0.6877040722832402	-0.9999982779935858	0.11268865202398923	0.5027289744523624	6996403.0	170731.08333333334	8.155000000000001	8.156577018832344
-0.6877040722832402	-0.9999982435908505	0.11776808194146471	0.5027289744523624	6996403.0	217193.0	8.165	8.167667649438537
-1.8247458698727195	-0.9999990446261765	0.09922796766631092	0.16125861959652907	13479861.6	391720.7	8.71	8.86752457730321
-1.8247458698727195	-0.9999990609566666	0.09455445937706701	0.16125861959652907	13479861.6	314321.3	8.865	8.950122003909776
-1.8247458698727195	-0.9999990819098875	0.08486587022449481	0.16125861959652907	13479861.6	236978.2	8.965	8.996725936913606
-1.8247458698727195	-0.9999990447151254	0.1107425241048524	0.16125861959652907	13479861.6	391251.3	8.965	8.991893446429556
-0.23172243584733604	-0.9999982062549199	0.08100282927517544	0.7931662472733554	6752187.0	181988.125	8.120000000000001	8.156085962020814
-0.23172243584733604	-0.9999981165144546	0.09443818471227133	0.7931662472733554	6752187.0	333581.875	8.135000000000002	8.136506769305484
-0.23172243584733604	-0.9999982421029983	0.09029725514610726	0.7931662472733554	6752187.0	142863.125	8.125	8.141574128494288
