-1.8216756812868142	-0.9999997704201299	0.015445200073115523	0.16175447476473548	55241312.7	321994.675	10.57	10.584075555794584
-2.0799783921599033	-0.9999997823147923	0.0447018268716492	0.12493291169979594	63557124.5	1020134.325	10.715	10.784443494680588
-1.7641768197820618	-0.9999998016691833	0.01633485474107909	0.17132776207734643	64193719.8	338266.7	10.34	10.393226337293745
-1.7641768197820618	-0.9999997857202131	0.06584478446683667	0.17132776207734643	64193719.8	941675.05	10.44	10.555011995157539
-1.7004986645104985	-0.9999998058750699	0.019087408661059367	0.18259244897247917	66608914.0	412688.5	10.28	10.425836097854878
-1.9653341849757922	-0.999999751735655	0.043685714468332866	0.14010905644964433	55131836.1	879640.025	10.66	10.73200895291621
-1.9653341849757922	-0.9999997428188153	0.06047537311027471	0.14010905644964433	55131836.1	1438153.025	10.74	10.786821486620285
-1.9653341849757922	-0.9999997531754661	0.090255948327704	0.14010905644964433	55131836.1	812514.075	10.690000000000001	10.822228897679944
-1.9653341849757922	-0.9999997478037277	0.06293172166767227	0.14010905644964433	55131836.1	1092569.3	10.82	10.943463692581485
-1.4460858910699161	-0.9999998322674256	0.015427401918818428	0.23549022093737065	76590793.0	379560.10714285716	10.81	10.81287934862831
-1.921801327964511	-0.9999997210753965	0.043398828418358605	0.1463431126207673	48793706.4	814039.35	10.56	10.648272385097274
-1.921801327964511	-0.9999997341592924	0.05032921069565298	0.1463431126207673	48793706.4	429918.575	10.615	10.633515526881498
-1.5440450618436363	-0.9999998220323969	0.015060567703751249	0.21351566815919965	71799172.0	354308.65625	10.44	10.586965418848617
-1.5440450618436363	-0.9999998043535608	0.0826007077506754	0.21351566815919965	71799172.0	1260793.125	10.625	10.64125727267635
-2.00622732326346	-0.9999997808480827	0.035195261397425834	0.13449512536136438	62206775.1	832953.275	10.955	11.083445786391998
-2.226337473899769	-0.9999997789778108	0.03275034992627855	0.1079229778973797	61013433.5	718787.65	10.38	10.416791134855616
-2.226337473899769	-0.9999997824663268	0.056003787112556436	0.1079229778973797	61013433.5	580981.725	10.455000000000002	10.496595511287383
-2.1728662759416992	-0.9999997740826935	0.040775068426634246	0.11385082092187863	62328999.7	1304328.575	10.57	10.575520498251953
-1.3276600662584603	-0.9999998381729456	0.017305842560837816	0.26509684517731963	79790633.5	405258.625	10.39	10.546655634898759
-2.143687867744748	-0.999999763877369	0.04918908237398302	0.1172217466131794	62265971.5	2427577.975	10.47	10.507762860629782
-2.143687867744748	-0.9999997841114129	0.06827224148343837	0.1172217466131794	62265971.5	688665.65	10.530000000000001	10.570950097101985
-1.8740021045294755	-0.9999997392247304	0.0308952308616404	0.15350807545221296	51204234.3	629572.575	10.6	10.743206386270677
-0.24375108418937713	-0.9999998748563972	0.05360746172132404	0.7836826809965589	111946835.5	1213997.875	10.5	10.535792132867929
-0.24375108418937713	-0.999999863316887	0.1283272708293021	0.7836826809965589	111946835.5	4418194.75	10.51	10.883641081351508
-0.24375108418937713	-0.99999986981516	0.07678141734775326	0.7836826809965589	111946835.5	2134579.875	10.91	11.13882705892935
