-1.289198005376446	-0.9999992204509908	0.03008448498690892	0.27549163732792986	16004768.0	262104.15	8.19	8.28134939772395
-1.4046421343783932	-0.999999234585525	0.03964658609779912	0.24545488060079	16592420.714285715	327772.7916666667	8.22	8.300959469388566
-1.4984055886398204	-0.9999993645771406	0.05612092183761935	0.22348620517626114	20556419.875	470719.1785714286	8.22	8.278799002473177
-1.4984055886398204	-0.9999993583016248	0.11288423765309846	0.22348620517626114	20556419.875	535533.84375	8.36	8.447096113261065
-1.4984055886398204	-0.9999993960007932	0.05530193270687558	0.22348620517626114	20556419.875	246731.8125	8.5	8.540691271513769
-1.4984055886398204	-0.9999993613798018	0.12111927599543384	0.22348620517626114	20556419.875	502697.03125	8.535	8.633997452371235
-2.0276638682596335	-0.999999508649626	0.04775687974565514	0.13164269688988406	27721510.9	823215.7	7.890000000000001	7.9065885551413775
-2.0276638682596335	-0.9999995379346417	0.07379474498809864	0.13164269688988406	27721510.9	365545.9	7.945	8.01259456276017
-1.8739746265462864	-0.9999995135214284	0.07817751414741965	0.1535122936024824	28010038.9	827597.75	8.485	8.658169238245762
-0.9588529611281739	-0.9999992704212816	0.02604191425799368	0.3833323309811417	17192516.5	280208.875	8.235	8.276249890050066
-1.7180801192372657	-0.9999994870645073	0.058921382278324504	0.179410263789153	26035835.1	630773.625	8.8	8.867003090745708
-1.7180801192372657	-0.9999994806805366	0.08879454614468683	0.179410263789153	26035835.1	744832.45	8.795000000000002	8.812985814302076
-1.7180801192372657	-0.9999995116858127	0.06942318264075677	0.179410263789153	26035835.1	332257.2	8.865	8.869606379590518
-1.5813951052768214	-0.9999994108609909	0.053953107495438815	0.20568794161189793	22423491.0	546096.75	8.690000000000001	8.827197834668087
-2.089625265749554	-0.9999994389869589	0.0380136149457827	0.12373349430909993	22835744.4	366277.925	8.120000000000001	8.159904471126104
-1.6538517570238902	-0.9999994441418357	0.05951489229230765	0.19131160183824938	24024484.3	630459.4722222222	8.790000000000001	8.850324562826806
-1.6538517570238902	-0.9999994518834291	0.1007362689408974	0.19131160183824938	24024484.3	523460.075	8.905000000000001	8.944986637119188
-1.1469414096365929	-0.9999992168643438	0.03360900656084725	0.31760671412625424	16260306.0	339090.55	8.175	8.178398211242865
