-1.3106045685853596	-0.9999993470639778	0.08784903452885061	0.2696569809550046	21941137.0	1666369.9166666667	9.52	9.552355266364161
-1.3106045685853596	-0.9999994085837698	0.10384354400251074	0.2696569809550046	21941137.0	432069.7083333333	9.51	9.534174480355839
-1.3106045685853596	-0.9999993912223287	0.0930782411593839	0.2696569809550046	21941137.0	632397.0416666666	9.55	9.606826599349734
-1.7429899397005926	-0.9999993427655147	0.06774006223071417	0.17499638897491157	19640652.2	403733.975	9.11	9.138989616675774
-1.7429899397005926	-0.9999993381005337	0.11683319952368235	0.17499638897491157	19640652.2	442473.1	9.17	9.212103133192496
-1.7429899397005926	-0.9999993497676931	0.09334507452428095	0.17499638897491157	19640652.2	351858.275	9.23	9.233348138025281
-1.7429899397005926	-0.9999993228297605	0.09582205210466409	0.17499638897491157	19640652.2	597233.525	9.23	9.24735086087241
-1.7996255762409994	-0.9999992603944333	0.09124437457058628	0.16536079164100542	18446535.5	841683.35	9.26	9.290053875125343
-2.0529658226278045	-0.9999993674136812	0.08300519576827199	0.1283536643212287	21160886.5	650883.375	9.450000000000001	9.476550786013435
-1.8508880434538024	-0.9999992668445656	0.0776297433619488	0.15709759485931896	17667315.5	422052.925	9.290000000000001	9.3980330366994
-0.9751003967326287	-0.9999994244270755	0.08440513008601412	0.3771544865841789	23304191.0	668813.0625	9.55	9.575996858052948
-1.9805709591778415	-0.9999993318012571	0.09636647581422209	0.13799042791328797	20087427.3	674948.85	9.465	9.517213659324797
-1.9805709591778415	-0.9999993099721309	0.10730249773380748	0.13799042791328797	20087427.3	1046418.25	9.53	9.564819488142996
-1.9805709591778415	-0.9999993615614745	0.10398201595220835	0.13799042791328797	20087427.3	371232.85	9.51	9.549352087803442
-1.9805709591778415	-0.999999336096073	0.10095255964457622	0.13799042791328797	20087427.3	619160.775	9.585	9.613479242465093
-1.8978471251678593	-0.9999992229412148	0.07570347026902524	0.14989096860306775	16561412.9	388166.175	9.35	9.409433918946224
-1.8978471251678593	-0.9999992187478716	0.12209968152905493	0.14989096860306775	16561412.9	416081.6	9.425	9.42924219642295
