-1.9627144735815354	-0.9999997396169735	0.05878012729614682	0.1404765829377373	52642393.7	897335.125	10.245000000000001	10.284448117379114
-1.9627144735815354	-0.999999724047867	0.07175187762124424	0.1404765829377373	52642393.7	2036575.625	10.254999999999999	10.27843069224859
-1.9627144735815354	-0.9999997355755214	0.10128199576661914	0.1404765829377373	52642393.7	1110073.3	10.254999999999999	10.296810294263564
-1.625516471770624	-0.9999998308123166	0.01959520467013654	0.19681000214053848	77613556.44444445	504466.05555555556	10.450000000000001	10.523191722165448
-1.1768160938187342	-0.9999998247248745	0.033530483232156655	0.3082586444126236	81650874.2	1641903.2	10.485	10.507261523785127
-1.1768160938187342	-0.9999998247354002	0.09358638069933896	0.3082586444126236	81650874.2	1640492.7	10.51	10.587915497674809
-2.1680613361100063	-0.9999997076977115	0.08529829124174669	0.11439918363609679	48612699.2	1483036.975	10.585	10.652948628031346
-2.1680613361100063	-0.9999997230906155	0.0815235001796053	0.11439918363609679	48612699.2	701735.05	10.66	10.660370379195387
-1.8202730926293862	-0.999999787010019	0.033871998083458046	0.1619815089368866	62730782.5	634775.45	10.23	10.253617787911198
-1.8202730926293862	-0.9999997862957983	0.05089900825968386	0.1619815089368866	62730782.5	663862.475	10.25	10.283720431812057
-1.8202730926293862	-0.9999997770988744	0.09297195866020294	0.1619815089368866	62730782.5	1182050.475	10.26	10.298884185968246
-1.6981692842115945	-0.9999998229465654	0.021754085387079878	0.18301827198516915	74387570.8	524695.3	10.42	10.444786546107544
-1.6981692842115945	-0.9999998112778076	0.06197257212810692	0.18301827198516915	74387570.8	1249913.175	10.43	10.43429707861822
-1.6981692842115945	-0.99999980014714	0.07865093330570534	0.18301827198516915	74387570.8	2860675.725	10.48	10.484335509342424
-0.9843603295765209	-0.9999998392758735	0.022764128997071146	0.3736781813829972	86511494.25	1093051.0	10.41	10.477790090144829
-1.3236622009858519	-0.999999843943176	0.019391003339672336	0.26615878798625836	84623648.83333333	543669.0833333334	10.52	10.589016556914208
-1.3236622009858519	-0.9999998306018694	0.07697489540943003	0.26615878798625836	84623648.83333333	1681315.9166666667	10.6	10.635115892790209
-1.3236622009858519	-0.9999998300084186	0.08888258270204873	0.26615878798625836	84623648.83333333	1767907.7083333333	10.635000000000002	10.706064025651932
-1.3236622009858519	-0.9999998312846659	0.0701739350138515	0.26615878798625836	84623648.83333333	1586921.5416666667	10.745000000000001	10.793801710442176
-1.8720597934604593	-0.999999763028711	0.057107391350089055	0.15380652563406597	58006484.7	932729.375	10.265	10.360452141970342
-0.24435285341836557	-0.9999998679108141	0.013148889462897061	0.783211226741403	99146971.0	487107.75	10.25	10.412060775708706
-0.24435285341836557	-0.9999998520803721	0.04720308028541576	0.783211226741403	99146971.0	2340283.5	10.47	10.576278341910934
-0.24435285341836557	-0.9999998519478581	0.09291716303643324	0.783211226741403	99146971.0	2371233.875	10.35	10.591859664114633
-2.0025494664478996	-0.9999997220165254	0.06562630860412114	0.13499068992397667	49856187.2	1044652.85	10.335	10.394461455867578
-2.0025494664478996	-0.9999997092991426	0.0788805058053964	0.13499068992397667	49856187.2	1969392.85	10.415	10.421891646878901
-2.0025494664478996	-0.9999997075431029	0.08812536387172393	0.13499068992397667	49856187.2	2149584.975	10.425	10.464295851063868
-2.0751173069119897	-0.9999996973194539	0.07924350681227625	0.12554169972025925	46086953.0	1143521.65	10.275	10.336480452933039
-2.0751173069119897	-0.9999997099299408	0.07194226224332574	0.12554169972025925	46086953.0	639501.1	10.38	10.383409440764648
-2.0751173069119897	-0.9999997023423239	0.10855582523763588	0.12554169972025925	46086953.0	907214.525	10.254999999999999	10.27873813497602
-2.0751173069119897	-0.9999997013234609	0.0644760772006819	0.12554169972025925	46086953.0	950830.0	10.27	10.322355927762954
