-1.6682343353565428	-0.99999845072455	0.022665119580544582	0.18857974043641554	7335245.625	86189.5625	22.01	22.020307077940846
-1.6682343353565428	-0.9999984938203221	0.06859503793875212	0.18857974043641554	7335245.625	62829.625	22.21	22.340660441281564
-1.6682343353565428	-0.9999985257309687	0.0615614289767288	0.18857974043641554	7335245.625	49717.15625	22.445	22.522582931339112
-1.6682343353565428	-0.9999984636580364	0.09207836233937339	0.18857974043641554	7335245.625	78388.53125	22.535	22.596137666376446
-1.7606048137807737	-0.9999985505171187	0.01903946147688954	0.17194084017913666	6902337.444444444	22131.88888888889	22.46	22.573313125705003
-2.1322130085695177	-0.9999981306392309	0.036400944131916725	0.11857459668548793	6542597.5	204939.525	23.56	23.581858136712537
-2.1322130085695177	-0.9999981612887997	0.06037220790610738	0.11857459668548793	6542597.5	167701.575	23.735	23.78521483173666
-2.1769321184288395	-0.9999983425892316	0.013734597842693935	0.11338886118113996	5877132.7	16996.525	23.7	23.88833735536441
-2.293756877393275	-0.9999988129977299	-0.021437754415661883	0.10088672992243394	9002711.9	-43748.675	16.03	16.2124538046778
-1.270271777939496	-0.9999986141630379	0.024267159158138398	0.2807553083094959	7509094.2	33068.95	22.16	22.465655246475215
-1.270271777939496	-0.9999985223751305	0.03946058263271364	0.2807553083094959	7509094.2	65881.25	22.43	22.465748326923553
-1.5609722532961599	-0.9999986805514277	0.02020612612038063	0.20993186499906002	7737653.714285715	27157.25	21.85	21.9085110248224
-1.5609722532961599	-0.999998783335414	0.006937722569677967	0.20993186499906002	7737653.714285715	12259.392857142857	21.96	22.02763230194495
-1.5609722532961599	-0.9999985805794129	0.06070633932115261	0.20993186499906002	7737653.714285715	58863.0	22.05	22.05334333562782
-1.5609722532961599	-0.9999984493254463	0.060978038723412696	0.20993186499906002	7737653.714285715	162523.2857142857	22.060000000000002	22.07859674879561
-1.9734865387863667	-0.9999984632723008	0.0335641439917239	0.1389714811080835	6937265.2	42644.95	23.0	23.303141395820184
-1.9100524746568843	-0.9999985833062127	0.020909547373882783	0.14807261633185734	7171304.5	25835.475	21.72	22.012692456694314
-1.9100524746568843	-0.9999986539345714	0.01455155211415025	0.14807261633185734	7171304.5	15568.125	22.240000000000002	22.506515856521634
-1.9100524746568843	-0.9999984932116915	0.05676106396849554	0.14807261633185734	7171304.5	49296.95	22.645	22.99345485335072
-1.9100524746568843	-0.9999984851418589	0.06289000700730349	0.14807261633185734	7171304.5	52234.05	22.935000000000002	22.960400296103586
-0.7664005929278173	-0.9999986788118477	0.030774404209500356	0.4646826437621161	8104085.666666667	44667.416666666664	21.1	21.27181258463117
-0.7664005929278173	-0.9999984753545006	0.07824962671456158	0.4646826437621161	8104085.666666667	232315.91666666666	21.645000000000003	21.836924816550965
-0.7664005929278173	-0.9999985441167716	0.1307831280105912	0.4646826437621161	8104085.666666667	133065.25	22.185000000000002	22.54763564112779
