-1.3871007348598128	-0.9999961957618265	0.07104805555948658	0.24979848782300257	2679982.6666666665	26775.833333333332	16.0	16.028322833148277
-1.3871007348598128	-0.99999612365829	0.11027867427723033	0.24979848782300257	2679982.6666666665	32483.833333333332	16.015	16.034894303101172
-1.3871007348598128	-0.9999965269955049	0.026236520612942356	0.24979848782300257	2679982.6666666665	11020.375	16.065	16.067264132361633
-1.3871007348598128	-0.999996299527009	0.06984486733056405	0.24979848782300257	2679982.6666666665	20275.208333333332	16.060000000000002	16.08482153341262
-1.3871007348598128	-0.9999962207455885	0.09122835565518658	0.24979848782300257	2679982.6666666665	25041.666666666668	16.06	16.06484200045789
-1.3871007348598128	-0.9999961266847774	0.10860346311397132	0.24979848782300257	2679982.6666666665	32221.416666666668	16.07	16.083287744324913
-1.6144295355304816	-0.9999964620988945	0.07419365690068672	0.19900416287024622	2942699.5	33221.40625	16.080000000000002	16.112954064306095
-1.6144295355304816	-0.9999965571314509	0.06559834389348265	0.19900416287024622	2942699.5	25116.6875	16.18	16.19414608374648
-1.9068704936131498	-0.9999976241839829	0.06683785368622484	0.14854453100371348	4658423.3	64057.8	16.25	16.553654464562076
-1.9068704936131498	-0.9999976914310084	0.06751243469810221	0.14854453100371348	4658423.3	46829.575	16.71	16.809334088441332
-1.9068704936131498	-0.9999977005041796	0.058288366568358264	0.14854453100371348	4658423.3	44891.45	16.830000000000002	16.988861347718366
-1.9068704936131498	-0.9999976098979334	0.10029596876594912	0.14854453100371348	4658423.3	68466.0	16.895	16.918564266416123
-1.2331453299666228	-0.9999960073220152	0.07395921111831982	0.29137466540250595	2524017.2	23802.5	15.8	15.805488878915186
-1.2331453299666228	-0.9999958711630323	0.1272110150714764	0.29137466540250595	2524017.2	33564.55	15.775	15.819080677440876
-1.2331453299666228	-0.999995843502406	0.034188268819757776	0.29137466540250595	2524017.2	35991.7	15.860000000000001	15.886250312537806
-1.2331453299666228	-0.9999961024983884	0.06341093353983361	0.29137466540250595	2524017.2	18719.25	15.885000000000002	15.917840347902999
-1.2331453299666228	-0.9999959661887329	0.09048647533596639	0.29137466540250595	2524017.2	26406.65	15.94	15.9569612849162
-2.013451016102929	-0.9999981768903496	0.054155956851538775	0.13352707454775742	6482606.8	135739.875	17.42	17.477052640573767
-0.746483428559006	-0.999995161101178	0.04007734555430981	0.47403058760397687	1956485.3333333333	12928.083333333334	15.72	15.787556360662597
-0.746483428559006	-0.999994803679591	0.10479903431200101	0.47403058760397687	1956485.3333333333	26016.5	15.780000000000001	15.801535561953239
-0.746483428559006	-0.9999950960519709	0.039927936910804936	0.47403058760397687	1956485.3333333333	14682.833333333334	15.815000000000001	15.838598998723125
-1.9621268539116725	-0.9999980807792013	0.061083870333358756	0.14055915399884045	5917763.7	85603.675	16.86	17.227391520077905
-1.9621268539116725	-0.9999980465863649	0.05889121102032933	0.14055915399884045	5917763.7	104802.275	17.32	17.406774807514516
-1.9621268539116725	-0.9999982405227024	0.07891204300126266	0.14055915399884045	5917763.7	33261.0	17.545	17.65797204854486
-0.2668121543807731	-0.9999949087108194	0.03562425750975844	0.7658169133072157	1762058.0	7871.625	15.83	15.866771003956183
-1.032150475307507	-0.9999959390362071	0.05915704267848596	0.3562400508216235	2409581.0	17768.1875	15.81	15.811465103342034
-1.032150475307507	-0.999995795479192	0.1060134881978269	0.3562400508216235	2409581.0	25111.8125	15.790000000000001	15.795348498823623
