-2.1624526500640657	-0.9999961669496357	0.0676808491206924	0.11504261545784236	2668844.1	27716.35	20.900000000000002	21.43390796097049
-2.1624526500640657	-0.9999961591911998	0.07559127961740934	0.11504261545784236	2668844.1	28296.25	21.575	21.83733724182372
-2.1624526500640657	-0.9999962995617484	0.04879961571649309	0.11504261545784236	2668844.1	19454.65	21.900000000000002	21.991137414193062
-2.1624526500640657	-0.9999962032200788	0.05352540284346073	0.11504261545784236	2668844.1	25159.075	22.095	22.10850782048259
-2.1624526500640657	-0.9999960822477039	0.1030054617270014	0.11504261545784236	2668844.1	34746.75	22.075	22.171674953929944
-1.2690319113127997	-0.9999971433375874	0.053635183511104766	0.2811036233340027	3571504.4	26971.75	21.16	21.251899206931917
-2.0210537370461474	-0.9999959847535415	0.03898950004816492	0.13251575472410926	2384831.1	14409.1	20.56	20.665751433905772
-2.0210537370461474	-0.9999963562018591	0.020293233596338424	0.13251575472410926	2384831.1	5941.25	20.880000000000003	20.92991082390206
-0.276852387672616	-0.999997645702943	0.0821739298697969	0.7581664035582931	4431623.5	33973.25	20.36	20.469833996255854
-0.276852387672616	-0.9999974644792293	0.09720306965156277	0.7581664035582931	4431623.5	75846.0	20.43	20.653100685810166
-0.276852387672616	-0.9999976144429962	0.05403945211853639	0.7581664035582931	4431623.5	39021.375	20.630000000000003	20.7563452291608
-0.276852387672616	-0.9999975210933832	0.14689220537429934	0.7581664035582931	4431623.5	59016.0	20.82	20.958176202805838
-0.276852387672616	-0.99999766536205	0.08278763926498132	0.7581664035582931	4431623.5	31138.625	20.975	21.050768569157675
-0.276852387672616	-0.9999974308429863	0.15455982254384834	0.7581664035582931	4431623.5	88038.125	21.08	21.102230725035675
-0.276852387672616	-0.9999974149018259	0.1045762747508109	0.7581664035582931	4431623.5	94482.625	21.189999999999998	21.19063366987912
-2.203397123857501	-0.9999959395926435	0.056539856577484573	0.11042738494537735	2720640.2	62748.6	22.12	22.157121625301755
-2.203397123857501	-0.9999959565220561	0.07255002223452564	0.11042738494537735	2720640.2	59923.975	22.595	22.59692720011452
-0.7669766121472876	-0.9999974916607506	0.08010360908496227	0.4644150547039738	4241708.666666667	41756.916666666664	20.93	21.021909858520456
-2.241942890460577	-0.9999965151356585	0.06562670034488124	0.10625186796760484	2957258.5	29899.925	22.400000000000002	22.531107744751104
-2.241942890460577	-0.9999965740941356	0.056035306913573356	0.10625186796760484	2957258.5	25115.725	22.725	22.78135176468418
-2.2778415340290987	-0.9999966003626883	0.07004282713389512	0.10250522213641734	3051239.0	31986.675	22.43	22.449688675765398
-1.0612135810770964	-0.9999971963847113	0.0723634739663824	0.34603561313784276	3717044.5	33561.4375	21.18	21.220734637830414
-1.9035836119886653	-0.9999967035412095	0.04205815025706007	0.14903358258011445	2949148.6	16675.35	20.71	20.803898438732062
-1.9035836119886653	-0.9999968928390567	0.02464483866634982	0.14903358258011445	2949148.6	9541.2	20.630000000000003	20.643178154825026
-1.9035836119886653	-0.9999965337881186	0.07717752156888269	0.14903358258011445	2949148.6	27510.9	20.67	20.693977987421384
