-2.2004846295075358	-0.999997124314563	0.03223729489179754	0.11074947289209562	3438072.7	19668.325	17.64	17.70405477442367
-1.869161799851378	-0.9999977303527496	0.07251478676611539	0.1542529024485633	4768587.3	50160.9	17.22	17.3605412481345
-1.869161799851378	-0.9999978303453879	0.014622913939095195	0.1542529024485633	4768587.3	31137.1	17.4	17.45565441340797
-1.869161799851378	-0.9999978630101894	0.04420828826078589	0.1542529024485633	4768587.3	26645.75	17.435000000000002	17.53818147947754
-1.869161799851378	-0.9999978376069383	0.046543915257780746	0.1542529024485633	4768587.3	30077.325	17.580000000000002	17.709993156910937
-1.869161799851378	-0.9999977378065728	0.08360849203245878	0.1542529024485633	4768587.3	48409.25	17.79	17.818250371074942
-1.8017866744557918	-0.9999976425228829	0.06209055189683298	0.16500381659739116	4523564.8	42795.025	17.0	17.116935170407153
-1.8017866744557918	-0.9999980686564696	-0.009867303731329682	0.16500381659739116	4523564.8	-6225.425	17.155	17.17160812282392
-1.8017866744557918	-0.9999975688441772	0.024640787975787597	0.16500381659739116	4523564.8	59723.1	17.195	17.196109195026672
-1.8017866744557918	-0.999998029071317	0.013906212562423586	0.16500381659739116	4523564.8	7446.425	17.135	17.16088083696386
-1.8017866744557918	-0.9999976577490668	0.03741659463710401	0.16500381659739116	4523564.8	39946.6	17.17	17.237951083392534
-2.234822728390033	-0.9999967893730736	0.026981407758873272	0.10701109820145255	3016818.0	16087.775	17.25	17.358561757397492
-2.234822728390033	-0.9999967310419705	0.04388548087668588	0.10701109820145255	3016818.0	19183.375	17.32	17.337392195602774
-2.234822728390033	-0.9999960815376596	0.08460275209548414	0.10701109820145255	3016818.0	136118.4	17.36	17.372642704988316
-2.234822728390033	-0.9999963259136085	0.1014022806953075	0.10701109820145255	3016818.0	65123.1	17.34	17.36443254220573
-2.380213926459949	-0.9999963310198444	0.07902295260154597	0.09253078061054605	2905918.7	42690.625	18.29	18.339438141755178
-1.5330024536227782	-0.9999974219720363	0.06359380664470891	0.21588650404618812	4132068.4285714286	42300.92857142857	17.55	17.770636066090937
-1.0480804077588293	-0.9999974462853924	0.021729006889840734	0.3506101320433034	3721543.75	13409.0625	18.09	18.143875577694754
-1.0480804077588293	-0.9999972701527662	0.01823088123212514	0.3506101320433034	3721543.75	25827.8125	18.12	18.132585237849103
-2.035600063868919	-0.9999977290464022	0.059844438259387164	0.1306020893908911	4708489.7	44034.95	17.7	17.712298370100445
-2.035600063868919	-0.9999976350765599	0.031960872105312316	0.1306020893908911	4708489.7	68542.075	17.740000000000002	17.751341501269778
-2.035600063868919	-0.9999978135666732	0.0503169158266869	0.1306020893908911	4708489.7	29577.375	17.785	17.788738202991333
-2.035600063868919	-0.9999978091501629	0.04975382492342245	0.1306020893908911	4708489.7	30198.9	17.835	17.870645616442847
-2.12437435343248	-0.9999975004358523	0.04862883739649775	0.11950771447327997	4165477.9	33251.3	17.5	17.65069073059108
-2.326102418522417	-0.9999963287003364	0.06671315556920399	0.0976757051690234	2862035.0	36583.8	17.8	18.03491102560069
-2.326102418522417	-0.9999961950771381	0.10399301539123253	0.0976757051690234	2862035.0	53626.775	18.14	18.233403482953154
-2.326102418522417	-0.9999964635145299	0.060895973945559796	0.0976757051690234	2862035.0	24872.175	18.285	18.32395810586802
-2.3537458390527726	-0.9999963261753659	0.08060055826005774	0.09501259292580545	2899602.8	42302.8	18.150000000000002	18.256365575439947
-2.3537458390527726	-0.9999962793369548	0.0933693779135404	0.09501259292580545	2899602.8	48456.625	18.33	18.37548285233347
-2.3537458390527726	-0.9999964614912116	0.06488983704812615	0.09501259292580545	2899602.8	28573.5	18.405	18.441564429347647
-2.2972808465108923	-0.9999963926943782	0.02184479607511552	0.1005318338904071	2577815.1	10925.725	17.57	17.685534735097328
-2.2972808465108923	-0.9999958609093951	0.09679154241354423	0.1005318338904071	2577815.1	43035.775	17.73	17.809791911327622
-2.2972808465108923	-0.999996232240511	0.04680124151472047	0.1005318338904071	2577815.1	16523.3	17.865000000000002	17.873010158459074
-2.2972808465108923	-0.9999958362407633	0.09379414359056795	0.1005318338904071	2577815.1	45861.425	17.84	17.9004494545182
-1.408271043188616	-0.9999974727630454	0.04978695433722167	0.2445657614639326	4100868.1666666665	31692.458333333332	17.52	17.63014764133958
-2.2670004511112976	-0.9999957576201886	0.06814542870089245	0.10362253524810669	2835235.2	167399.525	17.46	17.46463017180281
-2.2670004511112976	-0.999996304675777	0.11226718811383862	0.10362253524810669	2835235.2	35492.8	17.395	17.473070676412025
-1.9852823494718463	-0.9999976943705458	0.057825066979940644	0.13734183024867644	4613646.7	41661.625	17.6	17.710626290558796
-1.9852823494718463	-0.9999980460292861	0.011593832581108791	0.13734183024867644	4613646.7	8223.975	17.775	17.885461793938802
-0.27332767400439917	-0.9999977454091319	0.015274592055773266	0.7608434381623927	4155974.5	11730.375	18.46	18.644148915327293
