-1.270416335165765	-0.9999978897510098	0.03845367493936994	0.2807147260341677	5110310.6	48243.05	19.8	20.01327262713027
-1.270416335165765	-0.9999981519473345	0.019355938934722372	0.2807147260341677	5110310.6	12632.7	20.185000000000002	20.19967640330313
-1.7479425963832067	-0.9999978630414318	0.02770915791418004	0.1741318346272619	4807781.333333333	28969.38888888889	18.86	19.209713152208014
-1.7479425963832067	-0.9999978693525658	0.023102509186858026	0.1741318346272619	4807781.333333333	28103.555555555555	19.2	19.237186707669007
-1.7479425963832067	-0.9999981645817203	0.012092813003333829	0.1741318346272619	4807781.333333333	6796.361111111111	19.305	19.432093094006692
-1.7479425963832067	-0.9999979555777552	0.039634662688011614	0.1741318346272619	4807781.333333333	18565.88888888889	19.58	19.66755399341247
-1.7479425963832067	-0.9999978841718575	0.05395959104454634	0.1741318346272619	4807781.333333333	26170.833333333332	19.88	19.97799061504944
-1.8952282235278508	-0.9999976835834745	0.025059116185223506	0.1502840327801164	4353959.2	23993.575	20.29	20.366802503274634
-1.8952282235278508	-0.9999976726309201	0.02371716739334024	0.1502840327801164	4353959.2	25165.525	20.314999999999998	20.319852330410708
-1.8952282235278508	-0.9999978373482108	0.0234816647435618	0.1502840327801164	4353959.2	12283.55	20.405	20.53084853550999
-2.0653532195619504	-0.999996473008334	0.03456712083116173	0.1267735037772043	3301711.2	114130.65	20.85	20.875769594075948
-0.28065185305626783	-0.9999977191496384	0.11017203108885447	0.7552912420500405	4919907.0	74724.125	21.29	21.585279486140724
-1.8258874114918744	-0.9999977378145205	0.031528451058038504	0.16107464120028916	4586927.7	32094.825	20.0	20.256062951034192
-1.8258874114918744	-0.9999978899277222	0.028305848829915048	0.16107464120028916	4586927.7	15973.5	20.265	20.423184221466418
-1.9574791076246905	-0.9999974671734772	0.024847543375352932	0.1412139577871471	3976637.4	23673.0	20.5	20.79179185992812
-1.9574791076246905	-0.9999974649587154	0.050832586424182105	0.1412139577871471	3976637.4	23882.425	20.825000000000003	20.911729237770192
-1.9574791076246905	-0.9999974163980805	0.031214365886111553	0.1412139577871471	3976637.4	28969.925	20.92	20.945867211171787
-2.014001403147753	-0.9999970561850116	0.03616370286295422	0.1334536031964878	3597432.1	39741.425	20.6	20.875956907855002
-2.156125694012007	-0.9999960794028696	0.030022672485639265	0.11577279249319446	2901314.0	87105.2	20.04	20.063659209504802
-1.4273436798444885	-0.9999978826964053	0.04390869796674748	0.23994544839164308	5152594.833333333	54698.375	20.12	20.551464502704953
-1.4273436798444885	-0.9999980397442828	0.036626715384970185	0.23994544839164308	5152594.833333333	24351.833333333332	20.605	20.644646866777787
