-1.8782548210981935	-0.9999972772084565	0.026873487479579933	0.15285663529329074	3654626.5	20967.7	13.59	13.798618659027483
-1.8782548210981935	-0.9999975424182553	0.025735263189569094	0.15285663529329074	3654626.5	7953.9	13.93	13.963256126149592
-1.8782548210981935	nan	nan	0.15285663529329074	3654626.5	nan	14.01	14.03622984430903
-1.8782548210981935	-0.9999973012182815	0.057745652052994666	0.15285663529329074	3654626.5	19206.175	14.145	14.266541831494731
-0.7400165537884187	-0.9999963487233029	-0.015916107425159715	0.47710601754359616	2575110.3333333335	-12116.916666666666	14.22	14.378470229234892
-0.7400165537884187	-0.9999965532940077	0.013451086019894852	0.47710601754359616	2575110.3333333335	7154.583333333333	14.41	14.55714419100974
-2.027214078527876	-0.9999977580703435	0.03185667278633659	0.13170192174157255	4530977.0	25799.05	13.540000000000001	13.656100975784009
-1.37238635109154	-0.9999958580075622	0.01946503919713626	0.2535012940851506	2500808.8333333335	31517.541666666668	13.64	13.71495864572682
-1.37238635109154	-0.9999959766396297	0.0713218317899277	0.2535012940851506	2500808.8333333335	23426.25	13.965	14.01459559798462
-1.37238635109154	-0.9999959590545161	0.043384394531942296	0.2535012940851506	2500808.8333333335	24479.5	14.09	14.142020635450569
-1.932594456119979	-0.9999972906617716	0.03674275067942177	0.14477210594052697	4067495.9	61096.25	14.33	14.343984843184087
-2.174112400243252	-0.9999979829926705	0.03863895166893098	0.11370903700571505	5332444.4	46889.925	13.05	13.108677819941436
-1.9822165143457164	-0.9999976750694766	0.033958867005417205	0.1377635437778961	4421179.4	29111.85	14.09	14.360037799094247
-2.141719396917213	-0.9999981284688204	0.034863349476425165	0.11745272146078155	5496290.3	29332.3	12.620000000000001	12.633096632610382
-2.141719396917213	-0.9999979312635987	0.03355184565728086	0.11745272146078155	5496290.3	86713.45	12.615	12.709298203107373
-1.8205950072987283	-0.9999967531467563	0.016732921588178986	0.1619293731050923	3286244.0	43041.875	12.780000000000001	12.791328934513519
-1.0228249429022733	-0.9999960033950022	-0.010508558500909966	0.3595777175306611	2193896.25	-6425.1875	14.370000000000001	14.404882571075401
-1.0228249429022733	-0.9999953090136753	0.028939808496639477	0.3595777175306611	2193896.25	29481.0625	14.39	14.411127645386587
