-2.195013671790392	-0.9999959508066276	0.07345527127150023	0.11135703904440879	2514945.8	26461.975	17.32	17.506980592741698
-2.195013671790392	-0.9999958125895226	0.0834915336283533	0.11135703904440879	2514945.8	37462.05	17.645000000000003	17.79481039465702
-1.6300717367545696	-0.9999954119049466	0.03335244387517945	0.19591551927926792	1992090.625	9318.84375	17.57	17.616665914529346
-1.7967873099971026	-0.9999954712262076	0.026021429817203925	0.1658307962776112	1960966.4	7191.35	17.400000000000002	17.409560710657797
-1.7967873099971026	-0.9999949047955348	0.07935566235834067	0.1658307962776112	1960966.4	21839.575	17.395000000000003	17.40111470406569
-2.2625105023311396	-0.9999961179594858	0.08302639402838122	0.10408884118534809	2717915.3	38216.825	17.900000000000002	17.970787816437408
-2.2625105023311396	-0.9999961529413907	0.07287586469252745	0.10408884118534809	2717915.3	34750.55	18.0	18.019609847471234
-2.2625105023311396	-0.9999963707318199	0.05528919777859387	0.10408884118534809	2717915.3	19225.475	18.0	18.003559438838295
-1.2449665892542345	-0.9999942604640952	0.06086488891851502	0.2879505286119602	1898718.8	54054.4	17.330000000000002	17.341322836344638
-2.2931560380167277	-0.99999622496798	0.09497807370664146	0.10094736485644633	2840686.5	45417.85	17.650000000000002	17.826515120443617
-2.2931560380167277	-0.9999961941693125	0.0926857992163019	0.10094736485644633	2840686.5	49570.525	17.855	18.004264333391255
-2.1585390012576364	-0.9999946283375938	0.05490096012876948	0.1154937340365591	2176416.4	119487.35	17.305	17.30728081195277
-2.03113437919102	-0.9999951554744593	0.05087777246329084	0.13118662133665177	1992629.0	15572.75	17.22	17.266993201736426
-2.1192212991213606	-0.999995109314664	0.050420294003738195	0.12012513364758404	2221915.4	52400.425	17.11	17.114359088763685
-2.1192212991213606	-0.9999952519804644	0.04361146624042008	0.12012513364758404	2221915.4	38164.9	17.21	17.212641659300306
-1.4006440653688703	-0.9999952604371749	0.0414429471534766	0.24643819051278515	1940702.6666666667	9877.166666666666	17.400000000000002	17.49331346280551
-1.4006440653688703	-0.9999944449003989	0.08653438377454623	0.24643819051278515	1940702.6666666667	48087.416666666664	17.495	17.500380572297274
-1.52576100748763	-0.9999941931049448	0.059302254029072236	0.21745550861121238	1945655.7142857143	80676.78571428571	17.44	17.446075267417058
-1.52576100748763	-0.9999954216078584	0.03827350356522132	0.21745550861121238	1945655.7142857143	7389.678571428572	17.465	17.474687100894
-1.52576100748763	-0.9999953619251432	0.04054993467117827	0.21745550861121238	1945655.7142857143	8299.714285714286	17.5	17.537158328248935
-1.52576100748763	-0.9999956858521107	0.017204104311997127	0.21745550861121238	1945655.7142857143	4418.785714285715	17.515	17.52380141254674
-0.2701716609779014	-0.9999941174613961	0.07881445417141311	0.7632484631131412	1636360.5	15152.0	17.27	17.284778156996587
-0.2701716609779014	-0.9999938057404312	0.11510991955881648	0.7632484631131412	1636360.5	25235.375	17.314999999999998	17.384129960397644
-0.2701716609779014	-0.9999938764049204	0.07199481487768204	0.7632484631131412	1636360.5	22479.625	17.415	17.46815017188201
-0.2701716609779014	-0.999993294420073	0.06948536580566333	0.7632484631131412	1636360.5	58263.375	17.445	17.465262222105473
-1.926054723882352	-0.9999953092485104	0.03470933876923777	0.1457219793222895	1983576.3	10985.95	17.44	17.50916424720033
-1.0422110170927448	-0.9999942652619335	0.051034779850181324	0.3526740509277508	1826464.25	35392.875	17.3	17.33437895983002
-2.22978817814038	-0.999996079244505	0.07172426237566781	0.10755120942031833	2616607.8	28539.5	17.75	17.85270694203198
-2.22978817814038	-0.9999958860303806	0.062302740259565836	0.10755120942031833	2616607.8	47316.95	17.759999999999998	17.8095503875969
