-2.2750241841293715	-0.999998852399121	-0.0035275852534144433	0.10279442241161502	7203455.0	-3891.05	17.925	18.021294258373207
-1.2891766375232134	-0.9999974820253978	0.06393970791984381	0.2754975240556962	4291176.2	49269.1	24.94	25.1974940128953
-1.2891766375232134	-0.9999973472886606	0.12099341181993445	0.2754975240556962	4291176.2	87837.2	25.485	25.616298534513838
-1.2891766375232134	-0.9999974140882686	0.09453316528902636	0.2754975240556962	4291176.2	65945.75	25.715	26.126578641275138
-1.2891766375232134	-0.9999977265617916	0.04681514696608041	0.2754975240556962	4291176.2	17251.7	26.130000000000003	26.171319079680647
-1.2891766375232134	-0.9999974900978045	0.0540249566702402	0.2754975240556962	4291176.2	47591.6	26.27	26.356104106097597
-1.2891766375232134	-0.9999973264345923	0.11632366215282479	0.2754975240556962	4291176.2	96060.15	26.490000000000002	26.70320418903599
-2.031269267462687	-0.999998518158049	0.035046700388983595	0.1311689269934403	7644246.6	83079.5	18.695	18.7802785231242
-2.031269267462687	-0.999998651100247	0.030297921445715296	0.1311689269934403	7644246.6	30070.175	19.125	19.14212016123691
-2.031269267462687	-0.9999985145918927	0.036367621338216236	0.1311689269934403	7644246.6	85375.475	18.6	18.757892753261842
-2.3343559752282057	-0.9999985497623739	-0.00347351818630579	0.09687285095662791	5664182.8	-3692.8	17.03	17.27983264701518
-2.3343559752282057	-0.9999982003977423	0.03143167942154766	0.09687285095662791	5664182.8	26721.9	17.21	17.404028053322193
-2.3343559752282057	-0.9999981970815108	0.056412525840668575	0.09687285095662791	5664182.8	27228.6	17.425	17.457259949902593
-2.3343559752282057	-0.999998576082668	-0.004981022885273007	0.09687285095662791	5664182.8	-3181.2	17.5	17.562681200330047
-2.3343559752282057	-0.9999981030110805	0.01995452883965138	0.09687285095662791	5664182.8	46391.45	17.6	17.64021100126841
-1.6830920075148057	-0.9999980769592504	0.027870132464664066	0.18579859630257722	5384301.25	31388.5625	20.08	20.44368552743284
-2.0796983146044603	-0.9999985550361545	0.03644483568884951	0.12496790750484021	7880810.4	88209.925	18.88	18.884161177803986
-2.0796983146044603	-0.9999986705365679	0.03407548137717545	0.12496790750484021	7880810.4	35497.625	19.0	19.140801104572244
-2.0796983146044603	-0.9999986944399089	0.03365198244893788	0.12496790750484021	7880810.4	29402.575	19.225	19.297766008553516
-2.0796983146044603	-0.9999986539177963	0.0529544530759871	0.12496790750484021	7880810.4	40465.05	19.384999999999998	19.41248617831399
-2.0796983146044603	-0.9999986921759355	0.035427834070488516	0.12496790750484021	7880810.4	29931.9	19.44	19.497090876433017
-0.2864635572390685	-0.9999973476079578	0.01146995914606738	0.7509144434280028	3347781.5	7183.125	25.165	25.226133501514806
-0.2864635572390685	-0.9999965888001342	0.16523067186967338	0.7509144434280028	3347781.5	91120.75	25.095	25.16835465581355
-0.2864635572390685	-0.9999966238078365	0.132267546236152	0.7509144434280028	3347781.5	81043.5	25.310000000000002	25.387070520335467
-0.2864635572390685	-0.9999967041076283	0.06861777111853967	0.7509144434280028	3347781.5	61939.375	25.115000000000002	25.12850417753774
-2.1667864455135097	-0.9999984205593664	0.021281039870098772	0.11454512308821205	7397272.7	118603.9	19.38	19.3892469081856
-2.1667864455135097	-0.9999986393567356	0.02696433479508349	0.11454512308821205	7397272.7	23505.9	19.435000000000002	19.55403203189442
-2.1667864455135097	-0.9999984405297154	0.03912795758792632	0.11454512308821205	7397272.7	102315.575	19.494999999999997	19.532649698439226
-1.848358740656652	-0.9999981448677566	0.03162447899318199	0.15749544517528108	5635188.6	34682.525	20.2	20.48013938233295
-1.848358740656652	-0.9999979859794886	0.09279731182349153	0.15749544517528108	5635188.6	84912.25	20.575000000000003	20.771512090274726
-1.848358740656652	-0.9999980379554019	0.07568750947544306	0.15749544517528108	5635188.6	63352.875	20.895	20.91165503319944
-1.848358740656652	-0.9999981518829004	0.03482920271966818	0.15749544517528108	5635188.6	33338.175	20.85	20.93793446972442
-0.7814676254793186	-0.9999970618405051	0.024073907026579865	0.45773373640771264	3263306.3333333335	14589.333333333334	24.88	24.997961637819
-1.5792629934397926	-0.9999977008165809	0.0674745996821109	0.20612695915788518	5254021.0	176301.75	19.42	19.58356681394275
-1.5792629934397926	-0.9999980245947429	0.07655794864542169	0.20612695915788518	5254021.0	32170.0	20.09	20.161338541240724
-1.5792629934397926	-0.9999990249562214	0.00032918169279025144	0.20612695915788518	5254021.0	166.82142857142858	20.240000000000002	20.318473496798475
-1.5792629934397926	-0.9999979370738115	0.09778927558340961	0.20612695915788518	5254021.0	50951.92857142857	20.145000000000003	20.224273731259412
-1.5792629934397926	-0.9999978260795082	0.0921338136483197	0.20612695915788518	5254021.0	91291.5	20.299999999999997	20.425372597667003
-2.1249394326019897	-0.9999988619833835	0.004590892280366715	0.11944020222991311	7652837.8	6056.525	19.26	19.559635458867778
-2.1249394326019897	-0.9999985678420809	0.053604196828748826	0.11944020222991311	7652837.8	57529.6	19.685000000000002	19.80372209650128
