-2.365456469764712	-0.999998260470644	0.030617125372682318	0.09390642513981244	6017905.9	35182.2	21.31	21.47720122015357
-2.365456469764712	-0.999998340277876	0.02658354183553268	0.09390642513981244	6017905.9	21763.85	21.655	21.739038321702445
-2.365456469764712	-0.9999981246612744	0.026213783590625095	0.09390642513981244	6017905.9	79666.1	21.645000000000003	21.659077230375516
-2.365456469764712	-0.9999983775930331	0.030916814586068105	0.09390642513981244	6017905.9	17386.25	21.54	21.55525078547049
-2.365456469764712	-0.9999984328570781	0.01781163094546704	0.09390642513981244	6017905.9	12466.975	21.580000000000002	21.71821818953624
-2.2348999858996126	-0.9999983696108901	0.03549231446335877	0.10700283110985961	6631243.8	49587.175	21.6	21.83001882195207
-2.2348999858996126	-0.9999986091892947	0.011500361614622066	0.10700283110985961	6631243.8	10124.425	21.965000000000003	22.16185008444352
-0.7576877300669779	-0.9999989796221095	0.04163823918853157	0.46874904920277927	11991455.333333334	206037.0	20.13	20.456206763537946
-0.26978425318297294	-0.999998835312355	0.08550034267063356	0.7635442088006118	9499304.0	63812.625	18.0	18.226910227801298
-0.26978425318297294	-0.9999987796642082	0.12965226669732402	0.7635442088006118	9499304.0	108264.375	18.355	18.4643550770512
-0.26978425318297294	-0.9999987665446076	0.11056156192976509	0.7635442088006118	9499304.0	122634.0	18.615000000000002	18.82231496917072
-0.26978425318297294	-0.999998777650547	0.10943696443145566	0.7635442088006118	9499304.0	110355.25	18.915	19.07806414952278
-0.26978425318297294	-0.999998785213034	0.08206460943492713	0.7635442088006118	9499304.0	102705.5	19.155	19.165294348271445
-0.26978425318297294	-0.999998686380295	0.15623629846661807	0.7635442088006118	9499304.0	262621.5	19.095	19.35260426582431
-0.26978425318297294	-0.999998648830849	0.16065844178255972	0.7635442088006118	9499304.0	375181.0	19.48	19.659446522589622
-1.823542481238721	-0.999998789815265	0.032557321316017775	0.1614527931962047	9117674.4	61948.225	20.72	21.168351276151718
-2.3358290833703936	-0.9999983785047902	0.01825245754910866	0.09673025182888205	6172344.0	22211.85	21.07	21.188097588492454
-2.3358290833703936	-0.9999983537193914	0.03511556123726043	0.09673025182888205	6172344.0	25883.775	21.330000000000002	21.431218212312114
-2.15625271407119	-0.9999984132227758	0.03352621361364151	0.11575808796014532	6817078.2	49869.475	21.0	21.218724805840935
-2.15625271407119	-0.9999990526007152	0.0007587454012001778	0.11575808796014532	6817078.2	637.1	21.3	21.501962428715196
-2.15625271407119	-0.9999986019944807	0.01980463883526592	0.11575808796014532	6817078.2	13769.9	21.490000000000002	21.58995571820109
-1.893993091918369	-0.9999988185527944	0.03349927751317537	0.1504697680195237	9408113.4	67182.925	20.92	21.136843952852466
-1.2584458677948405	-0.9999990979357007	0.013994136922893106	0.28409520509360814	11441384.8	30358.5	20.42	20.603448321930262
-2.0136356480804176	-0.9999985630253152	0.026298945266204885	0.13350242345569535	7845476.4	78726.75	21.555	21.79066423355642
-2.0136356480804176	-0.9999986662897226	0.04367496121266684	0.13350242345569535	7845476.4	35016.125	21.455	21.630979045815085
-2.3938080118082654	-0.9999979590003758	0.05401733633163926	0.09128142047573076	5280628.5	47941.65	21.6	21.657178870009126
-1.417968718643836	-0.999999042391162	0.019493079375003233	0.24220550507947952	11194067.5	45230.0	20.76	20.933525840650404
-1.417968718643836	-0.9999989879826182	0.05100565225159879	0.24220550507947952	11194067.5	83164.75	20.645	20.908957641112977
-1.417968718643836	-0.9999989957431343	0.06267940177804888	0.24220550507947952	11194067.5	76244.91666666667	20.825000000000003	21.172927267751888
-2.0641563923118187	-0.9999985030655708	0.040713800662831284	0.12692532059224837	7477099.8	72599.575	20.09	20.337004226428075
-2.0641563923118187	-0.9999987637254016	0.010496358258693229	0.12692532059224837	7477099.8	10338.725	20.495	20.56619715313803
-2.0641563923118187	-0.9999986000937071	0.018863709996528276	0.12692532059224837	7477099.8	35144.05	20.615000000000002	20.69557242452338
-2.0641563923118187	-0.9999987019899629	0.029743667198895266	0.12692532059224837	7477099.8	16404.15	20.65	20.75808159600765
-2.0641563923118187	-0.9999985930214857	0.05277571365920436	0.12692532059224837	7477099.8	37052.525	20.85	21.125261520171954
-2.0641563923118187	-0.9999985090446757	0.07458933366624845	0.12692532059224837	7477099.8	69425.35	21.189999999999998	21.49137333875147
-2.0641563923118187	-0.9999985308799262	0.042581799511627466	0.12692532059224837	7477099.8	58967.425	21.630000000000003	21.848723038612103
-2.270844927979582	-0.9999983324041477	0.018070956323739364	0.10322492559858494	6594395.5	59681.05	21.59	21.633150729225914
-2.270844927979582	-0.9999985631746957	0.02117668016594424	0.10322492559858494	6594395.5	13028.8	21.759999999999998	21.827972612111587
-1.744268452580903	-0.9999988584201748	0.02430298685755018	0.17477279680079355	9421116.444444444	46860.72222222222	20.45	20.45661800765806
-1.744268452580903	-0.9999987307041559	0.051304046784715805	0.17477279680079355	9421116.444444444	156088.36111111112	20.475	20.479098471371017
-1.744268452580903	-0.9999989297370828	0.03097105981167799	0.17477279680079355	9421116.444444444	23933.38888888889	20.580000000000002	20.600434881519842
-1.744268452580903	-0.999998841906829	0.04704006720827884	0.17477279680079355	9421116.444444444	54748.88888888889	20.72	20.724204842694032
-1.744268452580903	-0.999998771308503	0.09883587324874558	0.17477279680079355	9421116.444444444	106471.88888888889	20.72	20.774492153302422
