-1.7701905017050616	-0.9999925048972816	0.048247362982878114	0.17030054319118235	1423463.3	43001.075	14.9	14.90096429070532
-1.50364404783439	-0.999994070483045	0.0514878592480663	0.2223185428558003	1581223.4285714286	11799.42857142857	15.620000000000001	15.662678262124711
-1.50364404783439	-0.999993711821247	0.08112416411130514	0.2223185428558003	1581223.4285714286	20805.39285714286	15.71	15.875120166743585
-1.3796764409991542	-0.999992924849426	0.050331144720556865	0.2516599667353723	1263854.3333333333	7645.166666666667	15.17	15.235081762925663
-1.3796764409991542	-0.9999923169034768	0.09912757690762067	0.2516599667353723	1263854.3333333333	16485.791666666668	15.15	15.261774809160306
-1.3796764409991542	-0.9999925467643977	0.098384093629472	0.2516599667353723	1263854.3333333333	12329.166666666666	15.280000000000001	15.2844462109168
-1.3796764409991542	-0.9999911502374168	0.10422240089867718	0.2516599667353723	1263854.3333333333	72027.04166666667	15.405000000000001	15.492957618511054
-1.8366849466696826	-0.9999934816948247	0.06234900846811022	0.1593447879776549	1503891.8	18083.775	14.91	15.160117837104986
-0.2631501367366152	-0.9999871540592199	0.1121328067143915	0.7686264895750858	726892.0	11356.25	15.07	15.118979907264297
-1.025763768722042	-0.9999902323462081	0.07231216513939742	0.35852253251209987	1017202.25	20653.3125	15.15	15.217465373335527
-1.025763768722042	-0.9999910407307436	0.07337780473013948	0.35852253251209987	1017202.25	9075.0	15.31	15.330844272076373
