-1.7580939015586037	-0.9999916506188472	0.07447993132646749	0.17237311100617334	1354558.2	81610.275	14.38	14.387379252185626
-1.9388694152896635	-0.9999934968587765	0.08780362111832371	0.14386651114351812	1524014.1	20147.375	14.51	14.526336186234404
-1.2220516432804198	-0.9999921476536259	0.08706325626363169	0.29462508085849365	1473566.4	105973.5	14.280000000000001	14.28813020718763
-1.2220516432804198	-0.9999923523001051	0.1151836088246972	0.29462508085849365	1473566.4	78384.45	14.0	14.355239096449475
-2.248128208265738	-0.9999961063573485	0.13822109827719253	0.1055966947130405	2833608.2	61885.525	15.200000000000001	15.241230981528608
-2.248128208265738	-0.9999963561849515	0.052014527156016455	0.1055966947130405	2833608.2	30488.7	15.22	15.337370243369667
-2.248128208265738	-0.9999965685381427	0.09044702460113584	0.1055966947130405	2833608.2	16703.25	15.325	15.38435241445475
-2.114322597432568	-0.999994290675675	0.12154752674833308	0.12071503453722449	1852457.2	39193.0	14.870000000000001	15.163726217489963
-2.114322597432568	-0.9999934630456234	0.11837555590789206	0.12071503453722449	1852457.2	181574.75	14.985	14.998460290732638
-1.9881740368445753	-0.9999935465800301	0.09216880868031836	0.13694525427560816	1536972.2	20306.125	14.52	14.554259055982437
-2.075023498280108	-0.9999935614063664	0.14470953810501921	0.12555347716775855	1650447.0	41214.0	14.6	15.03839869101006
-1.682454713118743	-0.9999930647192131	0.05597914357023503	0.1859170424453198	1380199.6666666667	14357.138888888889	14.0	14.001564048124557
-1.682454713118743	-0.9999930054231174	0.0445704577446771	0.1859170424453198	1380199.6666666667	15581.638888888889	14.0	14.31268532204553
-1.4958202561046674	-0.9999931334095773	0.055666892022406794	0.2240647388624014	1413980.7142857143	16467.85714285714	13.88	13.923489437515908
-1.4958202561046674	-0.9999947548889616	0.014196791240273851	0.2240647388624014	1413980.7142857143	1662.1785714285713	13.89	13.900352692075014
-0.2616156183478552	-0.9999866990703536	0.08352781019058732	0.7698068664808366	645709.5	5368.75	14.450000000000001	14.462011278195488
-0.2616156183478552	-0.9999859587013963	0.0870281229430356	0.7698068664808366	645709.5	8660.125	14.48	14.523719181156782
-1.022627548325957	-0.9999918489760842	0.10199617172545802	0.35964870322773124	1256173.75	27975.0	14.61	14.654992700729927
-1.022627548325957	-0.9999932388985198	0.03978698338221716	0.35964870322773124	1256173.75	4880.0625	14.620000000000001	14.620577639751552
-1.8248367368983356	-0.9999926014527928	0.06260501665940199	0.16124396717113262	1448866.7	45228.675	14.39	14.395899363077065
-1.8248367368983356	-0.9999935786624037	0.09251737890393225	0.16124396717113262	1448866.7	10977.15	14.38	14.415400754944239
-1.8248367368983356	-0.9999945446681067	0.018134450381582234	0.16124396717113262	1448866.7	2707.225	14.455000000000002	14.497228982300886
-1.8248367368983356	-0.9999925519034469	0.14996324606098685	0.16124396717113262	1448866.7	48595.125	14.450000000000001	14.461301084236863
-1.8248367368983356	-0.9999930717963382	0.0858736208076249	0.16124396717113262	1448866.7	22879.575	14.475000000000001	14.489849320102904
