-2.252249324259493	-0.9999893988859273	0.04245147245570539	0.10516241396088483	953612.1	24570.7	40.83	40.914867545433275
-2.252249324259493	-0.9999907858469487	0.07608650167905177	0.10516241396088483	953612.1	6545.775	41.269999999999996	41.291623662680934
-2.0147441220908284	-0.9999871058197218	0.027592750194559958	0.13335452147686186	708237.0	9246.75	39.25	39.26113576633146
-2.4589281451945846	-0.9999938181137221	-0.0010322302561869563	0.08552657392454753	801184.2	-140.575	40.300000000000004	40.48683343888537
-2.4589281451945846	-0.9999882487363081	0.05503385011216087	0.08552657392454753	801184.2	12269.175	40.44	40.819443199336185
-2.4928849673130604	-0.9999945973128532	-0.0004809441129815535	0.08267111873144896	773005.8	-64.125	40.9	40.946461904371354
-2.4928849673130604	-0.9999888897411827	0.0461548581934128	0.08267111873144896	773005.8	5367.45	40.9	40.918635477582846
-2.4928849673130604	-0.999986621454472	0.05847160321635105	0.08267111873144896	773005.8	30997.475	40.95	40.97118965035833
-2.082541352972132	-0.9999892780405711	0.03382220701602205	0.12461312352028904	800144.4	5318.4	39.5	40.23825929712943
-2.082541352972132	-0.9999887180720677	0.06256824974766852	0.12461312352028904	800144.4	8325.275	40.195	40.3704471639585
-2.082541352972132	-0.9999899906222303	0.02786287766744137	0.12461312352028904	800144.4	3006.75	40.5	41.0225439136081
-2.082541352972132	-0.9999900575022986	0.04471083326143058	0.12461312352028904	800144.4	2850.025	40.93	40.99585654800305
-2.082541352972132	-0.9999916090289771	0.011053126469205454	0.12461312352028904	800144.4	822.85	41.015	41.021213720316624
-1.9389724968709618	-0.9999871018995746	0.0404473322846202	0.1438516819203765	673304.6	5908.7	38.19	38.56806437894394
-1.9389724968709618	-0.9999875315662397	0.038523479588966784	0.1438516819203765	673304.6	4424.125	38.730000000000004	38.92400120481928
-1.9389724968709618	-0.9999890874160358	-0.020101537839560885	0.1438516819203765	673304.6	-1551.3	38.825	38.9456317589936
-1.639494355582005	-0.9999848157903332	0.07462747801940266	0.19407815201870648	599860.4285714285	9029.892857142857	39.1	39.37328150002051
-1.639494355582005	-0.9999854765497643	0.02479070228420181	0.19407815201870648	599860.4285714285	6074.642857142857	39.36	39.569720352768826
-1.7548354046379824	-0.9999839361435006	0.040532288618982816	0.17293570436415517	606381.375	16996.53125	39.7	39.75945604283244
-1.1145590984039764	-0.999977641870368	0.07210861624897008	0.3280598891465177	385679.0	5557.375	36.79	36.85879679533868
-1.1145590984039764	-0.9999831185617558	-0.014422199069847373	0.3280598891465177	385679.0	-671.375	36.965	37.0729203539823
-1.1145590984039764	-0.9999876803437756	0.0029083766316056266	0.3280598891465177	385679.0	114.75	37.0	37.07588533739219
-1.1145590984039764	-0.9999816300414426	-0.03411666702419003	0.3280598891465177	385679.0	-1192.8125	36.94	36.99186899828161
-1.1145590984039764	-0.999979421706965	0.06210102692200944	0.3280598891465177	385679.0	2796.875	36.980000000000004	37.066626509179486
-1.1145590984039764	-0.9999814333970679	0.02598303972540508	0.3280598891465177	385679.0	1286.875	37.1	37.16645141700405
-2.344169906629253	-0.9999924740361106	-0.0033192726952518746	0.09592679728872804	836913.6	-542.8	40.6	40.732660455486545
-2.524927168288536	-0.9999934993236271	0.001128077638377788	0.08006414378299584	763757.5	142.3	41.01	41.42502019788909
-2.524927168288536	-0.9999888614078961	0.040978747222102624	0.08006414378299584	763757.5	4949.2	41.55	41.839792095808384
-2.524927168288536	-0.999987718058598	0.049091848128611566	0.08006414378299584	763757.5	11853.05	41.93	41.9334453639087
-2.524927168288536	-0.9999890021103132	0.05448177760998827	0.08006414378299584	763757.5	4444.825	41.9	42.008958520586724
-2.524927168288536	-0.9999871115557184	0.06605650822617178	0.08006414378299584	763757.5	18837.275	42.050000000000004	42.207198420100845
-1.5020436951846856	-0.9999812627126187	0.09995304236073353	0.22267461577005823	482415.1666666667	8425.625	37.160000000000004	37.67599487825204
-1.5020436951846856	-0.9999827279511462	0.04667417430067606	0.22267461577005823	482415.1666666667	4154.958333333333	37.955	38.815564046032556
-1.5020436951846856	-0.9999838789443443	0.011442872626775295	0.22267461577005823	482415.1666666667	2384.2083333333335	39.055	39.07403989508978
-1.5020436951846856	-0.99998308482447	0.06776672694394213	0.22267461577005823	482415.1666666667	3497.6666666666665	39.075	39.224488417409056
-2.5557755408369123	-0.9999887429988151	0.0467961382963162	0.0776320019271088	831479.0	11612.925	42.300000000000004	42.56934657795705
