-0.7346539477338193	-0.9999941356668044	0.1242440174167096	0.47967142163984033	2059666.6666666667	176057.5	13.72	13.731414858239912
-0.7346539477338193	-0.9999946599234526	0.190304444680174	0.47967142163984033	2059666.6666666667	59800.0	13.77	13.798284596375618
-0.7346539477338193	-0.9999948032166727	0.12908370384689732	0.47967142163984033	2059666.6666666667	44516.666666666664	13.835	13.978680539932508
-0.7346539477338193	-0.9999954462960619	0.07547019445329933	0.47967142163984033	2059666.6666666667	11837.5	14.025	14.149861331220285
-1.589391966481878	-0.9999964171796593	-0.014193965955151044	0.20404964304512724	2125202.75	-2025.8125	12.200000000000001	12.309720107168147
-0.2607206115201957	-0.9999955970966985	0.08340573414422242	0.7704961572962968	1925225.0	4800.0	13.81	14.169954198473283
-2.015084845568748	-0.9999938125531301	0.0747300078162386	0.13330909220035803	1918953.7	143403.425	12.88	12.881064389701429
-2.056368614070046	-0.9999944153840968	0.04525812799722416	0.12791764583140994	1862176.2	32843.475	12.96	12.968214120904475
-2.056368614070046	-0.9999949132649764	0.09876871627270654	0.12791764583140994	1862176.2	12995.0	13.13	13.182550590219224
-2.056368614070046	-0.9999946008723152	0.08665173683241541	0.12791764583140994	1862176.2	23250.55	13.190000000000001	13.207455006337135
-1.3695740846917712	-0.9999970032198456	0.0058580858085808575	0.25421521064806424	2130497.3333333335	591.6666666666666	13.76	13.824296221999331
