-1.7089984684595063	-0.9999968723777803	0.09309690178818568	0.18104702615342685	3418998.6	44060.25	5.59	5.613520996246112
-1.7089984684595063	-0.9999976488081008	0.02119567225516506	0.18104702615342685	3418998.6	3097.65	5.65	5.663005780346821
-1.7089984684595063	nan	nan	0.18104702615342685	3418998.6	nan	5.66	5.824807197943445
-1.7089984684595063	-0.9999970118900228	0.07200618275464366	0.18104702615342685	3418998.6	27345.5	5.8	5.820646146018825
-1.8456379071011293	-0.9999982384155542	0.008313306013510323	0.1579245475607224	4902580.0	5631.5	5.41	5.428825316455696
-1.8456379071011293	-0.9999976367845259	0.06360055627593131	0.1579245475607224	4902580.0	107564.25	5.44	5.4497830333104575
-1.8456379071011293	-0.9999977175023538	0.0818299551585723	0.1579245475607224	4902580.0	72411.0	5.44	5.488872808777343
-1.8456379071011293	-0.9999986014047485	-0.0011534063915178306	0.1579245475607224	4902580.0	-949.25	5.51	5.546374668630339
-1.24787657006721	-0.999995302615113	0.11522543237028891	0.2871138160977335	2247284.3333333335	38420.0	5.55	5.698873929830452
-1.9831728899057681	-0.9999987100170775	0.0038389988423418123	0.13763185307448358	6059474.4	2480.5	5.44	5.459195075757576
-1.9831728899057681	-0.9999980542950324	0.03960320303724986	0.13763185307448358	6059474.4	131918.8	5.485	5.546149599071746
-1.9525457469280134	-0.9999985731539557	-0.006518669212422148	0.14191233844171816	5859536.4	-4274.5	5.51	5.511541248606466
-1.6557067372744223	-0.9999960013692218	0.057522995982821276	0.19095705153870934	2854834.6	90709.6	5.46	5.482354564556089
-1.6557067372744223	-0.9999967343902161	0.04733880521238788	0.19095705153870934	2854834.6	11189.0	5.42	5.497543049139018
-1.6557067372744223	-0.9999968016610065	0.03885686031098113	0.19095705153870934	2854834.6	9233.75	5.5200000000000005	5.528441078684891
-1.6557067372744223	-0.9999962958536966	0.1224464708774753	0.19095705153870934	2854834.6	39132.142857142855	5.57	5.611129507506665
-1.8837187346610913	-0.9999986256152327	-0.001252135121099689	0.15202371741835385	4865075.0	-800.5	5.53	5.577815556590592
-0.9263963724220464	-0.9999940754658608	0.08057687218840963	0.39597809994661504	1625572.5	15225.0	6.07	6.070067567567568
-0.9263963724220464	-0.9999929444886507	0.094967162046866	0.39597809994661504	1625572.5	95725.0	6.1000000000000005	6.1004151624548735
-0.9263963724220464	-0.999994378919466	0.12463967285647248	0.39597809994661504	1625572.5	9296.25	6.095000000000001	6.105894039735099
-1.449916207449185	-0.9999945589903669	0.12541918454080617	0.23458994416008688	1937029.5	37773.75	5.6000000000000005	5.612165991902834
-1.449916207449185	-0.9999960462496823	-0.0124019664439525	0.23458994416008688	1937029.5	-2117.6428571428573	5.635	5.638983050847457
