-2.2318976942476194	-0.9999923247497767	-0.023293835670405473	0.10732456754808065	1098360.4	-4582.375	15.0	15.058859217959064
-1.6054913737399323	-0.999996564462035	0.03405172850731382	0.20079086730655665	2872533.75	19315.1875	16.2	16.33804529626732
-1.6054913737399323	-0.9999969204488298	0.024800808503478627	0.20079086730655665	2872533.75	6946.34375	16.105	16.120006895739778
-1.6054913737399323	-0.9999967431208234	0.07168572819266351	0.20079086730655665	2872533.75	11561.1875	16.08	16.088569563325112
-2.2003830673201588	-0.9999930196391665	-0.00835366495060668	0.11076072142201629	1159457.5	-3271.9	14.84	14.84028125
-2.2003830673201588	-0.9999922317122896	0.036361448575223054	0.11076072142201629	1159457.5	8159.0	14.88	14.90419235511714
-2.2003830673201588	-0.9999939545788158	-0.011436844010133913	0.11076072142201629	1159457.5	-1106.0	14.925	14.948663967611337
-1.2244330127595473	-0.999992849268098	0.07165307509344207	0.29392430441813566	1417868.4	25305.0	14.94	15.2328469225128
-1.2244330127595473	-0.9999931480616132	0.08061041563464404	0.29392430441813566	1417868.4	16565.65	15.18	15.180891087858047
-1.2244330127595473	-0.9999925489443724	0.10442665356926625	0.29392430441813566	1417868.4	38738.55	15.225000000000001	15.225896147403684
-1.2244330127595473	-0.9999934034702211	0.1444994361608821	0.29392430441813566	1417868.4	11532.5	15.225000000000001	15.26260155316607
-1.3772833344048085	-0.99999450434181	0.07036515339929411	0.25226293705966363	1951531.0	45475.333333333336	15.09	15.102060768027913
-1.3772833344048085	-0.9999949746867155	0.12600462561433942	0.25226293705966363	1951531.0	18160.416666666668	15.115	15.12660940519648
-1.3772833344048085	-0.9999948838377891	0.10270805603843683	0.25226293705966363	1951531.0	21683.416666666668	15.175	15.35522560980167
-1.3772833344048085	-0.9999945318561818	0.10827401207653918	0.25226293705966363	1951531.0	43097.875	15.42	15.59745743762463
-2.0037186294025244	-0.9999956195387062	0.05194696765015796	0.13483295603637513	2705982.3	140567.575	15.610000000000001	15.610498555169622
-2.2899317805795496	-0.999992556926336	-0.00827681618616181	0.10127337042886893	975509.1	-1422.375	14.790000000000001	14.920615174299385
-2.2899317805795496	-0.9999919768226333	0.018106348784238457	0.10127337042886893	975509.1	2505.6	14.93	14.982991379310345
-1.5008554300739003	-0.9999957954267038	0.06216616434628381	0.22293936951470206	2582461.4285714286	51954.78571428572	15.540000000000001	15.541468477695
-1.5008554300739003	-0.9999958185066993	0.09372227943559804	0.22293936951470206	2582461.4285714286	48948.53571428572	15.98	16.050390727136257
-1.5008554300739003	-0.9999960190632341	0.11791658266434753	0.22293936951470206	2582461.4285714286	29160.821428571428	16.115000000000002	16.13160609042616
-0.2621753639292781	-0.999992202654917	0.06966119796530848	0.7693760910623408	1323794.0	30395.375	14.63	14.747058272278071
-0.2621753639292781	-0.9999928931603096	0.10377408708612797	0.7693760910623408	1323794.0	12184.375	14.780000000000001	14.80525859299711
-1.9539344872201472	-0.9999963760182496	0.03256375648287495	0.14171539584208678	2692200.2	17264.825	15.290000000000001	15.347352756892231
-1.9539344872201472	-0.999997544463082	0.002654740146167669	0.14171539584208678	2692200.2	742.075	15.4	15.46553004396678
-1.9539344872201472	-0.9999956418793428	0.06516159763918232	0.14171539584208678	2692200.2	124607.65	15.5	15.521718479048172
