-0.7345132812607709	-0.9999939510956081	0.06195949392232956	0.4797389000728098	1933142.0	119776.5	13.85	13.87736809672174
-1.01654484803274	-0.9999942920280719	0.040016202932730824	0.3618430053758472	1914056.5	55568.0	14.0	14.340533701193932
-1.01654484803274	-0.9999945675530582	0.10979624959299303	0.3618430053758472	1914056.5	32793.3125	14.35	14.365368464581087
-1.01654484803274	-0.999995033210463	0.08520900321543408	0.3618430053758472	1914056.5	13448.75	14.4	14.410247818499128
-1.5923819617773867	-0.9999960972119784	-0.002753347501933391	0.20344044677322043	1840240.125	-1314.625	14.19	14.582768814132985
-1.5923819617773867	-0.9999943916138306	0.12142173580656661	0.20344044677322043	1840240.125	30355.84375	14.475000000000001	14.48121213193369
-1.5923819617773867	nan	nan	0.20344044677322043	1840240.125	nan	14.46	14.708399817988775
-2.0305317580261737	-0.9999929236024415	0.052762031460140926	0.13126570099635906	1401471.5	20278.575	14.21	14.242243660418964
-2.0305317580261737	-0.9999931268293425	0.0757906994887268	0.13126570099635906	1401471.5	15252.325	14.195	14.200057565789473
-2.0305317580261737	nan	nan	0.13126570099635906	1401471.5	nan	14.215	14.26303659742829
-1.8824144170198995	-0.999993677527331	0.03609744813299543	0.1522221340058602	1516691.8	14605.8	14.3	14.386860298629577
-1.8824144170198995	-0.9999933698711808	0.11203608967726324	0.1522221340058602	1516691.8	23290.925	14.34	14.36822009569378
-1.3687164213422285	-0.999994734178327	-0.019979710174624552	0.2544333352424977	1724294.6666666667	-8775.458333333334	14.38	14.396802469135803
-2.14685555702643	-0.9999924701425605	0.034436556476769596	0.11685101203882527	1324561.7	21455.025	13.75	13.767061159650517
-2.14685555702643	-0.9999940947684148	-0.031064683310908458	0.11685101203882527	1324561.7	-2493.5	13.72	13.7454
