-1.7876767799805464	-0.999987319629962	0.06441175789644278	0.16734850579613175	737211.875	11476.21875	46.0	46.1629247311828
-1.7876767799805464	-0.9999916133603253	-0.00566717771178814	0.16734850579613175	737211.875	-483.3125	46.254999999999995	46.389450800915334
-2.369940692528289	-0.999985512940826	0.04724246202810837	0.09348627054799437	685383.2	20519.65	40.5	40.65453639438807
-2.369940692528289	-0.9999875657870907	0.07475271389801456	0.09348627054799437	685383.2	5024.1	40.775000000000006	41.37786222886855
-2.369940692528289	-0.9999884125582078	0.03652853981984698	0.09348627054799437	685383.2	2811.525	41.385000000000005	41.45064376698989
-1.8870425983378456	-0.9999868444718534	0.06639857094379277	0.15151925016066783	709003.8888888889	11239.972222222223	44.7	44.84409877146874
-2.280879341861981	-0.9999867711412762	0.0600551610183047	0.10219430346439223	676819.5	7734.3	39.18	39.760045164718385
-2.280879341861981	-0.999988225577382	0.02964251603220085	0.10219430346439223	676819.5	2889.425	40.150000000000006	40.91968622100955
-2.280879341861981	-0.9999882595880555	0.03762258167670415	0.10219430346439223	676819.5	2823.65	40.754999999999995	40.7874102901715
-2.41002276443476	-0.9999867606130193	0.05350113168359698	0.08981325000110572	668149.7	6944.8	40.79	40.92412458083528
-2.41002276443476	-0.9999868878423643	0.03557037511236419	0.08981325000110572	668149.7	6378.75	41.465	41.50522776677747
-2.3270936118090026	-0.9999870078500616	0.05716063777821131	0.0975789376313867	687389.4	7559.3	40.2	40.46905368516833
-0.8201808389307186	-0.9999849426414531	0.07250741581875796	0.44035201451776596	673350.6666666666	25307.166666666668	47.2	47.30639832215936
-0.8201808389307186	-0.9999867792589687	0.1464097113819788	0.44035201451776596	673350.6666666666	7347.083333333333	47.42	47.79175691261275
-1.973605584083823	-0.9999870911583573	0.06581306464349365	0.13895493819147486	717102.6	10476.275	44.03	44.18411800878477
-1.973605584083823	-0.9999901822426135	0.014082268519490076	0.13895493819147486	717102.6	1140.775	43.760000000000005	43.91032041343669
-0.3073087295315593	-0.9999858199928652	0.0926452939939916	0.7354235188971089	688629.0	17408.375	47.160000000000004	48.05869268459487
-1.1326932635043987	-0.9999873953208503	0.08793284200039286	0.32216441327897977	786713.0	20256.1875	47.58	49.46034030083471
-1.1326932635043987	-0.9999885564647751	0.04033102753309158	0.32216441327897977	786713.0	8124.625	49.754999999999995	49.756023921231744
