-1.2178133192857168	-0.9999918833580738	0.0024399131834600073	0.29587644738329005	790222.2	609.3	13.68	13.75788688138256
-1.2178133192857168	-0.9999901178493892	0.03175006448284756	0.29587644738329005	790222.2	2461.9	13.71	13.720676873489122
-1.2178133192857168	-0.9999889851606805	0.11333207972922152	0.29587644738329005	790222.2	6027.0	13.760000000000002	13.794037476577138
-2.1438435312410373	-0.9999926042758158	0.022262860367868606	0.11720350088639406	1088435.7	3132.075	14.370000000000001	14.611998682476944
-2.1438435312410373	-0.9999913274749482	0.06959780860374316	0.11720350088639406	1088435.7	12574.25	14.44	14.445583815028902
-2.1438435312410373	-0.999991767903042	0.11482460383948272	0.11720350088639406	1088435.7	7785.2	14.450000000000001	14.47286956521739
-2.1438435312410373	-0.9999900495278244	0.08558550624692192	0.11720350088639406	1088435.7	50535.4	14.4	14.425808855172074
-2.1779637367078752	-0.999992361638649	0.0327492681680844	0.11327194747483334	1111690.1	4872.125	14.3	14.540520892151328
-2.1779637367078752	-0.9999910820896918	0.0827403635934867	0.11327194747483334	1111690.1	20209.4	14.465	14.475979791794243
-2.1779637367078752	-0.9999915267333693	0.0690857444529817	0.11327194747483334	1111690.1	12327.225	14.52	14.546952853598015
-2.1779637367078752	-0.9999925699809186	0.03395964868344164	0.11327194747483334	1111690.1	3864.625	14.58	14.584653905845839
-1.8781876601556247	-0.9999901872114135	0.03622295284497861	0.15286690163373962	853274.8	4327.625	13.58	13.641693480101608
-1.8781876601556247	-0.9999892144786221	0.07719227299592497	0.15286690163373962	853274.8	9926.0	13.68	13.682155196828093
-1.8781876601556247	-0.9999895826968487	0.08098225745733043	0.15286690163373962	853274.8	7249.475	13.725000000000001	13.728271092669432
-1.8781876601556247	-0.9999902598728091	0.05598192018233969	0.15286690163373962	853274.8	4067.4	13.695	13.707107728337236
-1.8781876601556247	-0.999989350415178	0.11623104912466649	0.15286690163373962	853274.8	8838.825	13.74	13.789477693144722
-1.8781876601556247	-0.9999881814807642	0.0786502316719267	0.15286690163373962	853274.8	23966.275	13.8	13.846825950044332
-2.0260876456332895	-0.9999909960546445	0.04878182704049966	0.1318503587049463	1060593.2	14037.0	14.3	14.359910489269703
-2.0260876456332895	-0.9999901948112276	0.0830483797988852	0.1318503587049463	1060593.2	32836.175	14.36	14.367748646337988
-2.0260876456332895	-0.9999898821622545	0.08160670702230145	0.1318503587049463	1060593.2	45747.3	14.38	14.451060135982573
-1.9808062934067134	-0.9999893881198786	0.0753139890196548	0.13795795786315018	981027.7	33207.075	14.0	14.01705465423168
