-1.8129932561756132	-0.9999970968617354	0.07066252519494269	0.16316501045248627	3763075.1	55531.7	9.77	9.883179150845702
-1.8129932561756132	-0.9999974756918428	0.04823604048531202	0.16316501045248627	3763075.1	13347.525	9.955000000000002	10.027078125
-1.8129932561756132	-0.9999975947935891	0.019956553929094498	0.16316501045248627	3763075.1	8525.825	9.995000000000001	10.081287902602423
-1.8129932561756132	-0.9999973185060974	0.07159812933445718	0.16316501045248627	3763075.1	24115.775	10.205	10.217367781155016
-0.7143460846975549	-0.99999708174411	0.03653184580265569	0.48951210661742306	3612456.6666666665	37875.0	10.46	10.492117372457486
-0.7143460846975549	-0.9999972397750758	0.053526763381690844	0.48951210661742306	3612456.6666666665	21400.0	10.51	10.539222958011282
-0.7143460846975549	-0.9999972832815363	0.07423381367972397	0.48951210661742306	3612456.6666666665	18287.5	10.594999999999999	10.611689750692522
-0.7143460846975549	-0.9999975949755908	-0.013864785272822628	0.48951210661742306	3612456.6666666665	-5930.583333333333	10.63	10.643897041695784
-0.7143460846975549	-0.9999974317835656	0.014286315425742954	0.48951210661742306	3612456.6666666665	10694.416666666666	10.66	10.683530340231497
-1.9559018001692936	-0.9999974965043684	0.04158638969534193	0.14143687137098418	4243431.8	41084.6	9.46	9.500058095147658
-1.9559018001692936	-0.9999972515327258	0.06576577846368145	0.14143687137098418	4243431.8	116183.35	9.555	9.571926522167695
-1.444127135073023	-0.9999965868772279	0.054237510727778604	0.235951940870561	3174354.4285714286	50738.57142857143	9.9	10.043368265578843
-1.444127135073023	-0.9999969622249452	0.039919218544207054	0.235951940870561	3174354.4285714286	15412.125	10.04	10.059543223858059
-2.099196772036405	-0.9999977719729455	0.04201255951722108	0.12255482819397832	4642924.0	31086.475	9.72	9.729941549883803
-2.099196772036405	-0.999997966015762	0.03192365794613454	0.12255482819397832	4642924.0	12626.525	9.780000000000001	9.795616089207487
-2.099196772036405	-0.9999975699119383	0.0669159094613702	0.12255482819397832	4642924.0	79435.575	9.81	9.827393152043443
-2.099196772036405	-0.9999978444269801	0.07560446014384814	0.12255482819397832	4642924.0	22205.975	9.815000000000001	9.837334189131365
-2.099196772036405	-0.9999978495646203	0.11133019988324014	0.12255482819397832	4642924.0	21682.525	9.865	9.9039133543785
-1.912588946574353	-0.999997482415201	0.04983510051503345	0.14769751022295077	4210955.5	40191.575	9.870000000000001	9.901928086061353
-1.912588946574353	-0.9999975193944599	0.03479211765775715	0.14769751022295077	4210955.5	34395.825	9.89	9.894876921301073
-1.184633786438755	-0.9999967641720481	0.0483635300993571	0.3058581684006187	3297355.8	43030.0	10.4	10.449671219018715
-1.6223974351140718	-0.9999965915572567	0.039379950309541153	0.1974248180698705	3397665.0	107016.38888888889	9.65	9.663000040062704
-1.6223974351140718	-0.999997006791609	0.035748531949433296	0.1974248180698705	3397665.0	26104.972222222223	9.6	9.603885509021822
-1.6223974351140718	-0.9999968850774369	0.08727700759491878	0.1974248180698705	3397665.0	39475.6	9.684999999999999	9.782343452245119
-1.7569476989684973	-0.9999968225067939	0.06451215013602618	0.1725707987859527	3407436.2	50366.7	9.33	9.408071269970215
-1.7569476989684973	-0.9999973829892139	0.012888794426243105	0.1725707987859527	3407436.2	7458.9	9.42	9.46157998023026
-1.7569476989684973	-0.9999972125397192	0.04319010998301649	0.1725707987859527	3407436.2	13333.275	9.415	9.508195089581951
-1.7569476989684973	-0.9999974486754245	0.02023436452820841	0.1725707987859527	3407436.2	5962.875	9.525	9.61244964616222
-1.7569476989684973	-0.9999969111773565	0.08511380380600056	0.1725707987859527	3407436.2	37232.57142857143	9.635000000000002	9.665469724770642
-1.7569476989684973	-0.9999972255121637	0.038840819229595834	0.1725707987859527	3407436.2	12756.7	9.68	9.738937667749019
-0.2503205443528356	-0.9999973057026784	0.019448317068313084	0.7785511828845098	3749731.5	24412.5	10.52	10.713453133465777
-1.9954064202885948	-0.9999975211156131	0.049485247330868294	0.13595838668994253	4261668.9	38721.825	9.76	9.827409613693861
