-1.3325323842534174	-0.9999955012881352	0.026710605023195878	0.26380835057489	2118785.3333333335	13790.458333333334	10.85	10.979716528603216
-1.1854309960299925	-0.9999962754548629	0.007899118648589451	0.30561443250241804	2238037.4	4169.0	10.870000000000001	10.934170700198088
-1.1854309960299925	-0.999996155509407	-0.01032399594238305	0.30561443250241804	2238037.4	-5453.05	10.91	10.963109661385523
-1.5494408506191901	-0.9999951756494523	0.027180481408038446	0.21236668533552686	1960220.875	12793.78125	10.58	10.608717245293729
-1.6325707273403418	-0.9999949916820124	0.03613332439719598	0.19542653947341942	1937961.7777777778	16413.63888888889	10.46	10.519929034057455
-1.6325707273403418	-0.9999968346012124	-0.0010212082599527917	0.19542653947341942	1937961.7777777778	-460.47222222222223	10.535	10.611066978604262
-1.6325707273403418	nan	nan	0.19542653947341942	1937961.7777777778	nan	10.655000000000001	10.66185546875
-1.6325707273403418	-0.9999954532644207	0.02457286043620426	0.19542653947341942	1937961.7777777778	6709.305555555556	10.66	10.668807397959183
-1.6325707273403418	-0.9999948534429717	0.07087618224079706	0.19542653947341942	1937961.7777777778	21456.527777777777	10.665	10.666915109209638
-2.0091427256153245	-0.9999948924464994	0.040345129631267705	0.13410358897694383	1925842.9	18700.25	10.51	10.527446457990115
-2.0091427256153245	-0.9999946437238759	0.057057871034887186	0.13410358897694383	1925842.9	30191.425	10.52	10.579099173553718
-2.0091427256153245	-0.9999951105686113	0.037833389276728885	0.13410358897694383	1925842.9	12285.75	10.63	10.66618638472441
-2.0091427256153245	-0.9999945528634102	0.10541974440145387	0.13410358897694383	1925842.9	35965.0	10.695	10.716305312599323
-2.0091427256153245	-0.9999952736548691	0.025809605982168537	0.13410358897694383	1925842.9	8974.0	10.735	10.7900020145856
-2.1463297523794678	-0.9999954330094173	0.04917906390126168	0.11691246899971942	2469633.1	79124.55	11.1	11.103865007695099
-0.7150439672759071	-0.9999955903664709	0.02205452784073892	0.4891706038246076	2443074.6666666665	47717.0	10.96	10.998823469123671
-0.7150439672759071	-0.9999960695455395	0.044737955843972624	0.4891706038246076	2443074.6666666665	14799.166666666666	10.91	10.9774825034993
-0.7150439672759071	-0.9999957373209742	0.0800118453066974	0.4891706038246076	2443074.6666666665	33323.333333333336	11.024999999999999	11.090288201943846
-0.7150439672759071	-0.9999960035672876	0.05752557378350837	0.4891706038246076	2443074.6666666665	17387.833333333332	11.14	11.167515258881195
-1.7048769606285576	-0.9999949945902356	0.039013453814285885	0.1817947527114622	1962746.6	18477.275	10.61	10.654577532182879
-1.8266081276703134	-0.9999943596936777	0.043243500961591526	0.16095859392403775	1742705.5	18570.675	10.43	10.437141988446337
-1.8266081276703134	-0.9999945399911775	0.0360879280347406	0.16095859392403775	1742705.5	13563.175	10.42	10.42095673716012
-1.8266081276703134	-0.9999947645841593	0.03611189326171241	0.16095859392403775	1742705.5	9169.875	10.434999999999999	10.438583650190115
-1.8266081276703134	-0.9999941626485592	0.09815515787571429	0.16095859392403775	1742705.5	26179.875	10.455000000000002	10.482295264623955
-1.8266081276703134	nan	nan	0.16095859392403775	1742705.5	nan	10.524999999999999	10.525434981684981
-1.9255659846672892	-0.9999938558102978	0.046922808658014625	0.14579321677493118	1782979.9	57236.625	10.59	10.605366150203572
-1.9255659846672892	-0.9999949326297762	0.02941962775254327	0.14579321677493118	1782979.9	8390.875	10.65	10.680036419193804
-1.9255659846672892	-0.9999943574278141	0.09005887349126576	0.14579321677493118	1782979.9	23401.375	10.705000000000002	10.765409429280398
-1.9693866848185264	-0.999994454123934	0.049544743572362236	0.1395424134562237	1811983.9	23132.525	10.65	10.669647390453042
-2.1148466389611698	-0.9999947991575824	0.06779835631701642	0.12065179141845804	2299007.8	155868.95	10.98	11.008073179826871
-0.24920910255517234	-0.999996494391223	0.017767982622119455	0.7794169782622467	2645520.5	10658.0	11.03	11.064115403389188
-2.046836346634421	-0.9999948810074507	0.05438257065948856	0.12914282111340655	1998988.9	27799.5	10.700000000000001	10.724454058757416
-2.046836346634421	-0.9999949646756386	0.07295989878990901	0.12914282111340655	1998988.9	23517.85	10.785	10.860685659810068
-2.046836346634421	-0.9999947535061077	0.06003007365283591	0.12914282111340655	1998988.9	35869.95	10.870000000000001	10.872299760191847
