-2.0565667238283796	-0.9999983935137338	0.043787800689619696	0.12789230660756437	7124450.0	93462.95	13.9	14.024161138095803
-2.2810080586744172	-0.9999975411283961	0.06617410721180553	0.10218115018594337	4526112.4	68126.025	13.84	14.193702296255058
-1.4702840495682392	-0.9999964067747353	0.05645502774320718	0.2298601842267231	2902100.0	33788.28571428572	12.57	12.59464375891975
-1.968342424677077	-0.9999983213759709	0.049634759263895066	0.13968820814718122	6866822.4	101397.45	14.0	14.072585264640592
-1.968342424677077	-0.9999983335194663	0.090132120274262	0.13968820814718122	6866822.4	93285.05	14.035	14.081283414936125
-1.968342424677077	-0.9999985641495163	0.03593908085273514	0.13968820814718122	6866822.4	19142.725	14.06	14.076770046601318
-1.5696499406154718	-0.9999974684923191	0.05949448420045317	0.20811802327408988	4412909.625	71061.46875	12.68	13.192115954993362
-1.5696499406154718	-0.9999976318665073	0.04620412388054388	0.20811802327408988	4412909.625	34555.78125	13.245000000000001	13.493072539138009
-1.5696499406154718	-0.9999974550662696	0.07294276190692708	0.20811802327408988	4412909.625	75399.0	13.465	13.55758860386415
-1.5696499406154718	-0.9999977023285355	0.0734899523648857	0.20811802327408988	4412909.625	25320.6875	13.475000000000001	13.65886981498999
-2.225984628848422	-0.9999975658493737	0.053226153538160154	0.10796106470503311	4484218.2	55008.575	13.3	13.401714918046425
-2.225984628848422	-0.9999976920728529	0.0581964302051651	0.10796106470503311	4484218.2	31232.575	13.365	13.457876912635848
-2.225984628848422	-0.999997813354621	0.042993706849901094	0.10796106470503311	4484218.2	18130.3	13.515	13.5960930283177
-2.225984628848422	-0.9999978915983989	0.029271533262491004	0.10796106470503311	4484218.2	12764.9	13.45	13.466961731174207
-1.8025663037633615	-0.9999982088262209	0.05067600439414618	0.1648752249195448	6434512.3	101247.15	14.36	14.441992324380939
-1.8025663037633615	-0.9999982323538421	0.08223800036779902	0.1648752249195448	6434512.3	87023.15	14.415	14.556934783628643
-1.3494465960139927	-0.9999966164845685	0.052550747863247864	0.2593837649437293	3086414.8333333335	34300.083333333336	12.63	12.638587314718128
-1.1991685697026768	-0.9999965532676621	0.05257997114665314	0.30144473803843813	3022340.0	33428.6	12.15	12.205155624965752
-1.1991685697026768	-0.9999969950507052	0.02038338428590302	0.30144473803843813	3022340.0	8794.35	12.245000000000001	12.285110850404596
-1.1991685697026768	-0.9999963683743807	0.07869487063086	0.30144473803843813	3022340.0	58453.7	12.290000000000001	12.294011861405806
-1.1991685697026768	-0.999996653673537	0.13732941430482504	0.30144473803843813	3022340.0	24678.7	12.305	12.307247723385569
-1.1991685697026768	-0.9999964069680064	0.08527826176481967	0.30144473803843813	3022340.0	52018.0	12.315000000000001	12.319975782330138
-1.1991685697026768	-0.9999962683359489	0.12255377457924473	0.30144473803843813	3022340.0	79090.25	12.46	12.530364877714806
-2.0951046858744715	-0.9999983317325842	0.059627087103469374	0.12305736061223735	7297715.1	193790.925	13.620000000000001	13.623797433550491
-2.0951046858744715	-0.9999984739501562	0.039015509708352956	0.12305736061223735	7297715.1	68642.175	13.59	13.592512620205294
-2.0951046858744715	-0.9999986203226368	0.03732529119913737	0.12305736061223735	7297715.1	23586.975	13.620000000000001	13.644611413489052
-2.0951046858744715	-0.9999985573281703	0.058662692004288655	0.12305736061223735	7297715.1	37353.475	13.665	13.690061281337048
-2.0951046858744715	-0.9999984594618447	0.04481812643049697	0.12305736061223735	7297715.1	76297.5	13.68	13.698019913783584
-1.6564125831799505	-0.999997978513147	0.060956921396877306	0.19082231284372123	5762070.555555556	114455.47222222222	13.86	14.275842418768978
-1.6564125831799505	-0.9999981174679217	0.058008425234819874	0.19082231284372123	5762070.555555556	51393.305555555555	14.325	14.371866934872099
-1.7337432087130125	-0.9999980024583177	0.0605102152277183	0.17662203789366898	6044958.9	175439.875	14.25	14.489137753791097
-2.164714004276062	-0.9999980025594103	0.03060096603002038	0.11478275728124562	5247071.6	35620.825	12.55	12.569565326383223
-2.164714004276062	-0.9999978989669238	0.08764589581469698	0.11478275728124562	5247071.6	61344.125	12.74	12.785116533091186
-2.164714004276062	-0.9999981002520396	0.042186395123872684	0.11478275728124562	5247071.6	21334.2	12.805	12.824906476530007
-2.164714004276062	-0.9999983298000621	0.012520648433733478	0.11478275728124562	5247071.6	6396.475	12.955000000000002	12.994775613150113
-2.164714004276062	-0.999998055956818	0.0478875366852738	0.11478275728124562	5247071.6	26916.55	13.08	13.093925806218191
-2.164714004276062	-0.999998251071595	0.0171211251384306	0.11478275728124562	5247071.6	9668.7	13.09	13.124334251606978
-2.164714004276062	-0.9999980588195077	0.030930794065263067	0.11478275728124562	5247071.6	26515.25	13.155000000000001	13.163644407576387
-2.195920175244461	-0.9999977842115017	0.04749990673518311	0.11125613924379857	4905798.7	52585.375	13.25	13.478925129570824
-2.195920175244461	-0.9999978743955117	0.05890810885834532	0.11125613924379857	4905798.7	33784.525	13.615	13.629214388604154
-2.195920175244461	-0.9999977827862393	0.03677806321167867	0.11125613924379857	4905798.7	52954.35	13.51	13.553436889626658
-2.195920175244461	-0.9999982878170006	0.008792090521104063	0.11125613924379857	4905798.7	4444.4	13.57	13.638363442549371
-0.25402557758709415	-0.9999966472623274	0.09522871539299434	0.7756719619755826	3334799.5	71732.125	12.200000000000001	12.278684066269681
-2.1319648280951355	-0.9999982586003187	0.045072715014276295	0.11860402823716018	6482466.4	79901.7	13.25	13.334169483273568
-2.1319648280951355	-0.9999982625891535	0.09043568008329243	0.11860402823716018	6482466.4	77862.1	13.395	13.44238310903925
-2.2539821848283395	-0.9999972339185345	0.05174113178891153	0.1049803399603965	4337194.8	162271.8	13.38	13.538993953541395
-2.2539821848283395	-0.9999977494419748	0.04089460582634696	0.1049803399603965	4337194.8	17344.85	13.41	13.423740099545553
-2.2539821848283395	-0.9999976172133545	0.06694292141654536	0.1049803399603965	4337194.8	30778.675	13.465	13.685016511803287
