-1.6395516389174023	-0.9999964905256923	0.056351430669509116	0.19406703489324711	2851389.625	22177.5	17.93	18.03145734084019
-1.6395516389174023	-0.9999962195104226	0.047286238655846045	0.19406703489324711	2851389.625	48032.25	18.095	18.13325880537643
-1.6395516389174023	-0.9999965207815623	0.05749618911189969	0.19406703489324711	2851389.625	20344.34375	18.1	18.121283018867924
-1.6395516389174023	-0.999996437518364	0.08093575966742489	0.19406703489324711	2851389.625	25796.25	18.150000000000002	18.20262867840945
-1.6395516389174023	-0.9999966544366167	0.04374616353191155	0.19406703489324711	2851389.625	13897.0625	18.255000000000003	18.33780500617746
-2.1653874145895156	-0.9999951229778598	0.04766356471939977	0.11470548740877044	1937711.6	12710.5	16.990000000000002	17.08055895369215
-2.1653874145895156	-0.9999950985347273	0.02358183078688737	0.11470548740877044	1937711.6	13327.05	17.14	17.241043629704958
-1.4099836473256813	-0.999996243613455	0.07327364584355692	0.24414727558167687	2944351.3333333335	63583.291666666664	18.05	18.119286233290534
-1.4099836473256813	-0.9999966001414187	0.07567281918179294	0.24414727558167687	2944351.3333333335	22255.25	18.1	18.16739939953918
-1.4099836473256813	-0.9999963842555674	0.04309069289089742	0.24414727558167687	2944351.3333333335	42024.083333333336	18.160000000000004	18.16120226822572
-2.085155320878987	-0.9999950017072753	0.024652208674701106	0.12428781417396154	2035448.9	26205.675	16.35	16.375084815591315
-2.085155320878987	-0.9999952219431149	0.08927870398422866	0.12428781417396154	2035448.9	16737.9	16.69	16.71474517870918
-2.085155320878987	-0.9999949602196586	0.06742486043228749	0.12428781417396154	2035448.9	28514.85	16.75	16.81527615952517
-2.085155320878987	-0.9999954170158596	0.029573063202141626	0.12428781417396154	2035448.9	11252.45	16.854999999999997	16.943869313382404
-1.9906249149565372	-0.9999959323981533	0.013823179144397454	0.13661002911517384	2030762.0	3866.375	17.55	17.637259113960386
-1.9906249149565372	-0.9999962782660825	-0.006109342044352051	0.13661002911517384	2030762.0	-1914.925	17.630000000000003	17.634470415864524
-2.2018658842874914	-0.9999953985598498	0.048725498541326503	0.11059660525216919	2100239.7	15741.625	16.830000000000002	16.875489506239624
-1.8065838251003437	-0.9999960727757096	0.06092031630947664	0.16421416398784283	2539604.2	21451.475	18.1	18.10465550808357
-1.8065838251003437	-0.9999955257894542	0.0582304286706693	0.16421416398784283	2539604.2	86052.45	18.115000000000002	18.115714317382636
-0.2722386261923806	-0.999996763447432	0.12391840201280996	0.7616724843975673	3577280.5	106728.875	18.32	18.45231914195031
-1.0485923806721056	-0.9999964554956179	0.10243211609232962	0.3504306750950453	3235442.25	95609.625	18.88	18.973169802605305
