-2.0134107965916432	-0.9999974227786143	0.06265748501117088	0.13353244504943798	4276470.7	61168.975	14.035	14.117166989230498
-2.0134107965916432	-0.9999975804669539	0.04647006528759106	0.13353244504943798	4276470.7	31164.35	14.15	14.238371196025234
-2.0134107965916432	-0.9999973745653644	0.0641279415795333	0.13353244504943798	4276470.7	75175.525	14.25	14.284976885455393
-2.0134107965916432	-0.9999976605221129	0.06883259620717253	0.13353244504943798	4276470.7	22129.425	14.290000000000001	14.327022809278683
-1.8037198644866659	-0.9999969583520736	0.02021949560945725	0.16468514099358583	3093074.3	12185.0	13.22	13.271951105346469
-1.8037198644866659	-0.99999633525051	0.06781236980676814	0.16468514099358583	3093074.3	83728.15	13.290000000000001	13.30653520124685
-1.9676331305610735	-0.9999973766910292	0.05601776253284513	0.13978732331804344	4152047.2	53749.2	14.05	14.226410667972868
-2.229295376660779	-0.9999972405529113	0.07616870578362189	0.10760422387718203	3972378.3	57615.7	14.0	14.004127801332526
-2.229295376660779	-0.9999974224143829	0.05267750286018569	0.10760422387718203	3972378.3	27976.2	13.965	13.985590581086214
-2.229295376660779	-0.9999972436673416	0.11066659445411492	0.10760422387718203	3972378.3	56907.275	13.97	13.987704219899342
-0.7249301390439417	-0.9999951413837794	0.01801739089417512	0.4843584055147056	2005637.6666666667	17061.25	12.02	12.038037700280027
-0.7249301390439417	-0.9999951011990744	0.1193837149251162	0.4843584055147056	2005637.6666666667	18493.333333333332	12.075	12.163948794660836
-0.7249301390439417	-0.9999949473251021	0.11816985090176975	0.4843584055147056	2005637.6666666667	25179.75	12.215	12.295104096709201
-0.7249301390439417	-0.9999951648675792	0.050330667447294725	0.4843584055147056	2005637.6666666667	16276.25	12.375	12.428386278018982
-1.8626778288865442	-0.9999971710263688	0.04505123194096911	0.15525632334980313	3667611.6	32065.8	13.44	13.707439340185825
-1.8626778288865442	-0.9999971882319483	0.05409113531947311	0.15525632334980313	3667611.6	30104.8	13.81	13.88511499186992
-1.8626778288865442	-0.9999971872517475	0.0722929814381681	0.15525632334980313	3667611.6	30213.225	13.89	13.947623412232508
-1.8626778288865442	-0.9999972775007464	0.0659283081812409	0.15525632334980313	3667611.6	21699.05	13.885000000000002	13.9141234462066
-1.8626778288865442	-0.9999970596982652	0.12440859932178491	0.15525632334980313	3667611.6	48236.15	13.96	14.116328177354815
-1.8626778288865442	-0.9999970622421002	0.11967940039338665	0.15525632334980313	3667611.6	47788.2	14.145	14.162558864760905
-1.8626778288865442	-0.9999970537544295	0.08772770401183293	0.15525632334980313	3667611.6	49299.25	14.155000000000001	14.21985866218948
-1.7374351175030318	-0.9999970246480119	0.015910971351850815	0.17597116765552506	3113256.8	10540.075	13.02	13.057331441014075
-1.7374351175030318	-0.9999967433785119	0.050295101408062676	0.17597116765552506	3113256.8	25302.525	13.030000000000001	13.079709295970266
-1.7374351175030318	-0.9999964990239373	0.07501209450169823	0.17597116765552506	3113256.8	54144.9	13.094999999999999	13.104190766305457
-1.7374351175030318	-0.9999965653542631	0.08230775412262473	0.17597116765552506	3113256.8	44042.55	13.17	13.170575760953017
-1.7374351175030318	-0.9999966111846647	0.10948184733983946	0.17597116765552506	3113256.8	38186.075	13.21	13.248513132753217
-1.0031049368676785	-0.9999971857369974	0.004224183623464271	0.36673897019312013	2692866.0	1954.5625	12.41	12.495691402603782
-1.0031049368676785	-0.999996592340706	0.02266754694457181	0.36673897019312013	2692866.0	9665.0	12.5	12.545979614583375
-1.0031049368676785	-0.9999960804349735	0.12631490348799784	0.36673897019312013	2692866.0	38362.5625	12.645	12.691171262699564
-1.0031049368676785	-0.999996124713399	0.09425511389705286	0.36673897019312013	2692866.0	34050.4375	12.82	12.975757038823316
-2.09531043692653	-0.9999973018385951	0.05068275159871455	0.12303204403537342	3950438.8	42569.7	14.13	14.178269252468674
-2.09531043692653	-0.9999972055907552	0.060394393799392834	0.12303204403537342	3950438.8	62263.25	14.205000000000002	14.33630687110508
-2.2577689966890313	-0.9999969368883982	0.06298594718288861	0.1045835509207766	3475648.2	42035.7	13.88	14.042575648078085
-1.3499673347097223	-0.9999967249876276	0.06684932811036126	0.2592487289425661	3238451.0	40374.041666666664	12.82	13.23281812882622
-1.3499673347097223	-0.9999964675477453	0.07269170521907083	0.2592487289425661	3238451.0	92935.66666666667	13.420000000000002	13.425592089984942
-1.3499673347097223	-0.9999964420098038	0.10407162362707177	0.2592487289425661	3238451.0	100948.625	13.51	13.562132613315939
-1.917966845354875	-0.9999973600336324	0.05140025528600571	0.14690533997778224	4058283.3	44968.125	14.0	14.050581935110268
-2.13171945016646	-0.9999971495764692	0.06183728296259923	0.11863313461882737	4102207.7	119733.175	14.18	14.317900887951723
-2.13171945016646	-0.9999975748394448	0.07025268038872563	0.11863313461882737	4102207.7	20920.075	14.08	14.122172319265589
-2.13171945016646	-0.9999973721238776	0.10967644124627772	0.11863313461882737	4102207.7	48053.625	14.15	14.154615865084322
-2.13171945016646	-0.9999975623285251	0.04930757923655713	0.11863313461882737	4102207.7	22021.825	14.175	14.248982785602504
-2.13171945016646	-0.9999974126304055	0.06618439513084341	0.11863313461882737	4102207.7	40696.725	14.280000000000001	14.330139441985477
