-1.3830872804799144	-0.9999967851024255	0.037090877253364005	0.2508030572062922	3018422.1666666665	16380.666666666666	14.75	14.83333897731121
-1.8312895296194327	-0.9999976018313002	0.0023396680752920144	0.16020684304564534	3034494.8	1445.975	13.61	13.665390404515522
-1.8312895296194327	-0.999996414054616	0.05142885517333144	0.16020684304564534	3034494.8	53184.05	13.665	13.686304801670147
-1.8312895296194327	-0.999996990832683	0.042139338654503984	0.16020684304564534	3034494.8	9239.05	13.675	13.757420269312544
-1.8312895296194327	-0.9999964457809252	0.034194944705459425	0.16020684304564534	3034494.8	48302.5	13.795000000000002	13.81139927076728
-1.8897921123755863	-0.9999971077041647	0.008517306002206713	0.15110321806050708	2943296.4	4977.5	13.83	13.885210551406324
-1.8897921123755863	-0.9999966690591597	0.06139255315541388	0.15110321806050708	2943296.4	18104.05	13.91	13.913123984840281
-1.8897921123755863	-0.9999969781242651	0.0242415781997819	0.15110321806050708	2943296.4	7289.125	13.915	13.938302606484426
-1.8897921123755863	-0.999996927055391	0.041175998833479145	0.15110321806050708	2943296.4	8471.55	13.93	13.93762987012987
-2.1507401499671293	-0.9999947673811695	0.09453974561941383	0.11639797392637005	1990276.0	33333.75	13.72	13.722154015489833
-2.1507401499671293	-0.9999944642087181	0.05495303178942661	0.11639797392637005	1990276.0	60945.55	13.735	13.740782667644204
-2.1507401499671293	-0.9999951805065062	0.08864995736331599	0.11639797392637005	1990276.0	14647.925	13.74	13.753230268443591
-2.1507401499671293	-0.9999953743691083	0.04777863071534808	0.11639797392637005	1990276.0	9958.5	13.76	13.793837837837838
-2.1507401499671293	-0.9999948849361049	0.10309464992592192	0.11639797392637005	1990276.0	26379.725	13.795000000000002	13.804564032787535
-1.943016454836382	-0.9999967721268824	0.017211792251102635	0.14327112642762085	2839550.6	9562.5	13.86	13.930674879485807
-1.032098031129199	-0.9999972487381146	0.015339971057619795	0.35625873402827773	3163339.25	6021.0	15.44	15.520148513679825
-2.0772169372535205	-0.9999962696576529	0.034262514246848806	0.12527838508683006	2669176.1	21097.15	14.24	14.259583208743893
-1.991059107991818	-0.9999963784693527	0.034024261463132977	0.13655072686722564	2754559.0	21497.1	13.83	14.037618138858598
-1.991059107991818	-0.9999963251741262	0.07725609756097561	0.13655072686722564	2754559.0	24896.55	14.040000000000001	14.248524609559867
