-1.8784573631507955	-0.999996818482447	0.036136304573074866	0.1528256785317534	3495456.7	67564.775	14.280000000000001	14.3266668317887
-1.8784573631507955	-0.9999971765827106	0.05662644158987711	0.1528256785317534	3495456.7	19323.575	14.615	14.682903040734367
-1.8784573631507955	-0.9999971368755564	0.06399561097676666	0.1528256785317534	3495456.7	22200.775	14.700000000000001	14.72851634738052
-2.145874193743089	-0.9999980070813773	0.013471129186149587	0.11696574161815204	4780858.0	13736.175	14.72	14.770799074486073
-2.145874193743089	-0.999997695433275	0.046910432442479735	0.11696574161815204	4780858.0	60948.825	14.684999999999999	14.71277826167887
-2.145874193743089	-0.9999978301051734	0.07042091564859376	0.11696574161815204	4780858.0	32013.975	14.875	14.905022295145827
-0.7318279578350636	-0.9999954730218272	0.061806450705170456	0.48102888541816224	2176754.0	19035.583333333332	13.73	13.795093036666437
-0.7318279578350636	-0.9999945894312913	0.09244670816291584	0.48102888541816224	2176754.0	130283.66666666667	13.875	13.936283368587242
-0.7318279578350636	-0.9999954070051178	0.05729613845795546	0.48102888541816224	2176754.0	21977.5	13.85	13.879260525847435
-0.7318279578350636	-0.9999949840502246	0.14236539870463558	0.48102888541816224	2176754.0	55186.333333333336	13.915	14.060469795192205
-0.7318279578350636	-0.9999949003129257	0.1378977460852713	0.48102888541816224	2176754.0	66220.75	14.105	14.110529399491082
-0.25735595579190446	-0.9999932948323494	0.07349547582362963	0.7730929778592981	1605658.0	47390.875	13.41	13.413346704049733
-0.25735595579190446	-0.9999948039508593	-0.024764150943396228	0.7730929778592981	1605658.0	-4200.0	13.6	13.631312470808034
-0.25735595579190446	-0.9999929285129409	0.14457885927075462	0.7730929778592981	1605658.0	85338.25	13.615	13.634622237422098
-1.7508889658098528	-0.9999962896697235	0.038864241640772554	0.1736195329990491	2818702.8	34831.925	14.17	14.4364845917454
-1.7508889658098528	-0.9999967043955653	0.030656584100225426	0.1736195329990491	2818702.8	10820.925	14.615	14.641527506603882
-2.2426141272294715	-0.9999980357319196	0.015336943043941943	0.10618057173806361	4804747.7	12553.225	14.01	14.03414999286541
-2.069915650203894	-0.9999977949936328	0.014421806313502481	0.12619642589890856	4280284.9	12556.275	14.950000000000001	14.97516661508305
-2.069915650203894	-0.9999973623913945	0.057827205748936	0.12619642589890856	4280284.9	79993.75	14.93	14.98592970162811
-1.8184939708810928	-0.9999969478898081	0.021759270730948507	0.162269950272301	3133204.8	14225.85	14.43	14.857080226501546
-1.2143981902653471	-0.9999949525812728	0.04702516999681907	0.29688863101026486	2128279.8	46272.25	13.96	13.987633545221367
-1.5884003022482536	-0.9999958109330062	0.042193773780662705	0.20425209214219261	2201803.0	10131.46875	13.51	13.64179365079365
-1.5884003022482536	-0.9999952622394294	0.05634856251457714	0.20425209214219261	2201803.0	33914.09375	13.645	13.657092843824342
-1.5884003022482536	-0.9999958397012348	0.038258619649179273	0.20425209214219261	2201803.0	9509.5625	13.690000000000001	13.744168342928488
-1.5884003022482536	-0.9999954149952714	0.09880119406515363	0.20425209214219261	2201803.0	24227.3125	13.790000000000001	13.843534251800659
-1.5884003022482536	-0.9999953415171112	0.06746226309233762	0.20425209214219261	2201803.0	28481.96875	13.875	14.067407400016378
-1.5884003022482536	-0.9999950752690999	0.10730798095689306	0.20425209214219261	2201803.0	51188.375	14.055	14.155163656884875
-2.027466508521308	-0.9999970888532823	0.037445901961438405	0.13166868042206195	3807955.0	65218.625	14.38	14.511681005000586
-2.027466508521308	-0.9999973262102047	0.07095721517865178	0.13166868042206195	3807955.0	26413.575	14.705000000000002	14.755395387149917
-2.027466508521308	-0.9999971759077821	0.05602227145161	0.13166868042206195	3807955.0	46816.675	14.815000000000001	14.82557481067067
-2.027466508521308	-0.9999971859491343	0.07798606229082274	0.13166868042206195	3807955.0	45060.3	14.745000000000001	14.823803910746669
-1.9824049108899942	-0.9999969512834148	0.03352401885418287	0.13773759204700584	3488874.5	41629.55	14.16	14.269353268711965
-1.9824049108899942	-0.9999972307815029	0.03837498585346907	0.13773759204700584	3488874.5	15699.625	14.245000000000001	14.287597076290544
-1.9824049108899942	-0.9999968916923533	0.04708050828695581	0.13773759204700584	3488874.5	51250.25	14.225000000000001	14.247537810991695
-2.1803848552789824	-0.9999978410109439	0.030944672262983204	0.112998034381058	4715814.1	26406.175	14.8	14.831752029107193
