-1.8990167502924071	-0.9999984012747138	0.04855326748585884	0.1497157548474268	6982344.8	70462.575	15.15	15.204661819461837
-1.8990167502924071	-0.999998427645635	0.04984315510296964	0.1497157548474268	6982344.8	58612.5	15.27	15.30870084866161
-2.164839475465592	-0.9999982825005397	0.0607796541049413	0.11476835625562788	6595139.8	83044.925	15.91	15.976730028835638
-2.164839475465592	-0.9999982079530958	0.04400761481790033	0.11476835625562788	6595139.8	135780.175	15.88	16.149271375923338
-2.164839475465592	-0.9999982994796429	0.08417815046554226	0.11476835625562788	6595139.8	74247.25	16.1	16.38231635718758
-2.164839475465592	-0.9999983921068011	0.05635629550128384	0.11476835625562788	6595139.8	40306.0	16.505000000000003	16.623729009261734
-1.8393752763187892	-0.9999984676659044	0.040675877029835064	0.15891667411206037	7254528.1	67261.675	14.75	15.135696450143804
-2.0471876499977486	-0.999998217436412	0.052824884250804234	0.12909746077408626	6328202.8	79253.85	15.15	15.382694789293893
-2.0471876499977486	-0.9999981968736241	0.03330394316060132	0.12909746077408626	6328202.8	90268.0	15.42	15.421862739785412
-2.0471876499977486	-0.9999983670843053	0.05270152955873149	0.12909746077408626	6328202.8	30742.125	15.48	15.539480018695958
-2.343320552432803	-0.99999848522325	0.020046922959702163	0.09600830772727352	6826847.3	30980.625	15.43	15.695936941289673
-2.343320552432803	-0.9999984334219458	0.040097133326893464	0.09600830772727352	6826847.3	44124.325	15.8	15.952174192289188
-2.343320552432803	-0.9999985280636499	0.03675961666550622	0.09600830772727352	6826847.3	23124.35	15.88	15.889972072157539
-2.343320552432803	-0.9999983309716195	0.10905371284633152	0.09600830772727352	6826847.3	88804.325	15.885000000000002	16.02770566888794
-2.343320552432803	-0.9999984005592848	0.08099162923528516	0.09600830772727352	6826847.3	55222.15	16.0	16.00412497383295
-2.343320552432803	-0.9999988462483046	-0.003913424400890625	0.09600830772727352	6826847.3	-2633.6	16.0	16.131403358259067
-2.343320552432803	-0.9999983750151683	0.0713843285806378	0.09600830772727352	6826847.3	65742.975	16.195	16.29552639587446
-1.2241282453166717	-0.9999986691784721	0.03755710689581213	0.29401389662849314	8362107.4	68081.3	15.26	15.411984203770102
-1.2241282453166717	-0.9999986256668808	0.06917668435164986	0.29401389662849314	8362107.4	97959.65	15.58	15.701853587644784
-1.2241282453166717	-0.9999984996151866	0.08874599138767196	0.29401389662849314	8362107.4	281074.6	15.91	15.975780673047126
-1.2241282453166717	-0.9999986183189827	0.1333769440441034	0.29401389662849314	8362107.4	104167.5	15.81	15.971014502620783
-1.2241282453166717	-0.9999986791531115	0.06876221642845318	0.29401389662849314	8362107.4	62633.0	16.115000000000002	16.158732726201805
-1.5040292383708593	-0.9999985755851568	0.03717616376636879	0.2222329243477888	7827943.285714285	69579.42857142857	15.860000000000001	16.279558678307705
-1.0242055239569094	-0.9999984868210031	0.02813693805240741	0.35908163386681763	7211642.25	54857.125	14.780000000000001	15.194280508280372
-1.0242055239569094	-0.99999854566202	0.031049719263592	0.35908163386681763	7211642.25	35887.25	15.26	15.381488406881077
-1.0242055239569094	-0.9999984348911087	0.0975439677083604	0.35908163386681763	7211642.25	79777.1875	15.275	15.280318904110954
-1.0242055239569094	-0.9999986578978294	0.040706808534224245	0.35908163386681763	7211642.25	15973.6875	15.190000000000001	15.23799061580824
-1.0242055239569094	-0.9999984381102653	0.05637327357999485	0.35908163386681763	7211642.25	77946.4375	15.200000000000001	15.203420687802021
-2.0020536835108818	-0.9999983581821235	0.05010076267366284	0.13505763259784379	6809290.2	71653.725	15.02	15.277384768592317
-2.0020536835108818	-0.999998408264888	0.04690706842676085	0.13505763259784379	6809290.2	50948.3	15.3	15.309249681734928
-1.607265373406393	-0.9999984602832868	0.040288302431237794	0.2004349801401173	7611342.75	122921.78125	15.700000000000001	15.707464291847732
-1.607265373406393	-0.9999985892360395	0.059706143347530036	0.2004349801401173	7611342.75	46063.96875	15.74	15.778123723663894
-1.607265373406393	-0.9999983747816488	0.07258208772600291	0.2004349801401173	7611342.75	235646.875	15.825	15.858656335013242
-2.0887768376650873	-0.9999982210054109	0.06604227551203236	0.12383851782681207	6397988.7	87726.2	15.21	15.405107639874325
-2.0887768376650873	-0.9999984512783019	0.02024148091972901	0.12383851782681207	6397988.7	20103.6	15.585	15.616637681334625
-2.0887768376650873	-0.9999983990608486	0.04775427946816206	0.12383851782681207	6397988.7	28078.375	15.585	15.611946223444464
-2.0887768376650873	-0.9999983106232766	0.07050792268233234	0.12383851782681207	6397988.7	49443.85	15.93	16.07445948227058
-2.0887768376650873	-0.9999984415516817	0.03292296974782648	0.12383851782681207	6397988.7	21394.475	16.145000000000003	16.17658618899273
-0.7410764653369398	-0.9999983668816712	0.03504729584583851	0.47660059526450455	7203506.333333333	128562.5	14.77	14.833400309811164
-0.7410764653369398	-0.9999986965737271	0.028214541885310883	0.47660059526450455	7203506.333333333	11958.0	14.91	14.914435838228624
-1.6961977545987799	-0.9999985439091753	0.03309094138212185	0.18337945385145593	7517874.111111111	56765.833333333336	15.89	16.072367685484075
-2.3179783116440014	-0.9999983519324863	0.022466105176938502	0.09847246513655857	6324250.4	33616.15	15.35	15.35051948051948
-2.3179783116440014	-0.9999983515336545	0.0339898687124232	0.09847246513655857	6324250.4	33701.05	15.365	15.36780343792193
-2.2624473626444033	-0.9999983832572298	0.032405072297537585	0.104095413529659	6731194.4	53241.375	15.27	15.411713634110681
-2.2624473626444033	-0.9999984584534801	0.0312681397552508	0.104095413529659	6731194.4	32093.8	15.3	15.309069819005868
-1.3789517087815741	-0.9999984854913972	0.04775906626123056	0.25184241892764553	8132961.0	223559.95833333334	16.0	16.117905363275423
-1.3789517087815741	-0.9999985870694149	0.13446377405017607	0.25184241892764553	8132961.0	97860.58333333333	15.969999999999999	15.983363699371887
-1.3789517087815741	-0.9999986555865852	0.06704954108101448	0.25184241892764553	8132961.0	56052.5	15.99	16.018240901213172
-1.3789517087815741	-0.9999986700823423	0.05688176642839146	0.25184241892764553	8132961.0	49818.833333333336	16.055	16.16744693940326
-1.9530109118064851	-0.9999984096843679	0.04817318515955332	0.14184634115705275	7038192.0	72615.45	15.16	15.211634369867184
-0.26379690852675386	-0.9999989986676773	0.002810398058766192	0.7681295243733359	8835911.0	6957.25	14.91	15.278837047124476
