-1.279379452833194	-0.9999912210599968	0.0540959445078914	0.2782098892564648	1084286.6	13613.45	22.0	22.127292807594014
-1.279379452833194	-0.999992132602143	0.05036445771753632	0.2782098892564648	1084286.6	5066.05	22.135	22.17525
-1.279379452833194	-0.9999927876644675	-0.013478497208470311	0.2782098892564648	1084286.6	-2489.5	22.14	22.147149170745614
-1.6748053077894278	-0.9999908794114949	0.06839328101999734	0.1873446504756726	1055539.0	15169.9375	21.805	21.827910447761194
-2.0819180423766213	-0.9999911629273215	0.05616566165214703	0.12469082041265157	1063479.7	12063.8	21.52	21.537453556864524
-2.0819180423766213	-0.9999925266812751	0.010720688004239564	0.12469082041265157	1063479.7	2828.125	21.525	21.546780953248813
-2.0819180423766213	-0.9999921930679838	0.04699710303004878	0.12469082041265157	1063479.7	4033.0	21.68	21.680069868995634
-2.0819180423766213	-0.9999908632697374	0.10899356096586826	0.12469082041265157	1063479.7	16591.85	21.69	21.70679449360865
-2.0819180423766213	-0.9999930895547154	0.012061508199877198	0.12469082041265157	1063479.7	1553.825	21.71	21.75699805068226
-1.0703611610790298	-0.9999926689273937	-0.008702350137725925	0.3428846584603031	1001745.75	-1545.6875	22.09	22.343386627906977
-0.2835317853323993	-0.9999924569072552	-0.03510028653295129	0.753119183616032	1142098.5	-5512.5	23.17	23.203623188405796
-1.8431716907586793	-0.9999905238245911	0.05798390068718341	0.15831450432200914	991517.8	12036.675	21.18	21.20981553141702
-1.8431716907586793	-0.9999916813157609	-0.01509291779418831	0.15831450432200914	991517.8	-3819.45	21.285	21.294184277261202
-1.8431716907586793	-0.9999948256196148	0.001643106673886822	0.15831450432200914	991517.8	168.1	21.275	21.27594142259414
-1.9744034658331167	-0.999989300115667	0.04924138989489882	0.13884411280097528	983210.9	37057.125	21.35	21.493284222487954
-1.9744034658331167	-0.999992013770961	0.03502905629725737	0.13884411280097528	983210.9	2570.25	21.384999999999998	21.392685714285715
-1.9744034658331167	-0.999990692848432	0.059268921127423296	0.13884411280097528	983210.9	9421.85	21.39	21.685151561970546
-1.4386502434595996	-0.9999909591578791	0.052556822089974385	0.23724776939369677	1045497.1666666666	12734.833333333334	22.18	22.21355878036683
