-0.7642181017696476	-0.9999941019055058	0.05047701647875109	0.4656979170329487	1673944.0	19400.0	19.990000000000002	20.08944976816074
-0.7642181017696476	-0.9999933409664092	0.11438500027492164	0.4656979170329487	1673944.0	69344.0	20.17	20.17353979114152
-0.7642181017696476	-0.9999964375360847	0.002798451383294658	0.4656979170329487	1673944.0	387.9166666666667	20.275	20.285511263029854
-0.7642181017696476	-0.9999938493492578	0.08294425249789895	0.4656979170329487	1673944.0	29608.333333333332	20.305	20.310390723468615
-1.0566834182404736	-0.9999925461518009	0.08711286739047383	0.34760676691687503	1547271.75	102039.875	20.34	20.357904861054493
-1.0566834182404736	-0.999993369316585	0.08956988572638645	0.34760676691687503	1547271.75	28550.625	20.365000000000002	20.392488466585508
-1.0566834182404736	-0.9999937070037203	0.08310835685360167	0.34760676691687503	1547271.75	16931.25	20.46	20.501165120593694
-1.656531841210739	-0.9999931639527497	0.08567959462483758	0.19079955710739005	1485121.0	25650.5	20.98	21.053675006117242
-1.656531841210739	-0.9999931447318795	0.10406496351624088	0.19079955710739005	1485121.0	26393.28125	21.119999999999997	21.189148188209842
-1.656531841210739	-0.9999928333359708	0.10536907774245573	0.19079955710739005	1485121.0	41912.5	21.21	21.210793317123954
-1.656531841210739	-0.9999929726901311	0.06822097032431396	0.19079955710739005	1485121.0	34076.9375	21.310000000000002	21.31259365244537
-1.656531841210739	-0.9999934577098885	0.07722109379625927	0.19079955710739005	1485121.0	16581.321428571428	21.34	21.379099069148936
-1.5498077201604485	-0.9999927800187833	0.07645639145892771	0.21228878875691395	1395738.4285714286	23793.39285714286	20.650000000000002	20.92313485495811
-1.5498077201604485	-0.9999927930738672	0.0985702317704174	0.21228878875691395	1395738.4285714286	23363.75	20.945	20.97020427230645
-1.5498077201604485	-0.9999921953805393	0.10155876942108628	0.21228878875691395	1395738.4285714286	53808.607142857145	20.995	21.01477056415066
-1.5498077201604485	-0.9999934110131101	0.07377282190047493	0.21228878875691395	1395738.4285714286	9861.57142857143	20.97	21.009565139878674
-2.0180951091382204	-0.9999929575896619	0.09124735714776436	0.1329084000936324	1422655.6	22446.275	21.22	21.381120689655173
-2.06979368267086	-0.9999929954087446	0.08938048356517937	0.12621181870434525	1424891.9	21606.275	21.21	21.227590520078998
-2.160791916405222	-0.9999928883519245	0.09964787154745079	0.11523382933524785	1420909.6	24464.25	21.38	21.41870707070707
-2.117009121733764	-0.9999928156948288	0.10011227320212779	0.12039116589869564	1409620.1	25011.75	21.27	21.376420545163473
-2.117009121733764	-0.9999929549382024	0.08663741522892879	0.12039116589869564	1409620.1	20554.025	21.31	21.31320937137891
-2.117009121733764	nan	nan	0.12039116589869564	1409620.1	nan	21.315	21.31813186695279
-2.117009121733764	-0.9999933781121396	0.07840910743960804	0.12039116589869564	1409620.1	11319.225	21.305	21.314595054356012
-0.27640331105472027	-0.9999949968188352	0.008649789029535865	0.7585069548236872	1636057.0	3587.5	19.97	20.02803688652704
-2.2013606709941524	-0.9999925794589981	0.07568709058387599	0.11065249424408286	1403934.1	33453.8	21.35	21.380236678103774
-2.2013606709941524	-0.999992730494877	0.0875054485674633	0.11065249424408286	1403934.1	27061.55	21.340000000000003	21.343746021126762
-2.2013606709941524	-0.9999934373076386	0.06436534065134496	0.11065249424408286	1403934.1	10031.525	21.39	21.473874756238615
-1.422050478253913	-0.9999928708127845	0.05407558562084195	0.24121889535317906	1358910.8333333333	16120.833333333334	20.47	20.55912930135558
-1.422050478253913	-0.9999919841445678	0.11215777674214615	0.24121889535317906	1358910.8333333333	53788.458333333336	20.575000000000003	20.61074632952692
-1.8278093197268757	-0.9999935546866701	0.09172402609707352	0.1607653678136485	1585099.6	27348.775	21.2	21.416586430123143
-1.8278093197268757	-0.9999935382180452	0.10855679503654185	0.1607653678136485	1585099.6	28072.125	21.475	21.507010583203435
-1.8278093197268757	nan	nan	0.1607653678136485	1585099.6	nan	21.495	21.597747630744
-1.8278093197268757	-0.9999941203595911	0.07247989994639985	0.1607653678136485	1585099.6	11155.925	21.725	21.752100356457362
-2.3967032496654253	-0.9999923861230172	0.03097125496323279	0.09101752126135444	1163506.0	7034.975	20.98	21.247713390759593
-2.3967032496654253	-0.9999920538225501	0.060971492089247584	0.09101752126135444	1163506.0	10356.075	21.27	21.332668900055836
-2.3967032496654253	nan	nan	0.09101752126135444	1163506.0	nan	21.310000000000002	21.33342857142857
-2.3967032496654253	-0.9999919819973945	0.07550900235672216	0.09101752126135444	1163506.0	11258.8	21.64	21.696632778804684
-2.3967032496654253	-0.9999926047395031	0.042870812457019354	0.09101752126135444	1163506.0	5454.775	21.76	21.78329898306107
-2.3967032496654253	-0.9999922556357851	0.06205760025706552	0.09101752126135444	1163506.0	8188.55	21.73	21.73373572593801
-2.3967032496654253	-0.9999918838198246	0.06063152848128022	0.09101752126135444	1163506.0	12621.35	21.75	21.800862871390596
-2.2391153674696884	-0.9999921951571821	0.07505411504965702	0.10655272270350792	1324045.0	30758.775	21.67	21.687506092607634
-2.2391153674696884	nan	nan	0.10655272270350792	1324045.0	nan	21.689999999999998	21.699580152671757
-2.2391153674696884	-0.999992658498949	0.0619711915933929	0.10655272270350792	1324045.0	16654.2	21.64	21.660737144911902
