-2.1505117013299597	-0.9999923071268287	0.030062188453380878	0.11642456792244828	1134204.6	6155.675	19.07	19.26800488315312
-2.1505117013299597	-0.9999917177082962	0.061859249490592245	0.11642456792244828	1134204.6	12012.825	19.355	19.414248155079772
-2.1505117013299597	-0.9999925532884165	0.0320543537080564	0.11642456792244828	1134204.6	4655.85	19.485	19.544599547374773
-2.1505117013299597	-0.9999950793272138	0.0007848410336922	0.11642456792244828	1134204.6	264.35	19.615000000000002	19.61996971004945
-1.2647083949960527	-0.9999929197079709	0.0009992379065556192	0.2823216105326495	857723.0	432.95	19.97	19.98194432639184
-1.2647083949960527	-0.9999889648671704	0.0939315323239487	0.2823216105326495	857723.0	12900.35	20.155	20.16387633769322
-1.2647083949960527	-0.999992378848982	0.007108520734474933	0.2823216105326495	857723.0	689.1	20.14	20.15554775280899
-1.8252022954455367	-0.9999930006653771	0.004771195627745257	0.16118503383319763	1063563.1	1708.975	20.05	20.085438177874188
-2.108322084832522	-0.9999928690057891	0.01285773857642948	0.12144156421827267	1095013.7	2460.525	19.0	19.0954342478833
-2.108322084832522	-0.9999929459100666	-0.005812799943663984	0.12144156421827267	1095013.7	-2261.725	19.119999999999997	19.123873932334995
-1.4225396330202866	-0.9999918467772588	0.008558954939497758	0.24110093083458306	901054.0	1549.75	20.21	20.230449098267258
-1.4225396330202866	-0.9999884390038333	0.04624003773934673	0.24110093083458306	901054.0	33424.75	20.22	20.262860314832547
-1.7466635400752262	-0.999992114144852	-0.011905456158064175	0.17435470154804866	1055799.0	-4128.361111111111	20.080000000000002	20.093407967432395
-2.190265071143795	-0.9999916515555421	0.04477562249737442	0.11188708664820281	1088977.0	8876.4	19.580000000000002	19.601693786885885
-2.190265071143795	-0.9999911702554539	0.0791776644813626	0.11188708664820281	1088977.0	14992.75	19.6	19.629732481075287
-2.2274123457232333	-0.9999911338216992	0.06538466840064425	0.10780703685137794	1062477.5	12333.0	19.650000000000002	19.76595749801449
-2.26202722004035	-0.999990916065584	0.07278411121832329	0.10413915763650743	1140018.9	31439.65	19.88	19.913795606494748
-1.0586068746511634	-0.9999933598947452	-0.0019057519057519058	0.3469388030582706	879928.75	-343.75	20.080000000000002	20.083172075933863
-1.0586068746511634	-0.9999895132663422	0.025630987849507743	0.3469388030582706	879928.75	10172.875	20.115000000000002	20.136571002444988
-1.0586068746511634	-0.9999891943135292	0.08940878442852425	0.3469388030582706	879928.75	13469.1875	20.160000000000004	20.16392156862745
