-2.2540873015388865	-0.9999893318591555	0.04666258484628976	0.10496930535235868	795925.4	4869.95	22.05	22.13938693913816
-1.6719661634813907	-0.9999901053778543	0.045370691247299734	0.1878773047570985	939858.125	10932.0	22.37	22.393888276970706
-1.6719661634813907	-0.9999891448008098	0.03852079139641479	0.1878773047570985	939858.125	26965.40625	22.445	22.449378933714872
-1.843460771941919	-0.9999889152330667	0.03613755868260364	0.158268745192146	892062.2	19697.575	22.25	22.265528797177602
-1.843460771941919	-0.9999903270047301	0.03628913416333097	0.158268745192146	892062.2	5590.0	22.270000000000003	22.301739938628582
-1.843460771941919	-0.9999911948080741	0.019977665852941928	0.158268745192146	892062.2	2577.025	22.37	22.37791694332106
-1.843460771941919	-0.9999890331818806	0.07916534205375131	0.158268745192146	892062.2	17730.25	22.439999999999998	22.452403680598877
-1.2763227680552627	-0.9999917628510676	0.0268404033356367	0.2790615902175637	979878.6	3200.6	22.0	22.0239905362776
-2.353512754164142	-0.9999897913370805	0.030239626525140634	0.0950347415065955	861576.9	6603.775	22.03	22.0315081566452
-2.353512754164142	-0.9999892431107178	0.08356595740651905	0.0950347415065955	861576.9	10591.35	22.07	22.07232490636704
-2.353512754164142	-0.9999889151624766	0.12207378709273259	0.0950347415065955	861576.9	14049.875	22.115000000000002	22.16676213654187
-2.353512754164142	-0.9999900498965807	0.06475645260898122	0.0950347415065955	861576.9	5284.8	22.2	22.200057411273487
-2.2164254780342647	-0.9999894483640585	0.048468822813489576	0.10899802915815911	809483.8	5121.4	22.1	22.104464075382804
-2.2164254780342647	-0.9999883149926768	0.05276701886388613	0.10899802915815911	809483.8	12819.8	22.115000000000002	22.12077966101695
-2.3830200204257075	-0.9999905652303209	0.06169569002337736	0.0922714945061528	946705.5	7569.0	22.2	22.282931611669056
-2.3830200204257075	-0.9999909261759108	0.04986582893977973	0.0922714945061528	946705.5	5377.9	22.305	22.31229778300188
-2.3830200204257075	-0.9999887684441436	0.09593111126580789	0.0922714945061528	946705.5	41479.375	22.32	22.34451817613791
-2.3830200204257075	-0.9999894447474558	0.0993135223470868	0.0922714945061528	946705.5	21865.6	22.310000000000002	22.370037637514216
-2.3830200204257075	-0.9999902930588566	0.07157606753405826	0.0922714945061528	946705.5	9793.875	22.445	22.476812847436687
-2.0849798595136533	-0.9999886569321367	0.05371977490734222	0.12430962379684797	752065.6	5067.15	22.02	22.108786326676004
-2.0849798595136533	-0.9999896503861722	0.02328508541705275	0.12430962379684797	752065.6	2399.875	22.14	22.142423000847696
-2.0849798595136533	-0.9999888721734076	0.05535020754561894	0.12430962379684797	752065.6	4309.7	22.105	22.150487762889853
-1.5646159446501449	-0.9999919353712676	0.019781528344922385	0.20916832996539234	956883.0	2245.0	22.22	22.227149146451033
-1.5646159446501449	-0.9999908931476268	0.04697703952271134	0.20916832996539234	956883.0	6087.714285714285	22.240000000000002	22.260906935908693
-1.5646159446501449	-0.9999903993423149	0.027396283038014453	0.20916832996539234	956883.0	9765.42857142857	22.26	22.278103784803584
-1.5646159446501449	-0.999990783142571	0.10092644701388177	0.20916832996539234	956883.0	6763.571428571428	22.25	22.27279280516271
-1.5646159446501449	-0.9999938696128152	0.0034177383813546623	0.20916832996539234	956883.0	351.85714285714283	22.305	22.328697829716194
-1.5646159446501449	-0.9999899523993303	0.0407162521704111	0.20916832996539234	956883.0	14977.607142857143	22.355	22.357212253482704
-2.1322228600145516	-0.9999881696236478	0.05762344769555373	0.1185734285601202	829548.0	18284.525	22.1	22.25351072427815
-2.1322228600145516	-0.999989528516305	0.07577599377618316	0.1185734285601202	829548.0	5922.0	22.34	22.347875062719517
-2.1322228600145516	-0.9999898561753974	0.059232021317791296	0.1185734285601202	829548.0	4512.325	22.32	22.323235747303546
-1.914054346569628	-0.9999901738827589	0.0421685473174295	0.14748123279733993	853510.8	4387.3	22.39	22.434386503067486
-2.2892484814075327	-0.999989488359453	0.05258938473530343	0.10134259408657098	822423.8	5680.8	22.0	22.03176869072546
-2.2892484814075327	-0.9999867071950502	0.07751568672052993	0.10134259408657098	822423.8	55954.9	22.1	22.100357171030367
