0.0	-0.999998169377314	0.06768248513251106	1.0	6465404.0	138096.5	21.87	22.188810581280343
-1.6681793219217431	-0.9999977252276772	0.02789581525981716	0.18859011514104204	4932563.0	74640.9375	21.330000000000002	21.334347351033326
-1.6681793219217431	-0.9999978948381076	0.036339114113270315	0.18859011514104204	4932563.0	32332.0	21.37	21.46969863908809
-1.7593799674026465	-0.999997832144716	0.022942767076573257	0.17215157032416403	4825969.888888889	34960.555555555555	21.650000000000002	21.6568400520465
-1.7593799674026465	-0.9999976399219543	0.03610797991114482	0.17215157032416403	4825969.888888889	88402.38888888889	21.585	21.65970882666083
-1.7593799674026465	-0.9999978259210898	0.0400698530520361	0.17215157032416403	4825969.888888889	36026.555555555555	21.535	21.710587174179977
-1.8386182635968205	-0.9999977788382634	0.04253118995779932	0.1590370216026395	5028915.2	70970.525	21.73	22.054550893449207
-2.1275723017622123	-0.9999982285761131	0.06778964837737249	0.11912614542163386	6735232.1	151894.95	22.53	22.824396610358292
-2.1275723017622123	-0.9999981724002346	0.06728672724050792	0.11912614542163386	6735232.1	221749.6	22.85	23.121184376688547
-2.1275723017622123	-0.9999982742651453	0.09319047799875396	0.11912614542163386	6735232.1	111660.225	22.915	22.944045586537825
-2.1275723017622123	-0.9999983388428106	0.03419514176185175	0.11912614542163386	6735232.1	72277.3	23.04	23.380363014646925
-2.079864461280965	-0.9999980267349283	0.05775263817434015	0.12494714622709495	5883969.8	110262.925	21.830000000000002	22.178410091730612
-2.079864461280965	-0.999998131774968	0.05116959819589723	0.12494714622709495	5883969.8	59430.5	22.29	22.33283638546379
-2.079864461280965	-0.9999980484904152	0.08698752817937098	0.12494714622709495	5883969.8	97014.25	22.435000000000002	22.533732116043776
-2.079864461280965	-0.9999981746402521	0.026350807132638706	0.12494714622709495	5883969.8	46181.75	22.56	22.586923753645333
-1.2745864421276176	-0.9999974449581776	0.013177344439325176	0.27954655299695236	4115849.4	36906.4	21.6	21.60408237684595
-1.2745864421276176	-0.9999976793537438	0.017730843381878678	0.27954655299695236	4115849.4	14063.8	21.68	21.691221653952848
-2.3834178158948816	-0.9999984389146714	0.044171959822788445	0.09223479662331399	7477796.4	117414.975	23.0	23.38388200528233
-2.3834178158948816	-0.9999985205163324	0.047285975799476423	0.09223479662331399	7477796.4	63784.275	23.42	23.50986004530061
-2.3834178158948816	-0.9999984392383211	0.07947133659257828	0.09223479662331399	7477796.4	117131.15	23.57	23.621592342148933
-2.3834178158948816	-0.9999984069085446	0.07217869616911107	0.09223479662331399	7477796.4	149164.775	23.415	23.484670692470566
-1.5620585762021546	-0.9999979651932858	0.008845929851372069	0.20970393503060114	4635696.571428572	12489.785714285714	21.34	21.522317615617744
-1.5620585762021546	-0.9999977875501709	0.026250556903368225	0.20970393503060114	4635696.571428572	28458.75	21.45	21.46203031511767
-2.2133234975426315	-0.999998251051954	0.06362456808292165	0.10933666386582624	6845004.1	158189.7	23.2	23.214745788687708
-2.32181886428376	-0.9999983759438472	0.035114197396926915	0.09809500174860071	7012807.6	88360.65	23.2	23.226113908114048
-2.32181886428376	-0.9999984151248247	0.054224579644168124	0.09809500174860071	7012807.6	67131.575	22.95	23.088896529199605
-2.32181886428376	-0.9999983541119618	0.0846654334309645	0.09809500174860071	7012807.6	102979.625	23.090000000000003	23.096094886441723
-2.028538802018987	-0.9999979642400613	0.03432501976419897	0.13152756862235107	5407365.3	60359.95	21.63	21.74726881398973
-2.028538802018987	-0.99999799110331	0.04449727244526542	0.13152756862235107	5407365.3	52199.025	21.655	21.67378153327556
-2.028538802018987	-0.9999979607917978	0.06385524704138879	0.13152756862235107	5407365.3	61496.0	21.68	21.72515934000412
-2.028538802018987	-0.9999981580973063	0.013554615231998806	0.13152756862235107	5407365.3	21158.425	21.77	21.82858784296115
