-1.059476735716128	-0.9999990706065424	0.020859371858286083	0.34663714572057214	12071780.75	74564.5625	20.71	20.8612433345409
-1.059476735716128	-0.9999989519159763	0.04480063998917197	0.34663714572057214	12071780.75	312461.75	20.985	20.998817646480603
-1.059476735716128	-0.999998986818327	0.06407792262180972	0.34663714572057214	12071780.75	205028.0625	20.76	21.06031233450197
-1.6626449494753786	-0.9999988813764208	0.03762379765122402	0.18963673660298874	10557967.5	134643.25	21.8	21.900545230222814
-1.6626449494753786	-0.9999989214848629	0.04573662116342401	0.18963673660298874	10557967.5	88160.6875	21.900000000000002	22.037039744082243
-2.283881432609103	-0.9999987197310902	0.028657254356879568	0.10188796694663861	8833405.7	81562.3	22.43	22.468739285967768
-2.1691772455388874	-0.999998776855848	0.019269252930187167	0.11427159570994581	9001750.7	60501.425	22.45	22.634822590268552
-1.266689965365276	-0.9999990321811061	0.04544994444554903	0.2817627243136901	12522029.2	183331.45	21.16	21.39142634654724
-1.266689965365276	-0.9999990478624954	0.039454720996759785	0.2817627243136901	12522029.2	150645.85	21.585	21.597263250838388
-1.266689965365276	-0.9999990292794972	0.06160085232455184	0.2817627243136901	12522029.2	190115.15	21.564999999999998	21.65710285503734
-1.266689965365276	-0.9999990862996709	0.02971724650261029	0.2817627243136901	12522029.2	93094.6	21.59	21.654560845668637
-1.9678206684366497	-0.9999988769868358	0.04149011478962202	0.13976111035843408	10596690.9	147298.525	22.05	22.277052985675148
-1.9678206684366497	-0.9999989455945042	0.033062224967027744	0.13976111035843408	10596690.9	71196.225	22.47	22.602715862152394
-2.2103542045364466	-0.9999987896283161	0.024624361948963384	0.1096617989289122	9290767.8	76517.075	22.64	22.650726742656072
-2.3787316769840277	-0.9999987190693218	0.02106607581586348	0.0926680360098546	9368407.8	162799.525	21.93	21.988999965268402
-2.3787316769840277	-0.9999988809846808	0.01876629279816681	0.0926680360098546	9368407.8	35716.35	22.11	22.37921753242255
-1.4266044492760865	-0.9999989418744799	0.043608112435781	0.24012288897851572	11390686.666666666	171574.08333333334	21.67	21.69429526449595
-1.4266044492760865	-0.9999990402481083	0.027421927674508004	0.24012288897851572	11390686.666666666	55950.083333333336	21.650000000000002	21.70289512780666
-1.9049134065736224	-0.9999988806687173	0.027668813595827076	0.1488355302426712	10282304.8	99637.65	21.8	21.85704562355504
-1.9049134065736224	-0.9999988444244342	0.04635332571501678	0.1488355302426712	10282304.8	144635.675	21.825000000000003	21.85864974348882
-1.9049134065736224	-0.9999988407602669	0.06855826896926763	0.1488355302426712	10282304.8	150188.975	21.755000000000003	21.953175995880926
-1.9049134065736224	-0.9999988522087091	0.052081730689711246	0.1488355302426712	10282304.8	133510.1	21.950000000000003	22.00204124552334
-1.8345059955293455	-0.999998763423187	0.03513666944964199	0.15969237103084857	10219385.3	307752.65	21.55	21.579670001182397
-1.8345059955293455	-0.9999988526409427	0.05462396651301858	0.15969237103084857	10219385.3	123660.625	21.56	21.602108013031735
-1.8345059955293455	-0.9999988536362379	0.04880121489945393	0.15969237103084857	10219385.3	122409.2	21.685000000000002	21.748543871395828
-2.4067943659665327	-0.9999987931041923	0.028759167602432918	0.09010367150576165	9393332.6	83848.075	22.3	22.351733161549443
-2.4067943659665327	-0.9999987922168327	0.032774241454692724	0.09010367150576165	9393332.6	84549.9	22.39	22.517595153688035
-2.3172895996381753	-0.9999985892948847	0.03736733506039801	0.09854030766484165	8885015.6	277654.65	22.330000000000002	22.342589846991874
-2.3172895996381753	-0.9999986347397093	0.041035024260782725	0.09854030766484165	8885015.6	185415.325	22.384999999999998	22.428482755091725
-2.2481815822672573	-0.9999987395881583	0.02118274389021082	0.10559105874530485	9131052.0	99595.875	22.369999999999997	22.406194681055716
-2.2481815822672573	-0.9999987538408651	0.04512717798239453	0.10559105874530485	9131052.0	87442.125	22.395	22.518753500569165
