-1.6507068671845337	-0.9999981222165242	0.07091955426072946	0.19191420281119972	6140720.625	101817.15625	19.79	19.991459113208137
-1.6507068671845337	-0.9999980605513779	0.10397825860822575	0.19191420281119972	6140720.625	148688.0	19.935000000000002	19.95099406039574
-1.6507068671845337	-0.9999980333857789	0.11709923014748418	0.19191420281119972	6140720.625	175680.59375	19.89	19.8993952747519
-1.6507068671845337	-0.9999980289845197	0.1004911613642322	0.19191420281119972	6140720.625	180493.46875	19.915	19.924182441492523
-2.1888104928877565	-0.9999976816281794	0.06985393484635216	0.11204995359421577	5433177.2	295410.6	20.97	20.987467900600684
-2.1888104928877565	-0.999997867468636	0.08899246388220042	0.11204995359421577	5433177.2	107625.35	20.98	21.048751294319775
-1.4169808022670936	-0.9999982910383386	0.07730674250882053	0.24244490209713138	6819715.666666667	115222.91666666667	19.900000000000002	19.92240490557731
-1.4169808022670936	-0.9999982296628789	0.11172026505400458	0.24244490209713138	6819715.666666667	175113.58333333334	19.895000000000003	19.995441436924665
-2.104549394979388	-0.9999980284813318	0.04573782213456398	0.12190059091357452	5535085.9	54858.2	19.900000000000002	20.17002125554953
-2.104549394979388	-0.9999979413094704	0.08674207141446169	0.12190059091357452	5535085.9	88877.8	20.175	20.265434966613373
-2.104549394979388	-0.9999978944293078	0.0904258224885417	0.12190059091357452	5535085.9	115209.325	20.32	20.436505570243586
-2.104549394979388	-0.9999979124354669	0.05063133510891781	0.12190059091357452	5535085.9	104280.475	20.42	20.426776807620517
-2.006464677376713	-0.9999979878209294	0.049703272964355526	0.13446320617837199	5512741.0	65683.75	19.740000000000002	19.74327593625941
-2.006464677376713	-0.9999979365762569	0.08598659560157691	0.13446320617837199	5512741.0	87125.875	19.67	19.774691409076812
-2.006464677376713	-0.999997914778778	0.08409094780021915	0.13446320617837199	5512741.0	98250.375	19.85	19.971920338954142
-2.006464677376713	-0.9999979150156236	0.04823571413648212	0.13446320617837199	5512741.0	98122.175	20.03	20.059384297016422
-2.2267770704992436	-0.9999980861393136	0.053938680764268	0.10787554574956011	5814081.7	68004.4	20.990000000000002	21.011720614558474
-2.2267770704992436	-0.9999980935790436	0.05812331092342627	0.10787554574956011	5814081.7	65125.525	21.085	21.15245566511901
-2.2267770704992436	-0.9999979883229332	0.09242879300343691	0.10787554574956011	5814081.7	120095.975	21.130000000000003	21.173834549204564
-2.2267770704992436	-0.9999980014642296	0.05146162812780667	0.10787554574956011	5814081.7	111261.8	21.205	21.29551811631295
-1.9507062602313678	-0.9999981177339063	0.05076870554452823	0.1421736245428487	5900285.4	66562.2	19.62	19.703888147758114
-1.9507062602313678	-0.9999980843538251	0.08047151241513474	0.1421736245428487	5900285.4	81052.05	19.675	19.693209303786038
-2.1480147338067472	-0.9999979212543126	0.053791907853339795	0.11671563953440342	5359883.8	68997.175	20.69	20.965122927610324
-0.7607706884867529	-0.9999985643055912	0.0894113192110384	0.4673061407310483	8071563.666666667	107827.66666666667	19.32	19.34796698237306
-0.7607706884867529	-0.9999984810342157	0.11526005097169338	0.4673061407310483	8071563.666666667	211171.16666666666	19.32	19.364326669584884
-0.7607706884867529	-0.999998427374229	0.13688162195736925	0.4673061407310483	8071563.666666667	325639.4166666667	19.415	19.68537950121137
-0.7607706884867529	-0.9999984411692522	0.10881276064673759	0.4673061407310483	8071563.666666667	291326.0	19.87	19.91022056027716
-1.8195087215616779	-0.9999980708411913	0.06665052712528734	0.16210537024779223	5925066.4	92077.25	19.38	19.40993042952208
-1.8195087215616779	-0.9999980157367824	0.09753290699153927	0.16210537024779223	5925066.4	127629.075	19.405	19.466102823255852
-0.2742266935051074	-0.9999983546268058	0.09210944389233375	0.7601597324529312	7164099.5	131611.5	19.03	19.131248699083834
-0.2742266935051074	-0.9999982454080907	0.12542426227879366	0.7601597324529312	7164099.5	287813.375	19.23	19.305639635222544
-0.2742266935051074	-0.9999981984014307	0.1164555921504088	0.7601597324529312	7164099.5	403055.25	19.3	19.32697590354514
-1.0529218292778058	-0.9999983466149647	0.08220397763527591	0.3489167830210393	6921127.5	93272.25	19.82	19.824619488712397
