-1.2981709671299055	-0.9999984968469985	0.022244264642542512	0.27303071877832014	7231346.4	52564.75	26.09	26.492357841025445
-1.2981709671299055	-0.9999985356252421	0.028427781678485232	0.27303071877832014	7231346.4	39710.7	26.85	27.244936965299395
-1.2981709671299055	-0.9999985450959352	0.024659937119306665	0.27303071877832014	7231346.4	37082.05	27.38	27.597457721442833
-1.2981709671299055	-0.9999984339762128	0.04167234813473587	0.27303071877832014	7231346.4	82821.95	27.910000000000004	28.24031713690435
-1.088065565173296	-0.9999985735184506	-0.0019763585857739984	0.33686751207476257	5836952.5	-4130.125	26.96	27.035055874733114
-1.955340128073563	-0.9999989396021081	-0.0036307744589554776	0.1415163348290551	8730904.3	-10489.575	27.38	27.599484683520945
-1.955340128073563	-0.9999987596614673	0.02789109850023224	0.1415163348290551	8730904.3	50476.2	27.75	27.849881293595548
-1.4629111430725992	-0.9999986223358077	0.018163497539571638	0.23156118482579	7907418.5	53838.75	28.55	28.680802129675904
-2.1789932754197383	-0.9999988038562604	-0.016936913855735754	0.11315538963064178	9038306.6	-49567.65	26.8	27.25508192102805
-2.1789932754197383	-0.9999986562137747	0.03066012629922173	0.11315538963064178	9038306.6	188253.85	27.450000000000003	27.73532691725342
-2.2242164836929272	-0.999998765915887	-0.018436797901836145	0.10815212439943343	8740096.0	-48338.95	28.03	28.356195889388506
-1.8008708280766443	-0.9999988032494348	0.005201422554859722	0.16515500396700217	8575320.666666666	28637.86111111111	27.75	27.750346683865775
-1.8008708280766443	-0.9999987647446101	0.02618685186252221	0.16515500396700217	8575320.666666666	39842.36111111111	27.875	28.00404551717539
-1.8008708280766443	-0.9999986464228936	0.04714330216747073	0.16515500396700217	8575320.666666666	109902.47222222222	27.985	28.01769367824566
