-2.1594594812376013	-0.9999979235069457	0.03508639787812317	0.11538747327951963	5331274.7	64237.3	25.46	25.477596042561135
-1.7837435519690694	-0.9999982978350503	0.03145604089957882	0.16800802178995702	6519345.666666667	65972.05555555556	25.51	25.83659036222965
-1.7837435519690694	-0.9999980989888672	0.054188214843045666	0.16800802178995702	6519345.666666667	241191.02777777778	25.93	25.934211821466338
-1.2887692927717358	-0.9999984574151184	0.010875125191616514	0.27560976938588644	6424274.6	20129.45	24.1	24.22608283107782
-1.2887692927717358	-0.9999981581016721	0.03895184921279009	0.27560976938588644	6424274.6	137702.85	24.355	24.41079833709433
-1.2887692927717358	-0.9999982308305957	0.07724046197373088	0.27560976938588644	6424274.6	86302.9	24.315	24.37638472955686
-1.2887692927717358	-0.9999981583634653	0.07422616783090068	0.27560976938588644	6424274.6	137471.45	24.45	24.555960187929564
-2.111143965197905	-0.9999980106634451	0.03334551291530839	0.12109935371829454	5532828.6	60273.125	24.75	24.946082368017294
-2.111143965197905	-0.999997990507675	0.061745074586875934	0.12109935371829454	5532828.6	67383.925	24.98	25.034549081114253
-2.111143965197905	-0.999997804861574	0.07086248881449478	0.12109935371829454	5532828.6	188211.075	25.195	25.252425292692088
-1.5808124658983145	-0.9999983566344116	0.029223793954101684	0.20580781842544987	6716071.428571428	62127.53571428572	25.3	25.54947458148668
-1.5808124658983145	-0.9999983836489081	0.032148407501337184	0.20580781842544987	6716071.428571428	51818.892857142855	25.435000000000002	25.488073155448042
-1.5808124658983145	-0.9999981748490608	0.06996406562997991	0.20580781842544987	6716071.428571428	210626.0	25.55	25.612599503734565
-1.6903483614944954	-0.9999983110243782	0.026450945355444268	0.1844552556907984	6473829.0	56056.84375	25.71	25.848732110670685
-2.4151581869953	-0.9999980162208374	0.03699417612379604	0.08935320328899735	5500108.7	54774.65	25.41	25.66153778920152
-2.4151581869953	-0.9999979936103947	0.07218983175435621	0.08935320328899735	5500108.7	62028.225	25.64	25.72333291070292
-2.4151581869953	-0.9999980438841558	0.042252964199673046	0.08935320328899735	5500108.7	47043.525	25.85	25.859848857750034
-2.4151581869953	-0.9999978462886764	0.06723522755933388	0.08935320328899735	5500108.7	139474.8	25.86	25.949166091874236
-1.4501581777554091	-0.9999983268456882	0.030174569559054187	0.23453318722648464	6586007.5	61046.458333333336	24.73	24.884196801213935
-1.4501581777554091	-0.9999983783658503	0.025442814036634436	0.23453318722648464	6586007.5	43480.666666666664	24.990000000000002	25.094698832407513
-1.4501581777554091	-0.9999982615282476	0.0765079332302305	0.23453318722648464	6586007.5	93861.66666666667	25.25	25.317384030191096
-2.2037451779740853	-0.9999975701861067	0.04665041791259466	0.11038895692736639	5094462.4	237658.8	25.26	25.281566975672575
-2.283448678104698	-0.9999979079607457	0.031762685619504884	0.10193206896526469	5102646.0	43256.925	24.91	24.982025785163607
-2.283448678104698	-0.999997870619085	0.056352930307799254	0.10193206896526469	5102646.0	52336.95	24.990000000000002	25.06890121010531
