-1.897817749037438	-0.9999982107802492	0.06193661530403871	0.14989537188438576	6493749.2	111161.05	14.780000000000001	15.027731817750253
-1.897817749037438	-0.999998575469503	0.00959425890629656	0.14989537188438576	6493749.2	10409.225	15.275	15.3800366419
-1.897817749037438	-0.999998342783005	0.05526072733458263	0.14989537188438576	6493749.2	47170.8	15.455	15.484194782803344
-2.0467490379006326	-0.9999985245175201	0.054991699384639436	0.12915409690182617	7808937.6	100905.6	14.69	14.756137618740201
-2.0467490379006326	-0.9999985355459141	0.03427790296507534	0.12915409690182617	7808937.6	92579.2	14.835	14.860457448624503
-2.0467490379006326	-0.9999986449565953	0.04478923312364859	0.12915409690182617	7808937.6	39396.175	14.86	14.865211267605634
-2.0467490379006326	-0.9999986445825283	0.031266496715790994	0.12915409690182617	7808937.6	39511.425	14.875	15.02126109022323
-1.5123467262916281	-0.9999977677542256	0.014176385540178096	0.2203921705198199	4545341.285714285	25496.071428571428	14.950000000000001	15.002762702484782
-1.9522053489688052	-0.9999983860137733	0.061766164975398274	0.14196065333478916	7212907.3	113723.375	15.26	15.314827901696477
-2.195226467900914	-0.9999990199556489	0.0543715367766049	0.11133334522068705	12283932.9	169192.625	13.99	14.1822485213933
-2.001524711583394	-0.9999985016451439	0.059591122577463115	0.13512909319273905	7789345.9	117148.275	15.0	15.044919941849539
-2.001524711583394	-0.9999987369341359	0.014772696009187876	0.13512909319273905	7789345.9	18739.775	15.085	15.136217321758467
-1.2383757136648732	-0.999997715543119	0.012023310419242393	0.289854642718694	4378592.6	22085.15	15.44	15.508852878193201
-2.1626156711327678	-0.9999989805614228	0.037976017553848405	0.11502386261631982	11784599.6	164994.825	13.72	13.766572678418854
-2.1626156711327678	-0.9999990587617973	0.054845894177513455	0.11502386261631982	11784599.6	65650.475	13.92	14.015280810878396
-1.8390215186551662	-0.999998097788076	0.021124317906714346	0.15897290204835027	5522767.2	36513.825	14.120000000000001	14.263532963277173
-1.8390215186551662	-0.9999983751505852	0.007559904397058953	0.15897290204835027	5522767.2	7891.475	14.31	14.380725859456122
-1.8390215186551662	-0.9999981414090223	0.037230429195952985	0.15897290204835027	5522767.2	28696.5	14.295000000000002	14.438673842271296
-1.8390215186551662	-0.9999982494991712	0.016877828392722345	0.15897290204835027	5522767.2	15796.525	14.594999999999999	14.62170047216698
-2.088324429476469	-0.9999985522180593	0.060669474500405315	0.12389455606146556	8040259.3	113610.75	15.14	15.242860538845013
-1.0362137796590973	-0.999997245690572	-0.016494655127105774	0.35479547593416944	3687626.5	-25766.375	15.96	16.04425521009987
