-2.183097754806428	-0.9999992568302777	-0.008614173320461466	0.11269189751402377	14383488.1	-43885.975	20.34	20.599911376996165
-2.183097754806428	-0.9999992643072333	0.011412517488232056	0.11269189751402377	14383488.1	39411.1	20.715	20.850545862526904
-1.686787225896546	-0.9999988632178399	0.0286965745514445	0.18511329685956066	10193058.25	107718.59375	24.2	24.396018684300486
-1.686787225896546	-0.9999988227792899	0.075835243755048	0.18511329685956066	10193058.25	162669.0625	24.43	24.539146716599895
-1.284747877468007	-0.9999987847654952	0.05610316315950663	0.2767203422710889	10083816.8	209860.3	24.0	24.347072782988256
-1.284747877468007	-0.9999987755795953	0.10167777741857811	0.2767203422710889	10083816.8	230228.3	24.39	24.508613848313185
-1.284747877468007	-0.9999989541289083	0.020738599500374554	0.2767203422710889	10083816.8	38038.2	24.57	24.623664178857474
-1.284747877468007	-0.999998849483622	0.047239800248599806	0.2767203422710889	10083816.8	109271.1	24.645000000000003	24.778888459546554
-2.0455961264952567	-0.9999994790562009	0.00040480141389879836	0.12930308600230872	14838767.3	2274.975	20.59	20.642137874782815
-2.0455961264952567	-0.9999992246261153	0.02173942369954673	0.12930308600230872	14838767.3	99268.4	20.75	20.752741072996923
-2.0455961264952567	-0.9999994593330341	-0.0011323598188461995	0.12930308600230872	14838767.3	-3048.8	20.75	20.762727308414
-2.0455961264952567	-0.9999992297559389	0.027605724602360056	0.12930308600230872	14838767.3	91992.425	20.725	20.728237647108056
-2.095390692912376	-0.9999994178798428	-0.000979600429703757	0.12302217037360418	14752537.6	-5364.525	20.7	20.842961219935532
-0.2836303075641498	-0.9999986331539723	0.07501102380836626	0.7530449882882927	9001941.0	220634.5	23.990000000000002	24.223407202200857
-0.2836303075641498	-0.9999986177789594	0.10254277071255856	0.7530449882882927	9001941.0	253385.75	24.285	24.424457806318248
-1.446796092701813	-0.9999987769480534	0.049545429927183346	0.23532303477313568	9952912.666666666	193478.95833333334	24.650000000000002	25.014921063692473
-1.446796092701813	-0.9999987707201927	0.09341947013338753	0.23532303477313568	9952912.666666666	205851.375	24.985	24.99673811021591
-1.7793486187803749	-0.9999988097715523	0.03423870028713553	0.16874803077477946	9863425.888888888	125457.47222222222	24.55	24.564403331056184
-2.2222876114549837	-0.9999993186857833	0.0022760121863222935	0.10836093735167382	13682944.7	11184.625	20.900000000000002	21.10405233201577
-2.2222876114549837	-0.9999991728273687	0.011111989462305953	0.10836093735167382	13682944.7	82301.55	21.185000000000002	21.225013868324712
-2.2222876114549837	-0.9999992220084069	0.017391468848915	0.10836093735167382	13682944.7	41990.225	21.195	21.251979660800984
-2.2222876114549837	-0.9999992008851849	0.017515836603048646	0.10836093735167382	13682944.7	56062.7	21.25	21.292182668929115
-0.7782763160340868	-0.9999986127251053	0.06468082967048752	0.4591968397701594	8780823.0	195127.83333333334	24.0	24.244895678708737
-0.7782763160340868	-0.9999985987300329	0.0927218669673687	0.4591968397701594	8780823.0	220642.5	23.995	24.04099610342316
-2.29366394799674	-0.9999994883691515	-0.00020170076008346673	0.10089610570100001	13429276.1	-962.75	20.77	20.96686051140002
-1.0751359321561975	-0.9999986858648563	0.06585149290522928	0.3412513651142407	9402593.25	232413.625	24.490000000000002	24.618676907896035
