-1.6826848102397158	-0.9999952315545033	0.03279440361579531	0.1858742683903956	2102856.125	22636.3125	23.71	23.71340166021029
-1.6826848102397158	-0.9999951324715852	0.04308348258368193	0.1858742683903956	2102856.125	27880.3125	23.549999999999997	23.59601223125907
-1.4440319109581625	-0.999995419460776	0.02933736216541823	0.23597441025507673	2284670.0	35066.166666666664	23.990000000000002	24.15518427205756
-2.139404986917356	-0.9999948272202844	0.017625830701567435	0.11772487002403881	1805403.7	11371.525	21.400000000000002	21.668633987157936
-1.9246206419734073	-0.9999956104234382	0.0229271084556089	0.14593110649347688	2200410.0	15659.05	22.35	22.417747067797954
-2.2597974560655776	-0.9999932866840031	0.01889873831519782	0.10437162245309022	1530128.6	28917.5	21.97	22.065337862489894
-2.1824011596031374	-0.9999941853714682	0.027968969168502927	0.11277042549721454	1664939.5	16009.575	21.86	22.044974521544717
-2.2948705154470956	-0.999992901539228	0.040159755606816235	0.10077444115699291	1392107.9	19570.375	22.2	22.228104373421175
-2.2948705154470956	-0.9999938248695404	0.010868718160484415	0.10077444115699291	1392107.9	5411.4	22.215	22.229608845386988
-2.2948705154470956	-0.9999933148597128	0.037350278575161	0.10077444115699291	1392107.9	11007.65	22.215	22.265549651278643
-1.5743048096503232	-0.9999953833119436	0.03473843732926821	0.20715151236798143	2182989.5714285714	23816.64285714286	23.98	23.98934767962406
-0.7762776041232679	-0.9999926485696212	0.07152723381179053	0.4601155597856917	1428627.6666666667	36403.833333333336	23.48	23.512817579758025
-0.7762776041232679	-0.9999925243447466	0.09491756772197546	0.4601155597856917	1428627.6666666667	43473.416666666664	23.64	23.66938831283659
-1.8546100969992805	-0.999995309305042	0.026922340455877634	0.1565139560406493	2085798.6	17743.75	22.7	22.708192903928698
-0.28302230587604427	-0.9999921049204454	0.06772285374585198	0.7535029801281886	1329735.0	36255.125	23.3	23.470704595033997
-2.0929517308084375	-0.9999957463627548	0.0072950369073558	0.12332258298365745	2174675.8	10406.5	21.47	21.510570263659076
-2.0929517308084375	-0.9999963645858516	-0.0033142299624181154	0.12332258298365745	2174675.8	-2712.1	21.410000000000004	21.700548314932774
