-1.7648477242966796	-0.9999979880208115	0.00578932607034493	0.17121285605808295	4665160.555555556	11921.777777777777	22.92	23.5840232524256
-1.432931409835559	-0.9999960463651302	0.04314194991305132	0.23860843692174882	2602063.0	29365.416666666668	21.66	21.680251448178556
-1.432931409835559	-0.9999951364199492	0.18651852050213188	0.23860843692174882	2602063.0	313432.25	21.865000000000002	23.429400818589023
-1.9159262943866218	-0.9999974260401766	0.05374751829276046	0.14720541386542466	4844648.8	260387.85	22.68	22.733085195906444
-2.13603341093676	-0.9999979273510095	0.04655139945099284	0.11812245824093899	6054638.6	281851.9	22.580000000000002	22.61031046200584
-1.9791841743416512	-0.9999980173065246	0.013643808967782122	0.1381819236972923	5266036.7	34231.7	23.0	23.4177034665375
-0.7713836164142559	-0.9999915138999868	0.036338053523442264	0.4623728788203728	1206358.0	27923.916666666668	21.93	21.933122797136598
-0.7713836164142559	-0.9999915408159328	0.06252674504941907	0.4623728788203728	1206358.0	27031.75	21.950000000000003	22.008926431448746
-0.7713836164142559	-0.9999913825167936	0.13394266758909407	0.4623728788203728	1206358.0	32719.916666666668	22.020000000000003	22.118902838540414
-2.2581770973250332	-0.9999972446041614	0.03571143082601224	0.10454087901493875	4120361.3	85239.025	21.8	22.127472390407327
-2.2581770973250332	-0.9999977160621366	0.014106840076136844	0.10454087901493875	4120361.3	12216.8	22.165	22.224413755721148
-2.180124569083683	-0.9999980914586748	0.009499645284224402	0.11302745003758194	5395503.8	29658.625	22.8	22.845588202763498
-2.0884441722318603	-0.9999981911511965	0.013827556029624212	0.12387972147412973	5867333.6	40663.85	22.88	23.25948025604991
