-1.9988537250485277	-0.9999964503654645	0.038607721191273155	0.13549050362746426	3052960.9	50862.225	24.830000000000002	24.940837967300713
-1.7835850224875542	-0.9999966035011231	0.022553396713905688	0.1680346581258082	3042948.4444444445	30802.11111111111	24.490000000000002	24.606767923456683
-1.9349290194110995	-0.9999964924163917	0.03344113386880514	0.14443452050702552	3103953.3	53495.725	24.88	24.930933999899136
-1.86361084771216	-0.9999966428229223	0.027718988264343346	0.15511153383349766	3132136.0	36868.325	24.13	24.49067661110742
-1.86361084771216	-0.9999965574939154	0.05467291003277801	0.15511153383349766	3132136.0	48164.45	24.545	24.602468865774707
-1.86361084771216	-0.9999965565604787	0.07215028590231182	0.15511153383349766	3132136.0	48305.475	24.645000000000003	24.80673955465968
-2.2783095990511826	-0.9999964206304731	0.01856160380914984	0.10245725425427399	2795258.2	22141.675	23.900000000000002	24.136843604098562
-2.2783095990511826	-0.9999961983643226	0.051283843604393246	0.10245725425427399	2795258.2	41213.825	24.21	24.315723785662364
-2.2783095990511826	-0.9999960612686247	0.09366818119567233	0.10245725425427399	2795258.2	60461.05	24.285	24.34104653389506
-1.5827078470812508	-0.9999968957616487	0.01731660161416738	0.20541810360484394	3264203.5714285714	25155.35714285714	24.05	24.345716155476577
-1.5827078470812508	-0.999996704476194	0.050276367159574696	0.20541810360484394	3264203.5714285714	46968.82142857143	24.345	24.40669300194344
-1.5827078470812508	-0.9999968892772715	0.04381759764246027	0.20541810360484394	3264203.5714285714	25693.5	24.46	24.493649043740927
