-2.4060205128874923	-0.9999930122478687	0.018816117093363605	0.09017342549557819	1345424.9	12105.475	21.19	21.271127648768374
-2.4060205128874923	-0.999992999329995	0.034957278686226306	0.09017342549557819	1345424.9	12317.725	21.315	21.39383170767215
-2.082147966058749	-0.9999939537471346	0.02849388542961539	0.12466215433572601	1658770.1	22681.375	21.92	22.442165632107617
-0.7699948818429029	-0.999993676238048	0.049148052096233984	0.4630154380909141	1652113.3333333333	34459.583333333336	21.76	22.013207331820865
-0.7699948818429029	-0.9999933618690624	0.10488352779568297	0.4630154380909141	1652113.3333333333	57926.333333333336	21.745	21.793820809958397
-1.66918121296326	-0.999992899563662	0.06461310466535211	0.18840126301458776	1628620.375	105230.21875	22.19	22.220900852217945
-2.349395734994928	-0.9999936073296948	0.009432376225302496	0.09542680787771361	1368668.6	6306.2	20.73	21.061034858897496
-1.9114213399030546	-0.999993982565757	0.036149354169940494	0.14787006353881907	1705343.3	28617.0	22.080000000000002	22.32396934176186
-1.9114213399030546	-0.9999938002073623	0.07881342866736839	0.14787006353881907	1705343.3	39055.9	22.160000000000004	22.18558594877266
-1.272430022820295	-0.9999938784261114	0.06312791743394287	0.28015002301447717	1777213.0	53067.6	22.01	22.51837249253717
-1.064231242648231	-0.9999931239723077	0.05952340484867867	0.34499296873102986	1551284.5	42901.0625	21.900000000000002	22.00684850094156
-2.030850497677639	-0.9999935332697022	0.03017268471916309	0.1312238680798329	1551080.4	22705.775	21.8	22.086179512368037
-2.030850497677639	-0.9999934609057424	0.05930528724093453	0.1312238680798329	1551080.4	25402.975	21.91	22.02630865982938
-2.214394113001842	-0.9999938542959506	0.01586682651194953	0.1092196689826733	1523299.4	11633.7	21.78	21.802927804205076
-1.7610251596228121	-0.999993998663182	0.03883699687883178	0.17186858074993008	1729380.0	32162.63888888889	22.56	22.71301585317742
-1.840970217068958	-0.9999938968830494	0.038437128126258206	0.15866341345419738	1691952.8	30520.475	22.29	22.30506590509666
-0.27879962396597274	-0.999994091468828	0.030363514365119304	0.7566915108692	1646061.0	16743.125	21.14	21.366789191337176
-0.27879962396597274	-0.9999932475238882	0.10154046803985164	0.7566915108692	1646061.0	67169.375	21.485	21.641833457166904
-2.3783941162908313	-0.9999931156176767	0.015270238401476515	0.09269932237655402	1337651.5	9984.65	21.0	21.05963711529628
-2.3783941162908313	-0.999992515643721	0.03883821875898857	0.09269932237655402	1337651.5	22279.35	21.150000000000002	21.153115430557065
