-2.1715180622776336	-0.9999950280866354	0.06419515645584496	0.114004419673012	2231182.8	65724.85	22.0	22.438871992801488
-2.1715180622776336	-0.9999951501364575	0.07456719225129745	0.114004419673012	2231182.8	50056.725	22.82	22.904177334799282
-1.6671883190687093	-0.9999929609269742	0.04360154792474234	0.18877710111971693	1452772.875	27615.65625	21.6	21.79977913681686
-1.2716029512742197	-0.9999923088756727	0.050273294132930725	0.28038182297150566	1456379.6	73217.0	21.77	21.822899291677448
-1.8377376376844878	-0.9999934784800285	0.048864106001772684	0.15917713540975278	1608931.8	36049.675	21.88	22.16255477110029
-2.080520706422687	-0.9999946262421241	0.05507790250214199	0.12486517716825143	2018988.8	51510.325	22.330000000000002	22.494342686188023
-2.080520706422687	-0.9999947987297574	0.06168488471609276	0.12486517716825143	2018988.8	36361.975	22.28	22.370536958037082
-0.27949265081908514	-0.9999903304348866	0.0634955456542076	0.7561672850049275	1119700.0	50362.0	21.31	21.43893734334621
-1.7583948565444592	-0.9999928569494301	0.04777326486901424	0.1723212422644583	1443784.7777777778	30121.5	21.61	21.813860053021937
-1.7583948565444592	-0.9999930142735604	0.05377818464098581	0.1723212422644583	1443784.7777777778	24000.833333333332	21.805	21.830860162202015
-1.97111181845899	-0.9999944194829926	0.05950763249435448	0.13930189167026225	1949609.1	53093.4	21.87	22.16922833055893
-1.97111181845899	-0.9999946148455595	0.06353600401292009	0.13930189167026225	1949609.1	36276.25	22.35	22.405875355190872
-1.97111181845899	-0.9999948149511636	0.0758837870784234	0.13930189167026225	1949609.1	24557.625	22.43	22.499790266619666
-2.2126268427011255	-0.9999949758816196	0.06466284655714849	0.10941286032029522	2315238.1	112647.8	22.85	22.862492134033538
-2.2126268427011255	-0.9999952602438906	0.0824381790081528	0.10941286032029522	2315238.1	58316.875	22.840000000000003	22.972363113080238
-2.2126268427011255	-0.9999954920413255	0.09107228089593834	0.10941286032029522	2315238.1	34097.125	22.995	23.003409567721114
-0.7694591329200846	-0.9999922246027289	0.05243828153664754	0.46326356457393275	1323429.3333333333	29441.333333333332	21.2	21.291821118859573
-2.286685291877467	-0.9999956306190092	0.05350257584258175	0.10160268755471072	2519680.4	60441.25	22.61	22.93458398150771
-2.286685291877467	-0.9999956279012302	0.08295563177894773	0.10160268755471072	2519680.4	60856.575	22.865000000000002	22.974325700815207
-2.286685291877467	-0.9999957739675014	0.09321840611943757	0.10160268755471072	2519680.4	42117.875	22.995	23.043875880320517
-1.063467213979657	-0.9999926589089019	0.057436754389670594	0.34525665396831023	1429233.25	36029.875	21.59	21.82495360334803
-1.9085848105639673	-0.9999938793433764	0.05592642541755232	0.148290096749053	1756023.6	46536.675	22.28	22.360286694700793
