-2.2504121063481004	-0.9999971683305567	0.025814490365156366	0.10535579782116984	3823807.5	50399.625	26.6	27.203618289095143
-2.2504121063481004	-0.9999970603834901	0.04895605501526813	0.10535579782116984	3823807.5	76154.125	27.17	27.18341829637161
-1.689869806272663	-0.9999971488366786	0.007212379835246839	0.1845435488414927	3252865.25	10661.09375	25.900000000000002	25.98409539925569
-1.448019053609498	-0.9999963617311582	0.020897665410738387	0.23503541980770712	2977144.1666666665	50596.166666666664	24.21	25.13236822210422
-1.448019053609498	-0.9999963541871478	0.050699287567009	0.23503541980770712	2977144.1666666665	51745.416666666664	25.11	25.409626508455307
-1.448019053609498	-0.9999967875105454	0.03138347451869295	0.23503541980770712	2977144.1666666665	14242.333333333334	25.995	26.094040666493036
-2.163778738970919	-0.9999972692293141	0.02215148307377149	0.11489015982886872	4103237.7	73496.1	25.85	25.941738240530107
-2.163778738970919	-0.99999743483435	0.03279535662252825	0.11489015982886872	4103237.7	37251.875	25.865000000000002	26.100323683812196
-2.163778738970919	-0.9999972777711755	0.11051522598368545	0.11489015982886872	4103237.7	70964.7	26.57	26.668731938338702
-1.7833927748489253	-0.9999971063117875	0.011505736026317477	0.1680669654974491	3381830.777777778	17781.38888888889	25.94	26.162591474871675
-1.7833927748489253	-0.9999969067298996	0.033597785751050394	0.1680669654974491	3381830.777777778	34922.52777777778	26.02	26.03821567106284
-1.7833927748489253	-0.9999967757077238	0.09002500000517213	0.1680669654974491	3381830.777777778	54393.09375	26.305	26.618192059931
-2.0624301731996115	-0.999997183444237	0.02415112829678574	0.12714461072343153	3807777.6	45469.45	26.400000000000002	26.428321966293783
-2.0624301731996115	-0.9999971321773686	0.05329198005910071	0.12714461072343153	3807777.6	55271.5	26.665	26.77012770171821
-1.2877495442034268	-0.9999967131944726	0.003967164295202824	0.2758909654038803	2574689.8	4732.9	24.09	24.090330748360916
-1.2877495442034268	-0.9999960765446743	0.03095561288887569	0.2758909654038803	2574689.8	24382.95	24.205	24.228303597399552
-0.286788482467066	-0.9999967313081913	0.011218425630668764	0.7506704920163957	2988488.5	17472.625	25.19	25.453551303396033
-1.8654381975210077	-0.9999972034482943	0.022279526321029447	0.15482834961890798	3814392.0	42921.2	26.78	27.272443618568577
-1.8654381975210077	-0.9999972352748998	0.03686998672599588	0.15482834961890798	3814392.0	38014.35	27.26	27.51623836619701
-1.8654381975210077	-0.9999971462928829	0.08503918058437285	0.15482834961890798	3814392.0	53377.194444444445	27.384999999999998	27.46826589822195
-2.1158426984994483	-0.999997347582236	0.021342212912811347	0.12053167488234703	4012640.6	41905.625	26.71	26.929907681786307
-2.3603489363553667	-0.9999965701789724	0.013057146596365529	0.09438728229522059	2904619.4	21211.05	26.86	26.954514239057655
-2.452009727020445	-0.999996638040328	0.01326707904875266	0.08612033410021944	2892449.8	16717.975	26.26	26.455484721849103
-2.478937725357162	-0.9999963121660882	0.016200448934909458	0.08383223116306279	2676597.8	19356.75	25.580000000000002	25.811963424196065
-2.478937725357162	-0.9999963330098016	0.02281460774978938	0.08383223116306279	2676597.8	18306.35	26.05	26.0991547401372
