-2.119796100169662	-0.9999949169312817	0.046732098580123206	0.12005610543548101	2068129.1	36769.175	21.585	21.605847968441815
-2.119796100169662	-0.9999947436183821	0.08338959169582197	0.12005610543548101	2068129.1	52620.275	21.5	21.51340071398602
-2.119796100169662	-0.9999947693584486	0.10168712544217288	0.12005610543548101	2068129.1	49892.3	21.5	21.506692004546426
-1.267371721781825	-0.9999965665509014	-0.000380152707113899	0.2815706962340704	1608720.2	-249.5	20.88	20.92209584818703
-2.072346063355961	-0.9999947322220362	0.046058993959958966	0.12589008885923716	1987286.9	35191.425	21.5	21.52410411940531
-0.7675418391274106	-0.9999953218996829	0.004461988129469234	0.4641526289571228	1824108.3333333333	5080.5	20.25	20.362354365749916
-0.7675418391274106	-0.9999946195072337	0.02735018036152022	0.4641526289571228	1824108.3333333333	18298.0	20.43	20.52571505278284
-1.9638597370356234	-0.9999948300009939	0.02869810716010462	0.14031579233252028	1933534.4	21945.675	21.31	21.40412377218684
-1.9638597370356234	-0.9999943883759159	0.08604239510015305	0.14031579233252028	1933534.4	51546.975	21.455	21.516492908807336
-1.9638597370356234	-0.999994481896134	0.09770633137935812	0.14031579233252028	1933534.4	43020.0	21.46	21.47050149108393
-1.831045930899246	-0.9999950107100594	0.01366669966706521	0.16024587398132645	1843425.5	9870.275	20.54	20.767985538793194
-1.831045930899246	-0.9999942937576883	0.06252208661127362	0.16024587398132645	1843425.5	37012.3	20.955	20.9791317386016
-1.831045930899246	-0.9999945661687376	0.057563728558843875	0.16024587398132645	1843425.5	22400.05	21.035	21.127663073026
-1.0602232499133708	-0.9999951615075453	-0.006762903979700855	0.3463784727335415	1754535.75	-4861.5	20.84	20.960387070084344
-1.0602232499133708	-0.9999942731063564	0.03978426709992576	0.3463784727335415	1754535.75	23109.4375	20.835	20.914913035920286
-2.371903783736338	-0.9999941005285932	0.04809463687907476	0.09330292848967892	1754741.9	31320.175	21.41	21.659382598988888
-1.42608536384747	-0.9999945483246694	0.018452858142514985	0.24024756562737815	1728510.0	12372.041666666666	20.98	21.132879703843212
-1.42608536384747	-0.9999939174988602	0.062156641047207695	0.24024756562737815	1728510.0	36814.125	21.310000000000002	21.341527669516122
-1.42608536384747	-0.9999943438144147	0.05437825389387027	0.24024756562737815	1728510.0	17618.708333333332	21.355	21.35757658405867
-2.020643839842433	-0.999994738874067	0.044333809044284446	0.13257008369530482	1989861.0	35202.8	21.490000000000002	21.51837960720925
-2.020643839842433	-0.999994540425581	0.08887012420636108	0.13257008369530482	1989861.0	52248.95	21.400000000000002	21.43113455125722
-2.020643839842433	-0.9999945837796814	0.1025930495411603	0.13257008369530482	1989861.0	47930.375	21.490000000000002	21.528296567659574
-2.1633861092038718	-0.9999943321638756	0.07247098039020153	0.11493527798234382	2105860.5	152613.775	21.575000000000003	21.693351541885402
-2.242101378929025	-0.99999497129032	0.056027020221936466	0.10623502960615931	2106498.6	39852.675	21.28	21.446401483283157
-2.242101378929025	-0.999994850214557	0.0731681848212614	0.10623502960615931	2106498.6	51431.0	21.325000000000003	21.533015635275262
-2.242101378929025	-0.9999947999314276	0.10696804431698896	0.10623502960615931	2106498.6	57177.725	21.685000000000002	21.695090451823685
