-1.5643691293759472	-0.9999938754247155	0.06383709528666558	0.20921996227566556	1912367.7142857143	122080.0	22.34	22.384622951720242
-1.275580242267378	-0.9999943416979364	0.06053082867142517	0.2792688775932955	1910676.8	49571.25	22.0	22.213742368454515
-1.0677544325542179	-0.9999945755423029	0.04862363836668807	0.3437796316495216	1959245.75	41267.125	21.98	22.172857039456705
-1.0677544325542179	-0.9999945674638497	0.07494887269658984	0.3437796316495216	1959245.75	41925.5	22.05	22.10219794112335
-2.2508283824649333	-0.999996177349227	0.008637426334830157	0.10531194984583268	2402082.9	9722.725	20.23	20.400442879452793
-1.9136838737564892	-0.9999949083330426	0.050553443956813694	0.1475358807066969	2106092.1	45410.45	22.38	22.821697525197578
-1.9136838737564892	-0.9999946589234635	0.07348153857283994	0.1475358807066969	2106092.1	76786.65	22.825000000000003	22.846926449265602
-2.2143390501013083	-0.9999961390963106	0.009265117964828769	0.10922568310001869	2393657.0	10317.35	20.51	20.5667704275011
-2.284965708766602	-0.9999959114516536	0.013021540126111092	0.1017775521242394	2338936.0	14225.375	20.2	20.527440304484884
-2.284965708766602	-0.999996148105659	0.013419375937464771	0.1017775521242394	2338936.0	8178.075	20.520000000000003	20.53660962739929
-2.3475748436338515	-0.9999956009647576	-0.0047815154665082965	0.09560072802458493	1894354.1	-4159.25	20.29	20.48529589194024
-2.3475748436338515	-0.9999953494698489	0.01261983497233085	0.09560072802458493	1894354.1	6698.25	20.509999999999998	20.574209952495913
-2.3475748436338515	-0.9999952614843609	0.024925538053708358	0.09560072802458493	1894354.1	7913.3	20.51	20.592305320007576
-1.8434288447422968	-0.9999943836304678	0.049285426990568613	0.158273798350634	1878692.4	38231.1	22.1	22.198516787080322
-1.8434288447422968	-0.9999940702853285	0.07114934775501393	0.158273798350634	1878692.4	68878.225	22.325	22.333376612532877
-2.4040239933132677	-0.9999954675717567	0.0019571553630434012	0.09035363834403265	1620496.4	1547.1	20.57	20.683837333333333
-2.317206671024037	-0.9999966432354541	0.0015290599854275242	0.09854847981484093	2260497.1	1973.275	20.41	20.424744952054343
-2.317206671024037	-0.9999961440971801	0.010269785789537657	0.09854847981484093	2260497.1	6100.3	20.44	20.519756084285543
-1.672022563499919	-0.9999943970699711	0.05706114713943714	0.18786670877243877	1912424.75	45033.40625	22.56	22.608473654090794
-0.28133936563819223	-0.999994955327528	0.05820623074624267	0.7547721482803096	2171343.5	57165.125	22.28	22.305383708755667
-0.28133936563819223	-0.9999948956798685	0.09770229496480114	0.7547721482803096	2171343.5	65069.875	22.310000000000002	22.32319519748115
-2.3763988810076397	-0.99999589166434	0.0014463938292364436	0.09288446397439167	1724797.7	1194.175	20.6	20.77138958978808
-2.3763988810076397	-0.9999946369695143	0.02162161993676252	0.09288446397439167	1724797.7	10405.05	20.650000000000002	20.70153821857233
-2.3763988810076397	-0.999994449296592	0.050057636125320985	0.09288446397439167	1724797.7	14382.55	20.759999999999998	20.819133544231484
