-0.7766567436684879	-0.99999793003525	0.04927045808985374	0.45994114484749526	5697122.666666667	132301.08333333334	24.71	24.792390733421733
-0.7766567436684879	-0.9999978924799529	0.09194318593286631	0.45994114484749526	5697122.666666667	163864.33333333334	24.755000000000003	24.911852800282148
-1.0750394267036598	-0.9999978163431413	0.041366896710638625	0.3412842993207999	5285263.5	102867.0	25.05	25.069721725621587
-1.0750394267036598	-0.9999977628618386	0.08495243161207751	0.3412842993207999	5285263.5	136469.625	25.020000000000003	25.062040821433342
-1.579022351218028	-0.9999977314785053	0.05825616505780607	0.20617656797605124	5234554.714285715	143586.5	24.72	25.61249178481504
-1.579022351218028	-0.9999977575385555	0.07744013846636141	0.20617656797605124	5234554.714285715	125276.57142857143	26.165	26.404653399082093
-1.579022351218028	-0.9999978804065766	0.08060788587417017	0.20617656797605124	5234554.714285715	65848.54166666667	26.265	26.504966140584084
-2.106690174844408	-0.9999976905626413	0.01500390837380018	0.12163990771524169	4495227.1	32254.55	24.0	24.086582135803422
-2.106690174844408	-0.9999975734483187	0.027447199486011226	0.12163990771524169	4495227.1	54605.1	23.625	23.751977883664484
-2.1540577105096026	-0.9999978301763701	0.011839140245665469	0.11601245644323374	4737368.6	29121.15	24.5	25.361324317126137
-2.1540577105096026	-0.9999979190709511	0.015403243517699517	0.11601245644323374	4737368.6	19112.075	25.065	25.219503485801734
-2.1540577105096026	-0.9999978347059169	0.037158418510883834	0.11601245644323374	4737368.6	28502.9	24.96	25.07673779676158
-1.2861114825538245	-0.9999977409452532	0.05085893248693077	0.2763432621576282	5192497.2	124259.5	24.55	24.848979099281713
-1.2861114825538245	-0.9999977118850186	0.08900124590805311	0.2763432621576282	5192497.2	144498.4	24.985	25.21371260071935
-0.2815155942064551	-0.9999977551446834	0.07985574219162196	0.7546391475848587	5387878.5	178975.125	23.31	24.004241567488044
-0.2815155942064551	-0.9999977388834875	0.10363493377044311	0.7546391475848587	5387878.5	195363.25	24.384999999999998	24.69710288902018
-0.2815155942064551	-0.9999979566687957	0.07214065025703227	0.7546391475848587	5387878.5	60427.75	24.675	24.722822587290455
-1.4485297894741935	-0.9999975688852822	0.04790697241787177	0.2349154094387461	4777600.333333333	110733.91666666667	25.18	25.38744921707642
-1.86356009609135	-0.9999979678776031	0.028699695596559712	0.1551194061950119	5539783.4	77459.075	23.95	24.339166792198696
-2.4344550449768567	-0.9999961250738877	0.023356568137622314	0.08764549688990388	2867709.4	66979.85	23.1	23.181973032247583
-2.2778165686504566	-0.9999975160913327	0.005482265007213358	0.10250778125004519	3752856.2	11177.55	23.565	23.74372541603631
-2.2778165686504566	-0.9999973173715262	0.026635747273552026	0.10250778125004519	3752856.2	23564.025	23.905	23.91689206523731
-2.2778165686504566	-0.9999974920193554	0.018388885106226917	0.10250778125004519	3752856.2	12234.425	23.985	24.008526238352133
