-1.6993276040407737	-0.9999962202653445	0.01237845424830867	0.1828064010224844	2553066.25	15519.4375	24.96	25.055773275616513
-1.6993276040407737	-0.9999960624448208	0.02629717041228935	0.1828064010224844	2553066.25	23220.625	25.17	25.2208213835035
-1.6993276040407737	-0.9999959656198797	0.09018389351477202	0.1828064010224844	2553066.25	29732.8	25.3	25.318446831540633
-2.203685267216458	-0.9999962056996509	-0.0021440413773874747	0.1103955706115231	2175147.4	-3838.75	23.650000000000002	23.76021367001973
-2.203685267216458	-0.9999955408381007	0.023337169011726014	0.1103955706115231	2175147.4	16305.75	23.795	23.87236072491018
-2.1132860403409	-0.9999958910992047	-0.017926992681158677	0.120840227435929	2436031.2	-22233.725	23.740000000000002	23.84352523663632
-2.1132860403409	-0.9999962062767255	0.013398214761818246	0.120840227435929	2436031.2	10316.825	23.705	23.875231009888754
-2.31667363169936	-0.9999949725826132	-0.020880779004563938	0.09860102403279249	1981623.5	-21213.675	23.82	23.947796100617577
-2.0621732353596847	-0.9999957173974177	-0.027332760612882333	0.12717728318228497	2430509.4	-33152.575	22.97	23.2347559740764
-2.0621732353596847	-0.9999964475986926	0.006817203836678511	0.12717728318228497	2430509.4	5619.325	23.275	23.508288182075205
-0.2869028196108508	-0.9999961352611134	0.0747511947378084	0.7505846674029791	2969734.0	96494.0	25.8	26.34490003624937
-0.2869028196108508	-0.9999961751316955	0.06883031267088337	0.7505846674029791	2969734.0	85719.0	26.84	26.956030478723434
