-2.2370237730343687	-0.9999945356116708	0.020267710030509877	0.10677582101964747	1784913.3	17212.675	20.82	21.22440247213077
-1.8978756545961188	-0.9999931255289071	0.05578581442436484	0.1498866923604318	1553214.2	43369.125	20.35	20.6992081069454
-1.8978756545961188	-0.9999933512439102	0.04910797618590162	0.1498866923604318	1553214.2	30543.575	20.87	20.87798937849637
-1.8283863316729823	-0.999993316784315	0.0636048570842187	0.16067263103358775	1631200.9	54265.775	20.46	20.58667739877624
-1.8283863316729823	-0.9999940967583923	0.03768350505498645	0.16067263103358775	1631200.9	15203.9	20.62	20.646626801800295
-2.1155817324925366	-0.9999941956725877	0.03748739314089609	0.12056313365690434	1801112.7	34690.425	20.82	21.043254115297493
-2.2721887539861574	-0.9999949673755463	0.049760118568940324	0.10308630242261453	2175667.9	56914.3	21.1	21.641917857877296
-1.551882776254519	-0.9999915036733841	0.0867620589479969	0.21184873433880302	1278979.2857142857	52397.107142857145	20.32	20.49092466073639
-1.551882776254519	-0.9999921050616057	0.0674635149708989	0.21184873433880302	1278979.2857142857	24280.321428571428	20.575000000000003	20.60029154588224
-1.551882776254519	-0.99999215831543	0.10094272806224497	0.21184873433880302	1278979.2857142857	22681.571428571428	20.615000000000002	20.635177821338562
-1.060329356150639	-0.9999923205344389	0.08179201783798898	0.34634172176691697	1428404.75	58067.875	20.26	20.321993299832496
-1.658120863983474	-0.9999931891741005	0.07170405791370481	0.19049661302238796	1620127.625	61969.09375	21.13	21.43838784389224
-2.3951972364867724	-0.9999955952372336	0.05044750747093965	0.09115469811701123	2517135.2	65340.55	21.41	21.549973555988164
-2.337059968360247	-0.9999956636080164	0.04153360847736135	0.09661126126071658	2515875.5	54710.125	21.54	21.752174200319782
-1.4247991709285595	-0.9999908137959945	0.07509093423709806	0.2405567691501382	1246047.0	93566.83333333333	20.27	20.272724883405424
-0.2786357102733668	-0.9999935368149978	0.10505310056275201	0.7568155531347452	1776265.5	96792.25	20.63	20.643172028259826
-0.2786357102733668	-0.9999936364834602	0.11088106052163235	0.7568155531347452	1776265.5	81087.375	20.62	20.628062710828274
