-2.078702884199354	-0.9999990402767664	0.02883556544113365	0.12509236629438772	11947830.8	95473.15	21.55	21.550355991743444
-2.078702884199354	-0.9999991042209316	0.03235199972646598	0.12509236629438772	11947830.8	44471.075	21.535	21.555038528577214
-2.078702884199354	-0.9999990502796928	0.041903388083574696	0.12509236629438772	11947830.8	84718.2	21.495	21.50321133454386
-2.125802607194482	-0.9999988917680577	0.04543287949102144	0.11933714896490465	11607691.4	386161.825	21.52	21.556720893538646
-2.125802607194482	-0.9999990587264692	0.07285867482498194	0.11933714896490465	11607691.4	55603.125	21.56	21.564160746283065
-2.125802607194482	-0.9999990377262103	0.0697573153339404	0.11933714896490465	11607691.4	70952.3	21.6	21.632222151943214
-2.125802607194482	-0.9999989929296177	0.09361522369381044	0.11933714896490465	11607691.4	119342.625	21.595	21.696212596949533
-2.125802607194482	-0.9999989458559877	0.06546327997960685	0.11933714896490465	11607691.4	206111.7	21.705	21.743807902116636
-1.9708329328016194	-0.9999991772165231	0.02947890249956311	0.13934074638765354	14097648.3	109021.775	21.62	21.62703498698013
-1.0629011069395984	-0.9999994419724791	0.029049930337922022	0.34545216152462943	19534628.75	54222.0	21.32	21.419215908837003
-1.0629011069395984	-0.9999993670099553	0.04489893130645007	0.34545216152462943	19534628.75	234502.4375	21.46	21.46396891327531
-1.0629011069395984	-0.9999994013596596	0.07612442670736781	0.34545216152462943	19534628.75	119875.4375	21.57	21.5950807596207
-1.0629011069395984	-0.9999994232764425	0.036896244585267725	0.34545216152462943	19534628.75	78125.1875	21.63	21.66675491673976
-1.0629011069395984	-0.999999369027744	0.08713706317951758	0.34545216152462943	19534628.75	225438.875	21.695	21.77046478218902
-1.0629011069395984	-0.9999993172160849	0.09565920495931356	0.34545216152462943	19534628.75	620281.5	21.835	21.90802689250888
-2.209942375456226	-0.9999989437454568	0.04227617586774165	0.1097069701474727	11555959.9	199991.5	21.77	21.78833509382426
-2.209942375456226	-0.9999990327145334	0.08380359606891283	0.1097069701474727	11555959.9	71531.85	21.92	21.92643854783375
-2.347726051338652	-0.9999990978794249	0.039657314221501136	0.09558627355076459	12593531.1	85894.225	21.5	21.53696641094754
-2.347726051338652	-0.9999991161175459	0.04300990198940089	0.09558627355076459	12593531.1	68267.325	21.57	21.646430324080075
-2.347726051338652	-0.9999991184671462	0.04973814200068577	0.09558627355076459	12593531.1	66276.875	21.6	21.61321454841261
-1.8378529462433926	-0.99999930349665	0.027542346140334725	0.15915878198183214	15630577.1	53462.225	21.580000000000002	21.60304406047413
-1.8378529462433926	-0.9999992716225804	0.04917646066604692	0.15915878198183214	15630577.1	87987.325	21.6	21.629228483381027
-1.8378529462433926	-0.9999991359301378	0.06120637829453658	0.15915878198183214	15630577.1	733739.425	21.630000000000003	21.683336086325824
-2.3772359073745366	-0.9999991503210587	0.03897528196403618	0.09280674975793152	13360158.7	85121.4	21.87	21.926029728041428
-2.3772359073745366	-0.9999991513780149	0.052117795977976694	0.09280674975793152	13360158.7	83927.825	21.935000000000002	21.986824663075065
-2.3772359073745366	-0.9999990030166657	0.06300991203189481	0.09280674975793152	13360158.7	609170.775	22.0	22.145692623459883
-2.169388376730797	-0.9999989906869734	0.040300413032736807	0.11424747195846993	12012310.4	184273.425	21.77	21.7985215960472
-2.247572383860235	-0.9999990661338606	0.04451869857093831	0.10565540424768706	12151873.9	84813.65	21.73	21.930513917591195
-2.247572383860235	-0.9999990923382771	0.03801381456070376	0.10565540424768706	12151873.9	61683.675	22.0	22.078260204951974
-2.247572383860235	-0.9999989179569843	0.05866604353966608	0.10565540424768706	12151873.9	513419.4	22.105	22.112144203759712
-0.2794330863153112	-0.9999993130707497	0.03570095271651785	0.7562123270754698	15963408.0	57856.125	21.2	21.24704935797013
-0.2794330863153112	-0.9999993061151737	0.06088196711740006	0.7562123270754698	15963408.0	64650.5	21.265	21.28648212321688
-2.027296769820514	-0.9999992337635633	0.03434570254915832	0.13169103158968745	14411886.6	62498.425	21.42	21.423239560024523
-1.6665395717476064	-0.9999992556318519	0.047675908308261954	0.18889960949254664	16681637.5	247032.59375	21.88	21.934851376369043
-1.6665395717476064	-0.9999993062743329	0.07561678204297463	0.18889960949254664	16681637.5	106135.375	21.98	21.999748388438345
-1.6665395717476064	-0.999999270547513	0.049080441940804034	0.18889960949254664	16681637.5	192616.5625	22.03	22.060156027461804
