-1.4037451652787636	-0.9999990834600383	0.06333589071585002	0.24567514481437105	12467287.666666666	91743.91666666667	17.38	17.449943800488363
-0.7557522788238238	-0.9999992542071249	0.050261339467125674	0.4696571686597696	15978761.666666666	149767.58333333334	17.85	17.858613605584097
-1.5286393642467309	-0.9999990301763907	0.06745724661660842	0.2168304940172055	11766342.857142856	90333.71428571429	17.35	17.39897465944046
-1.9819650087991671	-0.99999871323755	0.06857999057019554	0.13779819643075306	10479962.8	718715.75	17.5	17.51543545270958
-2.231787081897991	-0.9999989923113812	0.0672408265176238	0.10733643962725718	12606286.7	328801.2	17.77	17.78924746505188
-2.231787081897991	-0.9999990916110163	0.11080791371425062	0.10733643962725718	12606286.7	94033.025	17.77	17.846991339119754
-2.231787081897991	-0.9999990492934343	0.13991143440412823	0.10733643962725718	12606286.7	160311.375	17.855	17.883507961643353
-2.231787081897991	-0.9999989294646732	0.10956738349178745	0.10733643962725718	12606286.7	726122.4	17.92	17.95957530031612
-1.7977984994113887	-0.9999989065890613	0.06824250468555332	0.16566319468461213	10341786.3	81455.325	17.12	17.139599397590363
-1.7977984994113887	-0.9999989531606169	0.05531338820420299	0.16566319468461213	10341786.3	50320.575	17.115000000000002	17.11743204811778
-1.7977984994113887	-0.9999989773398976	0.04854526187788579	0.16566319468461213	10341786.3	39187.25	17.125	17.166061816313288
-1.7977984994113887	-0.9999986973089852	0.10771355232125349	0.16566319468461213	10341786.3	709382.875	17.205	17.232336589428357
-1.8656370995074951	-0.9999989350999141	0.0589268143574488	0.15479755701506082	12046255.6	372523.7	17.23	17.23123417861444
-1.8656370995074951	-0.999999085605553	0.058974095751813525	0.15479755701506082	12046255.6	60779.8	17.215	17.267872845118244
-1.8656370995074951	-0.9999990264121196	0.09989344089562491	0.15479755701506082	12046255.6	124005.4	17.28	17.38733408534926
-1.8656370995074951	-0.9999990054397888	0.07537409796646603	0.15479755701506082	12046255.6	159646.975	17.395000000000003	17.416380609040573
-1.8656370995074951	-0.9999989408390018	0.09283136573746772	0.15479755701506082	12046255.6	347639.475	17.36	17.515168348938825
-1.6324283334130174	-0.9999989755863132	0.06863479954221983	0.1954543690072097	11131913.125	89650.40625	17.3	17.370041471479876
-2.120948411481266	-0.9999989539365183	0.050696635114615224	0.11991784310308426	10395451.3	52800.875	17.6	17.603764200959354
-1.7211231220929817	-0.9999989260540216	0.07173012671842664	0.17886514765970893	10620448.888888888	89839.25	17.29	17.299307075127643
-2.0322460430367273	-0.9999989541324636	0.04772318157737803	0.13104086694262665	10312440.9	48311.575	17.45	17.48127005095301
-2.0322460430367273	-0.999998836862793	0.06879925982177303	0.13104086694262665	10312440.9	161907.025	17.46	17.469246500652737
-2.0322460430367273	-0.9999989481334398	0.05942605275116118	0.13104086694262665	10312440.9	51394.8	17.47	17.47413599182004
-2.0322460430367273	-0.99999887752212	0.09711084340360839	0.13104086694262665	10312440.9	106454.975	17.48	17.484146744659206
-2.0322460430367273	-0.9999988873060616	0.054414456581144605	0.13104086694262665	10312440.9	96238.05	17.485	17.518517872914824
-2.0322460430367273	-0.9999987710909737	0.09405191559753243	0.13104086694262665	10312440.9	319032.6	17.505000000000003	17.5312291372242
-2.1972485368625345	-0.9999990534927451	0.03858665946023086	0.11110844897341246	11172898.8	39151.9	17.57	17.581778597785977
-2.1972485368625345	-0.9999990138616451	0.05473848726565893	0.11110844897341246	11172898.8	60962.1	17.59	17.632182484551816
-2.1972485368625345	-0.9999990338219976	0.0488873402428383	0.11110844897341246	11172898.8	48775.75	17.650000000000002	17.681023312527387
-2.1972485368625345	-0.9999990162502601	0.08428380424265677	0.11110844897341246	11172898.8	59356.65	17.705	17.731015883668903
-2.1972485368625345	-0.9999988744528467	0.10140375917834049	0.11110844897341246	11172898.8	289416.175	17.715	17.729123514919245
-2.1972485368625345	-0.9999988473713494	0.10022052706649515	0.11110844897341246	11172898.8	391680.1	17.735	17.772449313681367
