-1.7599774234658334	-0.9999996938930212	0.009776741544513303	0.17204874804364273	40215013.44444445	221924.33333333334	22.650000000000002	22.697735098878585
-1.7599774234658334	-0.9999997407052271	-0.006550135985034504	0.17204874804364273	40215013.44444445	-33776.25	22.685000000000002	22.715733171466066
-1.7599774234658334	-0.9999996957527303	0.04308323941326933	0.17204874804364273	40215013.44444445	205932.38888888888	22.57	22.630474407596882
-1.7599774234658334	-0.9999997185022185	0.015292300752251398	0.17204874804364273	40215013.44444445	82489.38888888889	22.6	22.610430428098944
-2.0837036221362584	-0.9999997224318503	0.024337339565605343	0.12446837366481758	46360868.4	387820.5	23.37	23.374624814416958
-2.0837036221362584	-0.9999997394838873	0.03318224809128505	0.12446837366481758	46360868.4	175913.475	23.51	23.569081353303325
-2.0837036221362584	-0.9999997295079129	0.04674536641582953	0.12446837366481758	46360868.4	279356.625	23.605	23.6897841302631
-2.3244545507676397	-0.9999996647321443	0.024285897064608056	0.09783679450450458	41209822.2	1000817.5	21.67	21.67164077569353
-2.0311748120178175	-0.9999997116019459	0.038331264661992125	0.13118131719794449	43104919.7	250539.275	22.76	22.871332970151663
-2.0311748120178175	-0.9999997580299137	0.007270010249530918	0.13118131719794449	43104919.7	33862.775	23.07	23.07501782082006
-2.0311748120178175	-0.9999997218457402	0.04017606484235611	0.13118131719794449	43104919.7	161104.875	22.939999999999998	23.05217966860323
-2.0311748120178175	-0.9999997224340611	0.030705274866742863	0.13118131719794449	43104919.7	157070.675	23.090000000000003	23.285480374868136
-2.0311748120178175	-0.9999997182129362	0.03475327637982461	0.13118131719794449	43104919.7	188415.225	23.305	23.35555176724995
-2.0311748120178175	-0.9999997296133019	0.018577698606270877	0.13118131719794449	43104919.7	115264.9	23.400000000000002	23.43117316305805
-2.0311748120178175	-0.9999996907043615	0.06801971313158925	0.13118131719794449	43104919.7	616714.85	23.475	23.520658575361757
-1.430362041972641	-0.9999997021965112	0.019063989316577764	0.23922229805121778	39659799.666666664	134701.875	22.53	22.84339092267367
-1.430362041972641	-0.9999997141395215	0.016152594036877743	0.23922229805121778	39659799.666666664	83881.25	22.895000000000003	23.085046639328596
-2.1770501670168034	-0.9999997356427563	0.018765425263082416	0.11337547657621921	44537435.2	129804.65	23.44	23.587342968185055
-1.2697019182800982	-0.9999996718726074	0.009126130330229616	0.2809153450287675	34577732.2	84616.9	21.28	21.326943931235242
-1.2697019182800982	-0.9999996501748971	0.04311475330943968	0.2809153450287675	34577732.2	179181.25	21.439999999999998	21.601563174793963
-1.2697019182800982	-0.9999996472847774	0.04400292924861049	0.2809153450287675	34577732.2	198012.9	21.6	21.821718339603414
-1.2697019182800982	-0.9999996219888366	0.11299578918933685	0.2809153450287675	34577732.2	474855.9	21.91	22.273658897035872
-1.2697019182800982	-0.9999996254262361	0.09819731486110451	0.2809153450287675	34577732.2	421640.75	22.415	22.635228751285542
-1.2697019182800982	-0.9999996247657971	0.0642990525071736	0.2809153450287675	34577732.2	431380.35	22.490000000000002	22.53040291389334
-1.560176521322614	-0.9999997148186748	0.027130716518320136	0.21009898097725144	42626365.85714286	190277.39285714287	22.68	22.750906688051455
-1.840241954366383	-0.999999696134022	0.02658815769468618	0.1587790041855797	39892177.8	183849.025	22.62	22.665292043688947
-1.97403917893522	-0.9999997004080471	0.02567210031590413	0.13889470110588759	40133027.6	166629.175	22.64	22.65318200222419
-1.97403917893522	-0.9999997001722015	0.02097768175895326	0.13889470110588759	40133027.6	168213.85	22.61	22.68500117084056
-1.97403917893522	-0.9999997215472168	0.01568893926842708	0.13889470110588759	40133027.6	71334.775	22.715	22.738695774483627
-1.97403917893522	-0.9999996979123998	0.03481246229481091	0.13889470110588759	40133027.6	184182.9	22.83	22.890236728955465
-1.9106981835971908	-0.9999996909566402	0.016676774151646197	0.1479770353817352	40251646.9	252584.275	22.39	22.437109268662564
-1.9106981835971908	-0.9999997916063236	0.0009048155126504694	0.1479770353817352	40251646.9	4393.85	22.400000000000002	22.438539756893928
-1.9106981835971908	-0.9999996677873209	0.03570556104397905	0.1479770353817352	40251646.9	641847.425	22.465	22.55208705436344
-2.3554165577200132	-0.9999997354941103	-0.005381878294064385	0.0948539861437304	39386680.0	-33455.75	21.650000000000002	21.775963124417434
-2.3554165577200132	-0.999999700488752	0.016337104482174042	0.0948539861437304	39386680.0	132819.475	21.759999999999998	21.7655223810835
