-0.27863554173506544	-0.9999990011807501	0.03412977976714011	0.7568156806871638	10588762.5	39192.25	20.7	20.72453599561614
-0.27863554173506544	-0.9999989717085705	0.04659437390360037	0.7568156806871638	10588762.5	53547.0	20.625	20.633538141755142
-0.27863554173506544	-0.9999990006667997	-0.02247701241376714	0.7568156806871638	10588762.5	-39406.125	20.64	20.640399630162317
-1.0604495328302201	-0.9999986485397456	0.05957255345385266	0.34630010206970324	8118251.75	58190.5	20.67	20.701605023630577
-1.0604495328302201	-0.9999986424556446	0.06515824649919054	0.34630010206970324	8118251.75	61136.875	20.715	20.73506613149847
-1.0604495328302201	-0.9999985352404249	0.023313539690734183	0.34630010206970324	8118251.75	145988.0625	20.71	20.710773957774073
-2.0164808051903362	-0.9999989487733123	0.027387847586324753	0.13312312791996805	9737660.5	27901.975	20.18	20.218833202819106
-2.0164808051903362	-0.9999988858128317	0.05794574186246615	0.13312312791996805	9737660.5	51511.325	20.17	20.196051552431165
-0.7676853422302043	-0.9999987978717391	0.0484314603272615	0.4640860263936491	9037784.666666666	52289.833333333336	20.59	20.633252753783133
-2.1567845398168513	-0.9999991340559814	0.019010755299226967	0.11569654119622706	11496315.0	21059.725	20.04	20.073704901465387
-2.1567845398168513	-0.999999081284057	0.03520744820561763	0.11569654119622706	11496315.0	38631.45	20.064999999999998	20.068351664908846
-2.361520970731518	-0.999998965900733	0.04223981721261609	0.0942767219586127	10446862.5	49171.65	20.03	20.11017701887679
-2.361520970731518	-0.9999988962676909	0.07662200814869013	0.0942767219586127	10446862.5	101776.025	20.115000000000002	20.188817353820482
-2.1139046772595935	-0.9999989538061893	0.03574419713881049	0.12076549432868683	11547892.2	176544.4	20.1	20.104587667516604
-1.4261513438235955	-0.9999984296171077	0.03304056738286928	0.24023171462166404	7512368.833333333	132891.45833333334	20.650000000000002	20.66506963065857
-2.2336418086230867	-0.9999990116631053	0.040076971012016044	0.10713754436929596	11573931.0	92867.8	20.080000000000002	20.151683844499004
-2.2336418086230867	-0.9999990502763827	0.042661476314863146	0.10713754436929596	11573931.0	59398.175	20.18	20.189198733068267
-2.2336418086230867	-0.9999989385004203	0.07066485714537411	0.10713754436929596	11573931.0	216580.65	20.235	20.271337143334208
-2.2336418086230867	-0.9999988898966791	0.09907364137326004	0.10713754436929596	11573931.0	380125.45	20.32	20.330088776115485
-2.3015050633881775	-0.9999990681491905	0.027191392298632825	0.1001080613047869	11039469.9	29351.675	20.28	20.338456829264366
