-0.2442410206693433	-0.9999998171635233	0.03622087729014408	0.7832988203037777	78268276.0	1640145.0	10.790000000000001	10.80306989792996
-1.5490409421975215	nan	nan	0.2124516295452947	68699816.75	nan	10.73	10.7809468244373
-1.5490409421975215	-0.9999997938572953	0.06661228124507229	0.2124516295452947	68699816.75	1414045.53125	10.75	10.753227127194274
-1.5490409421975215	-0.9999998041724931	0.03147494630489373	0.2124516295452947	68699816.75	696144.40625	10.785	10.793135320931832
-2.1137804972663834	nan	nan	0.12078049191813371	37066391.7	nan	9.73	9.766651711541652
-0.7105678253873234	-0.9999998311087631	0.027855476261686375	0.49136510864847177	81424656.66666667	938379.6666666666	10.85	10.931680556725077
-0.7105678253873234	-0.9999998471302131	0.06787903863467022	0.49136510864847177	81424656.66666667	254578.875	10.934999999999999	10.950505994496826
-0.7105678253873234	-0.9999998294636686	0.041001562061568665	0.49136510864847177	81424656.66666667	1072884.4166666667	11.045000000000002	11.152768772415174
-2.1710271016703993	-0.9999996146927908	0.04350447178127589	0.11406040509431567	35828464.6	989509.55	9.19	9.190776942304906
-2.1710271016703993	-0.9999996531419872	0.0832453375025132	0.11406040509431567	35828464.6	249542.875	9.18	9.214630260964359
-2.1710271016703993	-0.999999665793852	0.04611571945770698	0.11406040509431567	35828464.6	158591.475	9.215	9.229524212161635
-2.0473542647680745	nan	nan	0.12907595302211408	37248924.8	nan	9.92	9.98837705705631
-2.0473542647680745	-0.9999996566267495	0.0693704577774241	0.12907595302211408	37248924.8	358714.325	10.075	10.090829524239906
-2.0473542647680745	-0.999999639747035	0.06552265456713183	0.12907595302211408	37248924.8	672686.125	10.045000000000002	10.050025312644019
-2.0473542647680745	-0.9999996678992004	0.0816720761081126	0.12907595302211408	37248924.8	235718.475	10.045000000000002	10.064438505816453
-1.9708315641789962	nan	nan	0.13934093709268178	41458008.0	nan	10.27	10.272561208743118
-1.9708315641789962	-0.9999996930829924	0.058534876921529116	0.13934093709268178	41458008.0	335764.325	10.24	10.309623012365416
-0.9872852434247866	-0.9999998253635228	0.03911453954557287	0.37258680176922204	79884465.0	1144800.1875	11.09	11.394802846763692
-1.705967238084058	-0.999999776991165	0.02953749434082248	0.18159665400195443	63091520.4	1289758.675	10.83	10.849610562627088
-1.705967238084058	-0.999999826035411	-0.007256648580878357	0.18159665400195443	63091520.4	-58435.175	10.95	10.963172293156585
-1.1834460390169563	nan	nan	0.3062216664807929	79115262.8	nan	11.450000000000001	11.49255098580311
-1.7710216860911094	nan	nan	0.17015905085000488	60321640.3	nan	10.82	10.821864589403644
-1.8802349946791488	nan	nan	0.15255425210681373	49653725.6	nan	10.49	10.616690379249956
