-1.4116392129602335	-0.9999993237291926	0.03323948564953507	0.243743408149222	16272242.0	60139.708333333336	18.5	18.532387906142972
-1.940246524995832	-0.9999993053877115	0.00418817066955461	0.14366852752849718	12656779.3	6577.45	18.580000000000002	18.580477415026834
-1.940246524995832	-0.9999989973818524	0.05277032809138818	0.14366852752849718	12656779.3	324458.7	18.57	18.579466447241238
-1.940246524995832	-0.9999989858595703	0.10090307441305424	0.14366852752849718	12656779.3	375400.575	18.675	18.697091534915906
-1.940246524995832	-0.9999989803134088	0.10907928924945212	0.14366852752849718	12656779.3	402699.4	18.814999999999998	18.82900820068824
-2.046794052593602	-0.9999993518887135	0.031524691271171745	0.12914828320066027	17302608.1	74161.625	19.400000000000002	19.43611584086006
-2.046794052593602	-0.9999993206937952	0.08084971017530045	0.12914828320066027	17302608.1	127231.2	19.43	19.54740712125718
-1.6418880184847546	-0.9999992498576473	0.02351918079105809	0.1936141498998608	15915448.375	153099.8125	18.48	18.484269965747004
-1.6418880184847546	-0.9999992937798383	0.046554708581252574	0.1936141498998608	15915448.375	76099.53125	18.53	18.55077578828262
-1.6418880184847546	-0.9999992696200395	0.06983503195412494	0.1936141498998608	15915448.375	111783.09375	18.56	18.612283507862248
-1.6418880184847546	-0.9999991628316839	0.09772109139909099	0.1936141498998608	15915448.375	611645.09375	18.61	18.73395924841401
-0.2744882691279374	-0.9999994895172858	0.04137868212843771	0.7599609192009483	21940167.0	73135.0	18.88	18.944682767336623
-0.2744882691279374	-0.9999994496545804	0.11221524195395753	0.7599609192009483	21940167.0	175372.0	18.925	18.988736527520544
-2.177648014851831	-0.9999994208423721	0.029215699559552288	0.11330771555041244	19454633.7	78220.475	19.38	19.493374159133044
-2.177648014851831	-0.9999993780241502	0.09482276500401315	0.11330771555041244	19454633.7	179927.05	19.53	19.574604554173725
-2.137484531810267	-0.9999994193209388	0.02226592169470716	0.11795117258430857	18944685.7	59920.0	19.45	19.458205337991732
-1.9956011071185933	-0.999999287662732	0.0322400297036306	0.1359319199590717	15400101.7	58107.45	18.900000000000002	18.95782124179953
-1.9956011071185933	-0.9999992475655586	0.08851826220286381	0.1359319199590717	15400101.7	107748.775	18.990000000000002	19.04765570487143
-1.9956011071185933	-0.9999992222613929	0.08882828417055504	0.1359319199590717	15400101.7	159093.5	19.045	19.157608967775307
-1.9956011071185933	-0.9999992538096784	0.05930181068731541	0.1359319199590717	15400101.7	97870.125	19.2	19.263228349349465
-1.9956011071185933	-0.9999991039318418	0.1297823544240352	0.1359319199590717	15400101.7	984156.05	19.235	19.29559204189674
