-2.108609282464191	-0.9999993398812674	0.03686522513078019	0.12140669149656425	18444150.3	193943.85	20.86	20.89922339399016
-2.108609282464191	-0.9999994101226384	0.0303502664774008	0.12140669149656425	18444150.3	53091.275	20.955	20.99867775904738
-2.108609282464191	-0.9999994056547913	0.03850374260035322	0.12140669149656425	18444150.3	57651.7	20.900000000000002	20.956116332564402
-1.2589030632973632	-0.9999994401056239	0.006690031635754606	0.28396534773091403	17814240.0	21462.15	19.650000000000002	19.78887039759001
-1.2589030632973632	-0.9999993380814874	0.03972740430208924	0.28396534773091403	17814240.0	132133.45	19.89	19.92091603961269
-1.2589030632973632	-0.9999993307597725	0.09192868240987963	0.28396534773091403	17814240.0	150542.3	19.985	19.997233354858498
-1.6502864356239517	-0.9999994273806916	-0.006924270505234486	0.19199490656299895	17420745.0	-21491.40625	19.41	19.42711990554931
-1.6502864356239517	-0.9999993407033603	0.032153310291081934	0.19199490656299895	17420745.0	97287.75	19.355	19.41694552292344
-1.6502864356239517	-0.999999240941472	0.07280932039647732	0.19199490656299895	17420745.0	553138.25	19.54	19.650515962895042
-1.6502864356239517	-0.9999993045291847	0.06879667782808961	0.19199490656299895	17420745.0	182702.46875	19.51	19.53900736672176
-1.6502864356239517	-0.9999993126570024	0.0756063175550202	0.19199490656299895	17420745.0	158581.0	19.66	19.773537246276938
-1.0530017198347734	-0.9999993434135187	-0.006370985479125237	0.34888890897835967	15941899.75	-35143.9375	19.43	19.43180177684804
-1.0530017198347734	-0.9999992374853789	0.07676646233538977	0.34888890897835967	15941899.75	190218.0625	19.48	19.483964552209077
-1.0530017198347734	-0.9999992559623596	0.09394358240677338	0.34888890897835967	15941899.75	141685.6875	19.549999999999997	19.616904771736635
-1.0530017198347734	-0.9999992821500762	0.08871585233178722	0.34888890897835967	15941899.75	93328.5	19.56	19.56799461955521
-1.0530017198347734	-0.9999991550284788	0.12967898207719517	0.34888890897835967	15941899.75	708177.375	19.605	19.61270784354099
-2.1932130996900137	-0.9999993385387861	0.06324247703296755	0.11155772604357875	21339565.8	1349567.0	21.2	21.262953734554213
-2.1523907213617117	-0.9999992596038649	0.06568433153704786	0.11620600922952072	18955691.5	1245091.925	21.0	21.062570855562875
-1.8892084203950554	-0.9999993390010711	0.0333590459002994	0.151191441542286	17473482.4	103771.175	20.66	20.835025000557362
-1.8892084203950554	-0.999999196177598	0.0870744132647698	0.151191441542286	17473482.4	1258682.125	20.78	20.820517579767916
-1.95225020088881	-0.9999993686763664	0.045856343773465064	0.14195428626971052	18956133.6	157542.225	20.8	21.103005462133012
-1.95225020088881	-0.9999993734338678	0.06712048323547547	0.14195428626971052	18956133.6	143956.2	21.015	21.047769480444646
-1.95225020088881	-0.9999993570195972	0.06170169864370194	0.14195428626971052	18956133.6	196499.925	21.12	21.145089700839492
-2.332207724803383	-0.9999995271350159	0.033163180067277316	0.09708118179313308	24490116.8	106992.0	20.71	20.823481751573233
-2.332207724803383	-0.9999994653241385	0.03946655323828328	0.09708118179313308	24490116.8	486149.875	20.810000000000002	20.84721718595805
-2.332207724803383	-0.999999561994483	0.0218777749414111	0.09708118179313308	24490116.8	45559.95	20.64	20.788187688606993
-2.332207724803383	-0.9999995194211556	0.06278755525076136	0.09708118179313308	24490116.8	129239.725	20.855	20.95418193738255
-2.332207724803383	-0.9999995140826303	0.061123809232923834	0.09708118179313308	24490116.8	147291.125	21.04	21.04927913410147
-2.332207724803383	-0.9999994537048106	0.07056354212412899	0.09708118179313308	24490116.8	646178.75	21.13	21.223835703822083
-1.8189954724787687	-0.9999995441627056	-0.0011663664714888777	0.16218859203533273	18015122.6	-3683.775	19.88	19.916207000831633
-1.8189954724787687	-0.9999993061961688	0.049376874444077026	0.16218859203533273	18015122.6	268057.65	19.92	19.923977308303975
-1.8189954724787687	-0.9999993507786924	0.07526717483557147	0.16218859203533273	18015122.6	120065.55	19.955	20.0581514257162
-1.8189954724787687	-0.9999993404273527	0.07823917479255278	0.16218859203533273	18015122.6	144679.35	20.14	20.29730174680477
-1.8189954724787687	-0.9999992517537194	0.11362485911586745	0.16218859203533273	18015122.6	714792.15	20.28	20.451516190688928
-2.009327402382762	-0.9999993878445164	0.04518359900341076	0.1340788254463245	19646219.0	167131.25	21.03	21.12837736614845
-2.2672866817979727	-0.9999994448562922	0.043695019095217086	0.1035928795430765	22191739.7	224044.55	21.43	21.46491706996466
-0.761966585696724	-0.9999992996601512	0.008112186220477336	0.4667476246516207	15875929.666666666	67408.83333333333	19.19	19.218446241373275
-0.761966585696724	-0.9999992614849933	0.0962098321464283	0.4667476246516207	15875929.666666666	123575.08333333333	19.36	19.391446434955995
-2.231437275386068	-0.9999993895402974	0.047545971538676825	0.10737399318066115	21741232.3	580789.975	21.330000000000002	21.34912213709806
-2.231437275386068	-0.9999994929103164	0.03214712530201865	0.10737399318066115	21741232.3	61373.8	21.270000000000003	21.493844722976498
-1.417000652533732	-0.9999991965995954	0.07527846959896155	0.24244008954894491	17542399.666666668	1320565.0	19.89	19.935477262899457
