-1.7866925369157307	-0.9999996032895045	0.002291349004753021	0.16751329848709706	23400988.777777776	10757.138888888889	24.2	24.268297981988038
-1.7866925369157307	-0.9999995418407055	0.004746787983024683	0.16751329848709706	23400988.777777776	45313.416666666664	24.240000000000002	24.250142100580597
-1.7866925369157307	-0.9999995198563422	0.035655671663891525	0.16751329848709706	23400988.777777776	75797.69444444444	24.35	24.375335991649223
-1.7866925369157307	-0.9999995061490764	0.050324087748148165	0.16751329848709706	23400988.777777776	104463.22222222222	24.395000000000003	24.47692078931583
-1.7866925369157307	-0.9999995484389268	0.014407316648843236	0.16751329848709706	23400988.777777776	38830.055555555555	24.47	24.486890762757284
-2.342936337131065	-0.99999934160353	-0.014475804178791676	0.09604520267554428	17134166.5	-79305.45	22.400000000000002	22.4104192229699
-2.342936337131065	-0.9999995266587917	-0.0019795324577053103	0.09604520267554428	17134166.5	-3327.6	22.435000000000002	22.55470585975415
-2.342936337131065	-0.9999993466689077	0.046097347066060446	0.09604520267554428	17134166.5	72712.6	22.705	22.72286345128543
-2.3735429648352366	-0.9999993802470002	-0.00822498950919998	0.09315011337286902	16404471.9	-26021.6	22.35	22.469887283750293
-2.3735429648352366	-0.999999392116631	-0.009656160192331502	0.09315011337286902	16404471.9	-21417.4	22.380000000000003	22.52311989842191
-2.3735429648352366	-0.9999993719074677	0.019873256465461543	0.09315011337286902	16404471.9	29836.65	22.665	22.696718246238195
-2.3735429648352366	-0.9999992902005662	0.06660179109626178	0.09315011337286902	16404471.9	113991.15	22.770000000000003	22.857211900516134
-2.3735429648352366	-0.9999993521135823	0.02925383652487182	0.09315011337286902	16404471.9	41283.175	22.91	23.001845240269084
-2.1984192424906626	-0.9999993453037579	0.015556300438707375	0.11097844979709794	19261335.7	299635.125	22.62	22.64684369460197
-1.586358924454514	-0.9999995846033588	0.0026847330714972867	0.20466947369919408	24186935.85714286	23089.39285714286	24.66	24.718733353587666
-1.8668559981211739	-0.9999995559215032	0.004912793591404481	0.15460898943314277	22531191.4	22149.55	24.29	24.322015269433287
-1.8668559981211739	-0.9999995523015244	0.006571508652955472	0.15460898943314277	22531191.4	24031.925	24.385	24.463093038996202
-1.8668559981211739	-0.9999995798812109	-0.0062506209827379875	0.15460898943314277	22531191.4	-12909.25	24.46	24.47808032348708
-1.8668559981211739	-0.9999995003815837	0.039185407440532	0.15460898943314277	22531191.4	77418.825	24.355	24.36599821335946
-1.937621106938028	-0.9999995356383281	0.008940115943013137	0.14404621304925871	22737281.3	38495.475	24.19	24.244293634786267
-1.082972197351853	-0.9999995730149176	0.01361402012790834	0.3385876792240869	26114645.0	69602.0625	24.97	25.31994667374871
-2.108214521653724	-0.9999994535009186	0.005745127279235652	0.12145462756151287	20414780.9	70027.6	22.93	22.974903282885055
-2.108214521653724	-0.9999994584487321	0.03603868049368389	0.12145462756151287	20414780.9	63299.625	22.88	23.21543312130393
-2.108214521653724	-0.999999450346228	0.0426126605805674	0.12145462756151287	20414780.9	74686.0	23.4	23.433322846960642
