-1.6782642411891828	-0.9999995497449878	0.09574627514736028	0.18669775723216414	29556824.1	602056.475	4.25	4.306896965762909
-1.6782642411891828	-0.9999995862264547	0.11730037783267115	0.18669775723216414	29556824.1	204807.75	4.36	4.363714647325123
-1.6782642411891828	nan	nan	0.18669775723216414	29556824.1	nan	4.365	4.393438244696309
-1.6782642411891828	-0.9999995875451801	0.0671454966053893	0.18669775723216414	29556824.1	196978.425	4.475	4.502204479206163
-1.6782642411891828	-0.999999615139355	0.06490656511578105	0.18669775723216414	29556824.1	87137.875	4.485	4.489589592950063
-0.6533780430813358	-0.9999992082569336	0.041095661813462574	0.5202852588634708	15705580.333333334	251394.91666666666	5.18	5.198422070008824
-1.8116043287912014	-0.9999996585608701	0.09445126931184769	0.16339179225895478	39289504.7	669959.675	4.08	4.1094219361290945
-1.8116043287912014	-0.9999996901788721	0.10656649027172445	0.16339179225895478	39289504.7	193438.225	4.125	4.1266599450795765
-1.8116043287912014	-0.9999996440648002	0.0904061981551702	0.16339179225895478	39289504.7	1184127.6	4.125	4.129298100423387
-1.8116043287912014	-0.9999996614384948	0.07548055731051549	0.16339179225895478	39289504.7	598338.65	4.13	4.16287975855307
-1.2303779920381093	-0.9999991939902722	0.050995972737913176	0.29218211429215357	15534419.166666666	274001.625	4.6000000000000005	4.642590579531443
-1.3409948734536725	-0.9999992617170553	0.05815727607111963	0.26158529481664494	17073541.0	298075.10714285716	4.6000000000000005	4.625910689633948
-1.3409948734536725	-0.9999993059667517	0.05698198841286278	0.26158529481664494	17073541.0	140028.04166666666	4.665	4.674424778761062
-1.7713486001346477	-0.9999996331951705	0.091338260067433	0.1701034325583425	36452783.0	641173.45	4.2700000000000005	4.311960542961998
-1.7713486001346477	-0.9999996658764527	0.09363601772298305	0.1701034325583425	36452783.0	194799.875	4.255	4.264972625066029
-1.7713486001346477	nan	nan	0.1701034325583425	36452783.0	nan	4.28	4.284499569697393
-1.9159928404294742	-0.999999714471264	0.08645965452771474	0.14719561825357863	49783230.3	1490380.7	4.08	4.089182480976708
-1.9159928404294742	-0.9999997445585155	0.10356623198932924	0.14719561825357863	49783230.3	333267.0	4.13	4.173276070591392
-1.9159928404294742	-0.9999997253192409	0.09136267215319809	0.14719561825357863	49783230.3	868475.225	4.19	4.196107694006491
-1.626688079947614	-0.9999994825063677	0.09187489139103498	0.19657955295715177	25437960.0	521247.575	3.95	4.094547468775124
-1.626688079947614	-0.9999994948360149	0.10497071814051126	0.19657955295715177	25437960.0	380917.7	4.17	4.1952546273186275
-1.626688079947614	-0.9999995346836373	0.0582548050731826	0.19657955295715177	25437960.0	138232.425	4.16	4.173957375344876
-1.626688079947614	-0.9999995551095364	0.060971224328731075	0.19657955295715177	25437960.0	82215.05	4.1899999999999995	4.220414064115822
-1.626688079947614	-0.9999995137106269	0.07665189031132567	0.19657955295715177	25437960.0	235674.14285714287	4.22	4.227993948457552
-1.626688079947614	-0.9999995063574623	0.10950407410667394	0.19657955295715177	25437960.0	284149.45	4.225	4.253220236034406
-1.8486645719666446	-0.9999996999039724	0.08676062150731598	0.15744728550170867	45096973.3	754206.3	4.2	4.390071823720494
-1.4291636621389914	-0.9999993219618625	0.07190041388803375	0.2395091490728722	18992648.0	391498.5625	4.22	4.226931004927243
