-1.9856335681656052	-0.9999994402744603	0.06027937354461911	0.13729360170033766	23569100.9	536180.35	6.86	6.91079259648378
-0.6763492620433766	-0.9999993914857057	0.07944255982144012	0.5084698984283926	23167772.333333332	1326321.5	7.07	7.076739212120568
-0.6763492620433766	-0.9999994674819808	0.11874044600442293	0.5084698984283926	23167772.333333332	228034.41666666666	7.03	7.073174523490553
-0.6763492620433766	-0.9999994636073646	0.09127359704471781	0.5084698984283926	23167772.333333332	249451.16666666666	7.12	7.171288540263582
-0.6763492620433766	-0.9999994479058568	0.11107486350709521	0.5084698984283926	23167772.333333332	358896.25	7.155	7.236120693933569
-1.9160656207975755	-0.99999934044934	0.05367472059740054	0.14718490569213608	19542386.8	396008.75	6.58	6.58196607088761
-1.9160656207975755	-0.9999993672142872	0.10105068198032155	0.14718490569213608	19542386.8	234717.725	6.630000000000001	6.700383139483086
-1.9160656207975755	-0.9999993804025324	0.09238606802748807	0.14718490569213608	19542386.8	181390.575	6.66	6.694494715840765
-1.9160656207975755	-0.9999994011027603	0.05838179244523567	0.14718490569213608	19542386.8	121039.625	6.71	6.727792897866118
-1.9160656207975755	-0.9999993764823862	0.09573401704013436	0.14718490569213608	19542386.8	195832.95	6.745	6.752236395516519
-1.378374588481872	-0.9999994680896183	0.027818640856125666	0.2519878042483095	21773518.0	107103.5	6.83	6.898688272874338
-1.378374588481872	-0.9999994499386933	0.049777313287519415	0.2519878042483095	21773518.0	159016.5357142857	6.91	6.926505156823508
-1.7392294286395344	-0.9999994472645151	0.033942900212196064	0.1756557037345484	21453886.8	141254.35	6.84	6.843791918636613
-1.7392294286395344	-0.9999994247388728	0.06913576784713152	0.1756557037345484	21453886.8	229024.15	6.825	6.895216615427073
-1.7392294286395344	-0.9999994157861614	0.06042952032380737	0.1756557037345484	21453886.8	277521.575	6.92	6.9422409003635766
-2.1279995198047974	-0.9999996491794548	0.012464880728640966	0.11907526345258768	32471762.1	88587.85	6.32	6.343147148907316
-1.951937598380219	-0.9999994041063303	0.035927940065276484	0.14199866847233628	20153957.6	164326.35	6.76	6.76824822586376
-1.951937598380219	-0.999999375413856	0.08485668630513875	0.14199866847233628	20153957.6	292985.75	6.855	6.866519329033828
-1.1275718314159258	-0.9999994858102624	0.02688016784124135	0.32381858870083197	22466365.4	103981.15	6.87	6.915562122449643
-1.1275718314159258	-0.9999994663068147	0.04567853749679713	0.32381858870083197	22466365.4	161157.9	6.91	6.929784961351528
-1.1275718314159258	-0.9999994729780556	0.04601375703424399	0.32381858870083197	22466365.4	138726.6	6.925	6.964723473986071
-1.1275718314159258	-0.9999994539720911	0.12304845994357874	0.32381858870083197	22466365.4	212619.15	6.86	6.885448424902336
-1.6838856859497644	-0.9999994108771116	0.04275884406373641	0.18565119046760042	21479122.3	312962.725	6.79	6.791272090825359
-1.6838856859497644	-0.9999994443082152	0.06428317461365714	0.18565119046760042	21479122.3	152628.975	6.78	6.797274687437442
-1.2666709679259571	-0.9999994846398624	0.029199660512125816	0.2817680771347924	22583737.833333332	113408.25	6.74	6.868944199811951
-1.6225145990350416	-0.999999468859815	0.0371567683319317	0.19740168835909894	22455067.2	151264.0	6.53	6.5931632094299
-1.6225145990350416	-0.9999994510315298	0.0661871187253307	0.19740168835909894	22455067.2	225735.55	6.635	6.654021132085233
-1.6225145990350416	-0.9999994635447406	0.06326688417470518	0.19740168835909894	22455067.2	170439.05	6.655	6.7096521246959115
-2.018126624646992	-0.9999995570798691	0.03680727852919511	0.13290421148378687	27783156.0	220955.05	7.03	7.035358096364385
