-1.3117105788127594	-0.9999993253911311	0.048801730620119985	0.26935890244550437	18316549.833333332	232466.79166666666	9.5	9.60904027850254
-0.9731853773309674	-0.999999257231138	0.07846940245848896	0.3778774367542727	17076558.25	322523.9375	9.73	9.899184138740683
-0.9731853773309674	-0.9999992317997001	0.10562516138335118	0.3778774367542727	17076558.25	497930.1875	10.05	10.323547838259172
-0.9731853773309674	-0.9999993837711859	0.026479427943068637	0.3778774367542727	17076558.25	37161.9375	10.22	10.26143835212182
-0.7022160619993091	-0.9999988909582694	0.06195341419246688	0.4954860584180717	11154218.666666666	235741.16666666666	9.5	9.506966204426782
-1.7975240697488328	-0.9999993008034143	0.049250250699884965	0.1657086638179815	18857712.4	532451.05	9.0	9.011608529855666
-1.7975240697488328	-0.9999994232451173	0.024673479906793024	0.1657086638179815	18857712.4	52905.3	9.15	9.241930167061955
-1.7975240697488328	-0.9999993515147876	0.06000885968174414	0.1657086638179815	18857712.4	204626.725	9.235	9.239787222369594
-1.7975240697488328	-0.9999995340158074	0.002387027143484888	0.1657086638179815	18857712.4	6550.15	9.274999999999999	9.275803613716597
-1.6078179133908137	-0.9999993466743411	0.04462693560869161	0.20032426239012216	18640969.888888888	194583.91666666666	8.86	8.87724074629443
-1.6078179133908137	-0.9999993131444294	0.04112977558056833	0.20032426239012216	18640969.888888888	363542.4166666667	8.925	8.953068124849123
-1.7416914951823368	-0.9999993375200278	0.039898303355205736	0.17522375965905504	18243445.9	177355.575	9.0	9.084110625408938
-1.7416914951823368	-0.9999993094888996	0.057019362852814885	0.17522375965905504	18243445.9	295758.5	9.055	9.06821304576213
-1.8489700569264387	-0.999999392419743	0.038301574239755436	0.15739919506985328	19894381.2	177624.6	9.25	9.269955663404204
-1.8489700569264387	-0.999999350421445	0.05682976686064481	0.15739919506985328	19894381.2	409610.075	9.25	9.25689619372598
-1.8489700569264387	-0.9999994461036291	0.027771045138524963	0.15739919506985328	19894381.2	61047.6	9.285	9.30162240100918
-1.8489700569264387	-0.9999994279476747	0.0478073344821463	0.15739919506985328	19894381.2	87606.95	9.33	9.33884999743019
-2.0156187204812435	-0.99999925835304	0.042593815073035037	0.13323794081508444	16535372.9	211801.4	8.88	8.895686854689318
-2.0156187204812435	-0.9999992848784431	0.08005463856381981	0.13323794081508444	16535372.9	136597.55	8.915	8.956757332336585
-2.0156187204812435	-0.9999992637201766	0.04573904917894595	0.13323794081508444	16535372.9	193814.4	8.925	8.942407966077612
-1.5268789529608273	-0.9999993380474345	0.04465434558542781	0.21721254104728796	18471643.75	204300.46875	9.5	9.500271357064419
-0.24127124198719016	-0.9999989916579302	0.03137763561323763	0.7856285020494285	10935672.0	61505.5	9.6	9.601527865584165
-0.24127124198719016	-0.999998903501386	0.11057854313534934	0.7856285020494285	10935672.0	161287.375	9.61	9.616349944312178
-2.081525383517131	-0.9999991955704582	0.03358515337253064	0.12473979098171835	14237087.8	94157.425	8.96	8.989702873807367
-2.081525383517131	-0.999999169566946	0.07136373811872537	0.12473979098171835	14237087.8	136344.625	8.97	8.997851013364405
-2.081525383517131	-0.9999991183392861	0.06681022611892688	0.12473979098171835	14237087.8	282738.425	8.965	8.977862595038879
-2.081525383517131	-0.9999992037234652	0.05536996192716391	0.12473979098171835	14237087.8	83838.45	8.98	9.018894173602854
-2.081525383517131	-0.9999991638607422	0.08201756134928069	0.12473979098171835	14237087.8	147883.675	9.015	9.136979911460738
-1.9792480542644801	-0.9999992725580906	0.03468150878188152	0.1381730969285998	15955371.5	109819.875	9.040000000000001	9.092600767711732
-1.8959731131102409	-0.9999993571071527	0.02434590513409397	0.1501721294526846	17866305.3	97354.05	9.200000000000001	9.222517605704098
-1.8959731131102409	-0.9999993686359544	0.031363902429523964	0.1501721294526846	17866305.3	79231.575	9.25	9.25516947412873
-1.8959731131102409	-0.9999993547328488	0.05269634482716401	0.1501721294526846	17866305.3	101572.7	9.254999999999999	9.268589017166423
-1.8959731131102409	-0.9999992969285744	0.05045422401684642	0.1501721294526846	17866305.3	285296.775	9.33	9.334929634773829
-1.8959731131102409	-0.9999994832856423	-0.0035731413224100485	0.1501721294526846	17866305.3	-10215.675	9.29	9.305816440849767
-2.0495508942936405	-0.9999991892110515	0.04331932304373724	0.12879273215221035	15133737.8	213259.0	8.8	8.834801198670515
-2.0495508942936405	-0.9999992256338092	0.0807853041617996	0.12879273215221035	15133737.8	122890.225	9.01	9.02682265125722
