-1.938765150739028	-0.9999990872069131	0.07586034633929216	0.14388151210267455	13111431.5	157631.875	9.575	9.600782021870339
-1.938765150739028	-0.9999990663869431	0.09491994197063536	0.14388151210267455	13111431.5	207108.65	9.615	9.672319279099343
-1.938765150739028	-0.9999991253108658	0.053183320018969846	0.14388151210267455	13111431.5	95646.675	9.63	9.647140404295452
-1.1568848142426575	-0.9999992495682368	0.04657661422840027	0.31446427124401594	16894597.2	320692.9	9.33	9.40805619961132
-1.1568848142426575	-0.9999993833714801	0.02457236353911509	0.31446427124401594	16894597.2	33445.1	9.455000000000002	9.459114394853238
-1.1568848142426575	-0.9999992945691448	0.09511147195607476	0.31446427124401594	16894597.2	149935.95	9.415	9.443642097318381
-1.8951434970408418	-0.9999991466901532	0.05242806692534471	0.15029676635769537	13901158.6	141773.85	9.42	9.485824109589041
-1.8951434970408418	-0.9999990893734858	0.06506405550631088	0.15029676635769537	13901158.6	314506.625	9.475000000000001	9.476273452241028
-1.8951434970408418	-0.9999991633100422	0.08021253879296487	0.15029676635769537	13901158.6	112527.275	9.530000000000001	9.545855979317317
-1.8951434970408418	-0.9999991520782192	0.08853977501117996	0.15029676635769537	13901158.6	131542.8	9.545000000000002	9.550180356557803
-2.114514278736254	-0.9999990336815678	0.04890431279387374	0.12069189793952742	11797609.1	89342.8	9.38	9.421573797089048
-0.6953828821331971	-0.9999989771153442	0.024775196471448015	0.49888339787303854	10758616.666666666	60162.666666666664	8.83	8.831889617787578
-0.6953828821331971	-0.9999989207335588	0.10072226671080367	0.49888339787303854	10758616.666666666	110349.16666666667	8.84	8.840370362362433
-0.6953828821331971	-0.9999989019018919	0.05199941535462436	0.49888339787303854	10758616.666666666	135132.25	8.86	8.8662116320625
-0.6953828821331971	-0.999998936509777	0.10329937695280002	0.49888339787303854	10758616.666666666	93122.66666666667	8.88	8.890873824451411
-0.6953828821331971	-0.9999989107455913	0.10281373085819817	0.49888339787303854	10758616.666666666	122867.58333333333	8.895	8.96347456535031
-0.6953828821331971	-0.9999990189837993	0.026922074150076518	0.49888339787303854	10758616.666666666	38343.916666666664	8.995000000000001	9.056026805847464
-1.7956330237463394	-0.99999927212493	0.04401819723362478	0.1660223230027749	16080412.1	121118.275	9.38	9.438859691808597
-1.7956330237463394	-0.9999992316308299	0.08029953019731215	0.1660223230027749	16080412.1	232277.625	9.445	9.457905927327184
-1.7956330237463394	-0.9999992975276186	0.03996681283463452	0.1660223230027749	16080412.1	80501.65	9.46	9.548326279785632
-1.7956330237463394	-0.9999992752126451	0.07074938962868454	0.1660223230027749	16080412.1	115251.35	9.565000000000001	9.574239502046384
-1.7956330237463394	-0.9999992587564683	0.09256917503580477	0.1660223230027749	16080412.1	150165.725	9.59	9.601345823549577
-1.6745050700136912	-0.9999992631081828	0.0431167532064463	0.18740090686155106	15981613.8	130185.125	9.35	9.418736660617249
-1.6745050700136912	-0.9999992238611849	0.08559421656141222	0.18740090686155106	15981613.8	243761.775	9.434999999999999	9.453373853277133
-1.6745050700136912	-0.9999993700616202	0.013624520716989861	0.18740090686155106	15981613.8	23561.975	9.43	9.437936049966405
-1.420507704646314	-0.9999993293322897	0.03911349011202766	0.2415913287148941	17573837.285714287	131425.7857142857	9.620000000000001	9.677337018821046
-1.420507704646314	-0.9999992822822985	0.09061066975035426	0.2415913287148941	17573837.285714287	300454.25	9.690000000000001	9.733502187141895
-1.5182820368148264	-0.9999991987480437	0.061793011929966786	0.21908794885992258	17327699.125	1070730.71875	9.51	9.521418034606425
-0.9646175203326036	-0.999999307911632	0.023482586260686958	0.3811289459375591	15823748.75	57034.6875	9.08	9.130325437833793
-0.9646175203326036	-0.9999991992009215	0.08164446058965912	0.3811289459375591	15823748.75	318583.625	9.135000000000002	9.591496193190432
-0.9646175203326036	-0.999999161445728	0.060213093161347916	0.3811289459375591	15823748.75	579007.3125	9.575	9.612964295828156
-2.016447432063299	-0.9999990599614319	0.05867325433592037	0.13312757072916256	12384134.0	113726.85	9.43	9.503695884742038
-2.016447432063299	-0.999999020040067	0.09468618696545497	0.13312757072916256	12384134.0	186455.85	9.51	9.53898682318545
-2.016447432063299	-0.9999990293465861	0.08430553447105736	0.13312757072916256	12384134.0	166158.25	9.535	9.653051408105345
-2.016447432063299	-0.9999990668170157	0.10423262282024796	0.13312757072916256	12384134.0	104469.825	9.635000000000002	9.63532161188162
-2.1705921048455687	-0.9999988316878166	0.0830407116484674	0.11411003180131807	11248624.7	509866.05	9.15	9.161816184662294
-1.3027520101586707	-0.9999993462587923	0.025727652707966477	0.2717828138428967	17320610.833333332	82717.375	9.450000000000001	9.481454356110941
-1.3027520101586707	-0.99999926557488	0.0677960399468072	0.2717828138428967	17320610.833333332	334599.2083333333	9.51	9.548651783272664
-0.2370182299161011	-0.9999990056675024	0.029604711462047816	0.7889769049037265	11399244.0	83669.25	8.89	8.949625273548303
-0.2370182299161011	-0.9999989657041592	0.10554027848264272	0.7889769049037265	11399244.0	131950.625	8.915	8.953353389100178
-2.196397608517193	-0.9999989829669341	0.04455331397299379	0.11120303453911308	11087385.0	78922.725	9.11	9.114871000232432
-2.196397608517193	-0.9999988032471543	0.08965417358269838	0.11120303453911308	11087385.0	578884.25	9.120000000000001	9.125112655729692
-2.196397608517193	-0.9999989974707822	0.06558085511971674	0.11120303453911308	11087385.0	67198.925	9.155000000000001	9.161113806016079
-2.196397608517193	-0.9999989413748193	0.10354450200795771	0.11120303453911308	11087385.0	125163.6	9.17	9.192923704135119
-2.196397608517193	-0.9999989744664961	0.08101333910272505	0.11120303453911308	11087385.0	86722.9	9.195	9.20999046580823
