-1.8294829501183634	-0.9999990213630784	0.047989390420574235	0.16049653103762812	11900147.5	114223.8	10.86	10.863860443262611
-1.8294829501183634	-0.9999990124418682	0.08196063796377308	0.16049653103762812	11900147.5	127017.425	10.88	10.88276486252339
-1.8294829501183634	-0.999999022018968	0.08553635103739946	0.16049653103762812	11900147.5	113335.725	10.91	10.929257126708821
-1.8294829501183634	-0.9999990476502091	0.09425902486567042	0.16049653103762812	11900147.5	83540.85	10.88	10.883959662060096
-1.8294829501183634	-0.9999990241296514	0.09532517495846725	0.16049653103762812	11900147.5	110524.45	10.875	10.890235702803881
-1.7716054404602593	-0.9999990080537401	0.05008157803474513	0.17005974874745874	11808059.5	122143.55	10.75	10.852883960120609
-0.2485684179054614	-0.9999990086015342	0.11184863231969057	0.779916498756413	12430136.5	224855.625	11.07	11.097313972770365
-1.707298477484271	-0.9999990177531665	0.05185256699002463	0.18135506622246403	11911175.4	120536.275	10.700000000000001	10.7151953079633
-1.707298477484271	-0.9999990328162333	0.06178179062625782	0.18135506622246403	11911175.4	100738.725	10.754999999999999	10.770194601175714
-1.707298477484271	-0.9999990405128686	0.06486903532205571	0.18135506622246403	11911175.4	91914.0	10.79	10.809935078711757
-2.084710008513613	-0.9999989267198326	0.0568803228456495	0.12434317339963752	10779976.6	105865.6	10.67	10.707949843220005
-2.084710008513613	-0.9999989062798507	0.06975981353132767	0.12434317339963752	10779976.6	131962.1	10.69	10.69208306646378
-1.9290073827326644	-0.9999989908500235	0.03612659635223861	0.14529234662189114	11186274.6	79906.8	10.73	10.750649615810353
-1.9290073827326644	-0.9999988682217082	0.08820548739148101	0.14529234662189114	11186274.6	315016.275	10.74	10.748801341081364
-2.2044679537439396	-0.9999987807425387	0.0381444419454102	0.11030919929095552	9947941.0	185182.275	10.27	10.319856565939462
-0.7149918709787179	-0.9999988900830453	0.0674496823595607	0.48919608846558255	12277404.0	828107.0	10.870000000000001	10.877850415876658
-2.04972010007471	-0.9999989806557489	0.04931206496820787	0.12877094152097274	11337706.4	104507.725	10.51	10.535831145670832
-2.04972010007471	-0.9999989520357054	0.07313022762006491	0.12877094152097274	11337706.4	144567.9	10.504999999999999	10.677742077741135
-2.117363143388331	-0.9999988929316505	0.06474715287923488	0.12034855236245118	10674878.1	135647.15	10.700000000000001	10.84118461661689
