-0.2736466357566604	-0.9999992188940523	0.1729639223469953	0.7606007969048575	17819138.0	1108628.0	18.7	18.73218203484008
-0.2736466357566604	-0.9999992621546056	0.08623299012615201	0.7606007969048575	17819138.0	512864.5	18.689999999999998	18.708752191746377
-0.2736466357566604	-0.9999992710848321	0.09757039315237256	0.7606007969048575	17819138.0	437415.0	18.71	18.71547425246894
-2.219783808847535	-0.9999994240106047	0.017986110065223566	0.1086325916916656	20870486.3	166237.5	19.900000000000002	19.919215293862827
-0.7585193095121944	-0.999999417652524	0.29460042352324434	0.4683594091592768	25477167.666666668	2776117.5	18.740000000000002	18.99497355640768
-0.7585193095121944	-0.9999994049731677	0.46830200833136987	0.4683594091592768	25477167.666666668	3834686.0	19.205	19.352156021350822
-0.7585193095121944	-0.9999994193757574	0.43021455181888835	0.4683594091592768	25477167.666666668	2656874.0	19.490000000000002	19.60904298780539
-2.2549694073582107	-0.9999993416911941	0.19791408466034427	0.10487675214412018	21964683.3	1904145.5	20.0	20.159885620759233
-2.2549694073582107	-0.9999993497779746	0.23272877222544008	0.10487675214412018	21964683.3	1594260.0	20.225	20.34653114990259
-1.7370730290731247	-0.9999993679133663	0.034564237678849134	0.1760348963163395	19840440.777777776	279532.5	18.86	18.90805504549334
-2.001094530099354	-0.9999993396238601	0.0448107328243058	0.1351872357316108	19370583.6	359284.0	19.28	19.33536500743625
-2.001094530099354	-0.9999993205623807	0.08438865219429753	0.1351872357316108	19370583.6	519749.0	19.265	19.317917943769686
-2.141776530796034	-0.9999992924474204	0.1260924038027738	0.1174460111229221	19656829.1	1097164.0	19.77	20.001071921395074
-1.9450638671168032	-0.9999993824791913	0.05893580434659246	0.1429780914480154	22095392.3	842697.5	18.97	19.052284520302575
-1.9450638671168032	-0.9999993481098168	0.2537810272615244	0.1429780914480154	22095392.3	1800849.0	19.005000000000003	19.173287848760037
-1.9450638671168032	-0.9999993533947138	0.35445727858885134	0.1429780914480154	22095392.3	1602374.0	19.245	19.36070418394554
-1.5416446267411343	-0.9999993763988916	0.06392228196959904	0.21402881430459378	21249356.714285713	568707.0	19.28	19.352676054397897
-2.182005968086919	-0.9999993751872956	0.04772586125297837	0.1128150002198474	20712573.7	417265.0	19.7	19.751495893559227
-2.182005968086919	-0.9999992792362542	0.4624548048713602	0.1128150002198474	20712573.7	3044575.0	19.865000000000002	20.066649838789974
-1.8145072132959872	-0.9999992842460477	0.2419807015278301	0.1629181725212849	20367616.8	2144038.5	18.81	19.183220834683873
-2.0517969618739778	-0.9999992839506223	0.11943542293726188	0.1285037795968996	19221900.4	949631.0	19.18	19.430565217100657
-2.098385424872808	-0.9999992758966831	0.19551671464872972	0.122654303055085	19770819.3	1649718.5	19.740000000000002	19.76630671790543
-2.098385424872808	-0.9999993021945208	0.16391006125964327	0.122654303055085	19770819.3	980860.0	19.745	19.79023202101962
-2.098385424872808	-0.9999993363473618	0.12738168084701715	0.122654303055085	19770819.3	499296.0	19.75	19.75544153423655
-1.050808939069833	-0.9999994474831294	0.09098319508320339	0.3496547852595779	24847493.5	916812.5	19.650000000000002	19.703648922367798
-1.050808939069833	-0.9999994581413106	0.09568145858243862	0.3496547852595779	24847493.5	703504.0	19.555	19.608637264886415
