-2.2309153166683995	-0.999999548399258	0.013030410630284655	0.10743005260153175	26841133.1	183775.5	30.990000000000002	31.44625391375713
-2.275260401262116	-0.9999994922723767	0.11365942538937283	0.10277014347555416	28218233.5	1668067.0	31.51	31.92802614726938
-2.317110122136894	-0.9999995348306652	0.06097699319990165	0.09855799502023051	29661001.5	982040.0	32.45	33.47706713275407
-1.5010245400418178	-0.999999314335145	0.0832807846277882	0.2229016714327264	19824812.666666668	800647.5	35.93	36.343834712874404
-1.5010245400418178	-0.9999992917409036	0.14432199296068465	0.2229016714327264	19824812.666666668	1253065.0	36.39	36.43726846623643
-2.1301805044853466	-0.9999994374548163	0.161906777619597	0.11881584512369692	25888938.0	2113164.0	31.36	31.510365660166148
-2.1301805044853466	-0.9999995115531359	0.040600735852317084	0.11881584512369692	25888938.0	310322.5	31.765	31.87011166994253
-0.3005950954620348	-0.9999992852469431	0.09930230062755181	0.7403774942705477	19322510.0	995322.5	37.69	37.87736660829895
-0.3005950954620348	-0.9999993408723478	0.06173091515866875	0.7403774942705477	19322510.0	339761.0	38.045	38.1153808170212
-1.3330552677620293	-0.999999360859449	0.032003965636195786	0.2636704455962019	20993554.6	671877.0	35.68	35.72103680592384
