-1.318699868145857	-0.9999995042287237	0.05605642508232197	0.26748283895430214	27301018.8	755443.0	33.4	33.48367720997943
-1.318699868145857	-0.9999994876729336	0.16310733465640417	0.26748283895430214	27301018.8	1187131.0	33.49	33.73505486285106
-1.318699868145857	-0.9999995139491094	0.198169903699665	0.26748283895430214	27301018.8	579362.0	33.65	33.71192070296097
-0.29360565579952247	-0.9999995355719064	0.16794135521406067	0.745570444861045	31958188.5	2792032.0	32.3	32.418603801284746
-2.4579753358405383	-0.9999994144698552	0.02045358595784081	0.0856081032790001	21155197.3	239666.0	34.6	34.61651460519909
-2.4579753358405383	-0.9999993816958693	0.07466306928379873	0.0856081032790001	21155197.3	479425.5	34.535000000000004	34.67435637256492
-1.7342883517416496	-0.9999994253823195	0.04724486690480515	0.17652577986058912	22998371.125	548679.0	33.65	34.18593925918517
-2.2204971080332725	-0.9999992781245604	0.3141340525356682	0.10855513178179695	20871194.6	3493457.5	34.82	35.36211866565796
-2.424839135982627	-0.9999994173943393	0.05039862189619717	0.08849235313261182	22608802.0	525452.0	34.69	35.04846816507843
-2.3517766444657466	-0.9999994029270605	0.05574364771806665	0.09519987554693683	23597917.5	1315434.0	35.120000000000005	35.124944016008314
-2.2675408249763453	-0.9999993910783509	0.07579845208951283	0.10356655546459687	23206515.3	1370860.0	36.08	36.39377252712531
-2.2675408249763453	-0.9999994218564119	0.09869664755776442	0.10356655546459687	23206515.3	671115.5	36.5	36.79556525409095
-0.7961913864715021	-0.9999995450938669	0.05808954173222043	0.45104354750887615	30583602.0	1102033.0	32.49	32.571005819374015
-0.7961913864715021	-0.9999995305515488	0.19785778122713488	0.45104354750887615	30583602.0	1719293.5	33.055	33.34903517198549
