-1.9405871733520765	-0.9999994965115001	0.08419385677619683	0.1436195954155457	28624306.0	1815748.5	24.85	24.92495208555912
-1.9405871733520765	-0.9999995186030425	0.12445385214359539	0.1436195954155457	28624306.0	964777.5	24.935000000000002	25.063864999147214
-1.6957512246419146	-0.9999995650503354	0.1046110515554605	0.18346135655571882	32899224.25	1638851.0	24.98	25.26669859448778
-1.6957512246419146	-0.9999995529924198	0.1766562814298765	0.18346135655571882	32899224.25	2436814.5	25.35	25.411995373404526
-2.0611512779862395	-0.9999994856339003	0.266063168874703	0.12730731937897533	29405798.0	3705561.5	25.2	25.697279984798982
-2.245983342531059	-0.9999995471843044	0.10483628761754402	0.10582342851508418	31430697.5	1517102.0	23.77	24.155644924780564
-2.245983342531059	-0.9999996033839734	0.03266017116148633	0.10582342851508418	31430697.5	259345.0	23.965	24.014776360412895
-2.245983342531059	-0.9999995578705246	0.1607934981053036	0.10582342851508418	31430697.5	1084291.0	23.955	24.06349018268513
-0.28693724989440056	-0.9999996092924426	0.10765349264420973	0.7505588250049354	39034623.0	4202213.5	25.8	25.834063336818534
-1.0822795655202129	-0.9999995832691884	0.1948916267168339	0.3388222770641057	36062345.75	3362819.5	25.560000000000002	26.406149200742853
-2.0039606184622722	-0.9999995376605225	0.015729923117329344	0.13480033188362409	27446085.6	324294.0	24.73	24.741845377120548
-2.0039606184622722	-0.9999994915497381	0.09877338229950142	0.13480033188362409	27446085.6	1149650.5	25.009999999999998	25.019654243145368
-1.2941767884696616	-0.9999995750165652	0.14037421146846396	0.27412343304414233	34494121.8	2325463.5	25.7	25.968671324347408
-1.8695500644126057	-0.9999995767905113	0.031923981809343284	0.15419302313833524	30839128.5	465752.5	24.55	24.796323221132305
-1.8695500644126057	-0.9999995946548642	0.020332826469336936	0.15419302313833524	30839128.5	268468.0	24.55	24.725090053614235
