-1.7413009195908609	-0.9999996038851532	0.017087353940017872	0.17529221114949506	31997543.125	319559.5	32.4	32.83755297783448
-1.8362622229683503	-0.9999995551200374	0.08744915514837338	0.15941216103530761	32145020.555555556	1624442.0	33.25	33.741728168994676
-1.8362622229683503	-0.9999995641206604	0.16473329272101367	0.15941216103530761	32145020.555555556	1216331.0	34.285000000000004	34.6187283204196
-2.2768186513882913	-0.999999468131549	0.13964778701333463	0.1026101265920594	27407715.3	2142103.0	37.7	38.56599186046675
-2.2768186513882913	-0.9999994935772529	0.15954882346905222	0.1026101265920594	27407715.3	1066496.5	38.825	38.882337738175345
-1.995220470986147	-0.9999995751483223	0.014797563218971974	0.13598367040778142	29243763.4	248763.5	35.1	35.133934062218046
-1.995220470986147	-0.9999995578233323	0.06101850528736748	0.13598367040778142	29243763.4	412878.0	35.2	35.32381133883637
-1.995220470986147	-0.9999995492610635	0.16727025585082958	0.13598367040778142	29243763.4	530354.5	35.38	35.39206209417155
-1.6285586910986343	-0.9999995461481072	0.1363707205472919	0.19621217277318959	32526761.42857143	2577503.5	32.21	33.4782484006014
-1.6285586910986343	-0.999999635827996	0.013418714250481079	0.19621217277318959	32526761.42857143	139431.5	33.575	33.621556374949726
-0.8041928870175843	-0.9999995327996466	0.08759487380055522	0.44744892269189945	30561932.333333332	1588888.0	35.26	35.651698805753576
-2.1780079281718763	-0.9999995209548805	0.07451909817034431	0.1132669419322462	29211865.3	1195172.0	36.9	37.04111518474657
-2.1780079281718763	-0.999999497204207	0.3258210753158871	0.1132669419322462	29211865.3	2391909.5	37.615	38.05646714514294
-2.0620648208992325	-0.9999995404806545	0.025008206276534443	0.1271910717862515	28084015.6	402377.5	35.800000000000004	35.82479114080305
-2.2294121427027425	-0.9999994816777602	0.14488760816418056	0.10759166009138739	28215761.8	2246438.0	38.25	38.90321360208874
