-0.7640718713278141	-0.9999996465225831	0.13154102351264962	0.46576602122444904	41737490.666666664	2554226.5	19.82	20.10984400897637
-0.7640718713278141	-0.999999641342217	0.24843678711071226	0.46576602122444904	41737490.666666664	3170740.0	19.990000000000002	20.34371505194521
-0.7640718713278141	-0.9999996802282874	0.0869716659717929	0.46576602122444904	41737490.666666664	625600.5	20.44	20.62654756936862
-1.969494841425118	-0.9999998684586089	0.000531187347043154	0.13952732183845248	74649774.1	18388.5	20.7	20.884146945030093
-0.27682909433091646	-0.9999996559131445	0.020284561907965917	0.7581840639930808	37957520.0	470091.0	19.89	20.133751161258687
-2.205435939567381	-0.9999997823954803	0.03742502628799508	0.11020247321284549	63941144.1	1103371.5	20.150000000000002	20.178356488664587
-2.205435939567381	-0.9999997867034682	0.04818209702791354	0.11020247321284549	63941144.1	837706.5	20.04	20.139071276963474
-2.241980225045748	-0.9999997569523501	0.1849530056840521	0.10624790117224048	63863428.8	5508793.0	20.23	20.45062697510122
-2.241980225045748	-0.9999997776297087	0.08521667314117791	0.10624790117224048	63863428.8	1470817.0	20.14	20.25801372096655
-2.241980225045748	-0.9999997754785983	0.1562451315500152	0.10624790117224048	63863428.8	1687411.0	20.475	20.498131672841247
-1.2658281460556642	-0.9999997493419669	0.16357544144904085	0.28200565753746787	61085967.2	4464591.0	22.150000000000002	22.524061647064418
-1.056129891607509	-0.9999997048448707	0.07658997636659791	0.3477992297819089	48634011.0	1714406.0	20.86	21.13113559434184
-1.056129891607509	-0.9999996934025586	0.20903361021510336	0.3477992297819089	48634011.0	2990834.5	21.23	21.52627472047325
-1.056129891607509	-0.9999997210373565	0.08246418112883762	0.3477992297819089	48634011.0	780017.0	21.825	22.163199031937427
-1.7563738643418292	-0.9999997677137866	0.07405367940601013	0.17266985430387286	66328358.55555555	4911859.0	22.580000000000002	22.650368962748257
-2.3395951184597337	-0.9999997227188053	0.06385990880619087	0.09636664740954541	51429834.0	1560513.0	19.580000000000002	19.692813915075526
-2.3395951184597337	-0.9999997190912988	0.1332566372923026	0.09636664740954541	51429834.0	1880573.5	19.605	19.73947824040125
-2.122873962518498	-0.9999997834735086	0.08651233129010294	0.11968715734579113	68565959.1	2803407.5	20.02	20.328529170716532
-1.55408578455964	-0.9999997700294917	0.09370757226589761	0.21138254351729593	64478400.71428572	2752803.0	21.98	22.424981658303818
-1.55408578455964	-0.9999997632235419	0.1425016606510286	0.21138254351729593	64478400.71428572	4269328.5	23.005000000000003	23.06064845685238
