-2.257683816228215	-0.9999992159411902	0.1439341756466592	0.10459245977526269	18896665.7	2719876.0	18.38	18.388452535915867
-2.3484114180754867	-0.9999991780538561	0.11215637519996136	0.09552078434300074	16589107.4	835137.5	18.25	18.25615424490696
-2.375200404062457	-0.9999991370733531	0.19911087185305684	0.09299585059684766	16998296.8	2346142.0	18.3	18.3789042067353
-2.375200404062457	-0.9999991522312057	0.33511955235986746	0.09299585059684766	16998296.8	1813238.5	18.22	18.474457016551646
-2.375200404062457	-0.9999991450661009	0.6049622909685092	0.09299585059684766	16998296.8	2048093.0	18.55	18.601081029679342
-1.9528923744572226	-0.9999995790927949	0.05964673292734047	0.1418631562429242	32441050.7	851428.5	18.72	18.89947820273042
-0.7656081095200846	-0.9999997979376036	0.0031915532476754923	0.46505104300302136	58183448.333333336	127603.0	20.0	20.046825780588005
-2.104479950795713	-0.9999994464208508	0.11260293995598458	0.12190905649453931	25386843.9	1268856.5	19.11	19.153999046685374
-1.2636988725223477	-0.9999997386516197	0.02339309145536165	0.2826067644537231	51034705.4	620224.0	20.150000000000002	20.25022498491159
-0.2771306198040915	-0.9999998260653324	0.004527976812195028	0.7579554866471095	69550799.5	179385.0	20.09	20.229100077794413
-0.2771306198040915	-0.9999997860114712	0.14362269781469686	0.7579554866471095	69550799.5	2908281.5	20.0	20.029583955739913
-2.058395333089559	-0.9999995531161575	0.015299288291115872	0.12765865524489814	27179426.6	188347.0	18.97	19.162463881591364
-1.5481910020158127	-0.9999996916489935	0.04676252036088859	0.2126322774810094	45584351.71428572	1271846.0	19.96	19.98110898438024
-1.5481910020158127	-0.9999996791651342	0.18634606937008721	0.2126322774810094	45584351.71428572	2246870.5	20.22	20.258105189592985
-1.5481910020158127	-0.9999996771613593	0.3807033429030003	0.2126322774810094	45584351.71428572	2461766.5	20.335	20.33639997747927
-1.4214354433708638	-0.9999996871706451	0.042494319070483906	0.24136729902030987	46328392.666666664	1968693.5	19.830000000000002	19.83585974698499
-1.0569971620993721	-0.9999997406425887	0.06595573820744932	0.3474977245350266	55733104.75	1895121.0	19.6	19.871546016277815
-1.0569971620993721	-0.9999997233838664	0.34506859244564025	0.3474977245350266	55733104.75	4958807.0	19.69	20.07793217433743
-1.0569971620993721	-0.9999997794278286	0.034533851562680525	0.3474977245350266	55733104.75	218200.0	20.095	20.144336291893342
