-1.7356760801339315	-0.9999990677911936	0.36883548506301944	0.17628097992110625	15735433.2	2347142.0	12.86	13.117452476508907
-1.7356760801339315	-0.9999990536885579	0.5587703335806533	0.17628097992110625	15735433.2	2930314.0	13.184999999999999	13.228487735026642
-1.7356760801339315	-0.999999081349991	0.7197046844143467	0.17628097992110625	15735433.2	1896186.5	13.3	13.307247733552027
-2.0553288041818965	-0.9999994612999193	0.3559013440076268	0.12805072504096282	28537818.1	4748430.5	14.75	15.132689934735323
-2.0553288041818965	-0.9999994812251455	0.2998066596433856	0.12805072504096282	28537818.1	2689059.5	15.565000000000001	15.703051919986043
-2.0553288041818965	-0.9999995531224077	0.08107594976951497	0.12805072504096282	28537818.1	345555.5	15.585	15.599340888681791
-1.6614384984885429	-0.99999913867716	0.014412191487614858	0.1898656620969305	14197840.777777778	204622.0	12.71	12.761338162677223
-2.231879911401887	-0.9999995985218343	0.06580738559646777	0.10732647610127836	34365346.1	981596.0	14.370000000000001	14.528632872428561
-2.231879911401887	-0.9999995946818078	0.09635033597976103	0.10732647610127836	34365346.1	1120067.0	14.375	14.686789466931264
-2.231879911401887	-0.9999995852356635	0.3075465863212786	0.10732647610127836	34365346.1	1549618.5	14.790000000000001	14.963775929396096
-1.9163937546794572	-0.9999993256975378	0.20974831285840242	0.14713661726064547	21568687.4	2071572.5	13.98	14.372016316318927
-1.9163937546794572	-0.9999993495359881	0.18964231297334305	0.14713661726064547	21568687.4	1238800.5	14.375	14.479487569253596
-2.201571925033447	-0.9999995968106092	0.07068195578856577	0.1106291209266565	34553395.1	1123053.0	14.72	15.001124825938533
-2.1686104842952085	-0.999999572382365	0.1491875808183421	0.11433637877817955	34359997.6	2404711.5	14.700000000000001	14.934272602403619
-1.0066479226035374	-0.9999990571733158	0.1876490777623935	0.36544191832786765	14839326.75	1191725.0	12.99	13.041036805958703
-1.0066479226035374	-0.9999990692313698	0.20444734099837278	0.36544191832786765	14839326.75	996474.5	12.945	12.973817445865144
-1.5756221796736165	-0.9999989841956005	0.2919409603867409	0.2068787968483738	14100335.875	1661419.0	12.8	12.993268238417114
-1.5756221796736165	-0.9999989998557096	0.271695575508198	0.2068787968483738	14100335.875	1332236.5	13.055	13.107187265185189
-0.2548795691964595	-0.9999985269902814	0.23921823729463854	0.7750098273973639	9383380.5	1006319.0	12.6	12.658697696875807
-1.8023912511990845	-0.9999991698226414	0.2740033096998609	0.16490408927676875	17521419.6	2075858.5	13.35	13.523792528707524
-1.8023912511990845	-0.9999992376579273	0.11246339693188105	0.16490408927676875	17521419.6	632423.0	13.515	13.527500090972945
-1.4751380778266479	-0.999999032126176	0.07219331206677726	0.2287471399565973	13327691.285714285	400120.5	12.66	12.743067850118367
-1.4751380778266479	-0.9999989989899091	0.13841765621846688	0.2287471399565973	13327691.285714285	622284.0	12.695	12.856549156570363
-0.7259090620485966	-0.999998956396038	0.3671676572408422	0.48388448793130756	13943847.666666666	2088286.0	12.5	12.702145900010475
-0.7259090620485966	-0.9999989220729911	0.6595750843773883	0.48388448793130756	13943847.666666666	3370089.0	12.81	12.931414857621574
-1.8619242861079934	-0.9999992730298567	0.24647815586002433	0.155373359721506	20016210.8	2086893.5	13.48	13.664838835745103
-1.8619242861079934	-0.9999992580970742	0.4249220218574069	0.155373359721506	20016210.8	2813908.5	13.735	13.909722166704881
-1.8619242861079934	-0.9999993064126927	0.34303193289597955	0.155373359721506	20016210.8	1069807.0	13.995000000000001	14.00807272728617
-2.2612847537384173	-0.9999995813201519	0.06595680963153788	0.10421650616254792	32937684.0	975147.0	14.89	14.97936493215977
