-1.8525745277661083	-0.999999447235387	0.0354979113808579	0.15683287551534167	23748715.3	502548.5	23.400000000000002	23.461043956612052
-1.8525745277661083	-0.999999402268686	0.17811950103782126	0.15683287551534167	23748715.3	1462050.0	23.22	23.382979470259155
-2.142644542304683	-0.9999994305981155	0.013198035956781949	0.11734411086531861	20783169.4	137856.5	23.31	23.456091067147792
-2.186363179158254	-0.9999992475543364	0.17793742387415057	0.11232451081082502	20051254.1	3567868.5	23.28	23.311192690656586
-1.681073825649751	-0.9999994511799403	0.050437923740646824	0.1861739502990989	24802396.25	815903.5	22.85	23.019145260612785
-2.227356099585809	-0.9999992836883765	0.19466541919957203	0.10781310075132186	20234516.7	1971330.0	23.43	23.65351452247163
-2.095094903619363	-0.9999993812016121	0.068495767504906	0.12305856439661973	21813082.7	727885.5	22.71	22.818158878575673
-2.095094903619363	-0.9999993292915771	0.34862151446326217	0.12305856439661973	21813082.7	2258514.5	23.115000000000002	23.337405263120903
-1.0728186766674128	-0.9999994689432599	0.20259312928213682	0.3420430486253309	28511290.0	3764450.5	23.6	24.023473401863914
-2.2654120479454356	-0.9999993902022136	0.02919465958508546	0.10378726040149326	20937052.8	350587.5	23.75	23.84661816893436
-2.2654120479454356	-0.9999993371429017	0.16629865994492146	0.10378726040149326	20937052.8	1064774.0	24.04	24.15558651388453
-2.2654120479454356	-0.999999400162751	0.10006365029054355	0.10378726040149326	20937052.8	284594.5	24.090000000000003	24.131954583994208
-2.0435125211354603	-0.9999993924756113	0.03217067190664598	0.12957278347932344	22185532.9	713723.5	22.56	22.6025363424128
-0.7763285411277954	-0.9999994999335658	0.045666512832780996	0.46009212347423245	27281368.666666668	841125.0	23.25	23.48440335832883
-0.7763285411277954	-0.9999994830632281	0.23267951562917466	0.46009212347423245	27281368.666666668	1332732.5	23.340000000000003	23.539333849710644
