-2.229879358227057	-0.9999986764496144	0.395325901159464	0.10754140333878769	10962097.0	2000459.0	11.620000000000001	11.83996105792672
-2.229879358227057	-0.999998648281258	0.855664456059791	0.10754140333878769	10962097.0	2724162.5	11.89	12.014875072557631
-2.229879358227057	-0.9999987554535333	0.44300178298355036	0.10754140333878769	10962097.0	841413.0	12.08	12.113216072163887
-1.7980072306191033	-0.9999992669988782	0.08437698737124225	0.16562861921452715	19529252.6	1647819.5	11.8	11.813429863507718
-0.730462247889223	-0.999999505094541	0.17482827924033753	0.48168628015430015	29575949.666666668	2274563.0	13.32	13.668129073814782
-1.6602608732234896	-0.9999993777158825	0.07996394800804475	0.19008938440224665	21791102.444444444	774719.0	11.66	11.683566456741229
-2.110627014848813	-0.9999987033911377	0.2397094591342501	0.1211619722554168	10806069.2	1216203.0	11.57	11.671015578704457
-1.7336961413782435	-0.9999994074095594	0.02251116939174862	0.1766303512178955	20653578.6	206717.5	11.93	11.995542220573423
-0.2560107621517483	-0.9999995008857334	0.15997724925709172	0.7741336374037374	28947841.5	1882818.0	13.11	13.17874588104705
-2.2027099764610973	-0.9999986424463665	0.15822212744451317	0.11050329091174113	9954998.2	740027.5	11.46	11.54486712680487
-2.173868536739219	-0.9999987209107359	0.09476334914422475	0.1137367698712989	10179415.9	451522.0	11.51	11.513323683442742
-2.173868536739219	-0.9999987095762305	0.1799890616178008	0.1137367698712989	10179415.9	506742.5	11.49	11.552694021506413
-1.9559183027004423	-0.9999990532760095	0.1483911289463226	0.14143453732386768	14514198.6	928141.0	11.44	11.542604526333529
-1.478131838711906	-0.9999994511210998	0.06800062234485904	0.22806334977923542	24608893.85714286	734761.5	11.88	11.98675931846724
-2.0385594884754474	-0.9999988761544331	0.10737230648576145	0.13021615370933487	11814490.8	584003.0	11.48	11.686113183266546
