-1.9198570346976789	-0.9999994361368161	0.0597158345164609	0.14662792333734045	23667313.7	624761.5	11.85	11.99217104257917
-1.9198570346976789	-0.9999993915864543	0.24448692101096972	0.14662792333734045	23667313.7	1793202.5	12.145	12.208518280946253
-1.9198570346976789	-0.9999993945559703	0.4137365007334872	0.14662792333734045	23667313.7	1671502.0	12.215	12.321495911387672
-1.967717144343629	-0.99999943346572	0.04593591166910247	0.13977557974957588	23040149.9	466509.0	12.35	12.375825068662298
-1.7477077168981747	-0.9999994856082456	0.12409442991679565	0.17417273942656783	27840545.0	1657707.5	11.1	11.44361809247491
-1.7477077168981747	-0.9999994837360732	0.21472810381720092	0.17417273942656783	27840545.0	1746402.5	11.530000000000001	11.901405409339418
-1.7477077168981747	-0.9999994840894763	0.40302768106011067	0.17417273942656783	27840545.0	1729304.0	12.030000000000001	12.139428356819463
-1.5928668691697083	-0.9999995086687599	0.09048912858165332	0.20334182091082034	28634849.5	1288765.5	11.8	11.8344471018248
-1.5928668691697083	-0.9999995298637134	0.0853574884186182	0.20334182091082034	28634849.5	702415.5	11.93	12.269697204378469
-1.4968477668322993	-0.999999559277772	0.01785349301375145	0.22383462818037886	28277404.57142857	258455.0	12.700000000000001	12.741532139221917
-1.8687988012626269	-0.9999994818834393	0.05891023828348418	0.15430890619848903	25971921.9	698354.0	11.47	11.78321647720789
-1.8687988012626269	-0.9999994688190604	0.12015803870105739	0.15430890619848903	25971921.9	980471.5	11.805	11.998379881226723
-2.2083936138406908	-0.9999992307994127	0.19335721796465952	0.1098770117347461	18467056.9	1476035.5	10.0	10.130014208851415
-2.2083936138406908	-0.9999992225730778	0.2819079219598159	0.1098770117347461	18467056.9	1718198.0	10.245000000000001	10.328066222257162
-2.2083936138406908	-0.9999992865626225	0.1576908347843778	0.1098770117347461	18467056.9	527069.0	10.41	10.432815705639413
-2.0116291524392778	-0.999999439981057	0.06212689735692226	0.13377056440830531	23776958.9	606552.0	11.870000000000001	11.956113404391132
-2.1823526417037162	-0.9999993033149741	0.05218554232652651	0.11277589701410862	18469191.5	387397.5	10.06	10.249585391512861
-1.676693294182255	-0.999999533030069	0.029842326199363757	0.18699128000908735	27632156.333333332	401669.0	12.23	12.37395944866316
