-1.6987065518657112	-0.9999993372692572	0.025177750796737917	0.18291996859749915	18459727.4	205628.0	10.450000000000001	10.511776207682226
-1.6987065518657112	-0.9999993272182416	0.048234522632662764	0.18291996859749915	18459727.4	247549.0	10.57	10.582626362391155
-1.5394433237751235	-0.9999993686212244	0.03931255757713551	0.2145004755124801	20210765.875	348239.5	11.0	11.145754236016064
-1.5394433237751235	-0.9999993767952332	0.05076481909132762	0.2145004755124801	20210765.875	295210.0	11.125	11.237830845796275
-2.23248402002098	-0.9999993422577261	0.10602259656530524	0.10726165883231527	20706149.0	821846.0	11.15	11.225783349937595
-2.23248402002098	-0.9999992862977968	0.35069135098439874	0.10726165883231527	20706149.0	2618268.5	11.254999999999999	11.443644308912337
-2.2579281128219746	-0.9999993165559968	0.24345029767756185	0.10456691131443466	21299928.8	2099706.5	11.58	11.745527077373213
-2.082896196106068	-0.9999993340018941	0.06840500095223023	0.12456891325332835	19841748.5	548293.0	11.38	11.394651589817538
-2.082896196106068	-0.9999992557751456	0.2637627232174332	0.12456891325332835	19841748.5	2588844.0	11.35	11.35900951880993
-1.3181429595542542	-0.9999992085394397	0.20387360369350685	0.2676318439326473	17975752.166666668	1509212.0	10.41	10.84885581832588
-1.3181429595542542	-0.9999992449726397	0.13768891873912967	0.2676318439326473	17975752.166666668	784015.0	10.825	10.857474441187149
-1.3181429595542542	-0.9999991584318071	1.0996318128171647	0.2676318439326473	17975752.166666668	3714746.5	10.870000000000001	11.107243330350327
-1.9224589190877885	-0.9999992270247313	0.18661462290477648	0.14624691032331016	19104963.7	2591284.0	10.950000000000001	11.025513557730521
-1.9224589190877885	-0.9999992282879434	0.46509461892934606	0.14624691032331016	19104963.7	2529495.5	11.030000000000001	11.145806555936101
-0.9805173980766148	-0.9999992393267525	0.031295603099534414	0.37511696383759385	16150524.5	216483.0	10.65	10.662078311107544
-1.7626400518473424	-0.9999992444755215	0.23141732048164296	0.1715912555006994	19134192.1	1898073.5	10.700000000000001	11.068824427709659
-1.1740634938451848	-0.9999991399174447	0.1257150927766105	0.30910832602938876	15835501.6	822281.0	10.290000000000001	10.42919190251975
-1.1740634938451848	-0.999999195498785	0.0594680412389831	0.30910832602938876	15835501.6	341013.5	10.165	10.20071210685535
-1.9667604681475026	-0.9999993138584657	0.21451196694038227	0.1399093637032805	21027057.8	1844165.0	11.22	11.351898831625805
-0.7047633706149938	-0.9999991978979392	0.09446157737823101	0.4942255086987112	16644345.0	628104.5	10.07	10.115625023516259
-0.7047633706149938	-0.999999144378238	0.23875427560724152	0.4942255086987112	16644345.0	1530742.0	10.190000000000001	10.400770671382304
-0.7047633706149938	-0.9999992132790733	0.21996222659519124	0.4942255086987112	16644345.0	486237.5	10.48	10.487934887496055
-1.4380338620460045	-0.9999993092255723	0.13101541009640166	0.23739404958673274	20562693.42857143	1475020.0	11.18	11.180986938364946
-2.14812114403443	-0.999999409736711	0.024065958647954116	0.11670322045739656	20611335.8	192165.0	11.200000000000001	11.208543163087286
-2.14812114403443	-0.9999993318356748	0.13756284124262436	0.11670322045739656	20611335.8	957191.0	11.18	11.276189775477029
-2.14812114403443	-0.9999993819239835	0.09214237823684267	0.11670322045739656	20611335.8	340908.5	11.285	11.312023190550047
