-2.0696388967635464	-0.9999982293547753	0.19831080255612563	0.1262313560272292	7792774.1	982875.0	12.49	12.497242082246805
-2.0316970096633495	-0.999996600060325	1.4794090455964322	0.13111283250579459	4501309.6	4431199.5	12.0	12.377727657563906
-2.0316970096633495	-0.9999970046332581	1.1290952328848214	0.13111283250579459	4501309.6	717172.5	12.205	12.350996801666312
-2.1722934061163457	-0.9999993030131213	0.09657322957650018	0.11391606130711626	19890158.0	1048822.0	12.92	13.074840372239077
-2.1722934061163457	-0.9999992937435289	0.16874165622087312	0.11391606130711626	19890158.0	1261172.0	13.01	13.020838210306296
-2.1050165624710284	-0.9999989036126188	0.31566530964201267	0.1218436562203423	13441049.6	2512017.5	12.8	13.0649382947324
-2.1050165624710284	-0.9999988845195628	1.1093639600117533	0.1218436562203423	13441049.6	3246953.0	13.125	13.371665074501145
-2.1050165624710284	-0.999998969559218	0.60129811017076	0.1218436562203423	13441049.6	1035303.0	13.385000000000002	13.510477321698897
-1.1933810962833953	-0.9999993563076859	0.1280154406758227	0.3031943996234578	22582936.0	2056388.5	11.85	11.86529440200737
-1.1933810962833953	-0.9999993796365859	0.16156428958400074	0.3031943996234578	22582936.0	1214237.0	11.925	11.956155926754422
-1.3419792885517616	-0.9999993691232805	0.09884619442517703	0.26132791300904323	21774287.333333332	924390.5	11.71	11.775417307688597
-1.3419792885517616	-0.9999993326810966	0.19420602574488052	0.26132791300904323	21774287.333333332	2043946.5	11.855	11.877007637540368
