-2.0208338128698156	-0.9999996154961558	0.028132772696650113	0.13254490134722402	34031614.1	481800.0	21.8	21.85318908924836
-1.6614515825647813	-0.999999439844883	0.09972559353369868	0.18986317789638438	24882512.375	1130381.5	20.400000000000002	20.616957946820893
-1.6614515825647813	-0.9999994810156134	0.035475608694132306	0.18986317789638438	24882512.375	405807.0	20.54	20.587468562315593
-0.2815106896958636	-0.9999992592014877	0.11641721202671837	0.754642848729627	18566905.5	940658.0	22.0	22.072666177230627
-2.346417886943204	-0.999999620409658	0.036633551155160406	0.0957113979343053	35591609.5	736916.5	22.3	22.37956626469849
-2.404677702350738	-0.9999995643160384	0.0738445443796937	0.09029459265553161	32319436.5	1304146.5	22.2	22.403449521588506
-1.8295975624243073	-0.9999994892949862	0.19986727365366028	0.16047813721420925	28940431.9	2623509.0	21.02	21.18593408699162
-1.8295975624243073	-0.999999475315108	0.45871590459135914	0.16047813721420925	28940431.9	3931797.0	21.689999999999998	22.037356927296155
-1.8295975624243073	-0.9999994869407254	0.5613811953792754	0.16047813721420925	28940431.9	2808487.5	22.17	22.196098780881574
-2.120104717271494	-0.9999995775350475	0.19678704089040647	0.12001905978491892	35790401.4	3686507.0	21.990000000000002	22.305669202257196
-2.120104717271494	-0.9999996213848859	0.07993950648833684	0.12001905978491892	35790401.4	767417.0	22.05	22.18705811829693
-1.555942719081466	-0.9999994272284036	0.16561069259911076	0.21099038419470648	25165985.85714286	1820026.0	19.75	19.961295271700582
-1.555942719081466	-0.9999994402463434	0.17686515670454225	0.21099038419470648	25165985.85714286	1311591.5	20.025	20.143810560157416
-1.555942719081466	-0.9999994398936606	0.28376894955212684	0.21099038419470648	25165985.85714286	1323284.5	20.22	20.32051088561276
-2.3764400116602227	-0.9999996181621236	0.01805016129253112	0.09288064365434023	33305816.2	333507.0	22.42	22.582714973617513
-2.3764400116602227	-0.9999996228934145	0.034461128780104024	0.09288064365434023	33305816.2	284884.5	22.185000000000002	22.21412443548767
-1.9637898077364122	-0.9999995656184612	0.1714640843444338	0.14032560486063397	34196443.7	2825804.0	21.93	22.284207996955974
-2.2049469377602233	-0.9999996133549136	0.16762716947811507	0.11025637559950797	38979210.8	3509977.0	22.23	22.78131436904021
-2.2049469377602233	-0.9999996293544389	0.18590478487558526	0.11025637559950797	38979210.8	1881295.0	23.055	23.24384972437565
-2.2049469377602233	-0.9999996223083926	0.45013241458547015	0.11025637559950797	38979210.8	2475914.5	23.22	23.332660470270376
-2.2802978368948637	-0.9999996980789099	0.011679749597934526	0.10225374724121851	41256329.7	256825.5	23.32	23.361344749532954
-2.2802978368948637	-0.9999996470667251	0.19047270174329894	0.10225374724121851	41256329.7	2106906.0	23.2	23.458935921029283
-1.4309988546593606	-0.9999994279293153	0.07147366835923538	0.2390700067525346	25176985.333333332	1799491.5	19.55	19.559283798327918
-2.1642103641411103	-0.9999996015168124	0.08757643553354962	0.11484058104457466	35949886.0	1665148.0	22.2	22.33702921613485
-2.1642103641411103	-0.9999995988645902	0.1922257183696126	0.11484058104457466	35949886.0	1831730.5	22.09	22.32648916645701
