-1.5581043146478804	-0.9999978790378122	0.09661875113379394	0.2105348008864974	5754688.857142857	199880.0	21.27	21.44815708193363
-2.0225709276999226	-0.999997815384376	0.22155586892046242	0.13231485549931388	6010517.2	504169.5	21.35	21.4865992791217
-2.2066506356999613	-0.9999989822006031	0.0035034556802375333	0.11006869196306573	9461302.9	15209.0	22.72	22.748182827431776
-2.2066506356999613	-0.9999986479631827	0.10163234084022058	0.11006869196306573	9461302.9	359341.0	22.675	22.67764251230728
-2.2066506356999613	-0.9999986294859982	0.2642603044205403	0.11006869196306573	9461302.9	427986.0	22.66	22.698404898428162
-1.9044449863916895	-0.999998077991205	0.06081950327359375	0.14890526413993282	6175301.2	142768.0	20.45	20.574194128216263
-2.3159669619868444	-0.9999988825352825	0.04218436961088496	0.0986707270156922	10847916.3	183902.0	24.0	24.23709369067874
-2.1209233169571946	-0.9999983368039802	0.20337146788502156	0.11992085242204326	7963821.2	565459.5	21.52	21.564890144490366
-2.1209233169571946	-0.9999981539564682	0.7689764100007016	0.11992085242204326	7963821.2	2425529.0	21.61	21.926579916058444
-2.1209233169571946	-0.9999981927853209	1.2713624357043547	0.11992085242204326	7963821.2	1780374.0	22.185000000000002	22.419110553503863
-2.40736387176942	-0.9999989426443378	0.04931105739907611	0.09005237155117522	11704171.0	236917.5	23.56	23.578194240076222
-2.40736387176942	-0.9999988854603328	0.1198937435847469	0.09005237155117522	11704171.0	462666.0	23.795	23.89042275442068
-1.063857800093459	-0.9999980168400479	0.05124808762247043	0.345121827845892	6404658.5	328226.5	20.78	20.818469440024007
-2.3785483562286784	-0.9999989536099374	0.036266909834495986	0.092685025541432	11517685.4	171439.5	23.7	23.76967138428216
-2.3785483562286784	-0.9999989321146467	0.03860425710730567	0.092685025541432	11517685.4	219600.0	23.435000000000002	23.464540699826017
-1.270284177995763	-0.9999978428802477	0.1287709786001182	0.28075182694946027	6308249.8	812319.5	20.86	21.201080816497445
-1.966075820850999	-0.9999978182617116	0.19117547713011548	0.14000518506907197	5941728.3	426468.5	20.75	21.001871872260523
-1.966075820850999	-0.9999978421086385	0.17426975423212487	0.14000518506907197	5941728.3	370127.0	21.17	21.20049300248929
-1.966075820850999	-0.9999978690471167	0.29214574958790185	0.14000518506907197	5941728.3	315382.0	21.235	21.2633014157029
-2.281258413119637	-0.999998707837485	0.16958522146370886	0.1021555718827312	10414769.0	699116.5	23.68	24.114141751722308
-2.281258413119637	-0.9999988530807143	0.042076544544246045	0.1021555718827312	10414769.0	154028.5	23.939999999999998	24.10829753777048
-0.2795883418820678	-0.9999982892272338	0.13175416593907557	0.7560949300155507	8114677.0	1069142.5	21.400000000000002	21.42461917663121
-2.244836886152329	-0.9999987213344433	0.1632323729062879	0.10594482003146738	10447233.1	633183.5	22.66	22.936394746614862
-2.244836886152329	-0.9999986562034244	0.3282106761558363	0.10594482003146738	10447233.1	1250376.5	22.92	23.46647259124819
-1.6645198148165314	-0.999997772393269	0.13514946067869732	0.1892815263478711	5913590.25	526050.0	21.400000000000002	21.50499743412787
-1.6645198148165314	-0.9999977790146285	0.24684859052370536	0.1892815263478711	5913590.25	505850.0	21.325000000000003	21.84705854194239
-1.6645198148165314	-0.9999981124896594	0.053948949082709814	0.1892815263478711	5913590.25	70400.0	21.689999999999998	21.78745183887916
