-2.3936911880788685	-0.9999996236151125	0.10813317368007838	0.0912920849346141	38713756.4	2129233.0	24.47	24.88017671319674
-2.3936911880788685	-0.9999996164711481	0.2633645350767445	0.0912920849346141	38713756.4	2807604.5	25.055	25.39827005208867
-2.3936911880788685	-0.9999996386477948	0.23003973687040447	0.0912920849346141	38713756.4	1189805.5	25.615000000000002	25.754500606125944
-0.7666380145155156	-0.9999991807305697	0.20761594671206998	0.46457233116687213	17474270.0	1649750.5	20.38	20.517808505336628
-0.7666380145155156	-0.9999991961140323	0.2530185034275157	0.46457233116687213	17474270.0	1260879.0	20.615000000000002	20.665443594668137
-2.2197140902293397	-0.9999996327838404	0.26886099946253866	0.10864016566986993	42336678.9	5647437.5	25.080000000000002	25.675400445322122
-2.2197140902293397	-0.9999997175569426	0.013172394050133636	0.10864016566986993	42336678.9	156013.0	26.045	26.118981090164585
-2.259382029358926	-0.999999674586743	0.026207579065031558	0.1044149902199143	40550298.0	537994.0	25.76	25.844322245014883
-2.259382029358926	-0.9999996872951016	0.028884408506465765	0.1044149902199143	40550298.0	321346.0	25.665	25.86341432133681
-2.0835905494165456	-0.9999996219047604	0.20094154428705513	0.12448244843806752	40100956.1	3843832.0	23.44	23.761881400613195
-2.0835905494165456	-0.9999996321465796	0.2200494019661585	0.12448244843806752	40100956.1	2549157.5	24.509999999999998	24.636956526446394
-2.0835905494165456	-0.9999996369823095	0.3699644161947322	0.12448244843806752	40100956.1	2099807.0	24.72	24.746264630744204
-1.663032529359043	-0.999999502940301	0.13331971206435053	0.1895632514602791	29041876.875	1858994.0	22.95	23.143484297015412
-1.663032529359043	-0.9999994986129241	0.2488962289949355	0.1895632514602791	29041876.875	2107939.0	23.400000000000002	23.568283022820577
-2.0315227261370272	-0.999999663175096	0.01637456776476297	0.1311356853039652	37407699.1	296511.5	23.21	23.318955884118633
-2.0315227261370272	-0.9999996425701174	0.058035510823957207	0.1311356853039652	37407699.1	640899.5	23.25	23.25979014433597
-2.0315227261370272	-0.9999996556065662	0.07359341626248257	0.1311356853039652	37407699.1	393550.0	23.355	23.360084604467225
-1.5545457984882887	-0.9999994093104004	0.3731240430308871	0.21128532696520322	25980558.14285714	4622495.5	21.6	22.116370421269654
-1.5545457984882887	-0.9999994295848802	0.3504682279657935	0.21128532696520322	25980558.14285714	2729701.5	22.815	22.98599051667752
-1.7561591299363717	-0.9999995082098364	0.12974202371621793	0.17270693644364035	30356120.888888888	3044482.0	23.39	23.415414767983766
-1.7561591299363717	-0.9999995075459547	0.3288960443319321	0.17270693644364035	30356120.888888888	3106459.5	23.185000000000002	23.653318007714798
-1.7561591299363717	-0.9999995387050534	0.2964540140134652	0.17270693644364035	30356120.888888888	1206367.5	23.575000000000003	23.643828183342745
-2.296319422963092	-0.999999656396269	0.029955559211729092	0.10062853404026488	38743682.0	604690.5	25.47	25.56021820440723
-2.178075614279372	-0.999999660308978	0.09916142829046135	0.11325927559329403	42669328.8	1971662.0	24.830000000000002	24.948294029116777
-1.2669477161179155	-0.9999993091462067	0.11267758322691442	0.2816901091181452	20043758.6	1032306.0	21.54	21.56440909756707
