-2.365512092510215	-0.9999993968351385	0.12449685543708257	0.09390120195189111	23477934.9	1412772.5	24.1	24.19705183694334
-2.365512092510215	-0.9999994737420841	0.03260199345548195	0.09390120195189111	23477934.9	232221.0	24.045	24.05345462575694
-2.264121022916221	-0.9999993504958238	0.20562760426390478	0.10392133888310011	22445793.1	2144969.5	22.650000000000002	23.107210938273717
-2.264121022916221	-0.9999993712085575	0.20072479200212748	0.10392133888310011	22445793.1	1347446.5	23.375	23.445619184596683
-2.264121022916221	-0.9999993637791649	0.41216202326517176	0.10392133888310011	22445793.1	1591966.5	23.665	23.746261107310527
-1.7697275495393237	-0.999999423814284	0.041044668769491206	0.17037940244910282	22651295.222222224	465725.0	22.51	22.620118991848493
-1.7697275495393237	-0.9999993528675916	0.25035090688084505	0.17037940244910282	22651295.222222224	2323039.0	22.505000000000003	22.557154910187485
-1.5723194323988732	-0.9999993621704378	0.07320315770178631	0.20756319480548518	21341498.85714286	816055.5	21.8	21.988276698888797
-1.8495140661726492	-0.9999994245424512	0.021905000389426027	0.15731359173900206	22801506.1	499467.0	23.1	23.20401787549283
-1.920243009208468	-0.9999993986946706	0.09475227497578416	0.1465713396170017	23216409.2	1155622.5	23.38	23.51761559762712
-2.041073039230208	-0.9999994745969933	0.03982043811011086	0.1298892598022182	24959831.0	495820.0	23.94	24.112199304773377
-2.1859406097889384	-0.9999993831549644	0.07097091203023527	0.11237198573853577	21948901.7	758478.5	23.46	23.666027076528746
-2.299899274819692	-0.9999994337481598	0.0505507859350035	0.10026894282152346	23481832.6	595186.0	23.8	24.077418910470016
-2.299899274819692	-0.999999388655059	0.2566619806554673	0.10026894282152346	23481832.6	1715987.0	23.995	24.175674862888073
-0.7783714413063954	-0.9999992132112926	0.22387320521998394	0.4591531606232612	18578138.333333332	2229012.0	23.85	23.894429416435887
-1.9833242604587973	-0.9999994150153843	0.1120902230262166	0.1376110212414721	24417862.8	1597696.5	23.29	23.36793400823067
-1.9833242604587973	-0.9999993992410989	0.38984719562662035	0.1376110212414721	24417862.8	2348407.5	23.67	23.7707389886881
-1.9833242604587973	-0.9999994201724254	0.3193149695830651	0.1376110212414721	24417862.8	1408660.0	23.97	23.99809929367945
-1.6788622384567318	-0.9999993405274847	0.1988842178510677	0.18658614585845618	22205021.125	2288943.0	22.29	22.710907428766834
-1.4447635730880888	-0.9999994058391327	0.04744942927283163	0.23580181986208806	22177915.0	528209.0	22.400000000000002	22.418768887529982
