-2.1771672494599956	-0.9999993754085176	0.04506358505060375	0.11336220307548563	20646372.0	398533.0	27.75	27.826941748632397
-2.1771672494599956	-0.9999993385409063	0.14395410492415017	0.11336220307548563	20646372.0	853183.0	27.845	28.098070543238318
-1.8802281191943258	-0.9999994654222977	0.014958533856593487	0.15255530099486464	22467287.3	164473.5	26.67	26.834424675927444
-2.074566441809629	-0.9999993880117168	0.06703418185234124	0.12561087531298684	21729160.7	595996.5	27.7	27.922751426501797
-2.074566441809629	-0.9999993760136193	0.1146947365499205	0.12561087531298684	21729160.7	773514.0	27.965	27.99167116252529
-2.074566441809629	-0.9999993216625626	0.5609755266792703	0.12561087531298684	21729160.7	2519832.0	28.0	28.167385685682778
-2.340050219750959	-0.9999993585763832	0.11179546159608356	0.09632280080195887	21654614.9	1077097.5	27.7	28.064017777878078
-1.4634202559491933	-0.9999994613181397	0.12257700269370082	0.23144332404964102	26643451.333333332	1710580.5	26.25	26.761758160426034
-1.4634202559491933	-0.9999994804599913	0.14085853973422532	0.23144332404964102	26643451.333333332	1027190.5	26.815	26.966544705821015
-2.222395104842145	-0.9999993339311204	0.15372761022288187	0.10834928989350552	21250080.8	1402850.5	28.35	28.56723878806749
-2.222395104842145	-0.9999993611668911	0.1302823186132986	0.10834928989350552	21250080.8	786426.0	28.490000000000002	28.577866153650223
-0.28905860932848393	-0.9999996232672242	0.008668947732826863	0.7489683075867077	32659014.0	220514.0	27.75	27.75805677797621
-1.7046697842504408	-0.9999995041501862	0.012536460283565747	0.18183242019166088	24083510.75	153552.5	26.71	26.883785824825782
-1.7046697842504408	-0.9999994131996183	0.1320761709093086	0.18183242019166088	24083510.75	1372593.5	27.009999999999998	27.038011810357546
-2.4369055182110597	-0.9999994891151951	0.03149751691716276	0.08743098687853854	24797829.9	317690.0	28.330000000000002	28.42504381016371
-2.4369055182110597	-0.999999387857413	0.523615109398633	0.08743098687853854	24797829.9	3912971.0	28.580000000000002	28.90631935748019
-1.951441386364178	-0.9999993464381725	0.20320744473678104	0.14206914740269397	22202924.3	2004656.5	26.41	26.856938025621197
-1.951441386364178	-0.9999993441487253	0.316728903196434	0.14206914740269397	22202924.3	2109192.5	27.285	27.37818244079105
-1.951441386364178	-0.9999993579625409	0.3805468572911588	0.14206914740269397	22202924.3	1552083.0	27.46	27.553399786564633
-2.016177890460636	-0.9999993944661306	0.04431767099232579	0.1331634589844072	21320601.7	404474.5	27.51	27.567695835442674
-2.016177890460636	-0.999999330348436	0.23617259873551819	0.1331634589844072	21320601.7	1587028.0	27.445	27.692498463485677
-2.016177890460636	-0.9999993867823892	0.12231638307852433	0.1331634589844072	21320601.7	476473.0	27.615000000000002	27.68807274184006
-2.40647612738053	-0.9999994092324636	0.07418616760839347	0.09013235053391998	22888193.7	745343.5	27.7	27.899295469334163
-0.7873724336957286	-0.999999530005172	0.0806717362017457	0.45503887064289805	30163047.0	1434713.0	27.77	27.86804922531004
