-2.3821243867416904	-0.9999994722579024	0.08647968627522443	0.0923541729839952	26197177.6	1009890.5	27.18	27.400890491990065
-2.053474758550004	-0.9999992469456515	0.09045765626459261	0.12828835715070175	19070011.0	1725028.5	24.53	24.63442038196793
-2.413203195440299	-0.9999994930374647	0.12042801128966005	0.08952805891178119	28073103.8	1516645.0	27.76	27.98685072171401
-1.075063292291732	-0.99999929984187	0.19625715998978016	0.341276154467488	21059812.5	2533718.5	23.96	24.34889871860674
-1.075063292291732	-0.9999993629838292	0.15285304804458713	0.341276154467488	21059812.5	670272.5	24.240000000000002	24.325697805661807
-1.8608342688629622	-0.9999993724664494	0.034101629135388764	0.1555428116990321	20433681.3	370577.5	24.95	25.011289786628982
-2.3144706182180723	-0.9999993215108013	0.5436254356229813	0.09881848286242337	22929140.9	5706830.0	25.61	26.196542810620112
-2.3144706182180723	-0.9999993396498917	0.3762004442333863	0.09881848286242337	22929140.9	3765007.5	26.93	27.003826007204207
-1.5775952506526374	-0.9999993591771779	0.07777452408953267	0.20647101272394064	21404874.714285713	905942.5	24.85	24.982174985505885
-0.2843663978760092	-0.999999362746613	0.08878837901669882	0.7524908831287584	21903287.5	1153075.5	23.900000000000002	24.2342292831013
-2.442986205857664	-0.9999995753279045	0.013906263848741609	0.0869009594554333	28523157.9	182222.5	28.11	28.113074534091833
-2.442986205857664	-0.9999995207142497	0.06995228104316933	0.0869009594554333	28523157.9	865222.5	27.96	27.97355183765971
-2.1541240220008433	-0.9999992628837147	0.13979881214740358	0.11600476373930471	19336899.5	1549655.0	25.14	25.17029751328566
-2.1541240220008433	-0.9999992590923356	0.29932883496592116	0.11600476373930471	19336899.5	1667534.0	25.425	25.46431739796925
-2.105982074356093	-0.9999992779332605	0.07203829141420243	0.1217260714960008	18532201.4	647895.5	25.05	25.165772194414075
-1.6865434145816542	-0.9999993637395035	0.06720303271455275	0.18515843507825258	21313685.75	775338.5	25.0	25.103724229658145
-2.349293623480702	-0.9999994678085109	0.048271661932976925	0.09543655255107697	24806845.7	541441.5	27.1	27.232208399593965
-2.349293623480702	-0.9999994220543195	0.25406915732691443	0.09543655255107697	24806845.7	1684549.5	27.25	27.431089344592404
-1.9960907797517866	-0.9999993399577473	0.03547942294069568	0.1358653741120601	19346192.9	351267.0	24.42	24.585086543058786
-1.4468476355606559	-0.9999993242336371	0.12768982173356447	0.23531090586375397	21045894.666666668	1501698.0	24.32	24.602201523289445
-1.4468476355606559	-0.9999993686427309	0.12353718183314298	0.23531090586375397	21045894.666666668	589763.5	24.915	24.936886545847585
-2.278698890120876	-0.9999992627102003	0.14766518361225686	0.1024173763227324	19005479.6	1217786.5	25.03	25.20784815194324
-2.278698890120876	-0.9999992905077666	0.13547492943043168	0.1024173763227324	19005479.6	718010.0	24.994999999999997	25.107294260309704
-2.278698890120876	-0.9999992253613298	0.7098231059214556	0.1024173763227324	19005479.6	2476555.0	25.23	25.392163973285786
