-1.8905016171572337	-0.9999963437871133	0.30321814822154647	0.15099604762823374	3585617.4	493747.0	20.0	20.20853330073939
-1.8905016171572337	-0.9999964016368115	0.3784216716006326	0.15099604762823374	3585617.4	401254.5	20.225	20.25631859037872
-2.151397368327666	-0.9999966690539286	0.31098334877606215	0.11632150017350627	3933314.2	489752.5	20.34	20.639277728718387
-2.151397368327666	-0.9999964790646904	0.5231467209606728	0.11632150017350627	3933314.2	1033998.5	20.96	21.071436131060935
-1.9527146323207836	-0.9999965579386236	0.19567813881184068	0.141888373544419	3672725.1	309199.5	20.28	20.469703128104715
-1.9527146323207836	-0.9999964894271577	0.34555732187134003	0.141888373544419	3672725.1	397665.5	20.585	20.642970026392042
-1.8204792109680465	-0.9999958112376628	0.6841181939321246	0.16194812501800795	3288780.3	961181.0	19.8	20.097977286838947
-0.7635727253563234	-0.9999965450610675	0.11435905850535946	0.46599856448928917	3639715.0	289233.5	19.79	19.858723729400364
-0.7635727253563234	-0.9999963940054579	0.3625379500968282	0.46599856448928917	3639715.0	501215.0	19.939999999999998	20.149448682486682
-1.742031126703254	-0.9999964835567224	0.042423441596935015	0.17516425825190987	3087740.3333333335	51940.0	19.26	19.35424412925807
-1.742031126703254	-0.9999963851144879	0.06846831297397821	0.17516425825190987	3087740.3333333335	70390.5	19.59	19.634801290994062
-1.742031126703254	-0.9999959930635975	0.4345040099669166	0.17516425825190987	3087740.3333333335	236186.0	19.665	19.891492774284092
