-0.7370734929079864	-0.9999985958197359	0.03826729463752835	0.47851223788066866	8196013.666666667	99575.41666666667	14.6	14.648428122094044
-0.7370734929079864	-0.9999984825648631	0.13397354834432532	0.47851223788066866	8196013.666666667	251932.16666666666	14.700000000000001	14.741543130285363
-0.7370734929079864	-0.9999985993160087	0.10660772324133752	0.47851223788066866	8196013.666666667	96762.5	14.790000000000001	14.803713593702694
-1.0207014644655363	-0.9999984118028701	0.08262881241465345	0.36034208433115683	7981914.75	320248.0	14.6	14.827310343803875
-0.2595729294760122	-0.9999986139811023	0.022665873499561923	0.7713809495341015	8045036.0	69602.625	14.44	14.44771913347354
-0.2595729294760122	-0.9999984505107121	0.15677815195508904	0.7713809495341015	8045036.0	259287.625	14.434999999999999	14.55911348187714
-0.2595729294760122	-0.9999984790753517	0.11273458217687007	0.7713809495341015	8045036.0	206053.0	14.67	14.672256818858655
-0.2595729294760122	-0.9999985193213041	0.15069671528289935	0.7713809495341015	8045036.0	149060.375	14.68	14.682281574508798
-2.020982025330735	nan	nan	0.1325252579969436	9967498.2	nan	12.68	12.685084217407546
-2.020982025330735	-0.9999989204740288	0.029645130621628085	0.1325252579969436	9967498.2	47105.825	12.68	12.727144195175034
-2.020982025330735	-0.9999989478544851	0.03000815009362397	0.1325252579969436	9967498.2	35854.725	12.725000000000001	12.740392822531618
-2.020982025330735	-0.999998874594161	0.031295872567568536	0.1325252579969436	9967498.2	74419.05	12.725000000000001	12.735817361247918
-2.1670115102255463	nan	nan	0.11451934592394292	5334155.0	nan	12.59	12.634465047738582
-2.2265166648721415	-0.9999973012083389	0.027438618040272665	0.10790364080659673	4123833.2	68142.2	12.540000000000001	12.551427189669724
-2.2265166648721415	-0.9999974098677411	0.11175437524580753	0.10790364080659673	4123833.2	43531.95	12.58	12.619867374005304
-2.2265166648721415	-0.9999976403829292	0.04928995154139723	0.10790364080659673	4123833.2	16824.775	12.61	12.612650972907057
-1.753406091056	nan	nan	0.17318306044780646	11764222.5	nan	13.01	13.015041215426201
-1.753406091056	-0.9999990619739428	0.05105582283259755	0.17318306044780646	11764222.5	62014.97222222222	13.075	13.142454490705461
-2.098898548959705	nan	nan	0.12259138232227819	6383227.7	nan	12.65	12.758215644891862
-2.098898548959705	-0.9999983456702294	0.030452459855878335	0.12259138232227819	6383227.7	38558.725	12.825	12.836368255258613
-2.098898548959705	-0.9999982009373699	0.06260843801749473	0.12259138232227819	6383227.7	97131.025	12.81	12.818911085909983
-2.098898548959705	-0.9999983135976128	0.09798448784116105	0.12259138232227819	6383227.7	47319.1	12.815000000000001	12.819539392149931
