-1.275224030378924	-0.9999989370119773	0.06083831861656956	0.27936837420745575	10992387.0	118749.0	21.5	21.947506671788965
-1.7573692868334967	-0.9999988795666023	0.050901739403915874	0.17249806036522639	10214876.222222222	93440.27777777778	20.150000000000002	20.279776197092225
-1.7573692868334967	-0.9999989743513544	0.02894722196313801	0.17249806036522639	10214876.222222222	35484.305555555555	20.305	20.3886336920618
-1.7573692868334967	-0.9999989799774237	0.03317496527888184	0.17249806036522639	10214876.222222222	33502.47222222222	20.400000000000002	20.407651373699654
-1.7573692868334967	-0.999998964570642	0.01635792015860911	0.17249806036522639	10214876.222222222	39212.75	20.505000000000003	20.54633963948881
-1.7573692868334967	-0.999998882943609	0.033688281600737224	0.17249806036522639	10214876.222222222	90271.91666666667	20.67	20.703223337836413
-1.9056329477683964	-0.9999987804278514	0.045607551167479915	0.14872847546719492	9903319.6	175923.95	21.580000000000002	21.607204508473153
-1.0669796346133569	-0.9999989707692829	0.06835465526309116	0.34404609461438185	11466056.0	133413.625	21.0	21.186550388598256
-1.0669796346133569	-0.9999990310422895	0.04455138400281664	0.34404609461438185	11466056.0	66843.4375	21.375	21.441685088633992
-1.0669796346133569	-0.9999991082340123	0.009822630947862999	0.34404609461438185	11466056.0	27584.3125	21.52	21.556344930420625
-1.0669796346133569	-0.9999990581585432	0.03197696860157463	0.34404609461438185	11466056.0	48980.9375	21.655	21.788412260064536
-1.0669796346133569	-0.9999991986499283	0.007063444809085693	0.34404609461438185	11466056.0	9781.25	21.805	21.865318745003997
-1.0669796346133569	-0.9999990436609644	0.05100881622836869	0.34404609461438185	11466056.0	57839.0625	21.884999999999998	21.91763610629051
-0.2821583052920318	-0.9999986351603581	0.06947672713635984	0.7541542884679509	8418536.5	97727.875	22.56	22.652084276490285
-1.835472718996168	-0.9999988588187096	0.056842690266904104	0.15953806726485342	10141220.5	106187.5	20.94	21.253969434862125
-1.835472718996168	-0.9999988842971569	0.037290733886950374	0.15953806726485342	10141220.5	82008.35	21.425	21.469171305168917
-1.835472718996168	-0.9999988640567055	0.028020235432978224	0.15953806726485342	10141220.5	100694.0	21.61	21.616102037867563
-1.835472718996168	-0.9999989702650978	0.02379148406535845	0.15953806726485342	10141220.5	34294.475	21.555	21.61922655948486
-2.1244213595149986	-0.9999986967820556	0.04847643636619566	0.11950209701582024	8581185.8	71907.9	22.03	22.254052208003475
-2.1244213595149986	-0.9999987193526381	0.05724252426854276	0.11950209701582024	8581185.8	59246.15	22.37	22.48980845917202
-2.1244213595149986	-0.9999987146180186	0.05620468308216982	0.11950209701582024	8581185.8	61702.85	22.615000000000002	22.790171578333215
-2.1244213595149986	-0.999998604691902	0.036907065389557715	0.11950209701582024	8581185.8	158481.275	22.7	22.72521054967203
-2.025408176078731	-0.9999986293745313	0.051238476074059035	0.13193997745260136	8270972.2	83817.175	21.94	21.971281023236855
-2.168774258263798	-0.9999985499361802	0.06559636213374546	0.11431765498894939	8246402.0	156029.875	22.6	22.722684035288115
