-2.424122069625453	-0.9999984745280593	0.04908147263579295	0.08855583077803242	7353941.8	74474.975	23.14	23.36821952815867
-2.424122069625453	-0.9999987164984375	0.012574363222456175	0.08855583077803242	7353941.8	12565.575	23.485	23.58767654211998
-2.424122069625453	-0.9999985291711788	0.05373942544476168	0.08855583077803242	7353941.8	49829.85	23.72	23.747076828626557
-1.5696646910035936	-0.9999982686753192	0.08661262461536806	0.20811495347511186	7136581.428571428	232288.4642857143	23.56	23.73838112558349
-1.5696646910035936	-0.9999984073846665	0.0751531506611467	0.20811495347511186	7136581.428571428	86320.07142857143	24.005000000000003	24.13330382676868
-1.5696646910035936	-0.9999985278937654	0.06813966243275157	0.20811495347511186	7136581.428571428	36525.96428571428	24.03	24.065910620777025
-0.7745560557744875	-0.9999985896508454	0.009154697391322603	0.46090835318817325	6522397.666666667	9884.833333333334	22.69	22.78537014750986
-0.7745560557744875	-0.9999982217238129	0.09449048244886205	0.46090835318817325	6522397.666666667	108946.83333333333	22.715	22.75554246861995
-0.7745560557744875	-0.9999983222599405	0.06539498166878613	0.46090835318817325	6522397.666666667	56549.416666666664	22.87	22.92597324196443
-1.6783494269377663	-0.9999984160136577	0.05587778549795288	0.18668185392133282	7005582.75	65955.28125	24.07	24.284518249320445
-2.1430181826248242	-0.9999982519588664	0.04271222868666133	0.117300274564183	6198745.7	50799.55	23.11	23.643333649945415
-2.1430181826248242	-0.9999980286551023	0.056875646954103964	0.117300274564183	6198745.7	202776.725	23.995	23.997922901798614
-2.1430181826248242	-0.9999981597327767	0.12307775482995197	0.117300274564183	6198745.7	89979.525	24.075000000000003	24.155139716193176
-2.1430181826248242	-0.9999981113992282	0.060875594498387635	0.117300274564183	6198745.7	121412.325	24.215	24.24598976937834
-2.3664578679729638	-0.9999983132785508	0.04933774567993637	0.09381243448282632	6653526.2	74804.4	23.12	23.423937314987494
-1.9238044650826167	-0.9999983879539239	0.037981294718047565	0.14605026070908847	6619415.7	43078.525	23.68	23.76480622722756
-1.2785679732068205	-0.9999984967016348	0.0527322742062933	0.27843574253872694	7361561.6	63998.05	22.85	23.193769633579134
-1.2785679732068205	-0.9999983518508447	0.10959741003505884	0.27843574253872694	7361561.6	185896.65	23.405	23.631179568031197
-1.2785679732068205	-0.9999985281663694	0.047078785019098374	0.27843574253872694	7361561.6	50765.6	23.735	23.84465730521025
-1.2785679732068205	-0.9999986002525635	0.05487415379402026	0.27843574253872694	7361561.6	29860.55	23.7	23.752522478700293
-2.043964879902601	-0.9999982882325145	0.041851418683199956	0.1295141833498742	6305383.6	48694.925	23.34	23.57973938045123
-2.302214893116852	-0.9999983676585313	0.030524766706053665	0.10003702684096255	6568770.4	45363.1	21.900000000000002	22.205384126538465
-2.302214893116852	-0.9999985391633802	-0.016181142071382076	0.10003702684096255	6568770.4	-14703.375	22.455	22.544527991838066
-2.302214893116852	-0.9999984820701918	0.03185378370439013	0.10003702684096255	6568770.4	21394.425	22.689999999999998	22.792315283729387
-2.3350046317602557	-0.9999983452258052	0.04384234334921534	0.09681003412455337	6705059.5	65863.8	22.88	22.99282094855554
-2.3350046317602557	-0.9999985968156141	-0.012914655225843771	0.09681003412455337	6705059.5	-12189.775	22.9	23.001229094781163
-2.3350046317602557	-0.9999984063785761	0.053870770542901264	0.09681003412455337	6705059.5	43708.75	23.005000000000003	23.272290135382512
-2.3350046317602557	-0.9999983665112122	0.07750473584008584	0.09681003412455337	6705059.5	57103.575	23.37	23.410488402790875
-0.2819644163033841	-0.999998764480917	0.009523926960587435	0.7543005248565808	7613302.0	12164.75	22.75	22.78275834475796
-0.2819644163033841	-0.9999984422993491	0.09871523467337315	0.7543005248565808	7613302.0	141384.5	22.71	22.75755123446829
-0.2819644163033841	-0.9999985518280095	0.06199096153098785	0.7543005248565808	7613302.0	61411.625	22.76	22.915355060686018
-2.267433620252418	-0.9999984128383929	0.028450492638568064	0.10357765888374236	6702256.2	41670.125	22.72	22.904002091708623
