-2.1899557614071927	-0.9999983612346734	0.008169044182677302	0.11192169976631444	6077438.6	21151.125	16.27	16.329295161804314
-1.6299776187868928	-0.9999980550427947	0.02471974759838726	0.19593395931753463	5386468.375	35469.28125	16.75	16.841166681799322
-1.6299776187868928	-0.9999981294723949	-0.02099875530190117	0.19593395931753463	5386468.375	-23753.75	17.04	17.139815974677003
-1.6299776187868928	-0.9999982375884662	0.020059092851312757	0.19593395931753463	5386468.375	13267.84375	17.21	17.47410383714609
-1.6299776187868928	-0.9999981785479122	0.015681992421183708	0.19593395931753463	5386468.375	18235.75	17.549999999999997	17.550845880981132
-2.0742946268848272	-0.9999982299853121	0.013689261622373116	0.1256450228643111	5924682.6	35837.4	15.9	15.910033499434697
-1.7190473030785856	-0.9999980179641433	0.02757635379724537	0.17923682496818197	5369360.555555556	41866.5	17.44	17.525906204047
-1.9802123973161765	-0.9999982560411986	0.008911096243516606	0.13803991488955347	5793429.1	24427.4	16.36	16.40533558330627
-1.9802123973161765	-0.9999982348333502	0.013697169618575903	0.13803991488955347	5793429.1	27621.0	16.395	16.441463152365788
-1.9802123973161765	-0.9999983559420549	0.02222848009630795	0.13803991488955347	5793429.1	13693.275	16.335	16.491652806554463
-2.223698656742169	-0.9999979342433943	0.03231501529563532	0.1082081429869447	5884325.7	190152.075	16.25	16.26435269126232
-1.2487935046533758	-0.9999980241884818	0.031190850369182118	0.28685067217090837	5396055.0	42683.35	16.78	16.823522601113474
-1.2487935046533758	-0.9999980021228756	-0.04143854777973859	0.28685067217090837	5396055.0	-48080.6	16.97	17.07696876463113
-2.314672075630498	-0.9999981567369759	0.021829812491636937	0.09879857715170985	6098054.4	76138.175	17.32	17.34218805376728
-2.285670068302905	-0.9999980348603428	0.036138313054704795	0.10170588937595203	6187892.7	191007.525	17.2	17.226860901291186
-2.285670068302905	-0.9999982999082759	0.03973328693011042	0.10170588937595203	6187892.7	37047.575	17.275	17.293563302752293
-2.285670068302905	-0.9999981515055314	0.09117812630788849	0.10170588937595203	6187892.7	92806.75	17.29	17.37406043023143
-0.27364416539662006	-0.9999979020629607	0.06752040952494506	0.7606026758649936	5413131.5	85510.75	18.5	18.585711116392215
-2.2550566101514335	-0.9999982331630775	-0.017945178563661377	0.10486760699713607	5831471.4	-29828.675	16.4	16.6184745988164
-2.2550566101514335	-0.9999980311672738	0.06512098565859378	0.10486760699713607	5831471.4	96875.45	16.715	16.88620252615131
-2.2550566101514335	-0.9999982245779765	0.03430868332537431	0.10486760699713607	5831471.4	31360.075	17.165	17.19105563935736
-2.2550566101514335	-0.9999980689321443	0.08679173186837827	0.10486760699713607	5831471.4	77726.7	17.175	17.27085737043331
-1.5271220772354677	-0.9999980226572712	0.02375226198450037	0.21715973782493567	5262445.857142857	33045.107142857145	17.150000000000002	17.152720122998858
-2.342358239638955	-0.9999983890483994	-0.008989547588244247	0.09610074221842864	6033165.7	-16631.9	17.34	17.341854769013036
-2.3684368506296916	-0.9999980281812072	0.028225944433093345	0.09362696488309064	5926717.8	118943.65	16.9	16.90925693208003
-1.8647905433922385	-0.9999984743154927	0.0026184447135674705	0.15492865731763064	5815689.7	7135.0	17.25	17.265521637801033
-1.8647905433922385	-0.9999985422738705	0.0060649286755906215	0.15492865731763064	5815689.7	4805.3	17.08	17.109431802215756
-1.8647905433922385	-0.9999982736410387	0.040724225066068626	0.15492865731763064	5815689.7	22923.65	17.135	17.136437067773166
-1.8647905433922385	-0.9999984455821959	0.012918005067707558	0.15492865731763064	5815689.7	8432.875	17.095	17.139754291231373
-1.8647905433922385	-0.9999981669293088	0.037381285349639914	0.15492865731763064	5815689.7	42639.95	17.125	17.13768949870454
-2.114753325540066	-0.9999992149205396	-8.088584558296481e-05	0.12066305037517538	6274504.7	-136.825	15.71	15.778479693448027
-2.114753325540066	-0.999998234245999	0.0639832514333525	0.12066305037517538	6274504.7	64810.075	15.82	15.831283827334493
-2.114753325540066	-0.999998486662961	0.013680911548428223	0.12066305037517538	6274504.7	13297.95	16.2	16.259389376574305
-2.114753325540066	-0.9999982016500278	0.05100040374032218	0.12066305037517538	6274504.7	79518.325	16.365000000000002	16.38471006004768
-2.114753325540066	-0.9999982103583059	0.06745542106671201	0.12066305037517538	6274504.7	75289.95	16.43	16.571971928593484
