-1.428145471427279	-0.9999975326150617	0.06345747923414102	0.23975313925701905	4393211.666666667	51007.333333333336	21.0	21.25604522417154
-1.7530029419207909	-0.999997262672327	0.058681326332043524	0.1732528931244046	4565952.333333333	267936.1388888889	21.0	21.013061222277358
-1.2692059946319332	-0.9999973573965043	0.04244503321733629	0.28105469214140816	3901749.8	30053.8	20.86	20.94852925901366
-1.2692059946319332	-0.9999973210059849	0.03466121090394725	0.28105469214140816	3901749.8	34639.0	20.96	20.961881195688413
-1.2692059946319332	-0.9999971448532792	0.10119367526214723	0.28105469214140816	3901749.8	68875.35	20.935000000000002	20.945000095837866
-1.2692059946319332	-0.9999972392291121	0.040483744152352785	0.28105469214140816	3901749.8	47658.5	20.995	21.002435855779794
-2.07141356413727	-0.9999978077760485	0.07240371356497757	0.1260075360199216	4953777.0	52040.075	20.7	20.857755001066327
-2.07141356413727	-0.9999978072147657	0.0740404286330656	0.1260075360199216	4953777.0	52184.975	20.87	20.878245132003347
-0.7689288394495868	-0.9999975540461531	0.018366295205884377	0.4635092953663046	3971494.0	16548.166666666668	20.84	20.849880818701124
-0.7689288394495868	-0.9999973970393276	0.056765332489972835	0.4635092953663046	3971494.0	30872.166666666668	20.96	20.99858975374139
-1.902239682281504	-0.9999976835701561	0.04539742691072986	0.1492340078877046	4481458.8	32239.7	20.71	20.80489406359803
-1.902239682281504	-0.9999976577498206	0.05878579893881188	0.1492340078877046	4481458.8	36194.775	20.835	20.88364052577555
-2.0203335768470487	-0.9999978661720494	0.06965480302379166	0.1326112216680357	5058781.9	48754.35	20.35	20.559947454189615
-2.0203335768470487	-0.9999978621182993	0.07158829061872526	0.1326112216680357	5058781.9	49764.5	20.689999999999998	20.78530266232955
-1.0622025194683533	-0.9999974871333598	0.02496892446995652	0.345693574390769	3912807.75	18625.9375	20.93	20.95177120536112
-1.0622025194683533	-0.9999973016081578	0.07558472879393228	0.345693574390769	3912807.75	38494.1875	20.990000000000002	20.997755225323186
-1.0622025194683533	-0.999998526484498	-0.0006633650462661279	0.345693574390769	3912807.75	-318.125	21.0	21.001983739619252
-1.0622025194683533	-0.9999972123921618	0.08859578849370084	0.345693574390769	3912807.75	54576.3125	20.85	20.92643056005763
