-2.267185803363615	-0.9999977376522223	0.023690937222125154	0.10360333035769743	4238540.4	14603.025	23.46	23.638693607480725
-2.267185803363615	-0.9999974929917423	0.07243109710627803	0.10360333035769743	4238540.4	41193.325	23.77	23.80842393752752
-2.267185803363615	-0.9999975554554644	0.06130244701508297	0.10360333035769743	4238540.4	31611.275	23.89	23.931807974756673
-2.267185803363615	-0.9999974673411427	0.10948947484113442	0.10360333035769743	4238540.4	45924.55	23.95	24.169803952247587
-2.3684876127125363	-0.9999974510054888	0.05622601692652201	0.09362221230396911	4097352.1	34341.125	23.95	23.98150333016175
-2.3684876127125363	-0.9999973859902082	0.08286322409162897	0.09362221230396911	4097352.1	44823.875	24.035	24.069812041304957
-2.3684876127125363	-0.9999973821982875	0.09288975101672049	0.09362221230396911	4097352.1	45525.75	24.07	24.08013086989992
-1.0748060181124315	-0.9999985774968208	0.005658122393463281	0.3413639673055471	6125274.5	6081.8125	23.8	23.852200046649386
-1.0748060181124315	-0.9999987502543	-0.002199042956497454	0.3413639673055471	6125274.5	-2110.25	24.015	24.031911270986974
-1.9243699537626209	-0.9999981267536312	0.024530336530263687	0.14596769428733453	6289302.8	130797.55	23.25	23.277632109229476
-1.9243699537626209	-0.9999982098114482	0.07118860540372286	0.14596769428733453	6289302.8	77576.9	23.155	23.31812717352682
-1.9243699537626209	-0.9999985347948367	0.012334685697490633	0.14596769428733453	6289302.8	10046.9	23.345	23.400093565916904
-1.9243699537626209	-0.9999982047242671	0.08118424169289136	0.14596769428733453	6289302.8	80099.125	23.465	23.50638682027615
-1.6815970181975486	-0.9999984287422854	0.03961436434063588	0.18607657095200408	6902854.875	51335.84375	23.72	23.872825519386733
-1.7738295334950025	-0.999998312786949	0.016708506491909702	0.16968194034104062	6524791.888888889	60397.166666666664	23.45	23.534076245754886
-2.3030537097985566	-0.9999976195168322	0.04166220724853321	0.09995314929791939	4255851.4	25108.025	24.07	24.071162183123043
-2.3030537097985566	-0.999997153502922	0.07405538136258968	0.09995314929791939	4255851.4	182455.775	24.0	24.00280293728316
-2.3030537097985566	-0.9999974552529742	0.11585994057006137	0.09995314929791939	4255851.4	50516.0	23.985	24.031944268180908
-2.3030537097985566	-0.9999973854259293	0.0820040719020428	0.09995314929791939	4255851.4	67997.35	24.005000000000003	24.012642580078186
-2.3030537097985566	-0.9999974361905006	0.06833565484018274	0.09995314929791939	4255851.4	54785.125	24.05	24.072506070071995
-2.2293678838207946	-0.9999975185373533	0.024640345897689764	0.10759642208334941	3943581.1	17779.35	23.240000000000002	23.42058065814632
-1.4447701855942299	-0.9999986549176991	0.015152397121954948	0.2358002606262614	7254472.0	17288.625	22.98	23.097922711860768
-2.3983602994144566	-0.999997405053986	0.07061073597962683	0.09086682559018472	4125441.5	44590.475	24.04	24.219697037627444
-2.3983602994144566	-0.9999973304832722	0.08965773380577126	0.09086682559018472	4125441.5	60652.65	24.3	24.45834107303986
-2.3983602994144566	-0.999997409666396	0.09216514139502001	0.09086682559018472	4125441.5	43750.0	24.5	24.552373523018815
-1.5734990453786015	-0.9999985446125471	0.030239728901454748	0.2073184949207336	7233336.142857143	37319.82142857143	23.05	23.341898899515233
-1.5734990453786015	-0.9999986351589173	-0.01480942650502271	0.2073184949207336	7233336.142857143	-19385.928571428572	23.375	23.437538884668164
-1.5734990453786015	-0.9999985088620057	0.03368080470379488	0.2073184949207336	7233336.142857143	48333.57142857143	23.395000000000003	23.45960636847101
-0.7777867126273382	-0.9999983728167511	-0.006793024702597718	0.459421719153643	5455331.333333333	-7163.0	23.53	23.670392716363544
-0.7777867126273382	-0.999997924161535	0.033157793447756566	0.459421719153643	5455331.333333333	82815.83333333333	23.740000000000002	23.7483195393842
-0.7777867126273382	-0.9999978451612972	0.11083025939373138	0.459421719153643	5455331.333333333	127433.66666666667	23.855	23.893861349011846
-1.9876357991621105	-0.99999827629461	0.03626829892229372	0.13701898321196007	6132111.6	38945.875	23.5	23.54656067774378
-1.9876357991621105	-0.9999986991152525	0.0030353305841751073	0.13701898321196007	6132111.6	2912.675	23.465	23.56537586082318
-1.9876357991621105	-0.9999984312606749	0.023210369280608496	0.13701898321196007	6132111.6	15057.3	23.6	23.648516439394008
-2.0449092233127653	-0.9999981994376912	0.02322338053558902	0.12939193521549983	5953990.1	45274.9	23.7	23.72728300150096
