-2.183097754806428	-0.9999992397147721	-0.021503045393401733	0.11269189751402377	14383488.1	-56136.175	20.34	20.53395074292693
-2.183097754806428	-0.9999993849094362	0.0026673378813131545	0.11269189751402377	14383488.1	6953.525	20.67	20.68317601211317
-2.183097754806428	-0.9999993984790929	-0.002649156043460163	0.11269189751402377	14383488.1	-5720.4	20.715	20.81701364490563
-2.183097754806428	-0.9999993543754278	0.008304438368244115	0.11269189751402377	14383488.1	10788.55	20.945	20.961139828781086
-2.183097754806428	-0.9999992146465226	0.017384812553849875	0.11269189751402377	14383488.1	80507.85	20.89	20.897043123267203
-1.686787225896546	-0.9999988645082314	0.043208443203939406	0.18511329685956066	10193058.25	106311.03125	24.2	24.39012878787879
-1.686787225896546	-0.9999991681786835	0.003617673003081727	0.18511329685956066	10193058.25	4810.6875	24.415	24.416088494731117
-1.686787225896546	-0.9999988822980294	0.06656857257734967	0.18511329685956066	10193058.25	88680.03125	24.43	24.481308093994777
-1.284747877468007	-0.9999988052484955	0.07192182249573015	0.2767203422710889	10083816.8	170697.7	24.0	24.3003923026699
-1.284747877468007	-0.9999989527711267	0.0275164902285941	0.2767203422710889	10083816.8	38562.6	24.355	24.409811898154466
-1.284747877468007	-0.9999988179594543	0.10612795863058809	0.2767203422710889	10083816.8	150162.55	24.39	24.497443077637907
-1.284747877468007	-0.999998995774191	0.02982306109742498	0.2767203422710889	10083816.8	24993.95	24.57	24.615776114918518
-1.284747877468007	-0.9999990479945206	0.014559341134716377	0.2767203422710889	10083816.8	14761.55	24.6	24.630217655970398
-1.284747877468007	-0.9999989036379342	0.06628423706362432	0.2767203422710889	10083816.8	63291.0	24.645000000000003	24.774095595073522
-1.284747877468007	-0.9999989311856149	0.03462297007553194	0.2767203422710889	10083816.8	47940.1	24.775	24.78303995397971
-2.0455961264952567	-0.9999994790562009	0.00040480141389879836	0.12930308600230872	14838767.3	2274.975	20.59	20.642137874782815
-2.0455961264952567	-0.9999993242512764	0.01095192630993377	0.12930308600230872	14838767.3	22634.575	20.75	20.765001217222085
-2.0455961264952567	-0.9999994650379116	0.0022124994668675985	0.12930308600230872	14838767.3	2801.25	20.75	20.791391124413682
-2.095390692912376	-0.9999992912828	-0.011603044955185136	0.12302217037360418	14752537.6	-34729.625	20.7	20.709691816800476
-2.095390692912376	-0.9999993244814099	0.008163034255136897	0.12302217037360418	14752537.6	21280.925	20.814999999999998	20.97049109483791
-0.2836303075641498	-0.9999987178869942	0.05781723038956777	0.7530449882882927	9001941.0	102898.25	23.990000000000002	24.1863843780769
-0.2836303075641498	-0.9999987042160278	0.09804064044077691	0.7530449882882927	9001941.0	116373.75	24.255000000000003	24.298406367963235
-0.2836303075641498	-0.9999986671757238	0.10439464033451634	0.7530449882882927	9001941.0	162429.5	24.285	24.39860563511723
-1.446796092701813	-0.9999987958828641	0.06143076603026746	0.23532303477313568	9952912.666666666	160246.16666666666	24.650000000000002	25.035963556612497
-1.446796092701813	-0.999998791210989	0.06270719717943511	0.23532303477313568	9952912.666666666	167873.41666666666	24.97	24.99264397933632
-1.7793486187803749	-0.9999988206520353	0.04664520127017112	0.16874803077477946	9863425.888888888	112690.72222222222	24.55	24.56198084211763
-1.7793486187803749	-0.9999990172433253	0.012639242143240543	0.16874803077477946	9863425.888888888	16208.416666666666	24.485	24.56869188965386
-2.2222876114549837	-0.9999992514928285	-0.011033143987257441	0.10836093735167382	13682944.7	-28050.075	20.900000000000002	21.071759725291436
-2.2222876114549837	-0.9999992461126196	0.012078695679568588	0.10836093735167382	13682944.7	30193.025	21.14	21.164620532341278
-2.2222876114549837	-0.9999991672081614	0.015700915639429252	0.10836093735167382	13682944.7	88879.2	21.185000000000002	21.205263018311275
-2.2222876114549837	-0.9999992411751873	0.026567593603356348	0.10836093735167382	13682944.7	32303.375	21.195	21.196382890078997
-2.2222876114549837	-0.999999308674114	0.010384085310625974	0.10836093735167382	13682944.7	12826.85	21.205	21.276983579028332
-2.2222876114549837	-0.9999993430337953	-0.004472825657511455	0.10836093735167382	13682944.7	-8015.3	21.25	21.297453505007155
-0.7782763160340868	-0.9999986597194896	0.07157112114746983	0.4591968397701594	8780823.0	129153.66666666667	24.0	24.32983875682363
-2.29366394799674	-0.9999992184188062	-0.015094244590687068	0.10089610570100001	13429276.1	-36172.05	20.77	20.986686770963704
-2.29366394799674	-0.9999992433926147	0.010331819777983389	0.10089610570100001	13429276.1	25865.125	20.93	20.94676304657924
-1.0751359321561975	-0.9999987085745675	0.08163052990319442	0.3412513651142407	9402593.25	187726.75	24.490000000000002	24.676651368487793
