0.0	-0.9999993407163806	0.03216511144667725	1.0	18847866.0	249218.5	15.27	15.283291871555605
-1.6049980725882058	-0.9999995432922912	0.0707422487455274	0.2008899421075027	30317595.375	1031246.21875	15.1	15.73887753288715
-1.6049980725882058	-0.9999995594091965	0.0665843486551737	0.2008899421075027	30317595.375	632637.03125	16.0	16.15083587255708
-1.9010897947474683	-0.99999957896283	0.05222946793287137	0.14940570891254365	32545379.5	893421.15	16.01	16.16624449303769
-1.3817118105032273	-0.9999994768102922	0.04451441235457906	0.25114826663972095	25122677.5	510897.5416666667	14.89	14.962694646777901
-1.8400947816960185	-0.9999995839026214	0.04955306582591466	0.15880237383526813	32764071.5	833211.725	16.080000000000002	16.234092731900866
-0.2641300236018929	-0.9999992852349094	0.05895938455083876	0.7678736914623732	19525772.0	1151227.5	15.280000000000001	15.30491778724646
-2.0520268536418027	-0.9999995901398578	0.058725955351593785	0.12847424103130253	33778472.6	1029360.825	16.5	16.62834739493571
-2.0520268536418027	-0.999999602102768	0.07491549668754036	0.12847424103130253	33778472.6	687185.325	16.6	16.707732809383856
-2.0520268536418027	-0.9999996184411886	0.0898121750758518	0.12847424103130253	33778472.6	395723.625	16.84	16.88771048515291
-2.005605868815394	-0.9999996013326254	0.05147497522846075	0.13457873393203162	34511551.5	944705.55	16.06	16.396021146583184
-1.0277060662485007	-0.9999994040275451	0.0700996097819244	0.3578268509130525	22520758.75	674515.8125	15.540000000000001	15.786692886504722
-2.2996215980681134	-0.9999996263474535	0.04027218385866878	0.10029678904179543	36166768.6	739554.925	15.870000000000001	16.070911727384612
-1.5040679681904674	-0.999999443569272	0.046980684796910956	0.22222431747339022	23543195.0	489018.25	14.86	14.949901202343183
-1.5040679681904674	-0.9999994525228691	0.049939052357369874	0.22222431747339022	23543195.0	396074.78571428574	14.93	15.023978245925116
-1.5040679681904674	-0.9999994978587904	0.047229616398327456	0.22222431747339022	23543195.0	136216.5357142857	15.004999999999999	15.029874267031074
-0.7428582876148795	-0.9999992967142988	0.06805064253691648	0.47575213383440296	18703790.333333332	516126.0833333333	15.27	15.434051737056334
-2.13508671569233	-0.9999996170749277	0.06287059410718544	0.1182343371596805	36607009.4	1224129.95	16.96	17.388386489633874
-2.13508671569233	-0.9999996371514905	0.06097964271294381	0.1182343371596805	36607009.4	587009.975	17.425	17.442668815144764
-2.2400994015468694	-0.999999622109988	0.04059540760030008	0.10644792276516322	36023440.8	816593.95	16.3	16.354260084073676
-2.2400994015468694	-0.9999996437604655	0.04312302846020946	0.10644792276516322	36023440.8	374359.225	16.425	16.541392546545246
-1.9556510711309096	-0.9999995775623176	0.045961215710306785	0.14147233814782464	33041794.8	1153254.325	15.790000000000001	15.835305552801529
-1.9556510711309096	-0.999999596929115	0.06667568423914712	0.14147233814782464	33041794.8	608154.25	15.93	15.938419156249152
-1.9556510711309096	-0.9999996117832933	0.0857606275616675	0.14147233814782464	33041794.8	372269.775	15.945	16.105474048518893
