-2.1886917017208445	-0.9999996081052349	0.007608357557514945	0.11206326492957447	29425521.2	101894.975	24.53	24.57229162240383
-2.0953933373148055	-0.9999995793603256	0.012109205551952188	0.12302184505390813	28525117.5	162557.975	23.645000000000003	24.251116342164707
-2.338215469797286	-0.999999650200743	0.004159380910713579	0.09649969128154527	31884722.1	69789.425	23.965	24.037071886955825
-2.338215469797286	-0.9999995909846481	0.044839965867258275	0.09649969128154527	31884722.1	461085.45	24.009999999999998	24.043098040329923
-1.8492499287231712	-0.9999995356092378	0.01858388495334613	0.1573551496381493	26712329.5	244007.675	24.03	24.165168645462114
-1.8492499287231712	-0.9999995121141555	0.058811947520750654	0.1573551496381493	26712329.5	457057.85	23.605	23.896547958564405
-2.2295468360897766	-0.9999995926570117	0.01715911708038965	0.10757716918220986	30259844.6	225512.55	24.065	24.458345505124814
-2.2295468360897766	-0.9999995678176503	0.04718801963636591	0.10757716918220986	30259844.6	478192.5	24.785	24.907144567208316
-1.6749488150091103	-0.9999995514809001	0.02099571050045958	0.18731776709478618	27983518.25	282416.6875	23.19	23.727492462389282
-1.6749488150091103	-0.9999995271348819	0.06697587373295143	0.18731776709478618	27983518.25	558175.03125	23.805	23.971354120463644
-1.6749488150091103	-0.9999995494937356	0.07498122588724909	0.18731776709478618	27983518.25	298566.1875	23.97	24.13769013257604
-1.9203598645353412	-0.9999995483598808	0.019411745282864403	0.14655421297588953	27578523.9	256674.475	23.94	24.168189631362313
-1.9203598645353412	-0.9999995273418977	0.055416134037266945	0.14655421297588953	27578523.9	458268.525	24.715	24.940694313212703
-1.9203598645353412	-0.9999995448108129	0.07685554163588544	0.14655421297588953	27578523.9	283067.975	24.825000000000003	24.925843690691682
-2.369557390576534	-0.9999996395842814	0.006696274670972216	0.09352211088635475	31784511.8	94431.225	23.715	24.229019305703364
-2.369557390576534	-0.99999957454525	0.051226061283446596	0.09352211088635475	31784511.8	746290.475	24.39	24.393759759884116
-1.9849957340890283	-0.9999995562861318	0.018244519850130952	0.13738120017167335	28347056.5	290099.325	24.87	24.880069697880316
-1.0676523067240236	-0.9999995884232353	0.011120283355801569	0.3438147422226254	29016115.5	153637.6875	21.67	22.020836664863896
-1.0676523067240236	-0.9999995390723568	0.07147747984292353	0.3438147422226254	29016115.5	643275.375	22.315	22.75384820290383
-1.2767256844074426	-0.9999995653041134	0.021149264635174504	0.2789491743882084	29054679.6	305573.75	22.73	23.333194464061076
-1.2767256844074426	-0.9999995427819143	0.06820732089013937	0.2789491743882084	29054679.6	587906.55	22.98	23.025130817362857
-1.5672250350951382	-0.9999995419687074	0.016485477742645874	0.20862330219683903	26916026.14285714	226019.7857142857	23.195	23.262983044686358
-1.4375760032478788	-0.9999995006928993	0.029328909224262317	0.23750276742776938	26661061.0	604438.625	22.925	22.958315029020614
-1.4375760032478788	-0.9999994949902614	0.061776170156282256	0.23750276742776938	26661061.0	703690.5833333334	23.06	23.10364395809239
-1.7684280770763054	-0.9999995504376832	0.019356284493864784	0.17060094970695536	27771003.777777776	264287.55555555556	24.26	24.471615892354976
