-1.3675503824266941	-0.9999991898235556	0.04741989772564869	0.2547301874497781	15410981.666666666	264503.7083333333	14.19	14.304990331659386
-1.3675503824266941	-0.9999991256173396	0.11385758415683984	0.2547301874497781	15410981.666666666	711473.7083333334	14.215	14.228061260455107
-1.3675503824266941	-0.9999991869351413	0.11066852174469824	0.2547301874497781	15410981.666666666	276543.6666666667	14.24	14.244408229740037
-1.6789347056659603	-0.9999991157540629	0.05542849573860333	0.18657262497110144	14192961.555555556	282113.5833333333	14.200000000000001	14.210497242323136
-1.5918457639294539	-0.9999991502157127	0.05199463475242408	0.2035495603535819	14761129.0	280343.78125	14.11	14.153555298414283
-1.8801440829998306	-0.9999992186823647	0.08236966165939116	0.15256812170050432	17037452.9	604200.125	14.120000000000001	14.576758145472821
-1.8801440829998306	-0.9999992313785938	0.08214480495972915	0.15256812170050432	17037452.9	486673.6	14.55	14.562265449092802
-1.2151474861511495	-0.9999991028676616	0.08108740124491476	0.29666625690291354	15229007.2	858063.75	13.96	14.025771395951702
-1.2151474861511495	-0.9999991085053198	0.11827061414449005	0.29666625690291354	15229007.2	787467.7	13.89	14.162366102797288
-1.2151474861511495	-0.9999991811151712	0.1036841577595954	0.29666625690291354	15229007.2	260614.9	14.24	14.272802960065906
-0.7340323324313782	-0.9999991513093252	0.060052841937738875	0.47996968542873875	15118171.0	373490.5833333333	13.83	13.987769139300175
-0.7340323324313782	-0.9999991083057967	0.12812919075056528	0.47996968542873875	15118171.0	715533.75	14.045000000000002	14.100659296669585
-1.8208353375649833	-0.9999990996742433	0.06282343633582564	0.1618904612517748	14002611.9	298614.525	13.88	13.991119283308842
-1.8208353375649833	-0.999999055614549	0.09601504338327108	0.1618904612517748	14002611.9	553413.725	14.075	14.101675854193598
-1.8208353375649833	-0.9999991173695871	0.10135882350204044	0.1618904612517748	14002611.9	233077.625	14.055	14.062713609385773
-1.9340198187823492	-0.9999993246360852	0.07133544442010457	0.14456590018007412	19766117.3	627388.2	14.55	14.819410153720662
-1.9340198187823492	-0.9999993317837019	0.08336382356924212	0.14456590018007412	19766117.3	544726.925	14.97	14.99676992770845
-1.9340198187823492	-0.9999993704684027	0.10243815188067246	0.14456590018007412	19766117.3	253569.05	14.98	15.02675699125537
-0.25871172311069535	-0.9999990127417154	0.08019670392296971	0.7720455538575846	13646409.0	709651.25	13.68	13.693433503606297
-0.25871172311069535	-0.9999990153706902	0.1384351061997077	0.7720455538575846	13646409.0	684643.0	13.66	13.846791688959634
-1.016961692807342	-0.9999990772655918	0.05478574480886891	0.3616922044423042	13656998.25	297086.5625	14.0	14.011225998253702
