-1.3026101052404713	-0.9999995320323366	0.039936187463866096	0.2718213838974386	28196708.8	537748.4	27.98	28.338179290287293
-1.3026101052404713	-0.9999995557369358	0.03176165299635044	0.2718213838974386	28196708.8	275612.9	28.575000000000003	28.97142145741088
-1.0896938333434092	-0.9999995268561817	0.02864840355325238	0.336319447746245	27161096.75	381208.75	28.310000000000002	28.426830794136325
-1.9607770470122925	-0.9999995439364826	0.0428314985408172	0.14074900982020183	29008897.3	556764.675	29.580000000000002	30.078408143012165
-1.9607770470122925	-0.999999574244069	0.024482747976604078	0.14074900982020183	29008897.3	231123.1	29.365000000000002	29.481997749080453
-1.9607770470122925	-0.999999578985071	0.04784807393884093	0.14074900982020183	29008897.3	201425.3	29.17	29.346555499367888
-2.274441153534812	-0.9999995504651588	0.020557207993402573	0.10285437217940735	27765550.3	263439.35	28.97	29.051025766093495
-2.3485192185212873	-0.9999995778807287	0.005446733332480775	0.09551048771486587	28299131.9	154137.825	25.55	25.731732202222137
-2.187099478872167	-0.9999995509811501	0.02322529708576348	0.11224183674582987	28035468.2	293153.1	27.83	28.18029405146436
-2.187099478872167	-0.9999995418026119	0.030083387596058987	0.11224183674582987	28035468.2	379183.55	28.43	28.487675792763802
-1.8872697757821224	-0.9999995393928776	0.041507489367713916	0.1514848323142848	28984645.4	628148.9	28.995	29.181733787338665
-1.8872697757821224	-0.9999995714782502	0.026065740695478352	0.1514848323142848	28984645.4	247842.05	29.555	29.69815727737474
-1.8872697757821224	-0.999999576534342	0.047746257716749	0.1514848323142848	28984645.4	214056.925	29.495	29.615408373862273
-2.469490318588682	-0.999999546239684	-0.011822756751449962	0.08462798132026536	26011652.1	-133659.125	24.78	24.840487441442303
-1.7104927495531805	-0.999999543961732	0.04166896697769421	0.1807766930323175	28962688.75	544755.625	27.52	27.64131474468788
-1.7104927495531805	-0.9999995802915858	0.02051536349938165	0.1807766930323175	28962688.75	190209.03125	27.85	28.082050254345507
-1.7104927495531805	-0.9999995666199596	0.061652707833634926	0.1807766930323175	28962688.75	282616.9375	28.235	28.377056613277706
-0.2898737837912757	-0.9999995649794183	0.05141324203127874	0.7483580165295604	31372219.5	845395.625	27.76	28.10327731091111
-1.804901571873668	-0.9999995475393652	0.04206902707088154	0.16449064628649354	29169772.666666668	539378.0555555555	28.47	28.524805617517863
-1.804901571873668	-0.9999995754694554	0.02493290379325644	0.16449064628649354	29169772.666666668	238817.58333333334	28.810000000000002	28.94297113293155
