-1.6172124225895694	-0.9999994023267698	0.036717201587286905	0.19845112663629325	21272520.0	332372.875	15.85	16.053678917660612
-1.6172124225895694	-0.9999994079083315	0.040080603609199676	0.19845112663629325	21272520.0	295161.65625	16.065	16.129740026989236
-2.0156515453990926	-0.9999994160874304	0.04316725798813963	0.13323356736240233	23699235.2	1023031.0	17.03	17.066274387654413
-2.104709917990963	-0.9999994326701193	0.0535070631919612	0.1218810246340693	23535044.1	629154.525	16.84	17.17976903979519
-0.2659697312417491	-0.9999992605481499	0.05593547553429537	0.7664623270127919	17864736.0	545855.875	16.03	16.356743689562
-2.1444856288382823	-0.9999994870004207	0.0556243233174826	0.11712826895579193	26424796.9	771358.4	17.740000000000002	18.363989724515264
-1.5148932338763557	-0.9999994240592283	0.032830041207957794	0.21983165416844502	21960124.0	311055.78571428574	15.8	15.880294841664261
-1.9099538637115103	-0.9999994271781958	0.03928717355754495	0.14808721863249924	22470445.4	389087.1	16.6	16.786996749165915
-1.9099538637115103	-0.9999994243358326	0.05532626371348947	0.14808721863249924	22470445.4	414748.6	16.509999999999998	16.65286205482047
-1.034617183364359	-0.9999993123444842	0.0585048029118812	0.35536239352527005	19098150.5	505319.6875	16.62	16.7820286100243
-1.034617183364359	-0.9999993218083327	0.07005193953810243	0.35536239352527005	19098150.5	421765.25	16.69	16.692889407899397
-1.848932982563825	-0.9999993924506791	0.05086338812206526	0.1574050306528609	21516005.3	475457.275	15.860000000000001	16.300500216312674
-1.848932982563825	-0.9999994018952643	0.05322572658253129	0.1574050306528609	21516005.3	388023.85	16.405	16.565139593452486
-1.848932982563825	-0.9999994335762465	0.06485350802324658	0.1574050306528609	21516005.3	196255.25	16.525	16.591494096236172
-0.7469086542821975	-0.9999993225577147	0.045152327134023396	0.47382906045484846	18979620.666666668	383691.8333333333	16.3	16.352899943924008
-0.7469086542821975	-0.9999993076136588	0.08287189651049234	0.47382906045484846	18979620.666666668	509521.9166666667	16.315	16.45279145682564
-0.7469086542821975	-0.9999993442900064	0.0836351745041105	0.47382906045484846	18979620.666666668	254008.5	16.595	16.617302877163567
