-1.8661391460503962	-0.9999996066315658	0.03100475797164779	0.1547198609418663	32663108.6	380268.65	12.335	12.484163504288947
-0.7385933649375764	-0.999999597102438	-0.03354316763075595	0.47778551291886384	33329942.333333332	-679118.5833333334	13.275	13.40168580067517
-2.0106370915791385	-0.9999997782599106	0.005282704613642067	0.13390333879874203	51831929.9	98047.425	11.0	11.153656299576415
-2.0106370915791385	-0.999999755074241	0.041743584448040334	0.13390333879874203	51831929.9	326104.025	11.184999999999999	11.259440197500407
-1.3652447100271463	-0.999999584374723	-0.010324428122114595	0.25531818942178053	29035405.833333332	-174179.70833333334	12.700000000000001	12.874157164482616
-1.3652447100271463	-0.9999995713016704	0.03824799440058165	0.25531818942178053	29035405.833333332	254594.16666666666	13.21	13.2210201026031
-2.151522672663902	-0.999999814679041	0.009548571152062823	0.11630692549829118	66350254.1	218838.25	11.24	11.303677057354
-2.151522672663902	-0.9999997987220159	0.05599827304974715	0.11630692549829118	66350254.1	630862.875	11.335	11.478800834080545
-1.9674754568363106	-0.9999997459242747	0.010529735028384012	0.1398093658437035	48695563.5	236181.625	11.705000000000002	11.741403805590847
-1.2168709801883104	-0.9999995732207195	-0.016293292378798584	0.29615539473851826	29448393.2	-287207.6	12.77	12.97089970591295
-1.8089299914119539	-0.9999995759320375	0.018313858818879557	0.16382934185329034	30751375.4	460777.675	11.965	11.988459455426757
-2.0496834949828977	-0.9999997891627637	0.0075957924993622665	0.1287756552793832	56483185.2	148561.15	11.555	11.67459904066564
