-1.3890676964278381	-0.9999994783171806	0.05836261006003421	0.24930762670843698	26166875.333333332	848146.0416666666	16.485	16.85926169604788
-1.2339832858822275	-0.9999994626908595	0.054910880430805435	0.2911306085466985	25245781.0	778237.95	16.630000000000003	16.652858223068634
-1.615966536528346	-0.9999994485527446	0.04882408234369781	0.19869852821388997	24321692.125	668057.0625	15.620000000000001	15.633006203335652
-2.0847797451539813	-0.9999996543054456	0.011165380848701348	0.12433450242681768	36923767.4	349529.225	13.93	14.120488711060556
-2.0847797451539813	-0.9999996490705074	0.033770518310208116	0.12433450242681768	36923767.4	424062.7	14.075	14.271917405977042
-2.0847797451539813	nan	nan	0.12433450242681768	36923767.4	nan	14.535	14.537319569813231
-0.743237615294359	-0.9999994609547344	0.04001067241286508	0.4755717021050062	24450959.0	529756.0	15.63	16.12210760953446
-0.743237615294359	-0.9999994841182613	0.04036866800993457	0.4755717021050062	24450959.0	300679.4166666667	16.175	16.354847515020722
-2.0007033526904374	-0.9999996950573532	-0.004548556457023315	0.1352401282687112	37595721.2	-95275.525	13.684999999999999	13.705291189701096
-2.0007033526904374	-0.9999996668475708	0.02258769286029546	0.1352401282687112	37595721.2	275158.4	13.815000000000001	13.966634682506912
-2.044764060039042	-0.9999996981491099	-0.0038088722133832525	0.1294107195357729	37459256.7	-81397.325	13.86	14.006084165347671
-2.19247185635	-0.9999996720499502	0.0038769866130080157	0.11164044811984214	33859292.1	66445.775	14.925	14.97052928449807
-2.19247185635	-0.9999996000170646	0.05440561909392292	0.11164044811984214	33859292.1	761570.275	14.8	14.80665708957405
-2.19247185635	nan	nan	0.11164044811984214	33859292.1	nan	14.845	14.852670228641173
-1.0306365085144944	-0.9999994734263686	0.06157861852402738	0.3567797949031212	26160246.5	960582.3125	16.330000000000002	16.67066058914807
