-2.40631459426135	-0.9999996745294861	0.009155202531515621	0.0901469110696135	36794705.7	158829.325	24.92	25.373655295935762
-2.40631459426135	-0.9999996518710267	0.03461607645257301	0.0901469110696135	36794705.7	365601.925	25.884999999999998	26.17320366748275
-2.40631459426135	-0.9999996457058284	0.08463624541821649	0.0901469110696135	36794705.7	458698.125	26.29	26.406023511148792
-1.9905478313475307	-0.9999995816363131	0.016151978925008983	0.13662055991511537	29580391.7	236891.5	23.405	23.495573711056156
-0.7748957022092585	-0.999999680488602	0.08228939210165018	0.460751833891372	45764059.666666664	2240340.0833333335	23.29	24.200310665732196
-2.3434159126072145	-0.9999995942059958	0.024842751907566532	0.09599915279481863	32865901.3	619571.925	25.950000000000003	26.010530332357302
-2.3434159126072145	-0.999999620004403	0.028515857418706173	0.09599915279481863	32865901.3	265373.625	26.04	26.21618798735172
-2.3434159126072145	-0.9999996127093975	0.07145389665614113	0.09599915279481863	32865901.3	337274.275	26.275	26.34775852634344
-1.855932467634273	-0.9999995958518286	0.036754627465810874	0.15630712336608232	33035723.0	628647.175	24.2	24.381193877144728
-2.190500457098152	-0.999999575004823	0.028052180821362533	0.11186075309892728	30354886.7	400583.675	24.97	25.6901453038411
-2.4356928175456747	-0.9999996575431885	0.015389261830902742	0.0875370788103776	36492216.5	267534.65	26.490000000000002	26.67190011411177
-2.145830505264796	-0.9999995663244314	0.018569319390784208	0.11697085178504263	28673756.4	251476.2	23.07	23.97427254605371
-2.145830505264796	-0.9999995426343922	0.06300527343237208	0.11697085178504263	28673756.4	496028.175	24.325000000000003	24.645003045057386
-2.145830505264796	-0.9999995536814825	0.08107150579660613	0.11697085178504263	28673756.4	361358.45	24.92	25.044147680214948
-2.098975563120484	-0.9999995799807239	0.005275039011707972	0.12258194141339634	26480551.5	67665.2	22.96	23.430353138349794
-1.5744149468705901	-0.9999996312609193	0.04053130594550425	0.20712869853258445	36917083.85714286	816490.3214285715	23.52	23.581194904401684
-1.5744149468705901	-0.999999644923222	0.05362088875883074	0.20712869853258445	36917083.85714286	493065.4285714286	23.485	23.884367466915105
-1.77498629392714	-0.9999996028395812	0.039744075801613224	0.1694857724678969	34340846.44444445	838042.2222222222	23.59	23.617282433702623
-1.77498629392714	-0.9999996158141548	0.060741379220591175	0.1694857724678969	34340846.44444445	536737.9444444445	23.745	23.916284226205327
-1.77498629392714	-0.9999996328665117	0.06596765541016102	0.1694857724678969	34340846.44444445	298842.3333333333	24.03	24.326704381626207
