-1.4906219407969619	-0.9999995652139781	-0.0008630459104617886	0.22523253066964255	20711532.85714286	-8143.392857142857	13.93	14.021131716571096
-1.2167418808448978	-0.9999995261898394	-0.01214031814059181	0.2961936306735911	24951876.4	-136277.05	13.84	13.869659319833826
-1.2167418808448978	-0.9999995211601167	0.016825048265128862	0.2961936306735911	24951876.4	154499.65	13.96	14.029668828188406
-1.2167418808448978	-0.9999996106802133	0.007740242639638823	0.2961936306735911	24951876.4	16550.95	14.004999999999999	14.05017314058594
-2.108926870700959	-0.999998814059789	0.05058320375742878	0.12136814028151018	10246274.0	189370.95	13.39	13.399100381880489
-2.17670407988216	-0.9999989852995084	0.025957216104037027	0.1134147211606774	11423452.7	108160.75	12.4	12.547763940418713
-2.17670407988216	-0.9999989726240465	0.028594010271459882	0.1134147211606774	11423452.7	125012.95	12.585	12.653272068456786
-1.3687194252124888	-0.9999995011419304	-0.007241383636215229	0.25443257095891664	22482310.5	-74270.45833333333	14.01	14.055532207870336
-1.8814806214010698	-0.9999989247263609	0.04774258648675118	0.1523643447552375	11452948.5	223027.225	14.15	14.20248313698061
-1.8814806214010698	-0.999998905633109	0.07370519316948662	0.1523643447552375	11452948.5	277541.025	14.205000000000002	14.226445563914462
-1.8814806214010698	-0.9999989628460348	0.08531792260634595	0.1523643447552375	11452948.5	144129.0	14.315000000000001	14.378117738803253
-2.0297841458404986	-0.9999987404720148	0.056689018519913134	0.13136387352690257	9776757.6	222814.6	13.81	13.861250963388468
-2.2070955980385922	-0.9999989196902401	0.026807339113250405	0.1100197264351956	10720271.4	107066.4	12.735	12.803416608706831
-2.2070955980385922	-0.9999989386016107	0.02155964311875846	0.1100197264351956	10720271.4	87418.95	12.76	12.768543156422316
-1.5917615691195193	-0.9999994426678546	0.00491950893807387	0.203566698891606	19122577.125	42514.625	13.96	14.072429332207706
-1.5917615691195193	-0.999999364790941	0.027142127146865435	0.203566698891606	19122577.125	188495.40625	14.06	14.10487035310855
-1.5917615691195193	-0.9999994238690234	0.03447434330987572	0.203566698891606	19122577.125	60906.34375	14.115	14.156972922878557
-0.7358623173907415	-0.9999996228024008	-0.019803534561755293	0.4790921513054711	33456057.333333332	-302410.6666666667	13.92	13.928669330797256
-0.7358623173907415	-0.999999640344965	0.013274400088878254	0.4790921513054711	33456057.333333332	168153.66666666666	14.2	14.24360091860963
-0.26084806340733224	-0.9999996825945254	-0.023217387420787085	0.7703979623647156	41062560.0	-457475.75	14.0	14.014866323345078
-2.262634706082342	-0.999999000558925	0.03039172551896162	0.10407591376364833	11768520.7	128275.45	12.63	12.85003444393381
-2.262634706082342	-0.9999989851599661	0.034063662001522964	0.10407591376364833	11768520.7	153761.725	12.875	12.989639206479003
-2.262634706082342	-0.9999990591991883	0.03201626015612788	0.10407591376364833	11768520.7	64332.375	13.094999999999999	13.175721987668991
-1.6782560137803184	-0.9999993887479821	0.01182953358663611	0.1866992932772659	18788690.777777776	97208.63888888889	14.15	14.184122992747744
-1.6782560137803184	-0.9999993434290356	0.033900057652826	0.1866992932772659	18788690.777777776	227772.91666666666	14.295000000000002	14.378771784011066
-1.6782560137803184	-0.9999993784443353	0.058003631364297537	0.1866992932772659	18788690.777777776	117972.72222222222	14.42	14.548169539310207
