-1.022964377723664	-0.999998847843456	0.018161499571055336	0.3595275833711462	9715635.75	72687.125	14.64	14.643232787670136
-1.8279062557533698	-0.9999986134038426	0.04866645323852959	0.16074978461299366	9399572.9	457443.875	14.15	14.19919903414023
-1.6861997371096784	-0.9999986969902621	0.03910930436468858	0.1852220807973087	9152895.444444444	151191.91666666666	14.41	14.43220642860985
-2.1856806950520267	-0.9999986957340695	0.042796976776962196	0.11240119666965652	9208582.4	164461.9	14.43	14.528863713388748
-2.1856806950520267	-0.9999986135077896	0.11353566101909365	0.11240119666965652	9208582.4	350678.425	14.49	14.495815911911047
-2.1856806950520267	-0.9999987230110402	0.07322666813808969	0.11240119666965652	9208582.4	127931.5	14.48	14.490605560153488
-2.034684056851641	-0.9999987275941778	0.04724382458906681	0.13072177663005102	9608556.5	204021.025	14.32	14.49713280277518
-2.034684056851641	-0.9999987202279378	0.07647862654689631	0.13072177663005102	9608556.5	218984.8	14.515	14.626714651774671
-2.034684056851641	-0.9999987877332256	0.07556241682716797	0.13072177663005102	9608556.5	114476.525	14.635000000000002	14.656559764123061
-2.2754140992565226	-0.9999984839897581	0.06537155250654911	0.10275434912442818	8052342.1	200271.275	14.14	14.321993890736621
-1.496980988451056	-0.9999986817196729	0.04063728271128001	0.22380481055509915	9046828.285714285	151183.42857142858	14.48	14.586187908229583
-1.9407201848467586	-0.9999986518132982	0.04079515095672904	0.14360049362890054	8893636.5	161179.875	14.17	14.259224984727707
-1.9407201848467586	-0.9999986619339452	0.05467191362581534	0.14360049362890054	8893636.5	147305.85	14.295000000000002	14.399832218136233
-1.9407201848467586	-0.999998706583199	0.07273812114715912	0.14360049362890054	8893636.5	99029.075	14.44	14.479704418168172
