-1.9589354048555392	-0.9999992343498058	0.043643824082215545	0.14100845796219624	17213444.7	529387.2	15.4	15.41557473993683
-1.9589354048555392	-0.999999331224594	0.021349978389150533	0.14100845796219624	17213444.7	99899.35	15.275	15.485778599040145
-2.0078714124213413	-0.9999992395526038	0.04316939600667735	0.13427418505651711	17822892.4	769403.5	15.35	15.414114795359179
-2.2346157867754894	-0.9999991101024297	0.01173394393600655	0.10703324554241257	13064344.5	111962.525	14.72	14.79111171676417
-2.2346157867754894	-0.999999124541765	0.022261041277043165	0.10703324554241257	13064344.5	92714.225	14.73	14.932594487038557
-1.7738285679269752	-0.9999991367207809	0.05259112073851028	0.169682104180576	14710170.7	327414.3	16.75	16.89977917378044
-1.6081661498266269	-0.9999989282944969	0.04244351786543483	0.20025451432809355	11299737.625	181676.96875	15.754999999999999	15.996014564105439
-2.1701952384602103	-0.9999992868451659	0.025597510008254568	0.1141553272246931	17176362.8	208856.225	14.780000000000001	14.861642999023225
-1.504513024250614	-0.9999988756766768	0.03292677752411923	0.22212543719945138	10359594.0	114407.78571428571	15.205	15.232717954729308
-1.504513024250614	-0.9999987527621884	0.06759943544589875	0.22212543719945138	10359594.0	408756.5	15.08	15.555027997538026
-2.291908764363908	-0.9999990678923688	0.009902168277447967	0.10107335239909146	11594032.9	49358.55	14.585	14.676333123486165
-2.291908764363908	-0.999998976199911	0.03722226888813789	0.10107335239909146	11594032.9	142909.225	14.855	14.96184188387701
-2.291908764363908	-0.9999989763019536	0.07910998485529172	0.10107335239909146	11594032.9	142740.25	15.01	15.062674242172356
-1.3823243963810479	-0.9999985406802139	0.035224830732513174	0.2509944638718497	7987671.833333333	115446.08333333333	15.08	15.090852991945983
-1.3823243963810479	-0.9999984510534542	0.08729076993338575	0.2509944638718497	7987671.833333333	236209.04166666666	15.200000000000001	15.20269094617386
-1.3823243963810479	-0.9999985780497228	0.06292613504179986	0.2509944638718497	7987671.833333333	85653.08333333333	15.21	15.218104139092766
-1.6958841528356656	-0.9999990628443755	0.04348672384819148	0.18343697098976933	13159046.333333334	226855.80555555556	15.9	16.21037745211383
-1.6958841528356656	-0.9999990662775509	0.05945185466812104	0.18343697098976933	13159046.333333334	216835.08333333334	16.5	16.655950073010622
-1.6958841528356656	-0.9999990673147483	0.06880146655041673	0.18343697098976933	13159046.333333334	213895.69444444444	16.685000000000002	16.685334822223943
-2.053670124480862	-0.9999993016914291	0.041187139273962045	0.12826329642447454	18157158.1	321031.975	15.77	15.801356850529872
