-1.7835492036453575	-0.9999986056111921	0.03684280288619607	0.1680406770405058	8310704.7	107833.575	8.370000000000001	8.492974649744154
-1.7835492036453575	-0.9999986074503936	0.05341408412053641	0.1680406770405058	8310704.7	106197.85	8.67	8.716484730982023
-0.7065892499058773	-0.9999985257135336	0.04694859970016309	0.49332393590936907	8201185.0	178240.75	9.620000000000001	9.700937656903765
-1.924504910967471	-0.999998671814498	0.05141409488934924	0.14594799622454274	8921020.3	139911.125	8.28	8.301430329696759
-1.924504910967471	-0.9999987005337686	0.05901398418662367	0.14594799622454274	8921020.3	108288.625	8.49	8.550197639383809
-1.425019302278974	-0.9999985543160533	0.028176726262575724	0.24050382089169345	8002610.857142857	105792.67857142857	8.315000000000001	8.390147296780707
-1.425019302278974	-0.9999985108873211	0.0699179802831473	0.24050382089169345	8002610.857142857	149759.0	8.295000000000002	8.330538787445876
-1.8346445836878609	-0.9999986886288873	0.03881982590530236	0.1596702410927276	8920794.2	120386.6	8.68	8.830959560558997
-2.0667309744916977	-0.9999986936791202	0.061870080067865346	0.12659896122345576	9240531.7	174746.875	8.635000000000002	8.71029620500082
-2.0667309744916977	-0.9999987410099743	0.06225141416981159	0.12659896122345576	9240531.7	112840.25	8.725000000000001	8.74254797487546
-1.170531894504556	-0.9999985929004302	0.027344920201576247	0.3102019026904765	8238903.6	108331.2	8.58	8.679341267143949
-2.034660891857455	-0.9999987457841167	0.060766224186235805	0.1307248048343207	9569577.7	163131.225	8.45	8.51095259280471
-2.034660891857455	-0.9999988118529458	0.04601151007622641	0.1307248048343207	9569577.7	86686.55	8.594999999999999	8.674777519886165
-1.7288934143847305	-0.9999985259009491	0.027389446486441704	0.1774806989330034	7683037.1	82912.875	7.715	7.881599247898764
-1.7288934143847305	-0.999998542021113	0.03766919288271453	0.1774806989330034	7683037.1	73254.3	7.92	8.077399838157962
-1.7288934143847305	-0.9999984947524794	0.09748831826519275	0.1774806989330034	7683037.1	105331.0	8.165	8.2085540193505
-0.2436901849415266	-0.9999986980453988	0.056595459204791365	0.7837304081356438	9560788.5	254666.125	9.865	9.922915850567026
