-1.9854264513441666	-0.9999981862913662	0.08518889246774392	0.13732204045969676	7252642.6	516163.35	7.95	7.958744164178736
-1.9854264513441666	-0.9999982125887088	0.11012910419589153	0.13732204045969676	7252642.6	426536.375	7.9350000000000005	7.9689698544805365
-1.7113801239020252	-0.9999985746622843	0.07098067114296537	0.18061634758579148	8837173.6	295360.95	8.21	8.246527410291302
-1.7113801239020252	-0.9999986139101026	0.13042726898610274	0.18061634758579148	8837173.6	208795.85	8.26	8.263328513875422
-1.2842449082950456	-0.9999990011323332	0.0698067647640351	0.2768595590807295	12894076.333333334	392178.9	8.13	8.156195291104824
-1.2842449082950456	-0.9999990210779723	0.1252220388760051	0.2768595590807295	12894076.333333334	303243.7	8.14	8.148121383203952
-0.22784760920046432	-0.999999426590242	0.09026448036204016	0.7962455910925886	23524965.0	721756.5	7.8	7.846027052152462
-0.22784760920046432	-0.9999994316449128	0.13535117407224045	0.7962455910925886	23524965.0	640838.0	7.85	7.883533998839698
-1.7679219100023127	-0.9999983337976683	0.06948335811327702	0.17068732414859403	7461775.1	250903.35	8.11	8.1703554717195
-1.7679219100023127	-0.9999983848219485	0.13848351619594507	0.17068732414859403	7461775.1	171457.3	8.120000000000001	8.135238926149022
-1.7679219100023127	-0.9999983676606983	0.11120652504635296	0.17068732414859403	7461775.1	194880.85	8.16	8.167820368526842
-2.1099351162979154	-0.9999982439193607	0.031234985814475428	0.12124583305668211	6446536.6	82505.975	7.78	7.783226807714457
-2.1099351162979154	-0.9999982355075342	0.08882024499295434	0.12124583305668211	6446536.6	87103.625	7.815	7.833124361062125
-2.1621326298543986	-0.9999978817260116	0.028385163423771953	0.11507943731131615	5333089.0	80574.0	7.7700000000000005	7.786006453056718
-2.1621326298543986	-0.9999976534895304	0.08805538487780264	0.11507943731131615	5333089.0	272160.025	7.805	7.833780460112865
-2.0517210162411708	-0.9999983580204473	0.05615681666824572	0.1285135392683567	7306950.1	162406.3	7.84	7.857885773928928
-2.0517210162411708	-0.9999984231267456	0.09997837951894058	0.1285135392683567	7306950.1	100924.125	7.785	7.814254813610367
-1.9488811570440996	-0.9999984150653461	0.05399896637619168	0.1424333430125572	7556006.3	158858.625	7.930000000000001	7.931252661118829
-1.9488811570440996	-0.9999984582281277	0.10781974164005395	0.1424333430125572	7556006.3	114648.85	7.96	7.982158322284819
-0.6824776520543914	-0.9999991842724024	0.10221578970790698	0.5053633254501996	17451997.0	1522820.75	8.145	8.191396267697465
-0.6824776520543914	-0.9999992612374465	0.1021270919337433	0.5053633254501996	17451997.0	397471.8333333333	8.145	8.163579943899018
-0.6824776520543914	-0.9999992362016767	0.11747115659197481	0.5053633254501996	17451997.0	615262.5833333334	8.19	8.196989826888453
-1.8188184933518845	-0.9999984780646191	0.06656820627181881	0.16221729857089556	8061522.9	213013.8	8.16	8.173725182361366
-1.8188184933518845	-0.9999985514598996	0.129106006347696	0.16221729857089556	8061522.9	117880.975	8.184999999999999	8.224673712028691
-1.8188184933518845	-0.9999984603189553	0.11492902608186395	0.16221729857089556	8061522.9	245774.55	8.275	8.287678177882098
-1.3991471298981175	-0.9999988322952366	0.09822278167497632	0.24680736883063303	11969974.0	1175724.142857143	8.15	8.151180691821159
-1.6480518860280449	-0.9999988011960739	0.07449602518340394	0.19242440839673378	10569112.4	318153.8333333333	8.06	8.156034343274442
-1.6480518860280449	-0.9999988349695905	0.1308342876991926	0.19242440839673378	10569112.4	222644.77777777778	8.215	8.222834072732986
-1.6480518860280449	-0.9999988176341292	0.10508602724782364	0.19242440839673378	10569112.4	267414.2	8.245000000000001	8.276781243724672
