-1.7456207551640879	-0.9999980242544614	0.01792430681634915	0.17453661082965205	5391805.7	42311.425	9.540000000000001	9.5628650782752
-1.7456207551640879	-0.9999976860859842	0.08586567147353487	0.17453661082965205	5391805.7	262018.65	9.56	9.564922719936197
-1.313718065242724	-0.9999983966976989	-0.014119164845438889	0.26881871049946987	6664366.833333333	-43694.25	9.66	9.674541370240604
-1.168368100870435	-0.9999984413710798	-0.025343845790372802	0.3108738422999667	7272208.2	-83672.2	9.55	9.603620240064851
-1.527669980461488	-0.9999983600497429	-0.008630991574330928	0.21704078789352094	6181830.75	-25282.1875	9.35	9.446001304269558
-1.527669980461488	-0.9999983189407974	0.07793891738096093	0.21704078789352094	6181830.75	32597.5625	9.440000000000001	9.458538662344653
-1.6101987055320406	-0.9999984320522716	-0.004001551831952095	0.19984789924635016	5923975.444444444	-10811.777777777777	9.46	9.460723539402174
-1.9849704158623167	-0.9999978457928769	0.04793046629033006	0.13738467846407715	5290444.5	89027.625	9.78	9.814210159993365
-1.9849704158623167	-0.9999978109920242	0.1163958028046411	0.13738467846407715	5290444.5	107024.8	9.8	9.87290551936873
-1.9849704158623167	-0.9999977576060375	0.08887499743304762	0.13738467846407715	5290444.5	141953.35	9.905000000000001	9.942749218051285
-1.9849704158623167	-0.9999978349777191	0.09957911585650867	0.13738467846407715	5290444.5	94270.125	9.97	10.089266742708164
-2.123038815500611	-0.999997911582742	0.06295482041875151	0.11966742818723214	5643266.6	131332.525	10.24	10.281461079835157
-1.9014428272253796	-0.9999976741605325	0.06541929268857807	0.14935297315417762	5298617.2	224971.4	9.66	9.67271131319562
-1.9014428272253796	-0.9999977782131071	0.0831347378488296	0.14935297315417762	5298617.2	129623.65	9.735	9.800439575377181
-1.854320232141942	-0.9999974086822243	0.06739146155165177	0.15655933051210313	4855022.7	290948.975	9.47	9.48781396667311
-1.854320232141942	-0.9999976136830354	0.0733960747190902	0.15655933051210313	4855022.7	107539.525	9.535	9.57380877490186
-1.854320232141942	-0.9999975921592688	0.11773123487255871	0.15655933051210313	4855022.7	119385.5	9.594999999999999	9.631657435756038
-2.022712740824054	-0.9999977537113587	0.06364225397954325	0.13229609284671315	5171247.0	110868.975	10.0	10.04600430915294
-2.022712740824054	-0.9999976868559874	0.09181489402864736	0.13229609284671315	5171247.0	156659.925	10.15	10.194270176131278
-2.022712740824054	-0.9999977018814248	0.08977851224251383	0.13229609284671315	5171247.0	144948.225	10.14	10.22549255745104
-2.022712740824054	-0.9999978028592511	0.09196111937643156	0.13229609284671315	5171247.0	85986.525	10.2	10.213574674341109
