-0.7217136738480388	-0.9999993415340495	0.06332675964161849	0.4859188356577047	19763495.0	448465.1666666667	12.450000000000001	12.650672910318983
-0.7217136738480388	-0.9999993037462919	0.0741296438052805	0.4859188356577047	19763495.0	946385.8333333334	12.665	12.684595717206404
-1.002751121316356	-0.9999993099430031	0.05697096330732476	0.3668687511019484	18695847.25	400791.9375	12.790000000000001	12.840876091566491
-1.573816888942998	-0.9999992674980314	0.06533400305327475	0.20725261054236016	17670897.125	418304.34375	13.46	13.510685782214392
-1.573816888942998	-0.9999992485476769	0.06490323292597411	0.20725261054236016	17670897.125	584688.78125	13.435	13.487191039920615
-1.573816888942998	-0.9999992831531813	0.07794511096986313	0.20725261054236016	17670897.125	317211.25	13.395	13.452012238358185
-1.573816888942998	-0.9999992996890771	0.0546101692179519	0.20725261054236016	17670897.125	236834.78125	13.530000000000001	13.654956745736417
-1.4727705253921548	-0.9999992622726417	0.06660385272356553	0.2292893524096192	17589721.714285713	432101.85714285716	13.450000000000001	13.659633221118966
-1.9178522519511982	-0.999999292351331	0.07962994848968999	0.14692217532530008	18710874.2	562824.675	13.81	13.986786759416768
-1.9178522519511982	-0.9999993360237911	0.04970163553939324	0.14692217532530008	18710874.2	248592.75	14.035	14.132428329281721
-1.9178522519511982	-0.9999993534567586	0.04466942023956254	0.14692217532530008	18710874.2	179401.875	14.105	14.115539923138673
-1.6618350782094233	-0.9999992763230715	0.06373270717326461	0.18979038015428398	17828340.333333332	401096.0	13.75	13.808376578127978
-1.1987166490678123	-0.9999993085214459	0.06482272450969724	0.3015809979228367	18808752.2	445007.55	12.68	12.89325667272445
-1.1987166490678123	-0.9999993407751366	0.06932933092151472	0.3015809979228367	18808752.2	242605.75	12.98	13.012972811907263
-1.1987166490678123	-0.9999993042173498	0.10793393334873166	0.3015809979228367	18808752.2	482531.45	13.08	13.25742880583567
-1.1987166490678123	-0.9999993354543335	0.06506111565570252	0.3015809979228367	18808752.2	268141.75	13.125	13.1684225621801
-1.8634900616981152	-0.9999992890371201	0.07848797407464762	0.15513027026892867	18578644.9	545100.275	13.75	14.025671628916987
-0.2503736871064048	-0.9999993034179718	0.053995247097180024	0.7785098096302108	18230299.5	327386.25	11.9	12.14762786791844
-0.2503736871064048	-0.9999992559622497	0.07572217503675233	0.7785098096302108	18230299.5	777648.375	12.315000000000001	12.323971768559785
-0.2503736871064048	-0.9999992890548418	0.1106873091785422	0.7785098096302108	18230299.5	425381.125	12.195	12.29242281606209
-0.2503736871064048	-0.9999993198025428	0.05122877333614598	0.7785098096302108	18230299.5	242850.0	12.39	12.433075114789256
-2.0935317730854544	-0.9999993397663225	0.0575615215145714	0.12325107141368792	19582977.9	412230.975	13.36	13.397414711629983
-2.251604053419134	-0.9999994092427944	0.03269617615287201	0.10523029409829693	20909083.3	231465.775	13.19	13.435791085066954
-2.251604053419134	-0.9999994357310498	0.03797373975306302	0.10523029409829693	20909083.3	133031.2	13.48	13.49114161864647
-2.251604053419134	-0.9999993972434268	0.06726436787379103	0.10523029409829693	20909083.3	297474.575	13.73	13.971087250252493
-2.251604053419134	-0.9999994030541456	0.04363471419894132	0.10523029409829693	20909083.3	263441.55	14.035	14.058834884702112
-1.3499833522743012	-0.9999992508003597	0.06879308258712703	0.25924457644256477	17368120.0	447838.0833333333	13.1	13.16401346341377
-1.3499833522743012	-0.9999992574475423	0.07510034578999404	0.25924457644256477	17368120.0	399008.375	13.315000000000001	13.54196764135544
-1.8034697659380967	-0.9999992892693944	0.07822715628053696	0.16472633365921757	18462304.1	499679.7	13.51	13.646604130912072
-1.7370333268108193	-0.9999992699287698	0.06622335823177598	0.17604188543870902	17713758.6	413454.65	13.26	13.31967889613674
-2.278709159624927	-0.9999993818630846	0.04078867252890075	0.10241632455247197	21339005.5	535215.725	14.0	14.214296581073654
-2.278709159624927	-0.9999994011989028	0.06839253744606212	0.10241632455247197	21339005.5	354270.875	14.39	14.521041469645215
-2.278709159624927	-0.9999994212836276	0.04013140983605645	0.10241632455247197	21339005.5	230781.7	14.440000000000001	14.470557602699609
-2.193638070271451	-0.9999993375891958	0.0518038969710725	0.11151032736411366	19322843.6	362093.45	13.0	13.097654084205997
-2.193638070271451	-0.9999994129363209	0.024459486149806045	0.11151032736411366	19322843.6	84434.2	13.184999999999999	13.207921709431545
-2.193638070271451	-0.9999993656486695	0.058015760741375925	0.11151032736411366	19322843.6	210547.55	13.290000000000001	13.33004487097508
-2.193638070271451	-0.9999993494601975	0.053424292622682154	0.11151032736411366	19322843.6	287873.2	13.355	13.385831177714659
-2.1296044468611397	-0.9999993264136681	0.061157670616291425	0.11888430961500979	19191816.2	411408.8	12.85	12.870270808813466
-2.1296044468611397	-0.9999994277524344	0.015942044615516016	0.11888430961500979	19191816.2	58832.7	12.905000000000001	12.929583921980111
