-1.669203888005857	-0.9999984257661295	0.07264206233971786	0.18839699105635707	7638094.4	166731.65	9.16	9.168332816204492
-2.1084512737495715	-0.9999978862891222	0.09523358745241017	0.12142587632747918	5545349.8	123162.275	9.28	9.36862317720239
-2.1084512737495715	-0.9999978502093383	0.12484856818825726	0.12142587632747918	5545349.8	150442.25	9.39	9.43457520534192
-2.1084512737495715	-0.999997830329603	0.10774884376228185	0.12142587632747918	5545349.8	167975.825	9.47	9.513133423943822
-2.1084512737495715	-0.9999978525604093	0.09738635520747373	0.12142587632747918	5545349.8	148493.575	9.51	9.512362375309719
-1.8417823399090154	-0.9999982228141128	0.10120111618603718	0.15853461158080054	7339703.6	462321.35	9.21	9.21048806062628
-1.8417823399090154	-0.9999982450738464	0.10345786735859419	0.15853461158080054	7339703.6	392634.825	9.245000000000001	9.275948156563105
-1.1551913328927101	-0.9999983170842768	0.08236212978590367	0.3149972617999963	7180723.2	177113.55	8.83	8.865765966046888
-1.1551913328927101	-0.9999983480576925	0.11237826528024346	0.3149972617999963	7180723.2	141794.4	8.9	8.920359353601754
-1.1551913328927101	-0.9999983477378851	0.07249167868056947	0.3149972617999963	7180723.2	142120.4	8.955	9.000263323195309
-2.137656595543183	-0.99999809235654	0.13086875011934976	0.11793087921117876	6486241.8	236435.925	9.450000000000001	9.689035133662124
-2.165652725180342	-0.9999979926846034	0.10449434790594503	0.11467505886482085	6705373.2	700673.6	9.69	9.691194691740096
-1.8891634992821118	-0.999998199084637	0.09696975172194428	0.151198233382655	7403661.1	617457.425	9.3	9.30270025527845
-1.8891634992821118	-0.9999983385741383	0.11199302603298837	0.151198233382655	7403661.1	219834.325	9.31	9.315623023010605
-1.972906134621844	-0.9999981950902523	0.07733514308629748	0.1390521641465894	6588322.3	145993.925	9.290000000000001	9.295075634639
-1.972906134621844	-0.9999981066081723	0.11391337232175308	0.1390521641465894	6588322.3	261521.5	9.370000000000001	9.37757148132572
-1.972906134621844	-0.9999981725264104	0.10937078100624265	0.1390521641465894	6588322.3	169393.4	9.395	9.406143331233793
-1.2994794252218376	-0.9999983187478632	0.094448477371315	0.27267370314592115	7559444.5	330819.8333333333	9.0	9.006333793358657
-1.2994794252218376	-0.9999983733429365	0.09805519281029945	0.27267370314592115	7559444.5	218954.5	9.155000000000001	9.192553889800573
-1.596983426023169	-0.9999984344350541	0.07702138251926194	0.20250647330196936	7746442.222222222	184896.77777777778	9.23	9.273668711722209
-1.4161228842291322	-0.9999985241051224	0.08676893797332927	0.2426529891999286	8306456.428571428	210965.89285714287	9.15	9.249916597216735
-1.4161228842291322	-0.9999985087821457	0.13609571874667056	0.2426529891999286	8306456.428571428	239601.39285714287	9.285	9.321618143044793
-1.4161228842291322	-0.9999985139675364	0.10143382355726746	0.2426529891999286	8306456.428571428	229500.2857142857	9.35	9.355728863571166
-1.932700982396998	-0.9999981825287051	0.09068232267899373	0.14475668472846162	6964482.6	314187.125	9.28	9.290622525496804
-1.932700982396998	-0.9999982392965774	0.11945096674770438	0.14475668472846162	6964482.6	211585.325	9.375	9.378800025492863
-0.23626987468429747	-0.9999982476717522	0.09507489581854507	0.7895675608809631	7158193.0	280267.625	8.88	8.95089582729482
-2.077934887211537	-0.9999977604668262	0.07733286958874919	0.1251884737552971	5124749.7	96474.75	9.200000000000001	9.253915480255106
-2.077934887211537	-0.9999976162066343	0.10931074869051177	0.1251884737552971	5124749.7	202063.925	9.265	9.267151764624563
-2.077934887211537	-0.9999976913015767	0.09576597030649453	0.1251884737552971	5124749.7	137515.825	9.254999999999999	9.285123740638914
