-1.7959953428546962	-0.9999980560319762	0.10339263768393113	0.1659621808387227	6279579.7	200245.05	9.24	9.292969157420059
-1.7959953428546962	-0.9999980651978463	0.14457819392844964	0.1659621808387227	6279579.7	189044.75	9.3	9.30705334466754
-1.7392894129802807	-0.9999981031807225	0.1032599901268068	0.17564516745897052	6411256.4	191183.6	9.18	9.182390329758148
-1.7392894129802807	-0.9999981082051733	0.1402557806809686	0.17564516745897052	6411256.4	185123.1	9.18	9.186104509945514
-1.9380990565107374	-0.9999979236758616	0.09676940769366854	0.14397738267331608	5789944.7	166341.125	9.3	9.306628416606902
-1.1636932693289712	-0.9999983968371529	0.12918093683276022	0.31233052736914885	7798267.6	268844.7	9.290000000000001	9.301008158134344
-1.1636932693289712	-0.9999984384689999	0.12435747450473426	0.31233052736914885	7798267.6	194314.15	9.28	9.285252335699564
-1.1636932693289712	-0.9999984528306799	0.09604514651520527	0.31233052736914885	7798267.6	173726.0	9.285	9.299300659284066
-1.5214562161844845	-0.9999981655022426	0.12610609166431666	0.21839362694662218	6746050.25	236951.28125	9.24	9.263543908857407
-1.5214562161844845	-0.9999982045946539	0.13116915398461643	0.21839362694662218	6746050.25	182023.15625	9.245000000000001	9.274369192781613
-1.9779641545849032	-0.9999979873100788	0.0959810422810529	0.1383506112543811	5990932.2	172453.525	9.290000000000001	9.326557010053165
-1.9779641545849032	-0.9999979869953722	0.13430018562575297	0.1383506112543811	5990932.2	172778.975	9.344999999999999	9.348485088034495
-1.9779641545849032	-0.9999980019923729	0.1205134615896753	0.1383506112543811	5990932.2	157932.325	9.344999999999999	9.355940070543832
-1.9779641545849032	-0.9999980098483027	0.09054515368004365	0.1383506112543811	5990932.2	150671.5	9.344999999999999	9.357771979615837
-0.7019020699110993	-0.9999984647232006	0.13394237033991313	0.4956416615480307	8226467.333333333	305559.9166666667	9.5	9.515709400058778
-2.1692534908163834	-0.9999982566968472	0.10871957104079744	0.11426288337256246	7524638.8	497685.95	9.47	9.470891557843231
-2.1692534908163834	-0.999998360953424	0.11641939218353262	0.11426288337256246	7524638.8	227118.925	9.47	9.489411795453444
-2.1692534908163834	-0.9999983582251195	0.11040529349677757	0.11426288337256246	7524638.8	231829.775	9.475000000000001	9.481879642791109
-1.604094270684402	-0.9999981346845906	0.12291913632880086	0.20107158889362506	6598741.0	221622.05555555556	9.26	9.276135767045144
-2.195362751082415	-0.999998541284691	0.11067248383378527	0.11131817339204919	8465656.9	230724.35	9.450000000000001	9.45176383443861
-2.195362751082415	-0.9999984355602529	0.10905427343063767	0.11131817339204919	8465656.9	564676.55	9.465	9.536329669528246
-2.195362751082415	-0.9999985147021995	0.11201361455916313	0.11131817339204919	8465656.9	288952.65	9.46	9.546619235962224
-2.1416552051743873	-0.9999983627874404	0.10439217939021092	0.11746026119766362	7507930.2	217961.35	9.370000000000001	9.41779328556002
-2.1416552051743873	-0.9999983161111465	0.11454050637821805	0.11746026119766362	7507930.2	309439.15	9.49	9.510140285986594
-2.112849259856734	-0.9999981192071091	0.08967202495783967	0.12089301961743326	6378352.1	162162.325	9.27	9.284408935343631
-2.112849259856734	-0.9999979778373363	0.11450865682955338	0.12089301961743326	6378352.1	399537.525	9.265	9.275246807918252
-2.112849259856734	-0.9999981233285696	0.11725728754262182	0.12089301961743326	6378352.1	157954.9	9.26	9.275591277782976
-2.112849259856734	-0.9999980907765292	0.10181915918328312	0.12089301961743326	6378352.1	194404.125	9.28	9.317699222215905
-1.8475504974574213	-0.9999978777124381	0.11229331679853911	0.15762279125412235	6266085.6	596261.05	9.33	9.339498346381125
-1.8475504974574213	-0.9999981057899595	0.10669791555686985	0.15762279125412235	6266085.6	142810.7	9.33	9.345860362653758
-1.8475504974574213	-0.9999980781833095	0.09446919645356062	0.15762279125412235	6266085.6	169780.55	9.35	9.37301752243779
-0.2395395105826396	-0.9999985365216998	0.15288970911063962	0.7869901782871959	8705227.0	341092.125	9.43	9.458457790324452
-0.2395395105826396	-0.9999985984161059	0.10064474487725256	0.7869901782871959	8705227.0	199008.125	9.48	9.486876344232957
