-1.5438797198580407	-0.9999990569510967	0.045465831156577693	0.21355097418243246	12557647.375	139033.25	11.040000000000001	11.157518334632577
-1.5438797198580407	-0.9999989197572848	0.12389295002652335	0.21355097418243246	12557647.375	778641.34375	11.184999999999999	11.190224598746944
-1.5438797198580407	-0.9999990203360805	0.10250453544249666	0.21355097418243246	12557647.375	220195.15625	11.184999999999999	11.20062077281581
-1.9689169693205424	-0.9999988548948333	0.034955006230873324	0.1396079740866669	10111445.1	106794.175	10.120000000000001	10.1298519856095
-1.9689169693205424	-0.9999986903340183	0.10861640392759024	0.1396079740866669	10111445.1	563889.675	10.17	10.202757338012741
-1.9689169693205424	-0.9999987923044248	0.1130990621522721	0.1396079740866669	10111445.1	201096.975	10.145	10.194767262137484
-2.0082592355204225	-0.9999986467055048	0.051174504737117626	0.1342221205225089	8694981.6	128909.125	10.120000000000001	10.282795063187386
-2.0082592355204225	-0.9999986026622014	0.09827923988973153	0.1342221205225089	8694981.6	189060.275	10.28	10.33500472172083
-0.24479411260319303	-0.9999975873316923	0.09602528149471241	0.7828657038321284	5171974.0	262565.0	10.47	10.472999397514268
-0.24479411260319303	-0.999997704725042	0.10442493103522522	0.7828657038321284	5171974.0	143070.875	10.545000000000002	10.608533147861868
-1.1769802657081343	-0.9999986536232067	0.10123364926677313	0.3082080411624758	9489357.2	353715.25	10.51	10.516412021523363
-1.1769802657081343	-0.9999985786809689	0.12014147227440654	0.3082080411624758	9489357.2	720285.25	10.6	10.8370038676056
-2.045399099806868	-0.9999985335191053	0.05068033926934911	0.12932856467104872	7971944.3	119455.075	10.4	10.431128675982059
-1.4452597703926837	-0.999998875062138	0.08683890041717714	0.23568484465844425	11531766.857142856	430420.89285714284	11.01	11.031311320774638
-2.0801201921914623	-0.9999981519474107	0.05574344150736075	0.12491519746494334	6543514.2	178573.0	10.32	10.329701195167694
-2.0801201921914623	-0.9999982116893866	0.1000788461297872	0.12491519746494334	6543514.2	120792.275	10.4	10.408455982556555
-2.0801201921914623	-0.9999981303697258	0.09468774988073866	0.12491519746494334	6543514.2	205653.375	10.4	10.444703120999318
