-1.1895299358083518	nan	nan	0.30436430120496444	31087963.6	nan	12.700000000000001	13.217432044887055
-1.1895299358083518	nan	nan	0.30436430120496444	31087963.6	nan	12.940000000000001	13.003415422657334
-1.6488053247339953	nan	nan	0.19227948300253464	44588723.11111111	nan	11.63	11.812505362653567
-1.6488053247339953	nan	nan	0.19227948300253464	44588723.11111111	nan	11.745000000000001	11.765943049694764
-1.6488053247339953	nan	nan	0.19227948300253464	44588723.11111111	nan	11.754999999999999	11.789453709947281
-1.7871653454215664	nan	nan	0.16743411549540288	46530471.8	nan	11.74	11.842595343217361
-1.7871653454215664	nan	nan	0.16743411549540288	46530471.8	nan	11.91	11.957983203804408
-1.7871653454215664	nan	nan	0.16743411549540288	46530471.8	nan	12.004999999999999	12.017168827240136
-1.565256356549371	nan	nan	0.20903441896161815	46094264.375	nan	11.825	11.908513663746776
-1.8444593248740064	nan	nan	0.15811078435183212	51622864.9	nan	11.99	12.143058762530721
-1.8444593248740064	nan	nan	0.15811078435183212	51622864.9	nan	12.31	12.595814508224288
-1.8444593248740064	nan	nan	0.15811078435183212	51622864.9	nan	12.775	12.896630032292894
