-1.5698457892452966	-0.9999901094244115	0.061637584527356126	0.2080772676354881	950534.125	12103.464285714286	12.22	12.464165088595944
-1.5698457892452966	-0.9999905839438106	0.04589864847623989	0.2080772676354881	950534.125	7709.071428571428	12.575	12.661541670737666
-1.0039226873722644	-0.9999871185110039	0.03730876675249861	0.3664391918038634	726573.0	11605.75	12.510000000000002	12.54913924050633
-0.25123408839289235	-0.999987752954757	0.07690906037358496	0.7778402668674936	911011.0	70065.0	12.450000000000001	12.45871644676483
-2.005228880109783	-0.9999935198412419	0.03807432448158306	0.13462947815913875	1430804.8	10633.325	12.82	12.85629252332974
-2.005228880109783	-0.999993260032467	0.08291485452798547	0.13462947815913875	1430804.8	15421.425	12.815000000000001	12.819033067729084
-1.6555724862497996	-0.9999912905376015	0.0731333817852218	0.19098268943945607	1115296.111111111	16540.53125	12.81	12.91416283348666
-1.6555724862497996	-0.9999910271064175	0.07583461143107328	0.19098268943945607	1115296.111111111	22189.805555555555	13.030000000000001	13.034423352145383
-1.6555724862497996	-0.9999914117981032	0.09741700679048972	0.19098268943945607	1115296.111111111	14448.111111111111	12.985	13.00347956593994
-1.6555724862497996	-0.9999914437424599	0.11783694596731632	0.19098268943945607	1115296.111111111	13942.388888888889	13.02	13.02171570500573
-1.6555724862497996	-0.9999918663095377	0.08341400819049491	0.19098268943945607	1115296.111111111	8702.4375	12.965	12.990965671023291
-1.7306901486219972	-0.9999918868718213	0.0828264600641515	0.17716209958966048	1225861.0	20858.555555555555	13.120000000000001	13.180202753989349
-1.7306901486219972	-0.9999923267157487	0.06818861263824383	0.17716209958966048	1225861.0	12164.75	13.21	13.239966288621956
-1.7306901486219972	-0.9999920893618471	0.1057149776133031	0.17716209958966048	1225861.0	16273.305555555555	13.245000000000001	13.254029727497935
-1.7306901486219972	-0.9999912942011495	0.10626990047667524	0.17716209958966048	1225861.0	43134.4	13.25	13.279026774914408
-1.7306901486219972	-0.9999920594519438	0.09088430641455347	0.17716209958966048	1225861.0	16881.083333333332	13.32	13.330317561130517
-2.0841581710449884	-0.999993344524342	0.03545854911715532	0.12441180955794727	1377208.2	9565.05	12.32	12.484665262391717
-2.0841581710449884	-0.9999921942331493	0.10374205725560594	0.12441180955794727	1377208.2	46636.775	12.575	12.61197333792917
