-1.6257165027381586	-0.9999981965491388	0.05792501168646617	0.19677063798254632	5911235.125	42642.15625	15.84	15.989794508767021
-1.6257165027381586	-0.9999989110479843	0.0006494274077242871	0.19677063798254632	5911235.125	623.5625	16.01	16.259825847628882
-2.0640234336173853	-0.9999974123256806	0.046609865869133064	0.12694219753910838	4469384.7	105377.3	15.950000000000001	15.96349380095531
-2.0640234336173853	-0.9999975456055427	0.026298852291136637	0.12694219753910838	4469384.7	58082.275	16.07	16.165815765265585
-2.1058678930913146	-0.9999972436428293	0.06761931828740454	0.12173997112632427	3779852.8	33476.35	16.15	16.28026932340705
-2.1058678930913146	-0.9999972960357794	0.056650798866974744	0.12173997112632427	3779852.8	27461.775	16.37	16.43637543584814
-2.1058678930913146	-0.9999973785466847	0.044513427644693675	0.12173997112632427	3779852.8	20103.675	16.42	16.439965632364494
-2.2155038173887034	-0.9999972733274523	0.05841774254896413	0.10909853466094666	3761065.5	28428.825	16.5	16.507471196172247
-0.2688372785418794	-0.9999982935272258	0.09774954072259645	0.7642676082701166	6806618.0	110779.75	17.1	17.432626156677255
-0.2688372785418794	-0.9999981510452398	0.0680237265864326	0.7642676082701166	6806618.0	292180.0	17.495	17.51555355609973
-0.2688372785418794	-0.9999984118018507	0.12149708678319533	0.7642676082701166	6806618.0	49525.25	17.5	17.506041012816507
-0.2688372785418794	-0.9999983896398489	0.10064395458632504	0.7642676082701166	6806618.0	57589.125	17.47	17.547821723313582
-0.2688372785418794	-0.9999982865246179	0.1125239271462281	0.7642676082701166	6806618.0	116187.875	17.630000000000003	17.729027802883
-0.2688372785418794	-0.9999981811393598	0.16755472269144145	0.7642676082701166	6806618.0	238061.75	17.76	17.836625910128983
-2.1450379411564477	-0.9999972724323929	0.06924759116701586	0.11706359543167835	3828067.4	34244.575	16.44	16.54843376692328
-2.1450379411564477	-0.99999701717758	0.0636447766291125	0.11706359543167835	3828067.4	90983.575	16.525	16.537593874733624
-1.5241447024941592	-0.9999982282814228	0.024828861238503797	0.2178072672336684	6236678.857142857	62920.28571428572	16.0	16.031584567246476
-2.181206822355567	-0.9999971272629553	0.0570213685245708	0.11290519187904521	3770335.0	50572.4	16.1	16.1550450307705
-2.181206822355567	-0.9999970519053976	0.07308622328772785	0.11290519187904521	3770335.0	67190.65	16.240000000000002	16.37904578349613
-1.7896895514323432	-0.9999981381483165	0.05439651287377523	0.16701201025907197	5641581.1	36452.3	15.65	15.718567526863884
-1.0431528409756363	-0.9999980793166677	0.07823408331792907	0.3523420504512412	5787954.75	67293.125	17.59	17.616499846484494
-1.0431528409756363	-0.9999984394639426	-0.011756824773075394	0.3523420504512412	5787954.75	-8368.1875	17.564999999999998	17.640739884151703
-1.8549687392760703	-0.999998131776191	0.05507276193965845	0.15645783358364998	5634283.7	37274.925	15.280000000000001	15.397398730839246
-1.8549687392760703	-0.9999984269642783	0.00906248388377175	0.15645783358364998	5634283.7	7064.15	15.434999999999999	15.50483225672015
-1.8549687392760703	-0.999998252907382	0.024157097890833878	0.15645783358364998	5634283.7	18836.7	15.615000000000002	15.628998793727382
-1.8549687392760703	-0.999998230305578	-0.03405007097271048	0.15645783358364998	5634283.7	-21395.025	15.895	16.02890879966988
-1.8549687392760703	-0.999998190896895	0.033893874697642615	0.15645783358364998	5634283.7	26714.525	16.075000000000003	16.11442347416325
