-2.0919177419251707	-0.9999958528613664	0.06907046843146654	0.12345016311036802	2368302.0	18427.925	15.76	15.901101068200493
-2.0919177419251707	-0.9999956331107366	0.10187573650167168	0.12345016311036802	2368302.0	31010.475	15.94	15.967081243731194
-2.0919177419251707	-0.9999957960458676	0.07104446583940724	0.12345016311036802	2368302.0	21082.225	15.950000000000001	15.994423596555468
-2.0919177419251707	-0.9999956827267726	0.12139746835443038	0.12345016311036802	2368302.0	27572.4	16.05	16.09582896738212
-2.0919177419251707	-0.9999956573365572	0.0996827180037107	0.12345016311036802	2368302.0	29281.3	16.1	16.172247415293274
-2.0919177419251707	-0.9999958288511395	0.06014060085027086	0.12345016311036802	2368302.0	19506.225	16.17	16.221005190865583
-2.0919177419251707	-0.9999955501512156	0.08744815873736696	0.12345016311036802	2368302.0	37743.15	16.25	16.269543561767417
-1.5037997705049786	-0.9999956321483227	0.053735097104538054	0.22228392551400789	2210059.8571428573	15570.75	15.16	15.263876941457587
-1.5037997705049786	-0.9999953474603563	0.07087488441025315	0.22228392551400789	2210059.8571428573	29212.64285714286	15.32	15.48280312898143
-2.004821775333948	-0.9999950359966238	0.06402267948425448	0.1346842976205407	1957687.0	16612.4	15.41	15.544766527970411
-2.004821775333948	-0.9999944299619933	0.09560487897184711	0.1346842976205407	1957687.0	54413.775	15.5	15.521898771211236
-2.004821775333948	-0.9999949705081094	0.10424719163147582	0.1346842976205407	1957687.0	18884.9	15.475000000000001	15.49125
-2.004821775333948	-0.9999951660797227	0.06652726474310955	0.1346842976205407	1957687.0	12877.35	15.48	15.491820033955857
-1.6066069620827166	-0.9999952292013373	0.059456986315449864	0.20056699225506913	2216092.625	39046.40625	15.450000000000001	15.543645269102225
-1.6066069620827166	-0.9999954597250524	0.0694474964102089	0.20056699225506913	2216092.625	23426.59375	15.59	15.614515393386545
-1.6066069620827166	-0.9999954886524578	0.12664999855895323	0.20056699225506913	2216092.625	21971.875	15.74	15.751983298538622
-1.6066069620827166	-0.9999948753311504	0.10174668515507934	0.20056699225506913	2216092.625	85539.125	15.754999999999999	15.7788385026738
-2.0500437570191585	-0.9999951163317773	0.05967313023711023	0.12872927065540257	1973093.0	15303.95	15.43	15.462298136645963
-2.0500437570191585	-0.9999941103229363	0.09375909774139929	0.12872927065540257	1973093.0	111398.775	15.5	15.547922390662647
-2.0500437570191585	-0.9999950021214505	0.10658142702282014	0.12872927065540257	1973093.0	19172.4	15.555	15.56545744680851
-2.0500437570191585	-0.9999950424788023	0.08482787533239106	0.12872927065540257	1973093.0	17704.85	15.594999999999999	15.694847177274362
-2.2650902311693644	-0.9999961012769376	0.0599793922356679	0.10382066625802709	2575385.2	22940.75	15.35	15.60621079046424
-1.8398850235043926	-0.9999956967054863	0.038192792182331056	0.1588356874278071	2183446.8	12039.3	15.72	15.861095968199887
-1.381069562023869	-0.999995556555588	0.03229257117232237	0.2513096180403634	2236966.3333333335	20739.333333333332	15.15	15.160205446039706
-1.381069562023869	-0.999995413775515	0.07710978039418738	0.2513096180403634	2236966.3333333335	28543.791666666668	15.225000000000001	15.290794580739655
-1.228138528980841	-0.9999960344027825	0.042932932002277824	0.29283717856545255	2421046.4	14777.0	15.17	15.22736577760571
-1.9552970450366316	-0.9999950650081958	0.06817416471021791	0.14152243191387448	1975854.5	17167.4	15.82	15.918341346153847
-2.1316479748110795	-0.999995966663435	0.05769201652695075	0.11864161426732357	2422710.7	17527.925	16.13	16.249261532738096
-2.1316479748110795	-0.9999959395891398	0.07428905183890334	0.11864161426732357	2422710.7	18716.25	16.185000000000002	16.204327785858663
-2.1316479748110795	-0.9999958055338687	0.09048074306183201	0.11864161426732357	2422710.7	25898.475	16.18	16.187023598071555
-2.1316479748110795	-0.9999957738490238	0.12026103597307933	0.11864161426732357	2422710.7	27964.9	16.225	16.22790909090909
-2.1316479748110795	-0.9999957340084082	0.10558562882462846	0.11864161426732357	2422710.7	30798.8	16.22	16.225186335403727
-2.1316479748110795	-0.9999958762580211	0.062471852755087404	0.11864161426732357	2422710.7	21820.125	16.215	16.279528309560607
-2.1316479748110795	-0.9999956615334128	0.0781982763027845	0.11864161426732357	2422710.7	36710.65	16.31	16.357921608330923
-1.6948480752519708	-0.9999954212770611	0.06329385035413979	0.1836271244132724	2433908.0	69159.86111111111	15.98	15.991346427256348
-1.6948480752519708	-0.9999959004553494	0.1097005425650484	0.1836271244132724	2433908.0	21544.333333333332	15.96	15.98089682602397
-1.6948480752519708	-0.999995903027723	0.10177880331352394	0.1836271244132724	2433908.0	21409.86111111111	15.975000000000001	15.988614883215643
-1.771846040873747	-0.9999953166392898	0.06640655946078505	0.17001883722345468	2436623.4	90361.65	15.8	15.811320266348066
-1.771846040873747	-0.9999958651982993	0.11644455126475797	0.17001883722345468	2436623.4	23739.9	15.985	16.011902654867257
-1.771846040873747	-0.9999959229745674	0.09139819377736491	0.17001883722345468	2436623.4	20622.275	16.064999999999998	16.074106444505645
-2.202563308172937	-0.9999958023628507	0.05526873865667772	0.11051949942886398	2586210.5	51841.9	15.09	15.168317999621001
-2.202563308172937	-0.9999960982427548	0.10081489593826938	0.11051949942886398	2586210.5	24118.25	15.42	15.55489443378119
-2.202563308172937	-0.9999959778479812	0.09865854637756888	0.11051949942886398	2586210.5	32928.75	15.535	15.567931379080614
-2.202563308172937	-0.9999961634554536	0.05475923510594009	0.11051949942886398	2586210.5	20374.975	15.585	15.611699705919959
-2.202563308172937	-0.9999959194807231	0.08032519788018849	0.11051949942886398	2586210.5	38294.275	15.629999999999999	15.670694535627588
-0.26318282189741077	-0.9999965384977263	0.09073300016521002	0.7686013673052473	3422724.0	139770.875	15.02	15.095021711105764
-0.26318282189741077	-0.9999969966946709	0.09472433467804223	0.7686013673052473	3422724.0	29127.875	15.18	15.217431607780052
-0.26318282189741077	-0.9999968397119267	0.13620218579234972	0.7686013673052473	3422724.0	49850.0	15.23	15.302313009432282
-0.26318282189741077	-0.9999967499235547	0.07728698981482432	0.7686013673052473	3422724.0	67785.25	15.3	15.347231870342092
