-1.0202904507213093	-0.9999932186693553	0.057702588606591526	0.3604902203213189	1424251.75	15650.5	14.25	14.35556625875484
-1.5962985970130608	-0.9999944189470459	0.06228587060079404	0.20264520310729695	1731569.375	15739.3125	14.32	14.36686075949367
-2.0708966544459506	-0.9999965206420681	0.04193105490875329	0.1260726873737019	2777845.2	15757.225	13.69	13.727742369234907
-2.0708966544459506	-0.99999647853075	0.05864547016696962	0.1260726873737019	2777845.2	17712.75	13.76	13.832648221343876
-2.0708966544459506	nan	nan	0.1260726873737019	2777845.2	nan	13.875	13.918768599281682
-2.0708966544459506	-0.9999966962073548	0.03313258994584518	0.1260726873737019	2777845.2	9675.2	14.155000000000001	14.164059134521246
-2.0708966544459506	-0.9999964139812457	0.06988057528050762	0.1260726873737019	2777845.2	21191.55	14.195	14.252976222281593
-2.0708966544459506	-0.9999963978745835	0.060715106643949135	0.1260726873737019	2777845.2	22161.275	14.235	14.320827406215345
-2.0708966544459506	-0.9999966123936632	0.02276232345831304	0.1260726873737019	2777845.2	12211.875	14.370000000000001	14.39461593113482
-2.0304082128206797	-0.9999960491565381	0.02548309182457151	0.13128191924618582	2283750.8	8288.475	13.71	13.723259084405722
-1.8835889035970155	-0.9999948791628275	0.03733237451241399	0.15204345610067038	1920676.9	18683.95	14.06	14.07771116644321
-0.2619507192501226	-0.9999927686143182	0.06004657351962741	0.7695489467222927	1290345.5	11281.25	14.43	14.495890310786105
-2.1097449919353846	-0.999996622090352	0.03549760212648417	0.12126888703489354	3149657.1	41740.75	14.4	14.448000010439554
-2.1097449919353846	-0.9999964876986643	0.061963835216915786	0.12126888703489354	3149657.1	63737.55	14.42	14.42895437801963
-2.2702117757466946	-0.9999964706085235	0.0612636257490129	0.10329030338557924	3358587.6	140612.525	13.83	13.894957429809045
-2.2702117757466946	-0.9999971811704013	0.0416257505755083	0.10329030338557924	3358587.6	12928.75	13.9	13.925870917573873
-2.2702117757466946	-0.9999968942060476	0.09936121327705517	0.10329030338557924	3358587.6	33895.975	13.96	14.12609228550829
-2.2702117757466946	-0.9999969439195424	0.06920466943418914	0.10329030338557924	3358587.6	28683.55	14.265	14.331925119834175
-1.3718763606258269	-0.9999945473552307	0.044112959796428354	0.2536306103003955	1710875.6666666667	11256.583333333334	14.41	14.427667295993286
-1.3718763606258269	-0.9999938713136697	0.0484723309188204	0.2536306103003955	1710875.6666666667	35788.875	14.41	14.421576086956522
-1.3718763606258269	-0.9999942819652409	0.07769893887092945	0.2536306103003955	1710875.6666666667	17726.041666666668	14.440000000000001	14.455179856115107
-1.7579715010759944	-0.9999946699239232	0.05568745685530395	0.17239421084943846	1815674.1	15956.45	14.030000000000001	14.091736577181209
-1.7579715010759944	-0.9999947861524986	0.031126459598599845	0.17239421084943846	1815674.1	12920.5	14.075	14.089783356258597
-2.29701860288622	-0.9999967609970485	0.04749224567386276	0.1005582011800972	3344313.5	50626.05	14.19	14.19299990406885
-2.29701860288622	-0.9999967003154634	0.06480857182716941	0.1005582011800972	3344313.5	62016.975	14.23	14.232542837559972
-2.29701860288622	-0.9999967823377376	0.0712944235333014	0.1005582011800972	3344313.5	47138.725	14.27	14.298470893371759
-2.29701860288622	-0.999996687566322	0.06464902427244354	0.1005582011800972	3344313.5	64718.425	14.3	14.310338668180098
-2.2117917123657045	-0.9999962999369905	0.048566132284579885	0.10950427248425648	3076564.9	87857.6	14.280000000000001	14.28715247084893
-2.2117917123657045	-0.9999970111736955	0.032641546449557864	0.10950427248425648	3076564.9	9849.9	14.344999999999999	14.388777923784493
-2.1460001086075398	-0.9999966940542243	0.03272300859201384	0.11695101481983163	3083375.9	26727.175	14.375	14.392405189620758
