-2.159637218224425	-0.9999926406153665	0.061625889657743564	0.11536696648016412	1558942.2	96071.2	14.4	14.434172452456348
-1.6052854128369414	-0.9999937008509162	0.04624725305685468	0.20083222663395542	1466236.875	10259.375	14.99	15.158016378525932
-2.224766427615899	-0.9999943539488025	0.04733388300270817	0.10809266314753913	1778004.3	22894.675	14.66	14.66367025786346
-2.224766427615899	-0.9999947928581024	0.04833146896705508	0.10809266314753913	1778004.3	10490.5	14.7	14.727887386742704
-2.224766427615899	-0.9999942765937451	0.0834099046567959	0.10809266314753913	1778004.3	26270.525	14.71	14.75110032735908
-1.9492684893950165	-0.9999930672225696	0.053167808900273665	0.1423781846539571	1338205.4	10693.45	14.72	14.868558606124605
-1.227950384180641	-0.9999951445665531	0.013346841687957009	0.2928922795412234	1651067.4	3030.0	14.86	14.925219164118246
-2.254619675885282	-0.9999942072441877	0.0584285323133486	0.10491343725971937	1763309.8	27293.025	14.700000000000001	14.705610502842966
-2.254619675885282	-0.9999946719086572	0.06045946782800316	0.10491343725971937	1763309.8	12028.0	14.76	14.780121089808274
-2.254619675885282	-0.999994856476099	0.06292181183235386	0.10491343725971937	1763309.8	8686.375	14.74	14.753532684283728
-2.2827672983766916	-0.9999947463270594	0.05405997066811356	0.10200154707849234	1772478.7	11069.325	14.72	14.79457910321489
-2.2827672983766916	-0.9999933854474484	0.0784712843600613	0.10200154707849234	1772478.7	123518.4	14.8	14.80845958236471
-1.998628883300588	-0.9999917523946746	0.06891478773162969	0.13552097097416643	1141342.0	12249.7	15.01	15.036959298245614
-1.998628883300588	-0.9999920456656136	0.05418188663056117	0.13552097097416643	1141342.0	8764.825	15.055	15.061298535964355
-1.998628883300588	-0.9999920023243422	0.08233970341309195	0.13552097097416643	1141342.0	9209.35	15.040000000000001	15.056874567174516
-1.6927395864128754	-0.999993267909039	0.028237161130202366	0.18401470862054947	1408781.0	13147.222222222223	15.1	15.110633977216445
-1.503203809105734	-0.9999945605780057	0.01806228373702422	0.2224164376354194	1511934.2857142857	3728.5714285714284	14.82	14.885054644808744
-1.503203809105734	-0.9999927127883703	0.056687314004877185	0.2224164376354194	1511934.2857142857	60947.53571428572	14.955000000000002	14.955334389980974
-1.503203809105734	-0.9999932546197787	0.07316825003034953	0.2224164376354194	1511934.2857142857	26863.785714285714	14.935	14.942974818389994
-1.503203809105734	-0.9999935171176448	0.09793674694129202	0.2224164376354194	1511934.2857142857	18063.285714285714	14.99	15.002702384456875
-1.503203809105734	-0.9999939876426993	0.03699147651258679	0.2224164376354194	1511934.2857142857	8867.75	14.955000000000002	14.979366919304503
-2.043911158274046	-0.9999916228673795	0.06615126892965245	0.12952114124961792	1112611.0	11163.45	14.96	15.004964584674823
-2.043911158274046	-0.9999917004798067	0.06113083834855561	0.12952114124961792	1112611.0	10239.825	14.96	14.97668819188192
-0.26405263829491976	-0.9999929383166168	0.044627721997652886	0.7679331159029632	1380354.0	17112.5	15.22	15.220645807259073
-1.8953439608768512	-0.9999928006429406	0.028667183260977665	0.15026664031106382	1351240.2	16780.975	14.790000000000001	14.821101581345484
