-2.1106350931267395	-0.999994966365391	0.06553140887793901	0.12116099347928419	2112071.7	41413.95	13.65	13.669307023814003
-2.1106350931267395	-0.9999947304420039	0.045198812484193586	0.12116099347928419	2112071.7	68163.85	13.754999999999999	13.802860538058017
-1.6854115585623206	-0.9999943662963588	0.10077688716906943	0.1853681264153411	1826430.7777777778	29423.11111111111	14.35	14.364963325183375
-1.6854115585623206	-0.9999945876012446	0.07550901232257938	0.1853681264153411	1826430.7777777778	19639.944444444445	14.365	14.377503900156006
-1.6854115585623206	-0.9999943099187584	0.12415154017030103	0.1853681264153411	1826430.7777777778	32614.38888888889	14.370000000000001	14.376570561456752
-1.374658248054772	-0.9999949089576244	0.10721328503561693	0.252926018995249	2048871.6666666667	33889.583333333336	14.22	14.332055831498458
-1.374658248054772	-0.9999943565507666	0.08582847765006525	0.252926018995249	2048871.6666666667	105102.75	14.290000000000001	14.291370637959307
-1.374658248054772	-0.9999951771859075	0.06710801529205516	0.252926018995249	2048871.6666666667	19560.666666666668	14.27	14.297758541119435
-1.374658248054772	-0.9999952198633342	0.08841292966232125	0.252926018995249	2048871.6666666667	17922.833333333332	14.32	14.322502453385672
-1.374658248054772	-0.9999947309914616	0.09211117399260543	0.252926018995249	2048871.6666666667	48800.791666666664	14.344999999999999	14.423233734398412
-2.0321176496235087	-0.9999948328844771	0.06134894788491433	0.1310576928069465	2105183.6	52982.025	13.65	13.652551244817138
-2.14630834639391	-0.9999948454180518	0.06303873688974261	0.11691497165312809	2152508.9	65858.8	13.9	13.921488193403297
-2.14630834639391	-0.9999955008036896	0.04615093832332371	0.11691497165312809	2152508.9	16066.6	13.99	13.990544655477912
-2.14630834639391	-0.9999959229666395	-0.023783208594491508	0.11691497165312809	2152508.9	-6474.95	13.97	14.01848312899882
-2.14630834639391	-0.9999951299918968	0.07042356827833124	0.11691497165312809	2152508.9	35692.925	14.055	14.11053020749742
-1.8856038464550808	-0.9999955182841953	0.038855954589068264	0.1517374056653012	2092128.9	11804.575	13.65	14.002552464275299
-1.8856038464550808	-0.9999952201681969	0.07644073396431239	0.1517374056653012	2092128.9	22026.0	13.885	13.915591757638726
-2.1800408003681144	-0.9999957249515039	0.04323201359747891	0.1130369185984746	2192509.9	11766.375	14.120000000000001	14.174647550338735
-2.1800408003681144	-0.9999952601290288	0.09246499002996823	0.1130369185984746	2192509.9	32603.775	14.17	14.178032265138361
-1.4969673162836645	-0.9999948765120972	0.10361282273780412	0.2238078704728499	2014669.4285714286	30397.071428571428	14.450000000000001	14.483207371745886
-1.4969673162836645	-0.9999951504572547	0.06721959740439287	0.2238078704728499	2014669.4285714286	17503.714285714286	14.450000000000001	14.507277249631906
-1.4969673162836645	-0.9999947699329012	0.12462670416635951	0.2238078704728499	2014669.4285714286	37677.92857142857	14.46	14.476644123206594
-0.2623811212745499	-0.9999947057795489	0.1615501027204118	0.7692178025653972	2122203.5	75765.625	14.66	14.821441265422367
-0.2623811212745499	-0.9999954392337156	0.0686982360479217	0.7692178025653972	2122203.5	15975.5	14.879999999999999	14.881453887432922
