-2.094275187244562	-0.9999868426622659	0.035633276608482124	0.1231594788718884	719119.5	12856.7	12.700000000000001	12.716119402985075
-2.094275187244562	-0.9999872037807666	0.0767976412493262	0.1231594788718884	719119.5	9916.05	12.83	12.853285802851829
-2.1295060962884587	-0.9999872139935934	0.06022660757588427	0.11889600252993625	694690.9	7202.5	12.85	12.854709595959596
-2.1295060962884587	-0.9999883547039873	0.02400279761466539	0.11889600252993625	694690.9	3260.3	12.9	12.939929245283018
-2.1295060962884587	nan	nan	0.11889600252993625	694690.9	nan	12.875	12.895625
-2.1295060962884587	-0.9999866612278192	0.09197541709357403	0.11889600252993625	694690.9	10574.8	12.88	12.908115942028985
-2.1295060962884587	-0.9999870609061758	0.06727513369702508	0.11889600252993625	694690.9	8010.8	12.934999999999999	12.950987586602645
-1.5850962144499332	-0.9999861652971916	0.03924026854407945	0.20492807512621058	608107.875	4504.21875	12.98	12.994315373208106
-1.5850962144499332	-0.9999859301194427	0.050120554550934296	0.20492807512621058	608107.875	5196.875	13.015	13.083194130925508
-1.5850962144499332	-0.9999853752903324	0.07825612756949593	0.20492807512621058	608107.875	7282.75	13.120000000000001	13.196717428087986
-1.6706388339117215	-0.9999835861882661	0.051245779397571106	0.18812684543389507	602221.0	19627.583333333332	13.18	13.18106740165372
-1.6706388339117215	-0.9999862132585925	0.052712395998199484	0.18812684543389507	602221.0	4033.6111111111113	13.22	13.22468848996832
-1.6706388339117215	-0.999984894734516	0.11668637497403297	0.18812684543389507	602221.0	8924.861111111111	13.22	13.229944089862101
-1.6706388339117215	nan	nan	0.18812684543389507	602221.0	nan	13.25	13.255068493150684
-2.223635049657615	-0.999987413541331	0.05669308674592691	0.10821502601034731	711268.1	7725.0	13.01	13.104944099378882
-2.193899186617439	-0.9999868706949857	0.05342651036970243	0.11148121399604607	668915.8	6517.5	12.93	13.01802371541502
-2.278084382336155	-0.9999869056971074	0.049142501800091644	0.10248033193915053	681501.8	7507.5	12.790000000000001	12.88457892082703
-2.278084382336155	-0.9999921296806074	-0.0018930957683741649	0.10248033193915053	681501.8	-212.5	12.82	12.835053191489362
-2.3030656340187043	-0.9999874028362884	0.025696002044838306	0.09995195744166878	732987.7	10233.975	12.83	12.915515377429712
-2.3030656340187043	-0.9999865513341241	0.08019114632808227	0.09995195744166878	732987.7	19104.025	13.135000000000002	13.147483839257381
-2.3030656340187043	nan	nan	0.09995195744166878	732987.7	nan	13.08	13.08130289532294
-2.3030656340187043	-0.9999880006733042	0.08140662470485971	0.09995195744166878	732987.7	6602.525	13.11	13.132934472934473
-2.056783081157149	-0.9999867511826741	0.06886987945717823	0.12786463916287166	666229.5	6813.125	12.44	12.487692307692308
