-1.3677985951097649	-0.9999953582873082	0.04915174477962535	0.25466696803274713	2014348.3333333333	11498.125	13.9	14.004712917860285
-1.3677985951097649	-0.9999952481089162	0.053593072569525675	0.25466696803274713	2014348.3333333333	14355.583333333334	14.035	14.058220054698701
-1.3677985951097649	-0.9999951274213698	0.03471240778289603	0.25466696803274713	2014348.3333333333	18306.583333333332	14.030000000000001	14.041547016134926
-1.3677985951097649	-0.9999959963391828	0.02012692417256623	0.25466696803274713	2014348.3333333333	3179.4166666666665	14.09	14.098567487657506
-1.6779646506145809	-0.9999963007952695	0.05153376924240385	0.18675369849985016	2702913.3333333335	21995.305555555555	14.06	14.279728440557154
-1.6779646506145809	-0.9999958539850247	0.09849597242089425	0.18675369849985016	2702913.3333333335	73593.02777777778	14.375	14.448027999541141
-1.9837814640203666	-0.9999969177016179	0.05734398312037601	0.1375481193730242	3290305.7	25378.675	14.25	14.273270087873222
-1.9837814640203666	-0.9999969073398293	0.05608350563838515	0.1375481193730242	3290305.7	26258.875	14.290000000000001	14.36053491731621
-1.9837814640203666	-0.9999966863290001	0.1070510922387718	0.1375481193730242	3290305.7	54337.625	14.440000000000001	14.44390773981131
-1.9837814640203666	-0.9999967960659574	0.08398863570836088	0.1375481193730242	3290305.7	37869.3	14.5	14.597664196584859
-1.9837814640203666	-0.9999965266914805	0.08216958890589482	0.1375481193730242	3290305.7	91879.75	14.61	14.611044633921779
-0.735998391775553	-0.9999933308778816	0.06416581847203737	0.4790269635710051	1356136.0	8468.583333333334	13.88	13.899290800812178
-0.735998391775553	-0.9999930956638462	0.08709297226181341	0.4790269635710051	1356136.0	11650.833333333334	13.9	13.902225084972745
-0.735998391775553	-0.9999927691830385	0.11378528462916773	0.4790269635710051	1356136.0	18140.75	13.9	13.921559096107176
-1.4899268452840404	-0.9999952844641549	0.06359952471663012	0.22538914321510803	2056845.0	16302.357142857143	14.06	14.09404106871831
-1.820715086835799	-0.99999611144666	0.05836698228320075	0.1619099298683225	2744648.4	43160.825	14.24	14.291046971759734
-1.820715086835799	-0.9999960319785534	0.12142816102744278	0.1619099298683225	2744648.4	53680.5	14.370000000000001	14.455988222994229
