-1.7881424553922676	-0.9999882384446475	0.06444379566440189	0.16727059385403992	795388.1	11555.475	12.52	12.527477614461903
-1.7881424553922676	-0.9999880003493976	0.12209291142936828	0.16727059385403992	795388.1	13964.975	12.565000000000001	12.693351129809479
-1.6469094739561485	-0.999989307907419	0.05127373634932286	0.19264436197870546	853127.1111111111	9150.875	12.030000000000001	12.036261467889908
-1.6469094739561485	-0.9999879517510659	0.1130120463799461	0.19264436197870546	853127.1111111111	29104.65625	12.045000000000002	12.10630029440628
-1.6469094739561485	-0.9999887060163857	0.09662773413620489	0.19264436197870546	853127.1111111111	15292.8125	12.145	12.176560219955485
-1.6469094739561485	-0.9999888597782193	0.08605194760756717	0.19264436197870546	853127.1111111111	13412.611111111111	12.22	12.2971593625498
-1.6469094739561485	-0.9999888100642754	0.07626626756345796	0.19264436197870546	853127.1111111111	13993.75	12.35	12.41429534726905
-1.3417964577552652	-0.9999895801564949	0.08791782593570886	0.2613756961675088	1037292.1666666666	49434.4	11.950000000000001	11.963334562989118
-1.3417964577552652	-0.9999904663448875	0.08913554570937698	0.2613756961675088	1037292.1666666666	19715.0	12.055	12.068631534211645
-0.997252340846062	-0.9999912923694922	0.05734366713366096	0.36889163843525186	1103422.25	14885.25	11.9	11.922030734316296
-0.2499243860023123	-0.9999932620022798	0.05211607148327176	0.778859673538459	1403111.0	12760.125	11.51	11.56763436005431
-0.2499243860023123	-0.9999921947681507	0.1021251827192564	0.778859673538459	1403111.0	57044.625	11.61	11.64118818260743
-0.2499243860023123	-0.9999926483248038	0.1397246007868549	0.778859673538459	1403111.0	30187.5	11.68	11.752848882035467
-2.178278940886607	-0.9999866513831821	0.07474623275663109	0.1132362493100572	725042.8	15966.625	12.22	12.300875018300717
-2.178278940886607	-0.9999874250225099	0.06680928288605367	0.1132362493100572	725042.8	9111.45	12.344999999999999	12.356398879028491
-1.8475050548411311	-0.9999861389625707	0.0738758128250634	0.15762995420889442	680439.7	12475.475	12.63	12.76656914893617
-1.8475050548411311	-0.9999862071311786	0.12311336894084035	0.15762995420889442	680439.7	11909.975	12.765	12.767412587412588
-1.8475050548411311	-0.9999844741330539	0.11074600030195032	0.15762995420889442	680439.7	38730.8	12.805	12.856202326763302
-1.8475050548411311	-0.9999859671299878	0.10558893733011061	0.15762995420889442	680439.7	14022.95	12.795000000000002	12.806010281308012
-1.8475050548411311	-0.9999855735152048	0.10511937279604346	0.15762995420889442	680439.7	18330.075	12.835	12.92134649381261
-2.1129545127767075	-0.999986153806414	0.0741076750398658	0.12088029594372775	693425.9	14783.125	12.84	13.13430794384838
-2.2077774225326743	-0.9999854277532267	0.06093849590326677	0.10994473785830924	708765.0	30585.025	12.280000000000001	12.28000343056568
-2.0384089790141733	-0.9999852977869313	0.04818507299626398	0.1302357539474526	609549.4	7797.8	12.540000000000001	12.613404634581105
-2.0384089790141733	-0.9999847618351857	0.11327075219945495	0.1302357539474526	609549.4	10811.025	12.55	12.589567131327954
-2.0384089790141733	-0.999983143135527	0.13320864619951137	0.1302357539474526	609549.4	29000.175	12.605	12.664800753426722
-2.0384089790141733	-0.9999848403998235	0.12176057752519584	0.1302357539474526	609549.4	10305.45	12.615	12.642597402597403
-2.0384089790141733	nan	nan	0.1302357539474526	609549.4	nan	12.68	12.727775577557756
-0.7181388884327624	-0.9999894116965579	0.0921914909815582	0.48765899972784843	1058200.3333333333	73462.66666666667	12.01	12.012758007117437
-0.7181388884327624	-0.9999902722461731	0.10874874572811556	0.48765899972784843	1058200.3333333333	29551.166666666668	12.01	12.012758007117437
-1.9015902559180977	-0.9999869676555435	0.0777461324228675	0.14933095586362197	718871.3	11713.45	12.89	12.9709453125
-1.5621007243722589	-0.9999873081765024	0.07905402241943854	0.20969509657973948	878378.375	69439.34375	11.950000000000001	11.96776313497261
-1.9510133895028077	-0.9999837604212298	0.1085017285172099	0.14212996556594287	658935.7	44392.05	12.99	12.991604052797062
-1.7218695595918814	-0.9999889844386548	0.06266875525033219	0.17873168582290613	848463.6	11455.388888888889	12.39	12.423692757837012
-1.7218695595918814	-0.9999889974729885	0.1052419446399782	0.17873168582290613	848463.6	11329.388888888889	12.555	12.573369148119724
