-2.0478270843758613	-0.9999982142947202	0.11435189541680663	0.1290149378063633	6922897.9	233806.95	5.855	5.882958569413343
-0.9287319461044666	-0.9999982019873254	0.083823285954019	0.39505434308858534	7079192.5	337214.625	6.24	6.242118650931203
-1.111607245305303	-0.9999980853379071	0.08870430524710352	0.3290297044187515	6638994.0	331514.6	6.22	6.222431008382894
-1.7164077305940442	-0.9999981060626112	0.1015282513021581	0.1797105585115423	7013881.4	587628.675	5.7	5.721190438828833
-1.7164077305940442	-0.9999983158252165	0.1011162322345731	0.1797105585115423	7013881.4	134941.25	5.7	5.730220607851193
-1.7164077305940442	-0.9999982650851389	0.08872837255880135	0.1797105585115423	7013881.4	192621.4	5.74	5.798653063675751
-1.7655469128370591	-0.9999982742515928	0.08157972274296646	0.17109318783136312	6996413.8	175263.225	5.8	5.84538356796898
-1.7655469128370591	-0.9999982724853631	0.08713425748190777	0.17109318783136312	6996413.8	177442.45	5.865	5.865388239986529
-1.7655469128370591	-0.9999983171936364	0.10113300157106662	0.17109318783136312	6996413.8	129780.775	5.87	5.870284884432624
-1.3625613626578574	-0.9999981316164328	0.06600279613591169	0.25600421682697694	6351510.142857143	142493.2857142857	5.95	5.995918559322085
-1.3625613626578574	-0.9999981048612558	0.11502035019675959	0.25600421682697694	6351510.142857143	168887.32142857142	5.985	6.004672734676176
-1.8520468164402288	-0.9999982267590122	0.07477362500830345	0.1569156598412133	6735634.5	153875.125	5.7700000000000005	5.777183809687575
-1.4555955162847953	-0.9999981205792267	0.06941078473307334	0.23326141156186794	6303439.375	139637.875	6.04	6.057054389896109
-1.9905547320195287	-0.9999980873840236	0.11089731673645038	0.13661961714469606	7098240.5	787175.825	5.72	5.72589831994239
-1.890319364669704	-0.9999983121548585	0.0881394222264985	0.15102356954141352	7166625.8	179180.5	5.8100000000000005	5.830424406821438
-1.8107585561431405	-0.9999982490108269	0.07766389711217075	0.16353004302388147	6856259.9	163608.35	5.75	5.789144199647294
-1.8107585561431405	-0.9999983062539523	0.08328021147649166	0.16353004302388147	6856259.9	110498.15	5.815	5.829616016733901
