-1.7613235089802788	-0.9999982239519696	0.10509260149524065	0.1718173115177462	6878790.9	202209.2	5.53	5.53750533896026
-1.7613235089802788	-0.9999982539319578	0.11312592144594662	0.1718173115177462	6878790.9	164527.15	5.5200000000000005	5.532488049713193
-1.7613235089802788	-0.9999982669455837	0.1122404123052323	0.1718173115177462	6878790.9	150438.9	5.5200000000000005	5.536698705218842
-1.7613235089802788	-0.9999982031483279	0.10666218856389131	0.1718173115177462	6878790.9	233319.175	5.535	5.559604073761601
-1.8853135004486699	-0.9999981704522215	0.11547109940122875	0.15178146841147086	6724223.4	220198.225	5.68	5.681304762308279
-1.8057682521843506	-0.999998134975584	0.11038912655580842	0.1643481472415436	6892853.2	382826.4	5.57	5.577111398631955
-1.8057682521843506	-0.999998147103202	0.10281391658198247	0.1643481472415436	6892853.2	352125.45	5.625	5.628809390536067
-2.015039174218958	-0.9999976758702949	0.10861258442388921	0.13331518074557305	5741162.3	623562.475	5.7	5.7013306312540974
-1.5955635129158223	-0.999998313670985	0.1227726824888439	0.2027942191364293	7565351.5	347204.375	5.8100000000000005	5.823779991067008
-1.5955635129158223	-0.9999984168894291	0.11189140358922069	0.2027942191364293	7565351.5	159019.425	5.83	5.841331667616551
-1.9208327902635802	-0.999998077230779	0.11573978829392174	0.14648492010447384	6377192.9	211475.725	5.66	5.664955468471678
-1.9208327902635802	-0.9999981124392051	0.11605052014517149	0.14648492010447384	6377192.9	168945.825	5.675	5.684746495018076
-1.9208327902635802	-0.9999981498171668	0.11763471546821982	0.14648492010447384	6377192.9	133114.55	5.69	5.6970456187408445
-1.4472238029018896	-0.9999983349370227	0.11939996447405386	0.23522240623231094	7690465.625	364071.96875	5.91	5.9180969382062765
-1.656824234364128	-0.9999980898157501	0.11127537206689399	0.19074377677851279	6391677.2	200641.725	5.83	5.8465933380833635
-2.043062899899598	-0.9999979352541947	0.09006048914868164	0.12963105525349744	5810141.9	162179.65	5.71	5.725828842113212
-0.9220908174103576	-0.9999983914854386	0.11819261329347842	0.3976866809947623	8507306.75	876880.1875	5.91	5.913239138252957
-0.9220908174103576	-0.9999985961268025	0.10190846562564826	0.3976866809947623	8507306.75	153763.875	5.905	5.91755631118921
-0.9220908174103576	-0.9999985343981909	0.14910919808469844	0.3976866809947623	8507306.75	259969.6875	5.925	5.928218950822382
-1.3543085405115103	-0.999998299024615	0.12240650687341445	0.25812571623471314	7753032.142857143	533767.1428571428	5.9	5.9056889851352175
-2.0695149052410162	-0.9999975160732382	0.12930045945317523	0.12624700861562815	5344744.8	583006.1	5.71	5.711165148842128
-2.0695149052410162	-0.9999977910418861	0.13855658497497692	0.12624700861562815	5344744.8	134095.825	5.71	5.723461191190767
-2.0695149052410162	-0.9999977266432184	0.13022151090622078	0.12624700861562815	5344744.8	189189.9	5.72	5.724449712643678
-1.846936700707467	-0.9999981760089269	0.11476746144533648	0.1577195693091023	6745966.7	220704.175	5.64	5.6794248382757955
