-2.054349954650481	-0.9999978796160696	0.13294251358049514	0.12817612879885845	5821566.0	229567.1	5.29	5.299185316821834
-1.6949624534587364	-0.9999981773142947	0.12533609412440017	0.183606122673162	6781420.4	233373.1	5.28	5.293984198715182
-1.938346226216964	-0.999997943364332	0.11105816231858948	0.1439418002235704	6099898.9	280762.975	5.3100000000000005	5.317643191305287
-1.938346226216964	-0.9999979258927693	0.08744487485593509	0.1439418002235704	6099898.9	312338.0	5.325	5.359369482443252
-0.6491226360965807	-0.9999980138152417	0.1460782412891818	0.5225040018671686	6136327.333333333	196393.33333333334	5.28	5.290306096918031
-0.6491226360965807	-0.9999980101655592	0.19536030462672593	0.5225040018671686	6136327.333333333	200841.33333333334	5.3100000000000005	5.31884544464817
-0.6491226360965807	-0.9999979693168142	0.17978766688566256	0.5225040018671686	6136327.333333333	258056.25	5.325	5.333488982669367
-0.6491226360965807	-0.9999979097219892	0.15872384253171737	0.5225040018671686	6136327.333333333	371991.9166666667	5.335	5.376335897450344
-0.2079958044709813	-0.9999973381456467	0.12917195818036648	0.8122104443572792	4424863.0	130396.25	5.22	5.239169642479788
-0.2079958044709813	-0.9999973278257882	0.17692701062038446	0.8122104443572792	4424863.0	136488.75	5.235	5.247274619627031
-0.2079958044709813	-0.9999972216199005	0.17270535985798893	0.8122104443572792	4424863.0	218370.125	5.25	5.260726755895867
-0.2079958044709813	-0.9999971920212021	0.17964222401114827	0.8122104443572792	4424863.0	248927.625	5.26	5.272575742060067
-1.9996249216191937	-0.9999980278763537	0.12575877235275412	0.13538605409644577	6307476.2	252488.0	5.36	5.36653217315053
-1.9996249216191937	-0.999998095087885	0.1482604283678882	0.13538605409644577	6307476.2	165244.55	5.37	5.370960869876959
-2.0278157584029533	-0.9999980042953138	0.13245656209308757	0.13162270318024863	6203173.0	237921.775	5.36	5.372724784669652
-1.8692140397066634	-0.9999978439060048	0.09990693404971719	0.1542448445097367	5810407.7	275896.625	5.28	5.2865395833549575
-1.640355537802577	-0.9999981618047976	0.12391127234530186	0.1939110873116893	6716909.0	230264.875	5.38	5.401550053847082
-1.089130779761703	-0.9999980920887077	0.13979690045329105	0.3365088669374687	6437995.8	216018.7	5.3500000000000005	5.3671942879428185
-1.089130779761703	-0.9999978922593934	0.159413471344073	0.3365088669374687	6437995.8	782010.85	5.375	5.38124842268266
-1.431148043660795	-0.9999979844910221	0.1404543931497631	0.23903434279735536	6131872.875	233010.90625	5.41	5.410364437385054
-1.7893559420332958	-0.9999980348762607	0.11227667252207744	0.16706773633030186	6213317.6	200773.55	5.29	5.299443118716069
-1.3383584986644332	-0.9999980151409286	0.1411181087434033	0.26227584156318323	6223030.285714285	231383.9642857143	5.39	5.417493933513943
-1.9699082887521686	-0.9999980687315935	0.1227911020704382	0.13946964656385352	6438513.2	251322.725	5.4	5.416667038415776
-1.5096787972646408	-0.9999979721538635	0.12937097734244904	0.22098094624556053	6295569.555555556	350264.3888888889	5.33	5.334417303129228
-1.5096787972646408	-0.9999980594720874	0.13616309327930143	0.22098094624556053	6295569.555555556	202141.55555555556	5.36	5.4176132008235784
-1.5096787972646408	-0.9999979710197376	0.1665021905616063	0.22098094624556053	6295569.555555556	352774.22222222225	5.43	5.434034733333519
