-1.9034276613168462	-0.9999990570290643	0.06378110059799941	0.14905682627982964	13325039.8	286393.425	5.93	5.9355247403787414
-1.4655672227291523	-0.9999993503415423	0.028754684500951352	0.23094695595503398	19373208.875	292425.60714285716	6.41	6.41021703746286
-0.6694148867789604	-0.9999992904002862	0.060149531112974115	0.5120080728514412	18911152.0	672896.3333333334	6.8500000000000005	6.936682747850421
-0.9335335028261936	-0.9999992642351236	0.07258977810194966	0.3931620139505548	18454388.75	788659.375	6.84	6.886906799734706
-0.9335335028261936	-0.9999992690404984	0.095092607893988	0.3931620139505548	18454388.75	721732.1875	6.91	6.934834532385472
-0.21856541274884364	-0.9999991895598644	0.052016122078284065	0.8036709074020151	16051712.0	446390.5	6.73	6.757109714386762
-0.21856541274884364	-0.9999992415738118	0.14056405232315536	0.8036709074020151	16051712.0	193693.75	6.845000000000001	6.856733847065797
-1.865522007480777	-0.9999992388574571	0.023002503856477757	0.15481537400490572	15568245.2	140034.85	5.92	5.930481749021737
-2.003009503542196	-0.9999989404666546	0.06707204433025153	0.13492860348135527	11776138.1	262290.3	5.9	5.942072226147872
-1.613929801794648	-0.999999279081824	0.04616083582831897	0.19910363681717727	18227157.1	509042.55	6.3500000000000005	6.392631550487661
-1.9385272083459817	-0.9999989943771319	0.0726989520697589	0.1439157516873422	12533695.2	297796.95	5.96	6.025350369535262
