-1.4746554136876722	-0.9999985667986286	0.12222983846678458	0.228857574647236	8848109.25	321617.8125	7.07	7.099608412718971
-1.9531306083122573	-0.9999984543253453	0.09585926448929276	0.1418293636617533	7875399.9	193455.125	6.76	6.7750949805006915
-1.9531306083122573	-0.9999983844524701	0.07293933695973934	0.1418293636617533	7875399.9	335400.25	6.765000000000001	6.766908715398239
-1.2666026820891372	-0.9999985543321148	0.12012560322375539	0.2817873185606796	8796224.333333334	333172.625	7.05	7.0656610420572195
-1.2666026820891372	-0.9999986067169606	0.12577536009913917	0.2817873185606796	8796224.333333334	210160.20833333334	7.065	7.07856326475508
-1.2666026820891372	-0.9999985709374885	0.13826637867737254	0.2817873185606796	8796224.333333334	287894.9583333333	7.085	7.08647531380753
-1.2666026820891372	-0.9999985798459827	0.11551729300501153	0.2817873185606796	8796224.333333334	266196.375	7.08	7.088191176775783
-1.8783848607542462	-0.9999985054593548	0.09126788837160456	0.15283675916138253	8118459.3	185973.975	6.65	6.681673758278145
-1.8783848607542462	-0.999998517096812	0.09504747349790274	0.15283675916138253	8118459.3	169207.875	6.695	6.711341178369831
-1.8783848607542462	-0.9999985070814446	0.11915977923158506	0.15283675916138253	8118459.3	183540.95	6.72	6.726662855703281
-1.79183292384732	-0.9999985946000725	0.09273488550477434	0.16665442467974323	8752427.5	219840.25	6.640000000000001	6.649899201727661
-1.79183292384732	-0.9999986215193286	0.09460295725981795	0.16665442467974323	8752427.5	173693.3	6.66	6.6607046323049675
-1.79183292384732	-0.9999986306668989	0.09555321036425558	0.16665442467974323	8752427.5	160328.875	6.665	6.665285139497348
-1.9867752987295486	-0.9999982302255855	0.09872650844967304	0.13713693884944328	7209075.0	347470.0	6.7700000000000005	6.777925214553517
-1.9867752987295486	-0.9999983358704234	0.11768611334912595	0.13713693884944328	7209075.0	162239.475	6.79	6.798266633316659
-1.7422064947768536	-0.9999986723979986	0.09772890288465193	0.1751335427267166	9354133.6	247350.7	6.59	6.604893529324883
-1.9170951919897585	-0.9999985127978068	0.0901112003806306	0.14703344633578538	8143041.3	181742.0	6.74	6.766439058590711
-2.0184572279919286	-0.9999982552029096	0.0914589926390986	0.13286028016923407	6902307.8	169926.4	6.8	6.825496683897396
-0.6751186201415604	-0.999998700950267	0.1516693180767046	0.5090960279828219	9923554.0	396800.0	7.09	7.090134477379526
-0.6751186201415604	-0.9999987438925843	0.12589531390443184	0.5090960279828219	9923554.0	259119.83333333334	7.09	7.110245348840261
-0.6751186201415604	-0.9999986951382765	0.178304230674771	0.5090960279828219	9923554.0	420358.5833333333	7.115	7.1219220369632374
-1.6255999685178013	-0.999998615483601	0.12033385921812031	0.19679356983157947	9117585.5	303593.025	6.95	6.952970869926697
-1.8369480408351437	-0.9999984179891248	0.09774544584131464	0.1593028708079645	8231353.1	452294.1	6.640000000000001	6.64115401766944
-1.8369480408351437	-0.9999985231546905	0.1200191959955989	0.1593028708079645	8231353.1	190313.875	6.65	6.658922272129337
