-1.4654254248836829	-0.9999987080649717	0.12444942029065952	0.23097970605769821	9991295.125	403568.5625	6.73	6.755896787110379
-1.828463381375963	-0.9999984598352873	0.11015600487929646	0.16066025173200632	8961783.8	987194.3	6.58	6.582456484773337
-1.9095172157290035	-0.9999986673131437	0.09337874379905135	0.1481518947370679	9383704.9	269827.05	6.49	6.50334829140227
-2.010278073675142	-0.9999985778890008	0.09964410825477583	0.13395142112546735	9690151.7	965566.525	6.34	6.341713742320689
-0.21968870940812857	-0.9999991290925501	0.1450694704858844	0.8027686534008902	15255160.5	588793.75	6.61	6.668065106914925
-0.21968870940812857	-0.9999991818093743	0.08778374587032615	0.8027686534008902	15255160.5	263451.75	6.695	6.709035519333522
-0.21968870940812857	-0.9999991531644965	0.10669659985037987	0.8027686534008902	15255160.5	407831.375	6.715	6.721036537185881
-1.9452776708081543	-0.9999985954306368	0.09797765754485917	0.14294752547195724	9307740.0	476091.025	6.42	6.424696713492569
-1.3713585288390429	-0.9999987242850249	0.11316175382690583	0.25376198230387464	10426437.57142857	597889.2857142857	6.75	6.751775580215114
-1.2582319622333353	-0.9999987923853881	0.1298056092939205	0.2841559811379098	10749634.5	434266.375	6.7	6.720425026434764
-0.933256486128128	-0.9999988812988732	0.1446589759940436	0.3932709414801398	11825926.25	556640.6875	6.74	6.749118117968533
-1.6779170202215077	-0.9999984927028555	0.12486710253488563	0.18676259386376076	8526274.5	381408.625	6.66	6.662344464091893
-0.669511116643841	-0.9999989973840635	0.15322629218933373	0.5119588047543422	13374834.333333334	666516.75	6.74	6.7452385938996215
-0.669511116643841	-0.9999990842291	0.0820367828928483	0.5119588047543422	13374834.333333334	208622.0	6.755	6.7560784976641255
-0.669511116643841	-0.9999990477783277	0.11292901241305668	0.5119588047543422	13374834.333333334	339695.25	6.745	6.753512556599301
