-1.860622159093151	-0.9999979405115467	0.10512977951242719	0.15557580734824342	5835791.9	165833.575	4.84	4.878617744860943
-1.860622159093151	-0.999998041389797	0.06952820277608826	0.15557580734824342	5835791.9	92044.8	4.88	4.891130579122096
-1.860622159093151	-0.9999980763096529	0.06638290691337843	0.15557580734824342	5835791.9	75075.025	4.9	4.901957431497371
-1.860622159093151	-0.9999979309437681	0.09527823839464196	0.15557580734824342	5835791.9	175356.425	4.895	4.906573537997913
-1.4262626151007505	-0.9999985653007588	0.09732145710698767	0.24020498521909994	9244937.625	575908.03125	5.12	5.1269074399904
-1.7369419543273106	-0.9999984035523207	0.0818516510600219	0.17605797155788627	7759969.4	239996.825	4.96	4.960409107108477
-1.7369419543273106	-0.9999984678732399	0.09273598837661898	0.17605797155788627	7759969.4	145691.975	4.96	4.979117065213619
-1.7369419543273106	-0.9999985382674627	0.06569728390931923	0.17605797155788627	7759969.4	84371.75	4.984999999999999	4.995248545029736
-1.8951855897807726	-0.999998568461437	0.13151933900610632	0.15029044008814268	8876704.8	330163.15	4.94	5.104948960247412
-1.8951855897807726	-0.9999986015003395	0.12265656054458093	0.15029044008814268	8876704.8	246240.65	5.135	5.17968991422593
-1.8951855897807726	-0.9999986238686839	0.11426061732381787	0.15029044008814268	8876704.8	201895.7	5.1850000000000005	5.214688464792982
-1.92876658975212	-0.9999988532147998	0.12588563937425798	0.1453273362115392	11308034.4	428430.65	5.2	5.233132492619613
-1.92876658975212	-0.9999988100959966	0.10922600380328064	0.1453273362115392	11308034.4	697650.8	5.275	5.276053098024053
-1.92876658975212	-0.9999988824427589	0.12931084960349193	0.1453273362115392	11308034.4	307851.4	5.255	5.278256145100563
-1.9600609598872485	-0.9999990229827921	0.11844849954073221	0.1408498344693049	14563741.4	1512123.175	5.38	5.4074479536834374
-1.9600609598872485	-0.9999991008954553	0.14340629613675113	0.1408498344693049	14563741.4	486175.05	5.405	5.460910610304854
-1.9600609598872485	-0.999999119417606	0.09272072940543412	0.1408498344693049	14563741.4	371227.95	5.47	5.486611110350474
-0.9063431050928653	-0.9999987766619539	0.110041827858178	0.4039989075564382	10841317.25	575269.625	5.08	5.215395397242623
-0.9063431050928653	-0.9999988661734079	0.10356464092282633	0.4039989075564382	10841317.25	217982.3125	5.1850000000000005	5.206621765042044
