-1.7534119069620115	-0.9999980360218719	0.1183034974647661	20.01	20.328856508732994	0.17318205323433303	6281029.222222222	227703.5
-1.7534119069620115	-0.9999979888518495	0.2268353652960915	20.645000000000003	20.75909710539328	0.17318205323433303	6281029.222222222	306225.5
-1.7534119069620115	-0.9999982638676046	0.0430137668780091	20.97	20.977598053091437	0.17318205323433303	6281029.222222222	54430.5
-1.7534119069620115	-0.9999979717290737	0.1918908681509819	20.935000000000002	21.098392876145276	0.17318205323433303	6281029.222222222	340996.0
-1.9660375866644237	-0.9999981840086444	0.18955338411853132	22.64	22.983175950099472	0.14001053815577427	7135005.2	423837.5
-1.9660375866644237	-0.9999982960909967	0.12744987123379853	23.064999999999998	23.13823127864993	0.14001053815577427	7135005.2	190497.5
-0.7672802356454814	-0.9999970465584357	0.23206662941553544	20.6	20.73662491864413	0.4642740687848528	4299576.666666667	327271.5
-0.7672802356454814	-0.9999970581025067	0.391026912732633	20.895	20.950986393359866	0.4642740687848528	4299576.666666667	311424.0
-0.7672802356454814	-0.9999971158410814	0.28939502884284396	21.235	21.380413055583954	0.4642740687848528	4299576.666666667	242961.5
-1.0610955214953772	-0.9999975377625627	0.10429988192603293	21.330000000000002	21.498442593274998	0.3460764683692182	4842420.5	150720.5
-1.0610955214953772	-0.9999973899435664	0.2699272809082402	21.475	21.723440171626258	0.3460764683692182	4842420.5	308349.0
-1.0610955214953772	-0.9999974505411211	0.24365513432033156	21.695	21.86656121028965	0.3460764683692182	4842420.5	229934.0
-2.167864495402709	-0.9999982809714413	0.031079393649937566	22.19	22.294560679967418	0.11442170426873385	6777588.6	114790.0
-2.167864495402709	-0.9999980596228378	0.1668418854291073	22.44	22.554264411296007	0.11442170426873385	6777588.6	514564.5
-2.075732346134199	-0.9999985220344	0.018932446361023175	22.0	22.449938165435682	0.12546451039057432	7278750.8	46991.5
-2.075732346134199	-0.9999983526420311	0.11207587228333377	22.52	22.54166164078642	0.12546451039057432	7278750.8	161248.5
-2.075732346134199	-0.9999982481637647	0.2363006487217711	22.6	22.719341288774597	0.12546451039057432	7278750.8	344957.5
-1.8326043535477796	-0.9999981111900017	0.07177608949256985	21.3	21.717216533907575	0.159996337674	6277548.6	141081.0
-1.9024734173840954	-0.9999980766536091	0.19865355896316778	21.87	22.016002531611033	0.14919913073772678	6726830.2	415826.0
-1.2685344332068338	-0.9999979578228364	0.10355210898167505	21.5	21.844985955362194	0.28124350102227796	5894931.2	169141.0
-1.2685344332068338	-0.9999977153537999	0.4715405980549422	21.935000000000002	22.22985462549937	0.28124350102227796	5894931.2	706325.0
-1.2685344332068338	-0.9999979124293449	0.18296013062384542	22.46	22.4663584702309	0.28124350102227796	5894931.2	221036.0
-1.2685344332068338	-0.9999977495371868	0.36368077306019453	22.335	22.43557177783519	0.28124350102227796	5894931.2	577418.0
