-1.2814920714617486	-0.9999984936623505	0.1459913436874098	24.2	24.36963655868521	0.27762275827207256	9299436.0	1212372.5
-1.2814920714617486	-0.9999984881376877	0.4873248851149828	23.83	24.522735808360153	0.27762275827207256	9299436.0	1276287.5
-1.2814920714617486	-0.9999986139713868	0.18803431829455702	24.825000000000003	25.00447181513753	0.27762275827207256	9299436.0	396044.5
-1.8567198658091273	-0.9999983980028786	0.4202333865803888	24.82	25.814520125325153	0.1561840958645986	8783746.8	1291786.0
-1.0712302618983123	-0.9999984826189465	0.2650103498228919	23.5	24.053686483750575	0.3425867865818122	8930658.25	767743.0
-1.0712302618983123	-0.9999985788718663	0.16568407956553163	24.225	24.327704248856985	0.3425867865818122	8930658.25	325008.5
-1.0712302618983123	-0.9999985841014081	0.07574660881002425	24.065	24.082222173696387	0.3425867865818122	8930658.25	310178.5
-2.459798629278823	-0.9999987308045938	0.06791308486414425	31.51	31.561429782514388	0.08545215679732827	10370092.3	520045.5
-2.459798629278823	-0.999998812184643	0.09598388411741314	32.19	32.43080455097222	0.08545215679732827	10370092.3	223630.5
-2.3967264712199117	-0.9999988312785683	0.05890273558493417	31.36	31.377431180426928	0.09101540771756526	11486775.5	676602.5
-2.429245264393415	-0.9999987838047819	0.14055430671973007	32.29	32.827512718066245	0.08810330219494986	10904312.8	574796.5
-2.245783096300821	-0.9999987340925214	0.21882782561481323	28.45	28.904369533951765	0.10584462137953995	10780086.7	844577.0
-2.245783096300821	-0.9999987222667853	0.4198855992163268	29.35	29.835857662863855	0.10584462137953995	10780086.7	959410.0
-2.245783096300821	-0.9999986468586737	0.8252860103466808	30.450000000000003	31.159526240380007	0.10584462137953995	10780086.7	2162943.0
-2.245783096300821	-0.9999988972115866	0.06904213505134342	31.295	31.296913515965525	0.10584462137953995	10780086.7	145531.5
-0.28095728576599643	-0.9999984659854911	0.1179940054551134	22.830000000000002	22.859036005988166	0.7550605866259956	8516142.0	471598.5
-0.28095728576599643	-0.9999984185903291	0.30773760039050285	23.295	23.850995494348762	0.7550605866259956	8516142.0	706097.0
-0.28095728576599643	-0.9999985534215619	0.10031469132838618	23.770000000000003	23.933696548482036	0.7550605866259956	8516142.0	223969.0
-1.9939728766703235	-0.9999985948636072	0.1871095996030199	27.01	28.36454236729729	0.13615342873476996	9528688.7	652852.0
-1.6823941078671913	-0.9999984889156097	0.12731400599617615	23.89	24.126057982602546	0.18592831033588814	8417768.5	334354.0
-1.6823941078671913	-0.9999984857273255	0.1957075139980499	24.295	24.487158818740696	0.18592831033588814	8417768.5	343449.0
-1.6823941078671913	-0.9999984806754134	0.167991832202003	24.65	24.930671809327926	0.18592831033588814	8417768.5	358369.5
-1.6823941078671913	-0.9999984568182709	0.22462142280393949	24.92	24.975833287533572	0.18592831033588814	8417768.5	438074.5
-2.3628566306693317	-0.9999988700482871	0.16232307576262095	32.05	33.301665542227695	0.09415088437484156	11924532.9	710799.0
-2.2034675186082944	-0.9999985831958939	0.2746794431845228	27.32	28.19059875145562	0.11041961171073411	9756631.2	1007753.5
-2.1080965018699995	-0.9999986384621942	0.1455270295206626	27.78	27.93307319586963	0.121468962456274	9627983.6	493294.5
-1.5744424178031047	-0.9999985061407006	0.057057303501765834	23.5	23.604958482771284	0.2071230085922395	8470898.57142857	313115.5
-1.9289375792432146	-0.9999990285925551	0.0025600819427753353	25.51	25.632016928312186	0.14530248888865438	9268447.8	8130.0
-1.9289375792432146	-0.9999986226815515	0.188330478622278	25.43	25.812534517370985	0.14530248888865438	9268447.8	349969.5
-1.9289375792432146	-0.9999985100706927	0.42168595717677326	26.185000000000002	26.646409335793678	0.14530248888865438	9268447.8	993839.5
-2.2866120464580177	-0.9999989040768511	0.09601926795666234	31.900000000000002	32.33813909472254	0.1016101297587282	11843553.1	433489.0
-2.053669999042185	-0.9999988870939178	0.014120371538412804	27.66	28.199120515250925	0.12826331251365375	9728746.2	50370.5
-2.053669999042185	-0.9999986171053605	0.23622705136007566	27.619999999999997	27.711772234203803	0.12826331251365375	9728746.2	696504.5
-2.053669999042185	-0.9999987607447035	0.07823701403097613	27.815	28.07574180397486	0.12826331251365375	9728746.2	172197.0
-0.7751957226185768	-0.999998886279828	0.008736089471336151	23.54	24.03683881621007	0.46061361967215375	9006850.333333334	22721.5
