-1.6334859010483003	-0.9999983516288288	0.0691800273363241	17.2	17.30391973198455	0.19524777205675295	7363830.75	186898.5
-1.04243701391304	-0.9999985677882764	0.03201367380123877	17.63	17.72217957274857	0.3525943567192987	7899209.0	81906.0
-1.04243701391304	-0.9999985421709159	0.0748303050926382	17.56	17.577869603329653	0.3525943567192987	7899209.0	100276.5
-1.04243701391304	-0.9999984822596235	0.09479310733708014	17.665	17.716862598152847	0.3525943567192987	7899209.0	160965.0
-1.04243701391304	-0.9999983676018168	0.1698806447005814	17.705	17.793176132630222	0.3525943567192987	7899209.0	398177.0
-1.9249914761041207	-0.9999979725477504	0.2738942491377668	16.51	16.83208254556658	0.14587700029128958	6610798.1	662036.5
-1.9249914761041207	-0.9999982685571258	0.07039965610686877	16.85	16.876786844292123	0.14587700029128958	6610798.1	93546.0
-1.9793158144299015	-0.9999980042546984	0.0738037663186974	16.57	16.609610717777347	0.13816373461389478	6476934.7	410984.0
-1.9793158144299015	-0.9999980789978522	0.21890554616898114	16.63	16.79165288743692	0.13816373461389478	6476934.7	253267.5
-1.9793158144299015	-0.9999981784826801	0.07904351902590849	16.73	16.797636062752368	0.13816373461389478	6476934.7	132965.0
-2.029102005565376	-0.9999981762554225	0.05125615330034392	16.89	16.9018463313293	0.1314535126854956	6402343.0	117739.5
-2.0742368028855545	-0.9999980147848551	0.06831313693678584	16.54	16.60145066378106	0.12565228837208017	5951956.8	135389.0
-2.0742368028855545	-0.9999981710017944	0.042167516999084886	16.655	16.712252684583163	0.12565228837208017	5951956.8	53428.5
-2.0742368028855545	-0.9999977933660664	0.185625026472244	16.685000000000002	16.774855520064843	0.12565228837208017	5951956.8	505745.0
-2.1916175621702805	-0.9999982181180563	0.04675702971481868	16.5	16.644349595179257	0.1117358626551302	6354350.7	82676.5
-2.1916175621702805	-0.9999980199702593	0.07987354521038496	16.71	16.771313228135273	0.1117358626551302	6354350.7	291210.0
-2.1916175621702805	-0.9999980824383483	0.13705705702342433	16.68	16.803899413453454	0.1117358626551302	6354350.7	195801.0
-2.257871001380632	-0.9999983061541247	0.14057502667931704	17.32	17.421579438401377	0.10457288345199371	7438296.9	296358.5
-1.7211878090911004	-0.9999984334769805	0.024302091688938553	16.69	16.707915215761698	0.17885357778445304	7040801.222222222	61670.5
-1.7211878090911004	-0.999998378169191	0.07632002548667818	16.71	16.73853903549856	0.17885357778445304	7040801.222222222	91033.0
-2.225523168474236	-0.9999981553370058	0.2409372327819472	16.75	16.835432822771963	0.10801089595503877	7078896.2	468914.5
-2.225523168474236	-0.9999981880471304	0.23554810562880002	16.925	16.96442436643632	0.10801089595503877	7078896.2	371990.5
-2.225523168474236	-0.9999981279613986	0.3626494584063092	17.130000000000003	17.266805368105217	0.10801089595503877	7078896.2	569187.5
-0.7535048196389479	-0.9999984663078365	0.08811639372467434	17.61	17.617375842314033	0.470713891002586	8028972.0	222786.0
-1.2458372264050506	-0.999998443984777	0.0857207372004186	17.97	18.221589543476494	0.2876999372870413	7970403.4	243303.5
-1.797008201408615	-0.9999982771325038	0.07005844044789641	16.580000000000002	16.730708116647683	0.16579416972434372	7007915.1	175203.5
-1.797008201408615	-0.9999981360971557	0.3691735286429854	16.825000000000003	17.01035742431509	0.16579416972434372	7007915.1	470744.5
-0.26971600423099595	-0.9999987011791504	0.05035902367278355	17.26	17.349583280346828	0.7635963216709547	9148601.0	144695.5
-0.26971600423099595	-0.999998562285653	0.17974924361181654	17.395	17.44131579911772	0.7635963216709547	9148601.0	515593.0
-0.26971600423099595	-0.9999985644808757	0.22030257401087777	17.35	17.48203730016994	0.7635963216709547	9148601.0	505341.5
-0.26971600423099595	-0.9999985180705994	0.2844053261364088	17.439999999999998	17.599505831299346	0.7635963216709547	9148601.0	772648.5
