-2.1323462367137465	-0.9999989421065218	0.08054621710283671	16.87	16.952273260945613	0.11855880026430618	11896131.1	292095.5
-1.72949491815014	-0.9999989824641096	0.026325949516724966	19.41	19.44310645594392	0.1773739757247313	11227145.222222222	91492.5
-1.72949491815014	-0.9999987854089173	0.1963862027167656	19.54	19.64893608369949	0.1773739757247313	11227145.222222222	836004.5
-1.72949491815014	-0.999998824437919	0.30933741496113143	19.58	19.721942044012128	0.1773739757247313	11227145.222222222	539395.5
-1.046111789065696	-0.9999988469808858	0.008731849838156535	18.27	18.456501992724593	0.3513010295369776	8495533.5	17952.0
-1.046111789065696	-0.999998461896321	0.21704279733446716	18.439999999999998	18.607464953706177	0.3513010295369776	8495533.5	473075.0
-1.9948198046470502	-0.99999898490313	0.015661068373039395	18.330000000000002	18.367683264297145	0.1360381654036069	11390802.0	105109.5
-1.9948198046470502	-0.9999989113668103	0.14047300793389494	18.340000000000003	18.35899896076231	0.1360381654036069	11390802.0	242899.0
-1.5318303317648476	-0.9999986307404911	0.49508766282248107	18.14	18.626011700413265	0.21613969769432959	10347316.285714285	1422833.0
-1.5318303317648476	-0.9999985351472971	1.0902035924214286	18.814999999999998	19.52024407115985	0.21613969769432959	10347316.285714285	3825860.5
-2.206639093249656	-0.9999986904878853	0.10213854658096097	16.990000000000002	17.17078362829165	0.1100699624328051	9585824.5	282872.0
-0.7563095723707979	-0.9999984556428512	0.1267675942131336	17.98	18.066289962056857	0.46939550466898433	8501265.0	503323.0
-0.7563095723707979	-0.9999984858488035	0.20267371300037115	18.494999999999997	18.54612032206796	0.46939550466898433	8501265.0	389336.0
-0.7563095723707979	-0.9999984566866398	0.18976911541262304	18.450000000000003	18.45057424484362	0.46939550466898433	8501265.0	498876.5
-2.3016978384659788	-0.9999983741173447	0.16016229729115483	16.580000000000002	17.040657867016826	0.1000887648254802	7816966.5	330865.5
