-1.6562388339423542	-0.9999991314930454	0.004319467497788553	12.02	12.07599700712971	0.1908554709556091	10906574.0	12995.5
-1.6562388339423542	-0.9999988719377292	0.09406003336182474	12.05	12.086096303847146	0.1908554709556091	10906574.0	220420.0
-1.9062775482900565	-0.9999985019690104	0.09460309223467873	12.35	12.353181676722917	0.14863263590675693	8143042.0	198496.0
-1.200356503930906	-0.9999988431803211	0.08773629575669277	12.26	12.290568242981935	0.30108685412956204	10832993.2	277012.0
-1.200356503930906	-0.9999987929520343	0.2158487351758566	12.355	12.372229993548585	0.30108685412956204	10832993.2	477319.0
-1.200356503930906	-0.9999987872982401	0.2584188054165606	12.4	12.42202878113394	0.30108685412956204	10832993.2	507467.5
-1.200356503930906	-0.9999987542662133	0.2016545880700288	12.44	12.48690051912438	0.30108685412956204	10832993.2	725796.0
-1.8532646392241243	-0.9999985154243478	0.171075463810738	12.1	12.248842259764134	0.1567246806884938	8657065.9	381576.5
-1.9545943519970825	-0.999998184848763	0.15360226930872525	12.23	12.274362999692652	0.14162191369020277	7603109.6	985390.0
-1.9545943519970825	-0.9999982104029834	0.5218862419688163	12.19	12.343000280730019	0.14162191369020277	7603109.6	811387.5
-2.176691221473144	-0.9999977148478308	0.13480196037435638	11.870000000000001	11.918988084261235	0.11341617950292644	5319485.6	190199.5
-0.7259100027183341	-0.9999988863889399	0.15267785300101586	12.200000000000001	12.357349146702326	0.4838840327560275	11940751.666666666	595616.0
-1.5709372595052975	-0.9999988407711806	0.16051053043427577	12.32	12.323498386252618	0.20785028138298786	11322577.875	501549.0
-1.5709372595052975	-0.9999989506656649	0.05797891031354401	12.355	12.365077055799114	0.20785028138298786	11322577.875	144518.5
-2.1459080942354234	-0.9999976266758553	0.2185449444123616	11.75	11.81045329422259	0.11696177648913517	5322848.2	306459.5
-2.1459080942354234	-0.9999975955407107	0.20734134997003953	11.81	11.810046035941799	0.11696177648913517	5322848.2	361699.5
-2.1459080942354234	-0.9999976222394362	0.2590258368330187	11.81	11.820244850548463	0.11696177648913517	5322848.2	313782.5
