-2.2042306305417463	-0.999998963565877	0.23673089345172643	12.91	13.082339236513953	0.11033538133004235	13316741.4	986505.5
-2.2042306305417463	-0.999998982411556	0.20928180367597432	13.14	13.180346349271472	0.11033538133004235	13316741.4	767551.5
-2.2042306305417463	-0.9999989879607578	0.26104183108956536	13.13	13.24867675125204	0.11033538133004235	13316741.4	712876.5
-1.4602408224289016	-0.9999987300071359	0.09198442426753908	11.9	11.903501638393504	0.23218035375978158	9844518.714285715	268999.5
-1.4602408224289016	-0.9999987832751623	0.07072653683773143	11.934999999999999	12.066098345353154	0.23218035375978158	9844518.714285715	159223.5
-2.071982494084525	-0.9999991122512917	0.008019529937716326	12.75	12.756090284345337	0.1259358669483736	12770102.1	83837.0
-2.071982494084525	-0.9999990254273182	0.09143975068167917	12.63	12.710260309988158	0.1259358669483736	12770102.1	254076.0
-1.898147743332224	-0.9999988196040726	0.07917110521738936	12.370000000000001	12.399500700278509	0.1498459154274722	10378794.4	209207.5
-1.898147743332224	-0.9999986453631104	0.2188574480228415	12.38	12.38255633372498	0.1498459154274722	10378794.4	1276327.0
-1.898147743332224	-0.9999986734316726	0.36631016207086675	12.35	12.397050580924075	0.1498459154274722	10378794.4	953771.0
-1.3403509319540345	-0.9999986634786587	0.12966735489000922	11.85	11.857628005525665	0.2617537946898805	10172739.333333334	802977.5
-1.3403509319540345	-0.9999986925097759	0.28419271436194454	11.905000000000001	11.949498319244254	0.2617537946898805	10172739.333333334	597647.0
-1.7864564756391013	-0.9999986789304436	0.08615774095806177	11.75	11.824544461589438	0.1675528465578907	9290818.7	214017.5
-1.7864564756391013	-0.9999986031638533	0.14478079033651683	11.895	11.89919234209986	0.1675528465578907	9290818.7	432678.0
-1.7864564756391013	-0.999998598912309	0.1933843378325063	11.84	11.923114591490235	0.1675528465578907	9290818.7	450111.0
-1.8445419631339002	-0.9999988099860121	0.03747201428104052	11.91	11.978827496737159	0.1580977188916038	10174115.8	181196.0
-1.8445419631339002	-0.9999986335417086	0.45315612843172287	12.14	12.220334896562518	0.1580977188916038	10174115.8	1090889.5
-1.8445419631339002	-0.9999985809882436	0.6299570744506457	12.26	12.312678558376595	0.1580977188916038	10174115.8	1862051.5
-1.6462949517244665	-0.9999987203031901	0.1359616306170026	12.24	12.247163154304484	0.19276278260427646	10029506.888888888	375016.5
-2.1419461020591686	-0.9999990311260165	0.06285592037049909	12.64	12.69674209271226	0.117426097342916	12811034.0	245800.0
-2.1419461020591686	-0.9999988756610936	0.2744073294019304	12.68	12.921901427200241	0.117426097342916	12811034.0	1801163.5
-2.1419461020591686	-0.9999989244867153	0.3764688163498284	12.625	12.870213052771545	0.117426097342916	12811034.0	963604.5
-2.1419461020591686	-0.9999989888956315	0.1041689924722478	12.95	13.01993942061309	0.117426097342916	12811034.0	422223.5
-1.5602015079169347	-0.9999985680323955	0.27044881948043664	12.16	12.186220023615828	0.2100937313848316	10217031.125	2259055.0
-1.5602015079169347	-0.9999985972485267	0.6780759345159304	12.135000000000002	12.254334255530342	0.2100937313848316	10217031.125	1676057.5
-2.1740257611665053	-0.9999991575413606	0.01165332978079874	12.700000000000001	12.705915856822514	0.11371888907848007	12742638.5	45941.5
-2.1740257611665053	-0.9999989477521378	0.07530248716711681	12.785	12.787500155385667	0.11371888907848007	12742638.5	665579.0
-2.03274515049429	-0.9999988325337799	0.6507869278166479	12.42	12.820058374029234	0.13097547978765578	12577824.5	2383748.5
-1.991546851663434	-0.9999987816073597	0.19633888012745931	12.030000000000001	12.211755417270968	0.136484141353993	10799285.6	518019.5
-1.991546851663434	-0.9999986755278629	0.19908823093768846	12.26	12.327918998213827	0.136484141353993	10799285.6	1628797.0
-0.7184924507402339	-0.9999988568427576	0.15753570929378002	11.370000000000001	11.416514663926888	0.48748661236327834	11577260.333333334	559404.0
-0.7184924507402339	-0.9999988594160004	0.22051006557688174	11.440000000000001	11.651969974214152	0.48748661236327834	11577260.333333334	542984.5
-0.7184924507402339	-0.9999988112486212	0.16937588756686628	11.665	11.684485787057746	0.48748661236327834	11577260.333333334	948354.0
