-1.6274667256212771	-0.9999986076729179	0.0815993811440643	16.85	16.89651660298728	0.1964265467152657	8742004.5	193247.0
-1.6274667256212771	-0.9999985512879629	0.13558213210817813	16.91	16.977418106337574	0.1964265467152657	8742004.5	316362.5
-1.6274667256212771	-0.9999985072794215	0.27012195812957823	17.015	17.04234499308565	0.1964265467152657	8742004.5	464802.5
-2.1965454005235197	-0.9999990567043976	0.07956810192637019	12.27	12.27750864192496	0.11118660083394394	13430198.5	317630.5
-1.7928802451327666	-0.999998883124201	0.04783133948766352	17.59	17.649550725395198	0.16647997532167116	10737853.3	161594.0
-1.7928802451327666	-0.999998819428448	0.12866246593417013	17.705	17.737655153379905	0.16647997532167116	10737853.3	320232.0
-1.7928802451327666	-0.9999986839262318	0.5976252511473821	17.72	18.067385207020063	0.16647997532167116	10737853.3	1372036.0
-1.7928802451327666	-0.9999987443110089	0.2704671585853068	18.295	18.30708775176422	0.16647997532167116	10737853.3	717410.0
-0.7520216894717846	-0.9999982218245738	0.1478297372905692	17.1	17.186751436958755	0.47141253893928386	7772218.666666667	1004868.5
-0.7520216894717846	-0.9999983645251123	0.2076606886625642	17.195	17.232368538110546	0.47141253893928386	7772218.666666667	331461.0
-0.7520216894717846	-0.9999983969665641	0.12278043237379142	17.259999999999998	17.39880877263252	0.47141253893928386	7772218.666666667	257589.5
-2.060457378881631	-0.9999990344212234	0.18776350303086348	11.870000000000001	12.051107204105657	0.12739568846997326	14184178.0	887301.5
-2.060457378881631	-0.9999990147698136	0.2519263556251269	12.1	12.118453211925068	0.12739568846997326	14184178.0	1172536.0
-2.060457378881631	-0.9999990427471677	0.2734008771547182	12.155000000000001	12.183448254973582	0.12739568846997326	14184178.0	788465.0
-2.060457378881631	-0.9999991061041599	0.09196225752268387	12.19	12.223938095196146	0.12739568846997326	14184178.0	320993.0
-1.862280724843922	-0.9999988692836492	0.06006281946019405	18.1	18.227994499051896	0.15531798850637918	10832561.9	208678.5
-1.862280724843922	-0.9999988267245398	0.13848073387676627	18.235	18.259286302653564	0.15531798850637918	10832561.9	330901.5
-1.862280724843922	-0.999998920053887	0.052072478142642174	18.33	18.371296933162725	0.15531798850637918	10832561.9	120400.0
-1.0403299502688506	-0.9999985149298555	0.11156563205739116	17.25	17.344525288648242	0.3533380787291327	8329166.25	235482.5
-1.9763041992174948	-0.9999989100612227	0.07332865224792527	12.06	12.286009426829697	0.13858045780885028	12027705.4	493590.0
-0.2699606831294759	-0.9999985062734104	0.035737393465964086	17.09	17.146097724129024	0.7634095086196228	7339289.0	57692.0
-2.1659134910369144	-0.9999991346498786	0.04215204908266982	12.24	12.267244274527709	0.11464515942341467	14716858.3	339501.0
