-1.7798922498355618	-0.9999988085643312	0.22801613950561012	11.200000000000001	11.264206051093456	0.1686563190356821	11214493.2	634978.0
-1.9813466532472546	-0.9999989308052523	0.08061935191515661	11.19	11.193705266486747	0.13788343106049697	11725924.8	278533.5
-1.9813466532472546	-0.9999989491323862	0.08722254822279649	11.19	11.193081840401577	0.13788343106049697	11725924.8	224670.5
-2.1270566325620566	-0.9999989366328034	0.07930599922035245	11.1	11.100793620280536	0.11918759094718198	11638283.6	236988.0
-2.1270566325620566	-0.9999989452191314	0.07833346659793161	11.094999999999999	11.095433973151291	0.11918759094718198	11638283.6	214450.5
-2.2400547118453145	-0.9999987698048943	0.8034856018719669	10.88	11.151089228109866	0.1064526799973616	12250302.8	3506967.5
-1.6421173552479993	-0.9999987696417582	0.2850171214906432	11.11	11.185862252395092	0.19356975214861724	11037891.444444444	790609.5
-0.9984957522385935	-0.9999989419951723	0.28572687383515616	11.63	11.674043198494099	0.36843323941775197	12627248.5	633926.5
-0.9984957522385935	-0.9999990617592361	0.035190622113967326	11.67	11.705786651606209	0.36843323941775197	12627248.5	139719.5
-0.9984957522385935	-0.9999988943525722	0.3401665279240242	11.665	11.798031249052531	0.36843323941775197	12627248.5	1156934.0
-1.889408026038815	-0.9999988912500256	0.6309748008913361	11.120000000000001	11.223030190723748	0.15116126588898157	13186483.7	2236702.0
-1.889408026038815	-0.9999989123020526	0.6146000763987935	11.290000000000001	11.367187911808077	0.15116126588898157	13186483.7	1694521.0
-1.459956826240126	-0.9999988596419928	0.10240412339421247	11.200000000000001	11.220507835812876	0.23224630145936226	11793476.42857143	692999.0
-1.459956826240126	-0.9999988777479097	0.18689847163248813	11.235	11.265421761378184	0.23224630145936226	11793476.42857143	559753.5
