-0.26794503860538266	-0.9999980476711401	0.1318620058284993	16.88	16.975480806850626	0.7649498226565877	6395133.5	264448.0
-0.26794503860538266	-0.9999979288027119	0.28571569301775046	17.075000000000003	17.202200115654616	0.7649498226565877	6395133.5	565565.5
-1.244531540021939	-0.9999982439967882	0.0895496176670521	17.52	17.730082487638132	0.2880758285222104	6870527.0	173626.5
-2.3144865086672057	-0.9999977906976917	0.317140975014319	16.37	16.871500838637992	0.09881691260482402	6055175.8	645456.0
-2.3144865086672057	-0.9999980990920024	0.0670960752697684	16.950000000000003	16.977972172455168	0.09881691260482402	6055175.8	99740.0
-2.3144865086672057	-0.9999979206230228	0.30987118191734797	17.009999999999998	17.118436816772384	0.09881691260482402	6055175.8	293898.5
-2.3144865086672057	-0.9999979715327557	0.1317735941907271	17.175	17.219206622547954	0.09881691260482402	6055175.8	215932.5
-1.7127028117424872	-0.9999981082894283	0.1549407691756537	16.2	16.22564373202841	0.18037760646384715	7276894.444444444	951483.0
-1.7127028117424872	-0.9999983483108499	0.12412185082050368	16.375	16.432707528588836	0.18037760646384715	7276894.444444444	165903.5
-1.7127028117424872	-0.9999983001697503	0.1293294124028816	16.46	16.66891863547792	0.18037760646384715	7276894.444444444	235503.5
-1.8569694348361483	-0.999998255408902	0.2346432245649279	16.5	17.176104800609266	0.15614512201529263	7601476.7	574621.5
-1.8569694348361483	-0.9999982405551683	0.3183707946548536	17.285	17.397543193950206	0.15614512201529263	7601476.7	643307.0
-1.0399209360834534	-0.999998097650661	0.05293097451527695	17.41	17.417226351431413	0.35348262857502744	6390617.5	190457.0
-1.0399209360834534	-0.9999980113882198	0.11836776425179317	17.435000000000002	17.486198102348556	0.35348262857502744	6390617.5	330530.5
-1.7895378347862874	-0.9999982023324366	0.17653250937888712	16.55	16.855850564040086	0.16703735068335304	7190400.3	410835.0
-1.97431193445487	-0.999998687155782	0.005702042704453047	17.03	17.059080523630605	0.13885682197561663	7242317.5	13466.5
-2.024439997916779	-0.9999982412175497	0.16270348313680721	17.05	17.333767491936765	0.13206778071564035	7333851.7	399771.0
-0.7514741383578867	-0.9999981609739981	0.10031825428430115	17.36	17.576763546002244	0.47167073208060567	6685556.333333333	218580.0
-0.7514741383578867	-0.9999982726143769	0.058332012035227525	17.675	17.675613704159904	0.47167073208060567	6685556.333333333	103624.0
-0.7514741383578867	-0.9999981041706782	0.26822126478026537	17.689999999999998	17.70017815777859	0.47167073208060567	6685556.333333333	319550.5
