-2.2707372322910513	-0.9999979306491895	0.041388790552773926	0.10323604307666231	5455320.5	79934.225	16.51	16.737739637611725
-1.0305250473530616	-0.9999984587290895	0.045021434477760205	0.3568195642097622	7581035.75	118707.9375	16.06	16.212817224732266
-1.0305250473530616	-0.9999985989247315	0.020273385004361395	0.3568195642097622	7581035.75	41010.25	16.32	16.61481436874592
-0.7448269632547543	-0.9999984746006696	0.024219784898897458	0.47481645352562013	7296043.333333333	68143.08333333333	15.85	15.916841940275386
-0.7448269632547543	-0.9999985478104446	-0.02373222303906812	0.47481645352562013	7296043.333333333	-39943.166666666664	15.855	15.990316236450084
-0.7448269632547543	-0.999998541252788	0.03527033795225262	0.47481645352562013	7296043.333333333	41900.75	16.01	16.09435560208049
-1.2336402548249346	-0.999998412793644	0.04207988227105703	0.2912304925178313	7283766.8	104907.2	16.39	16.417172156078
-1.9045416734544596	-0.9999981329784159	0.025037203472077448	0.14889086762330186	5646850.7	37902.25	15.44	15.576609609968182
-1.9045416734544596	-0.9999980562991727	0.04026823856455449	0.14889086762330186	5646850.7	58440.9	15.565000000000001	15.650911217624898
-1.9045416734544596	-0.9999979868663255	0.07167860273834789	0.14889086762330186	5646850.7	86496.025	15.72	15.833092490271756
-1.9045416734544596	-0.9999980363715106	0.043475293366408325	0.14889086762330186	5646850.7	65401.575	15.95	16.119579439548428
-1.7017271449923976	-0.999998124389899	0.027316685181177094	0.18236827543737344	6362749.555555556	152364.47222222222	15.200000000000001	15.223942995891123
-1.7017271449923976	-0.9999982570421478	0.05120157899430773	0.18236827543737344	6362749.555555556	65512.02777777778	15.120000000000001	15.173791034027833
-1.7017271449923976	-0.9999982959575987	0.03602308215824581	0.18236827543737344	6362749.555555556	51142.72222222222	15.355	15.416388932204649
-1.8447994832487813	-0.9999980798367379	0.028305285877999863	0.15805701079067472	5650104.7	51488.0	15.58	15.696708136600963
-1.9594289475264048	-0.999998145245847	0.02534094425632895	0.1409388814421419	5687739.8	38151.975	16.17	16.251695006877142
-2.0555671049203594	-0.9999979386270047	0.032938459626911165	0.12802021409415973	5257471.3	50898.55	16.21	16.575837553240152
-2.1379982077979514	-0.999997847793049	0.058899058315990356	0.11789059945804492	5278450.9	85845.725	15.91	16.13076721519802
-2.1379982077979514	-0.9999980092668389	0.0317688728144633	0.11789059945804492	5278450.9	36605.725	16.17	16.17461616807254
-1.6146336222610433	-0.9999982885563067	0.02736962517983132	0.1989635529053963	6406456.0	57772.6875	15.71	15.930739287096314
-1.7775954344757483	-0.999998292314006	0.020777434713720976	0.16904413666202353	6227543.2	41550.475	15.4	15.544709286400286
-1.7775954344757483	-0.9999983548184151	0.018188602463372575	0.16904413666202353	6227543.2	28152.85	15.46	15.504599740123137
-1.7775954344757483	-0.9999982232492377	0.052083785159701114	0.16904413666202353	6227543.2	63880.95	15.515	15.516915508834652
-1.7775954344757483	-0.9999982400742571	0.03877466772957434	0.16904413666202353	6227543.2	57526.225	15.52	15.579390637561968
-0.264495786355821	-0.999998654899515	0.025108197265625576	0.7675928832240428	8440955.0	85299.25	15.450000000000001	15.84221845120514
-2.0095304277705544	-0.9999980756251917	0.0217374454851968	0.13405160680392475	5421103.3	33935.1	16.3	16.52898313094246
-2.0095304277705544	-0.9999981283618906	0.01987403066484353	0.13405160680392475	5421103.3	25496.7	16.47	16.548620469879946
