-2.365456469764712	-0.9999981948845426	0.026891536067595256	0.09390642513981244	6017905.9	52208.25	21.31	21.655897351099412
-2.365456469764712	-0.9999981246612744	0.026213783590625095	0.09390642513981244	6017905.9	79666.1	21.645000000000003	21.659077230375516
-2.365456469764712	-0.9999982832196695	0.024678826895392476	0.09390642513981244	6017905.9	30680.725	21.54	21.667490154087613
-2.2348999858996126	-0.9999983588037821	0.02384431468681493	0.10700283110985961	6631243.8	53271.325	21.6	22.026053799839282
-0.7576877300669779	-0.9999989443408468	0.05278153297208516	0.46874904920277927	11991455.333333334	314546.25	20.13	20.535328503355586
-0.26978425318297294	-0.9999987317538577	0.10843176285550818	0.7635442088006118	9499304.0	170663.625	18.0	18.354366308249954
-0.26978425318297294	-0.9999987020439343	0.12122859907666983	0.7635442088006118	9499304.0	226313.125	18.615000000000002	18.863581130339192
-0.26978425318297294	-0.999998710290655	0.0932239161299606	0.7635442088006118	9499304.0	209260.75	18.915	19.1262898979173
-0.26978425318297294	-0.999998598175035	0.15732000922597683	0.7635442088006118	9499304.0	607046.0	19.095	19.532228474018442
-1.823542481238721	-0.9999987308883331	0.03349068278833207	0.1614527931962047	9117674.4	106015.175	20.72	21.21331494294639
-2.3358290833703936	-0.9999982666639832	0.02293597563548578	0.09673025182888205	6172344.0	44299.275	21.07	21.302462215219354
-2.15625271407119	-0.9999984238911067	0.020281870292043747	0.11575808796014532	6817078.2	46371.3	21.0	21.338485120285885
-2.15625271407119	-0.9999986066435668	0.010920123304574382	0.11575808796014532	6817078.2	13340.3	21.490000000000002	21.606534586415375
-1.893993091918369	-0.9999987701098508	0.03179454795921628	0.1504697680195237	9408113.4	105972.675	20.92	21.077938454113763
-1.2584458677948405	-0.9999989908263727	0.027200464556079985	0.28409520509360814	11441384.8	103397.3	20.42	20.638223636995328
-1.2584458677948405	-0.9999989645427376	0.06637286479633295	0.28409520509360814	11441384.8	139672.8	20.62	20.628404302895394
-1.2584458677948405	-0.9999988624096445	0.0807180202506631	0.28409520509360814	11441384.8	449372.2	20.62	20.72710632075507
-2.0136356480804176	-0.9999985630253152	0.026298945266204885	0.13350242345569535	7845476.4	78726.75	21.555	21.79066423355642
-2.0136356480804176	-0.9999987006143951	0.019201385180106147	0.13350242345569535	7845476.4	26749.25	21.455	21.637763145644655
-2.3938080118082654	-0.9999979154702036	0.037407676043225604	0.09128142047573076	5280628.5	60331.575	21.6	21.728328182089598
-2.3938080118082654	-0.9999981748627302	0.01418007617305534	0.09128142047573076	5280628.5	15333.675	21.855	21.90063775305963
-1.417968718643836	-0.9999989472651385	0.033487835208286416	0.24220550507947952	11194067.5	131186.79166666666	20.76	20.927560612207916
-1.417968718643836	-0.9999989482206167	0.0624958519835243	0.24220550507947952	11194067.5	129791.125	20.825000000000003	21.157559636812802
-2.0641563923118187	-0.9999984857002948	0.030368843267235487	0.12692532059224837	7477099.8	82665.525	20.09	20.415421700426734
-2.0641563923118187	-0.9999986000937071	0.018863709996528276	0.12692532059224837	7477099.8	35144.05	20.615000000000002	20.69557242452338
-2.0641563923118187	-0.9999985551481084	0.039941346665868634	0.12692532059224837	7477099.8	49181.925	20.65	21.031337808225523
-2.0641563923118187	-0.9999984365016271	0.05258525290185357	0.12692532059224837	7477099.8	119422.75	21.189999999999998	21.685923642357892
-2.270844927979582	-0.9999983324041477	0.018070956323739364	0.10322492559858494	6594395.5	59681.05	21.59	21.633150729225914
-1.744268452580903	-0.9999987730193278	0.03261136924617778	0.17477279680079355	9421116.444444444	104769.52777777778	20.45	20.454021559074725
-1.744268452580903	-0.9999987785728126	0.05664311378587282	0.17477279680079355	9421116.444444444	99428.86111111111	20.46	20.51050059173688
-1.744268452580903	-0.9999988114667846	0.038478435877837044	0.17477279680079355	9421116.444444444	72932.97222222222	20.580000000000002	20.66508193125643
-1.744268452580903	-0.999998679600554	0.09679516858665982	0.17477279680079355	9421116.444444444	252617.80555555556	20.72	20.741056978711683
