-2.195013671790392	-0.9999955918381324	0.08146623057596748	0.11135703904440879	2514945.8	65269.025	17.32	17.690081075892913
-1.6300717367545696	-0.9999947950107332	0.05611461722169807	0.19591551927926792	1992090.625	31849.5625	17.57	17.600960909648013
-1.6300717367545696	-0.9999947729567672	0.07412952818804541	0.19591551927926792	1992090.625	33280.0625	17.52	17.538050248865463
-1.6300717367545696	-0.9999950148166415	0.04843141412758087	0.19591551927926792	1992090.625	20555.59375	17.585	17.66143291320151
-1.6300717367545696	-0.9999947560047308	0.05972285506152283	0.19591551927926792	1992090.625	34423.15625	17.69	17.699371560967585
-1.7967873099971026	-0.9999947693313946	0.05205674483392329	0.1658307962776112	1960966.4	28484.925	17.400000000000002	17.406538952406276
-2.2625105023311396	-0.9999958681700272	0.08160152434854523	0.10408884118534809	2717915.3	75353.875	17.900000000000002	17.985378699478485
-1.2449665892542345	-0.9999942604640952	0.06086488891851502	0.2879505286119602	1898718.8	54054.4	17.330000000000002	17.341322836344638
-2.2931560380167277	-0.9999959609816413	0.09658599727284445	0.10094736485644633	2840686.5	96141.325	17.650000000000002	17.94820438656856
-2.1585390012576364	-0.9999946283375938	0.05490096012876948	0.1154937340365591	2176416.4	119487.35	17.305	17.30728081195277
-2.03113437919102	-0.9999948686080761	0.04660135663917885	0.13118662133665177	1992629.0	27582.15	17.22	17.258545451560206
-2.03113437919102	-0.9999947963349107	0.08068734553602434	0.13118662133665177	1992629.0	31854.775	17.21	17.217593841828318
-2.03113437919102	-0.9999950599891779	0.044499360855034455	0.13118662133665177	1992629.0	18836.575	17.205	17.208298777246146
-2.03113437919102	-0.9999946362051042	0.07251292069823224	0.13118662133665177	1992629.0	43828.1	17.205	17.23173493546526
-2.1192212991213606	-0.999995109314664	0.050420294003738195	0.12012513364758404	2221915.4	52400.425	17.11	17.114359088763685
-2.1192212991213606	-0.9999949966856764	0.05690705537571824	0.12012513364758404	2221915.4	67300.725	17.21	17.216783267569156
-1.4006440653688703	-0.9999946202187558	0.06767530935005174	0.24643819051278515	1940702.6666666667	34218.666666666664	17.400000000000002	17.479433560482654
-1.4006440653688703	-0.9999945571286205	0.08212405876005649	0.24643819051278515	1940702.6666666667	38675.791666666664	17.515	17.52995282790066
-1.52576100748763	-0.999994167116584	0.05265836996272866	0.21745550861121238	1945655.7142857143	84861.10714285714	17.44	17.45683744039753
-1.52576100748763	-0.9999950229175818	0.041383196989221493	0.21745550861121238	1945655.7142857143	16052.607142857143	17.465	17.51383947520741
-1.52576100748763	-0.9999946561357763	0.055453307319158006	0.21745550861121238	1945655.7142857143	32770.67857142857	17.515	17.54702097208175
-0.2701716609779014	-0.9999935464404355	0.09542671424772248	0.7632484631131412	1636360.5	38573.625	17.27	17.347329604309095
-0.2701716609779014	-0.9999937409675128	0.06534037650253435	0.7632484631131412	1636360.5	28057.125	17.415	17.46553261941774
-0.2701716609779014	-0.999993294420073	0.06948536580566333	0.7632484631131412	1636360.5	58263.375	17.445	17.465262222105473
-1.926054723882352	-0.9999948669367343	0.044121291913855706	0.1457219793222895	1983576.3	26417.575	17.44	17.492578174856412
-1.0422110170927448	-0.99999414805858	0.05182470211357511	0.3526740509277508	1826464.25	43841.625	17.3	17.33700269055595
-2.22978817814038	-0.9999957543106835	0.0796689919722266	0.10755120942031833	2616607.8	66788.675	17.75	17.841723792596238
