-1.8451866558899561	-0.9999985501183323	9.673575587321612e-05	0.15799582728540465	4028407.6	343.025	13.745000000000001	13.809130232193016
-1.8451866558899561	-0.999998323257036	0.000791076290215891	0.15799582728540465	4028407.6	857.0	13.594999999999999	13.873058027303212
-1.3949709076587116	-0.9999945125608475	0.015430068857872545	0.2478402465153848	1736980.0	13787.25	16.18	16.42739342242002
-1.2411814490447686	-0.9999943709498552	-0.01755574470524704	0.2890425271160885	1710476.8	-15188.5	16.45	16.45512100467865
-2.085590069615544	-0.9999980126600273	0.016508056080817148	0.12423379194767813	5431690.6	48756.575	14.17	14.184397288035322
-2.085590069615544	-0.9999979489989522	0.043797953578066304	0.12423379194767813	5431690.6	68898.425	14.34	14.454117669264589
-2.001229253526875	-0.9999981083768217	0.006639737451981196	0.1351690240706523	5021254.7	13336.325	13.72	13.853075937992543
-2.001229253526875	-0.9999981810925834	0.013287952397173702	0.1351690240706523	5021254.7	9256.575	13.83	13.921400256545382
-2.001229253526875	-0.9999978950833484	0.0282477433042311	0.1351690240706523	5021254.7	38921.3	13.895	13.995383998327904
-2.0448500266146414	-0.999998012415731	0.01693671834936568	0.12939959501754375	5292701.5	37036.65	13.92	14.120607763064074
-2.0448500266146414	-0.999998206399926	0.017895614715053475	0.12939959501754375	5292701.5	13265.4	14.16	14.177728964122203
-2.0448500266146414	-0.9999979386324036	0.03648060666708037	0.12939959501754375	5292701.5	54730.975	14.190000000000001	14.235634103189655
-2.0448500266146414	-0.9999980247547895	0.033462290560041665	0.12939959501754375	5292701.5	34695.125	14.24	14.242407704654896
-1.9544319305358593	-0.9999978787801939	0.004946947290927764	0.14164491799651158	4318218.9	9507.025	13.200000000000001	13.40628145820029
-2.1238732876351105	-0.9999979873211805	0.02394016602212334	0.11956761070624809	5416382.1	54253.3	14.35	14.440621874957788
-2.1238732876351105	-0.9999981970317225	0.022508931636370872	0.11956761070624809	5416382.1	17422.325	14.465	14.47649331161586
-2.1238732876351105	-0.9999979182590865	0.04966660075093552	0.11956761070624809	5416382.1	78864.9	14.45	14.57060862935129
