-2.2750241841293715	-0.9999988583010628	0.0010161779685542236	0.10279442241161502	7203455.0	3729.05	17.925	17.92916457195945
-1.2891766375232134	-0.9999972520588919	0.08958661040540533	0.2754975240556962	4291176.2	132176.3	24.94	25.410445075311994
-1.2891766375232134	-0.9999973980761702	0.07814202947161981	0.2754975240556962	4291176.2	70636.3	25.715	26.09298528328264
-1.2891766375232134	-0.9999979200556134	0.009380007529303284	0.2754975240556962	4291176.2	7519.65	26.130000000000003	26.18083642114282
-1.2891766375232134	-0.9999972353424482	0.11632950593066374	0.2754975240556962	4291176.2	142006.15	26.165	26.60600506542292
-2.031269267462687	-0.999998518158049	0.035046700388983595	0.1311689269934403	7644246.6	83079.5	18.695	18.7802785231242
-2.3343559752282057	-0.999998263807443	0.009907698194452728	0.09687285095662791	5664182.8	18658.525	17.03	17.321740436194396
-2.3343559752282057	-0.9999981535285649	0.04093780482031234	0.09687285095662791	5664182.8	34847.025	17.425	17.45775675406851
-2.3343559752282057	-0.9999982210744369	-0.01686809093664592	0.09687285095662791	5664182.8	-23768.525	17.5	17.565428285428283
-2.3343559752282057	-0.9999980741597881	0.034622803953074606	0.09687285095662791	5664182.8	54627.5	17.57	17.65633772873738
-1.6830920075148057	-0.9999978410295417	0.05633384838839661	0.18579859630257722	5384301.25	111808.0	20.08	20.392200305206583
-1.6830920075148057	-0.9999979019142515	0.07316106135456575	0.18579859630257722	5384301.25	80556.4375	20.3	20.52194864743445
-2.0796983146044603	-0.9999985550361545	0.03644483568884951	0.12496790750484021	7880810.4	88209.925	18.88	18.884161177803986
-2.0796983146044603	-0.9999988759932326	0.0036586529849351973	0.12496790750484021	7880810.4	7030.0	19.0	19.141602911807446
-2.0796983146044603	-0.9999985854261552	0.043174223785597515	0.12496790750484021	7880810.4	69423.025	19.225	19.354367640815774
-0.2864635572390685	-0.9999965716166593	0.08245164903084493	0.7509144434280028	3347781.5	96516.375	25.165	25.210523719895463
-0.2864635572390685	-0.9999966261593269	0.1032441635615179	0.7509144434280028	3347781.5	80408.0	25.310000000000002	25.353864644677422
-2.1667864455135097	-0.999998400999267	0.02160961956794209	0.11454512308821205	7397272.7	137068.65	19.38	19.40123955761081
-2.1667864455135097	-0.9999984942725745	0.04215094357668202	0.11454512308821205	7397272.7	68752.05	19.435000000000002	19.517127257846823
-2.1667864455135097	-0.9999985223124779	0.03025012786679742	0.11454512308821205	7397272.7	55873.175	19.52	19.551629290237557
-1.848358740656652	-0.9999979322204061	0.05772997733389679	0.15749544517528108	5635188.6	114957.675	20.2	20.64923044060812
-1.848358740656652	-0.9999979915973954	0.06657659484741014	0.15749544517528108	5635188.6	82266.175	20.895	20.98037157304641
-1.848358740656652	-0.9999981518829004	0.03482920271966818	0.15749544517528108	5635188.6	33338.175	20.85	20.93793446972442
-0.7814676254793186	-0.9999965474404192	0.07361280817461321	0.45773373640771264	3263306.3333333335	78178.25	24.88	24.98167460847252
-0.7814676254793186	-0.9999966332767981	0.09941348833791687	0.45773373640771264	3263306.3333333335	59079.083333333336	24.965	24.994344074848694
-1.5792629934397926	-0.9999976979179238	0.06194601553866828	0.20612695915788518	5254021.0	179007.32142857142	19.42	19.654080569677298
-1.5792629934397926	-0.9999980311276351	0.03425812363320334	0.20612695915788518	5254021.0	31084.5	20.09	20.2621997219356
-1.5792629934397926	-0.999997751260349	0.09174276078354612	0.20612695915788518	5254021.0	135255.10714285713	20.145000000000003	20.359681968786045
-2.1249394326019897	-0.999998563407239	0.025200157309253006	0.11944020222991311	7652837.8	59515.65	19.26	19.680250513021367
