-2.2655204297009504	-0.9999965458593499	0.03524391412965005	0.10377601236556273	3038434.0	36139.825	17.21	17.274407939158454
-1.0457455752086697	-0.9999970962392981	0.05597628684739473	0.35142970440180277	3818724.0	65424.0625	17.91	18.08322928732183
-1.0457455752086697	-0.9999973168561272	0.03257876889542867	0.35142970440180277	3818724.0	28173.875	18.085	18.104162785776747
-1.0457455752086697	-0.9999969715424654	0.05848872162602163	0.35142970440180277	3818724.0	105327.9375	18.145	18.20622903203257
-1.8011107025614992	-0.9999970156044113	0.03491343163009727	0.1651153922466148	3915285.5	118747.225	17.34	17.380320269931783
-1.8011107025614992	-0.9999973945568617	0.029200921658986176	0.1651153922466148	3915285.5	26930.55	17.39	17.400688124884553
-1.8011107025614992	-0.999997120205832	0.06885466551574408	0.1651153922466148	3915285.5	78842.2	17.425	17.539575010514437
-1.8689819776969572	-0.9999974784249757	0.035719378586515686	0.15428064303191824	4282025.0	48894.825	17.78	17.852174042821847
-1.8689819776969572	-0.9999976010185095	0.038954457004558844	0.15428064303191824	4282025.0	28925.075	17.884999999999998	17.887197055931203
-1.8689819776969572	-0.9999975430059662	0.03596930500836914	0.15428064303191824	4282025.0	37081.85	17.884999999999998	17.956241929584685
-1.8689819776969572	-0.999997336071442	0.07561368429476617	0.15428064303191824	4282025.0	89948.95	17.895000000000003	17.901047912656306
-2.2335266491939727	-0.9999967764343344	0.03111785932237746	0.10714988297818212	3240905.9	34449.3	17.13	17.23800945637258
-2.1628187032664554	-0.9999971923901785	0.02811987804947212	0.1150005114466669	3723715.9	34707.55	17.080000000000002	17.201920661231576
-2.1628187032664554	-0.999996945723684	0.04297150999586462	0.1150005114466669	3723715.9	86963.675	17.19	17.22725336087884
-2.1628187032664554	-0.9999971146965152	0.05461448842451394	0.1150005114466669	3723715.9	46352.425	17.150000000000002	17.234048063858694
-2.1628187032664554	-0.9999970430874394	0.06449315210099392	0.1150005114466669	3723715.9	60517.375	17.305	17.326531024454784
-2.3242812576059286	-0.9999959810635541	0.04915653032015312	0.09785375042108567	2589352.1	33070.975	17.12	17.255501029220493
-2.3242812576059286	-0.9999962600329027	0.028607449516789497	0.09785375042108567	2589352.1	16059.075	17.270000000000003	17.270566542213658
-2.3242812576059286	-0.9999959085266725	0.06841743450769389	0.09785375042108567	2589352.1	39904.325	17.29	17.342356785185654
-1.5315325263231063	-0.9999973325177992	0.027078068843315317	0.2162040748579383	3884300.0	31611.285714285714	17.6	17.640273244354955
-1.5315325263231063	-0.9999973942905488	0.03263810009873601	0.2162040748579383	3884300.0	24867.5	17.6	17.663683630257307
-0.2724051901230058	-0.9999968524442571	0.07094883190094935	0.761545627799877	3594914.5	82058.0	18.09	18.31065981321444
-1.9855887599254118	-0.9999970588885284	0.037996679723747276	0.13729975372284925	4012592.1	133448.8	17.63	17.63459224751967
