-1.99494782869137	-0.999997484679797	0.02323667432122113	0.13602075036228595	4517212.9	86010.55	17.92	17.95339098607257
-1.99494782869137	-0.9999976292498899	0.049780545040978494	0.13602075036228595	4517212.9	44764.05	17.825000000000003	17.923506459840116
-1.99494782869137	-0.9999974931855408	0.06251283492886117	0.13602075036228595	4517212.9	82768.475	18.005000000000003	18.0609585236589
-2.133920581251808	-0.9999979445977542	0.006222210985653547	0.11837229471518937	4469796.8	9770.55	18.45	18.48847347221348
-2.133920581251808	-0.999997666487265	0.04890330701512733	0.11837229471518937	4469796.8	33870.45	18.47	18.51621850742203
-1.643281851755822	-0.9999980766061916	0.021464409979045276	0.19334447204262603	5488209.25	38405.71875	18.3	18.411146375222256
-1.8777933288705244	-0.9999980532145948	0.007936505631571885	0.15292719372225727	4837319.2	12297.375	18.29	18.545486352502277
-1.8777933288705244	-0.9999976415069056	0.060201576807025564	0.15292719372225727	4837319.2	90108.775	18.605	18.617213726742794
-1.8777933288705244	-0.9999977153790787	0.06201501653243166	0.15292719372225727	4837319.2	63033.7	18.61	18.749049226296243
-1.8777933288705244	-0.9999976492017567	0.06665219096684086	0.15292719372225727	4837319.2	86816.325	18.8	18.919795964076645
-2.3067387266284727	-0.9999975880720623	0.022296132194634364	0.09958549807706026	4323019.7	33751.575	18.18	18.33526144756938
-2.3067387266284727	-0.9999975056130576	0.07048688956216757	0.09958549807706026	4323019.7	48207.175	18.43	18.62655975288427
-2.3067387266284727	-0.9999975540288838	0.04705572093970286	0.09958549807706026	4323019.7	39103.05	18.635	18.78662274361746
-1.0507636244907763	-0.9999981709624791	0.06908626314571929	0.349670630077985	7169301.5	495300.25	18.8	18.80000250552132
-2.210245286927496	-0.9999978675731759	0.00817989615483181	0.1096737436803298	4394697.2	11746.2	18.0	18.089280430506108
-0.27341260436540205	-0.9999985362162852	0.09957849230242496	0.7607788221984904	9004390.0	529918.0	18.715	18.77996768356705
-0.27341260436540205	-0.9999986047238384	0.1130650733068608	0.7607788221984904	9004390.0	285960.0	19.090000000000003	19.282659670548114
-1.7322280829233672	-0.9999979764080984	0.024029407382189904	0.1768898453280449	5252171.555555556	41283.88888888889	18.19	18.37320248676977
-2.0910225976856847	-0.999998042388512	0.00408373669149941	0.12356071828677244	4493019.2	6604.025	18.39	18.510037010820398
