-2.233901208884082	-0.9999994290828828	0.00024125435172421222	0.10710975646657453	12055100.3	974.025	20.7	20.810716119899208
-1.8913450502185527	-0.9999989576313704	0.042075665547899675	0.1508687462621726	12357309.2	392726.575	20.900000000000002	20.956810674328228
-1.8913450502185527	-0.9999991061141514	0.06550584533525143	0.1508687462621726	12357309.2	62693.175	21.045	21.077111722622572
-1.8913450502185527	-0.999998994856546	0.057411928927062934	0.1508687462621726	12357309.2	247920.75	21.175	21.188357619573434
-2.1111641184764336	-0.9999991688355767	0.032837007710038904	0.12109691319388173	14534103.0	176349.6	21.5	21.670106023920486
-1.5440184324127613	-0.9999989652343847	0.007961099365324525	0.2135213540356311	9018093.0	11288.32142857143	19.06	19.271788959129246
-1.5440184324127613	-0.9999989712483559	0.010171699798377563	0.2135213540356311	9018093.0	10692.357142857143	19.28	19.295204092596666
-1.5440184324127613	-0.9999988471843183	0.028917473334619744	0.2135213540356311	9018093.0	32733.964285714286	19.235	19.36777914158595
-1.5440184324127613	-0.999998786507581	0.07971492382329315	0.2135213540356311	9018093.0	56577.67857142857	19.445	19.52896697611651
-1.5440184324127613	-0.9999987284473695	0.07734461721249505	0.2135213540356311	9018093.0	95508.39285714286	19.525	19.761088291710724
-1.5440184324127613	-0.9999988113210933	0.03863781963282265	0.2135213540356311	9018093.0	45233.57142857143	19.799999999999997	19.85906276255371
-1.5440184324127613	-0.9999987195648902	0.06106027786313211	0.2135213540356311	9018093.0	103473.75	19.915	19.94933527533122
-1.0558469887023187	-0.9999989549594793	0.003944533513199433	0.3478976371136409	8270070.25	5666.8125	19.580000000000002	19.624760408855625
-1.0558469887023187	-0.9999987881567712	-0.017779711751684857	0.3478976371136409	8270070.25	-22516.0625	19.775	19.832490485371068
-1.0558469887023187	-0.999998646551576	0.06552777546577777	0.3478976371136409	8270070.25	72627.5625	19.8	20.01491493116098
-2.062988078290024	-0.9999991222992972	0.034876743844394986	0.12707369588160547	14233152.4	266317.4	21.01	21.02977013697372
-2.062988078290024	-0.9999991772106527	0.07424527028492195	0.12707369588160547	14233152.4	121890.45	21.674999999999997	21.90256123718212
-1.6496217446511898	-0.9999988899021102	0.0765016376055927	0.19212256626663365	10992088.375	199244.71875	19.97	20.76405281438467
-2.3628026132756306	-0.9999989084196298	0.01563009694343535	0.09415597029759305	9779965.2	43286.45	21.21	21.32019351116583
-1.7412249427327333	-0.9999989452236032	0.07840818939266303	0.17530552980690078	11702374.111111112	229436.97222222222	20.97	21.191096723425904
-2.391026774995675	-0.9999991174700772	-0.0017895511258106615	0.09153564909378163	8982325.5	-2770.575	21.150000000000002	21.26768224980087
-2.391026774995675	-0.9999988126898651	0.035886170118797175	0.09153564909378163	8982325.5	42820.95	21.270000000000003	21.414781615097777
-2.3330957128911654	-0.9999990486422606	0.004128351757520719	0.09699501312419094	9888433.4	12177.625	20.86	20.9360583210488
-2.3330957128911654	-0.9999990009323346	0.018739790351483127	0.09699501312419094	9888433.4	19519.375	21.085	21.159775709104995
-1.4188580405306244	-0.999998845658755	0.008025008517429075	0.241990202173695	8056247.833333333	10933.291666666666	18.94	19.172698977277904
-1.4188580405306244	-0.999999267931403	0.00034052382776127437	0.241990202173695	8056247.833333333	363.2083333333333	19.235	19.29513276830904
-2.3020995696532136	-0.9999989814566215	-0.01741152723168343	0.10004856412263677	10176964.2	-31750.0	20.43	20.61399461791037
-2.0113357202621223	-0.9999990771995753	0.04806697521155432	0.13380982275580852	12987795.5	160353.65	20.75	20.788183327018736
-2.0113357202621223	-0.9999992074041092	0.017720096586642444	0.13380982275580852	12987795.5	29555.925	20.78	20.827497551212385
-2.0113357202621223	-0.9999991691428534	0.03308327278712607	0.13380982275580852	12987795.5	48580.725	20.955	21.015306559123687
-2.0113357202621223	-0.9999990846304257	0.060576799943218	0.13380982275580852	12987795.5	145601.1	21.165	21.25972528406725
-2.0113357202621223	-0.9999991239674548	0.0647083342778059	0.13380982275580852	12987795.5	87353.65	21.255000000000003	21.431283989812492
