-2.2288836516346384	-0.9999993674413702	0.008513079430068987	0.10764853635072195	16206917.8	28333.225	18.18	18.26359873277477
-1.6537902962815798	-0.999999554748225	0.022424205458603342	0.19132336035265077	26170687.375	114982.625	20.57	20.850343453554537
-2.2941550032458267	-0.9999993261523336	0.003210891211509698	0.1008465723014964	15118528.4	26570.25	18.26	18.498922029675494
-2.0125657484019066	-0.9999994808923496	0.0194861644981789	0.1336453340920207	21897195.3	86421.35	20.08	20.132108902072282
-1.2612757268303352	-0.9999995289117394	0.014828222054691824	0.2832923921699867	23429018.4	62138.4	19.32	19.46258113162529
-1.2612757268303352	-0.9999994433474962	0.029313171602150682	0.2832923921699867	23429018.4	461307.25	19.39	19.45306580320863
-1.2612757268303352	-0.9999996285705366	0.0034409077731692825	0.2832923921699867	23429018.4	6015.3	19.215	19.224915430645424
-1.2612757268303352	-0.9999996177245715	0.003999997111878205	0.2832923921699867	23429018.4	7755.9	19.285	19.37417788114595
-1.2612757268303352	-0.9999995286856356	0.0208031244290821	0.2832923921699867	23429018.4	62468.45	19.270000000000003	19.676522473475814
-1.2612757268303352	-0.9999994955538648	0.035627042412480936	0.2832923921699867	23429018.4	135763.6	19.84	20.008356629881085
-2.3242829329818155	-0.9999992291656435	0.020076505120548156	0.09785358647940916	14262442.0	59513.8	18.400000000000002	18.522192958438456
-2.3242829329818155	-0.9999992417009089	-0.018112677522286725	0.09785358647940916	14262442.0	-49770.45	18.475	18.622686746958067
-2.352415627057191	-0.9999992127539372	0.011929389369847195	0.09513906391461104	13307674.5	35468.0	18.03	18.061436834540263
-2.352415627057191	-0.9999992575038718	0.0027007480169674203	0.09513906391461104	13307674.5	19552.25	18.134999999999998	18.14513883969113
-2.352415627057191	-0.9999992395864841	0.03061797610721367	0.09513906391461104	13307674.5	24817.275	18.14	18.251188971981037
-2.0633749545813966	-0.9999994442019617	0.02850357746451055	0.12702454358995297	21123684.8	125554.425	19.830000000000002	20.154625929075472
-2.0633749545813966	-0.9999994755163495	0.019309860094698643	0.12702454358995297	21123684.8	64796.825	20.285	20.302031994773003
-2.0633749545813966	-0.9999996390944933	0.0007587833478885619	0.12702454358995297	21123684.8	2045.025	20.22	20.296097700444218
-2.0633749545813966	-0.9999994731747494	0.03948336758133269	0.12702454358995297	21123684.8	68082.525	20.18	20.23529599357491
-2.0633749545813966	-0.999999509773877	0.015746852042686492	0.12702454358995297	21123684.8	31424.725	20.240000000000002	20.29220915505058
-1.419078551960957	-0.9999995269192847	0.020524294242203294	0.2419368464510768	25554858.5	177994.0	19.91	20.217457550352854
-1.419078551960957	-0.9999995103028241	0.05090432372455085	0.2419368464510768	25554858.5	272158.0833333333	20.43	20.49480802026994
-1.419078551960957	-0.9999995439909388	0.04993548850478064	0.2419368464510768	25554858.5	115063.375	20.515	20.71549435440206
-1.419078551960957	-0.9999996138495496	0.007301002335816415	0.2419368464510768	25554858.5	19302.083333333332	20.82	20.906047642657693
-1.5471616473331955	-0.999999559406781	0.019380856584771625	0.21285126419967632	25944517.285714287	92131.07142857143	20.52	20.810244545705284
-2.1102637933379675	-0.9999994101919946	0.03091102401520687	0.12120598888344553	19941935.1	128271.6	20.04	20.249946605931648
-2.1102637933379675	-0.9999994323286416	0.024163374918718703	0.12120598888344553	19941935.1	82491.725	20.32	20.348426420367264
-0.27538406476368377	-0.9999995340808971	0.05383955783258107	0.7592804543504152	25575686.0	149670.875	19.51	19.677440890856577
-0.27538406476368377	-0.99999950001981	0.05758789032231316	0.7592804543504152	25575686.0	357658.375	19.895000000000003	20.166990450160615
-0.27538406476368377	-0.9999994904365375	0.07518644329638674	0.7592804543504152	25575686.0	456997.375	20.29	20.562974547140296
-0.27538406476368377	-0.9999995364907724	0.02514277250592101	0.7592804543504152	25575686.0	140724.5	20.345	20.3575294576482
-1.9564788977916778	-0.9999995145640803	0.012593705362055998	0.14135527203645412	22679162.8	60431.375	20.05	20.158652586426072
-1.9564788977916778	-0.9999995124525725	0.018686747982689954	0.14135527203645412	22679162.8	63395.725	20.215	20.239957093870768
-1.9564788977916778	-0.9999995707088029	-0.006260633247406158	0.14135527203645412	22679162.8	-16914.15	20.285	20.51752187278009
-1.9564788977916778	-0.9999995109248206	0.033604373563844	0.14135527203645412	22679162.8	65630.8	20.285	20.285836336882603
-2.262419521075288	-0.9999992979937312	0.01732687772465213	0.10409831174965471	15608325.2	57361.275	18.2	18.46232774101631
