-2.0453866446729942	-0.9999992252155465	0.032885900582890745	0.12933017548566678	15431026.5	155704.15	18.04	18.104511328971718
-2.0453866446729942	nan	nan	0.12933017548566678	15431026.5	nan	18.0	18.04642533526144
-2.0453866446729942	nan	nan	0.12933017548566678	15431026.5	nan	18.14	18.27788837181449
-2.0453866446729942	nan	nan	0.12933017548566678	15431026.5	nan	18.185000000000002	18.48594761939989
-2.0453866446729942	nan	nan	0.12933017548566678	15431026.5	nan	18.66	18.699642713330398
-2.0453866446729942	nan	nan	0.12933017548566678	15431026.5	nan	18.660000000000004	18.711554898859568
-2.1778106400769555	-0.9999992791233497	0.027060894586975335	0.11328929035590399	16476413.3	143983.6	18.28	18.418987453735646
-2.3150255200474588	-0.9999993508783624	0.004883436053796281	0.09876366351659008	16201732.7	36933.275	19.580000000000002	19.83556181325
-2.3150255200474588	nan	nan	0.09876366351659008	16201732.7	nan	20.259999999999998	20.279036182298338
-2.2147032016422914	-0.9999992323013805	0.026436374946464176	0.1091859156403332	16503723.5	318024.15	18.080000000000002	18.146853266653416
-2.2147032016422914	nan	nan	0.1091859156403332	16503723.5	nan	18.32	18.544629221279145
-2.2147032016422914	nan	nan	0.1091859156403332	16503723.5	nan	18.605	18.673326310650243
-2.2147032016422914	nan	nan	0.1091859156403332	16503723.5	nan	18.685000000000002	18.692873273422556
-1.6978058850043383	-0.9999991316733712	-0.029233131690061046	0.1830847927661895	13141978.625	-90356.5625	24.04	24.08262648086299
-1.0862903155123804	-0.9999992526722421	-0.035622610374412875	0.33746606714649485	16063269.75	-163492.3125	25.42	25.676048730774788
-1.2974174810641035	-0.9999992236640906	-0.027487055921845995	0.2732365211453264	14956362.6	-110321.3	25.55	25.761459252773015
-2.2496955317118785	-0.9999993206171106	0.030450612211176502	0.10543132016913534	17679074.2	164531.025	18.59	18.72349781172859
-2.2496955317118785	nan	nan	0.10543132016913534	17679074.2	nan	18.910000000000004	19.113677000981298
-2.2496955317118785	nan	nan	0.10543132016913534	17679074.2	nan	19.09	19.12037422085034
-2.2496955317118785	nan	nan	0.10543132016913534	17679074.2	nan	19.15	19.22413749599335
-2.2496955317118785	nan	nan	0.10543132016913534	17679074.2	nan	19.17	19.286391974152213
-2.2496955317118785	nan	nan	0.10543132016913534	17679074.2	nan	19.270000000000003	19.32498352853997
-2.2496955317118785	nan	nan	0.10543132016913534	17679074.2	nan	19.39	19.481877679588447
-2.3737885810806256	-0.9999991433279913	0.021834368157161804	0.09312723700128415	14471915.8	242239.225	19.61	19.65279577716088
-2.3737885810806256	nan	nan	0.09312723700128415	14471915.8	nan	19.7	19.779410146597858
-0.28836702984401485	-0.9999991070366553	0.02550460366760932	0.7494864578531475	11742055.0	35781.875	26.910000000000004	27.15168916113288
-0.28836702984401485	-0.9999989433842968	0.07959863846790521	0.7494864578531475	11742055.0	244467.0	27.35	27.352879231205193
-0.28836702984401485	-0.9999990478268792	0.049873013841908495	0.7494864578531475	11742055.0	71715.0	27.63	27.733120903936893
-0.28836702984401485	-0.9999990300899264	0.06572089721442653	0.7494864578531475	11742055.0	88320.375	27.735	27.803598037874536
-1.459339077461309	-0.9999991778661768	-0.014981045905003598	0.23238981565176817	13614958.0	-72642.375	25.32	25.35065218282919
-1.459339077461309	-0.9999994067501393	0.0011939000210618239	0.23238981565176817	13614958.0	3218.7916666666665	25.380000000000003	25.43701072886113
-1.790075096804477	-0.9999991660950884	0.020370550163682548	0.16694763196260037	13731814.555555556	93996.88888888889	21.2	21.263068030226396
-2.137295969499045	-0.9999992507942543	0.028184249259553824	0.11797341582707505	15865572.0	145302.175	18.55	18.824130904758434
