-2.2572271407426614	-0.9999991302302914	0.0349484577443761	0.10464023549578566	13498921.1	125610.95	16.59	16.732566688966262
-1.9838449122782797	-0.999998903628994	0.04326433855539802	0.13753939246132726	10283793.1	78813.525	16.0	16.16977691146698
-2.2860377964677974	-0.9999991477554093	0.047198957265265525	0.10166849613158907	14301927.3	196562.375	15.9	16.472751787045507
-1.634443517338661	-0.999998839041724	0.029171597835499077	0.1950608891049357	9472568.125	59709.09375	17.400000000000002	17.48523731030405
-2.0311480026475643	-0.9999988872727265	0.04832203011835697	0.13118483413359072	10281131.9	92974.925	15.200000000000001	15.465254324032914
-0.27219914160527403	-0.9999985159018634	0.02844311377245509	0.7617025593148681	7684476.5	89725.125	17.8	17.80171387950755
-0.27219914160527403	-0.9999986953660931	0.030416885442330736	0.7617025593148681	7684476.5	22592.75	17.825000000000003	17.839582924923644
-2.1150851843221257	-0.9999988431375015	0.06280965665894701	0.12062301392582928	10311726.4	151636.725	15.33	16.02808299027067
-2.1150851843221257	-0.9999988876786681	0.06118189569554929	0.12062301392582928	10311726.4	95792.8	16.35	16.627640470570967
-1.8003329527374912	-0.9999988025959377	0.027592157144161043	0.16524386066554497	9051073.4	50907.85	17.43	17.439856372707183
-0.7556855577072864	-0.9999985377915985	0.03078163050824775	0.4696885057558638	8072358.0	133714.5	17.8	17.805777178348126
-0.7556855577072864	-0.9999986388690928	0.0647384071230513	0.4696885057558638	8072358.0	59131.5	17.94	18.006441143883084
-1.5309656960400477	-0.9999987941428196	0.025376486761693986	0.2163266606142658	9625278.42857143	109831.42857142857	17.42	17.42868870460528
-2.1903060526938507	-0.9999990403636259	0.0353437394341335	0.11188250143591597	12129937.9	113586.6	16.4	16.75881094609838
-2.1903060526938507	-0.9999990510327804	0.05403770456225983	0.11188250143591597	12129937.9	99798.0	16.875	16.931648951767965
-2.1903060526938507	nan	nan	0.11188250143591597	12129937.9	nan	16.945	17.04456013633032
-1.0444871693661615	-0.9999987233566601	0.027881013525346658	0.3518722239712615	8535029.25	53969.25	17.84	18.02714950641485
-1.0444871693661615	-0.9999988441742521	0.016229835521530213	0.3518722239712615	8535029.25	19244.0	18.085	18.141085485187457
-1.0444871693661615	-0.9999986956017833	0.0667499795052369	0.3518722239712615	8535029.25	68395.5	18.130000000000003	18.141479610249007
-1.0444871693661615	-0.999998710943584	0.0696072653616889	0.3518722239712615	8535029.25	60001.0625	18.225	18.228964909727704
-1.0444871693661615	-0.9999988151059895	0.024841186625733255	0.3518722239712615	8535029.25	24663.125	18.240000000000002	18.252632876306272
-1.0444871693661615	-0.9999987099508417	0.06865792174387118	0.3518722239712615	8535029.25	60511.625	18.275	18.281424041327046
-2.0755820745379503	-0.9999988754275061	0.039766612282459084	0.12548336555948594	10440678.9	125654.625	15.51	15.63855928362358
-1.868220310615965	-0.9999988000676155	0.03147751853928145	0.154398198282249	9111507.3	56003.8	17.25	17.30868085405789
