-0.7668013060760162	-0.9999991116567185	0.028843155178195037	0.4644964766193228	13927305.333333334	236150.33333333334	20.69	20.719398109356334
-0.7668013060760162	-0.9999991783337445	0.06825224432627296	0.4644964766193228	13927305.333333334	93301.0	20.87	20.945226993491715
-0.7668013060760162	-0.9999991496938206	0.07593862993347389	0.4644964766193228	13927305.333333334	139033.0	21.04	21.11391839973882
-0.7668013060760162	-0.9999992636357702	0.016158341653800874	0.4644964766193228	13927305.333333334	28439.5	21.205	21.271313532102265
-1.0611638080564105	-0.9999991597210016	0.032967772977456386	0.34605283680420695	13463408.25	81879.75	21.150000000000002	21.184210020566088
-1.6622416881414637	-0.9999990407645816	0.0318545432331493	0.18971322518775832	11650628.5	71373.46875	20.98	21.042403521180468
-1.6622416881414637	-0.9999991375109227	0.01359483641994409	0.18971322518775832	11650628.5	23121.0	20.990000000000002	21.01246443723484
-1.6622416881414637	-0.9999989215811448	0.03662113304105238	0.18971322518775832	11650628.5	286145.0	20.975	21.001972912693667
-2.0187094571766786	-0.999999018993425	0.01740083024110684	0.13282677315498234	10699328.7	36173.575	19.8	19.91502751046491
-2.0187094571766786	-0.9999992471009129	-0.002141309683155162	0.13282677315498234	10699328.7	-3150.125	19.810000000000002	19.825893527471276
-2.269072434205755	-0.9999991030559483	0.007695806036296334	0.10340805338499787	10795630.1	16042.775	18.92	18.971544829212988
-2.115417248045729	-0.9999991349856825	0.003328293101608505	0.12058296604826442	10178853.5	6665.525	20.04	20.20348565067699
-2.115417248045729	-0.9999989865602917	0.010428550655831316	0.12058296604826442	10178853.5	30200.725	20.23	20.23137235616249
-1.2682450452664338	-0.9999991172443589	0.04614797631402234	0.28132490127734777	13214230.4	116416.3	21.02	21.024447617447784
-1.2682450452664338	-0.999999192311395	0.022033419001882302	0.28132490127734777	13214230.4	43172.55	21.045	21.134671769100002
-1.2682450452664338	-0.9999992974972605	-0.007229148615644596	0.28132490127734777	13214230.4	-10753.0	21.195	21.210981393727444
-1.2682450452664338	-0.9999991650442792	0.050267757533096535	0.28132490127734777	13214230.4	61900.35	21.33	21.34932417549928
-0.27805143366553337	-0.9999991352187342	0.021436600766240585	0.757257871964576	12655349.0	56618.5	20.66	20.811719552734964
-1.427369504329491	-0.9999990147146339	0.02715280851358362	0.23993925200401933	12271050.666666666	178167.79166666666	21.2	21.237002977032866
-1.427369504329491	-0.9999990331533565	0.05275297252571684	0.23993925200401933	12271050.666666666	142090.16666666666	21.275	21.309964497844152
-1.9012187062396506	-0.9999988973892115	0.024402244914694317	0.1493864500410388	11366774.9	277374.825	20.06	20.074227543241193
-2.3851368567265125	-0.9999990655219022	0.009810364582584741	0.09207637744535109	10824162.8	24708.5	17.77	17.791689656882685
-2.3851368567265125	-0.999998930879614	0.026072434447478563	0.09207637744535109	10824162.8	106119.775	17.72	17.73821831348427
-2.3851368567265125	-0.9999989941711575	0.05835096667666286	0.09207637744535109	10824162.8	53489.275	17.77	17.775773818788217
-2.3851368567265125	-0.9999990082979378	0.040192881562567256	0.09207637744535109	10824162.8	45904.7	17.810000000000002	17.865280704554902
-2.3851368567265125	-0.9999990119408899	0.03027004474680347	0.09207637744535109	10824162.8	44129.775	17.855	17.926178707224334
-2.3851368567265125	-0.9999990215120288	0.019022841926053483	0.09207637744535109	10824162.8	39786.7	17.95	17.956325607186425
