-1.5334219543313028	-0.9999980009685647	0.046635157345349926	0.2157959584980685	5371550.285714285	46068.107142857145	18.35	18.371413278586356
-1.5334219543313028	-0.9999979143081926	0.09002021056350704	0.2157959584980685	5371550.285714285	73378.39285714286	18.46	18.527077043880116
-1.5334219543313028	-0.999997977621903	0.031676315203442454	0.2157959584980685	5371550.285714285	52223.42857142857	18.545	18.55820895653075
-1.5334219543313028	-0.9999982641887442	0.02154495623765548	0.2157959584980685	5371550.285714285	11202.67857142857	18.535	18.626977115060622
-2.2057462910839702	-0.9999990542133728	0.031516103214546044	0.11016827701484742	12029990.3	87359.975	17.86	18.76867634246057
-2.2057462910839702	-0.9999989996727152	0.08334537037541216	0.11016827701484742	12029990.3	168370.4	19.105	19.49480942111744
-1.875165855722802	-0.9999987426910714	0.019471582670499785	0.153329534155194	8173371.3	29039.675	18.59	18.74070210550599
-1.875165855722802	-0.9999986526379061	0.060466503788824774	0.153329534155194	8173371.3	60625.7	18.634999999999998	18.679016956776437
-2.1697373013128116	-0.9999989216836681	0.008469189242315298	0.11420761516098316	9399714.2	25230.925	17.41	17.55569371218832
-2.2412672142300814	-0.9999991797463509	0.02816162783444496	0.10632368408872711	14276770.8	121852.325	19.53	19.588165766056097
-2.2412672142300814	-0.9999991524395909	0.07616628552649914	0.10632368408872711	14276770.8	179947.45	19.2	19.33573767025095
-2.2412672142300814	nan	nan	0.10632368408872711	14276770.8	nan	19.37	19.424417938570603
-2.2412672142300814	nan	nan	0.10632368408872711	14276770.8	nan	19.355	19.424918613761818
-2.2412672142300814	nan	nan	0.10632368408872711	14276770.8	nan	19.47	19.57405277829979
-2.2412672142300814	-0.9999991384714437	0.0865198795423694	0.10632368408872711	14276770.8	219661.1	19.63	19.774416787150717
-2.305774350450875	-0.9999992326936713	0.03896688674284948	0.09968158228225253	16346017.8	279959.25	19.080000000000002	19.147932175358306
-2.305774350450875	nan	nan	0.09968158228225253	16346017.8	nan	19.29	19.30183614891527
-2.305774350450875	nan	nan	0.09968158228225253	16346017.8	nan	19.36	19.51588009585154
-2.305774350450875	-0.9999992194939328	0.06853625508103915	0.09968158228225253	16346017.8	347376.05	19.64	19.906427585934544
-2.3643474697137177	-0.9999993288710848	0.03771531181788542	0.09401062513830351	19110798.3	371686.725	19.67	19.697314398125624
-0.757868008681835	-0.9999975280782312	0.08741420005968692	0.4686645513902766	4643741.333333333	96660.0	18.3	18.439246986203052
-0.757868008681835	-0.9999975552705537	0.1165990102917071	0.4686645513902766	4643741.333333333	85193.41666666667	18.475	18.531264448336252
-0.27259570618306367	-0.9999976384394115	0.0904779273779992	0.7614005549471072	4859206.5	96307.375	18.27	18.372686945983283
-0.27259570618306367	-0.9999976304082323	0.12355664146964852	0.7614005549471072	4859206.5	100140.125	18.43	18.511326675894015
-0.27259570618306367	-0.9999979020064075	0.03750216370428978	0.7614005549471072	4859206.5	26756.875	18.505000000000003	18.51467945078338
-1.727706754596279	-0.9999981417933701	0.04980599197437275	0.17769143315183628	6673279.222222222	242881.16666666666	18.35	18.49442125814595
-1.727706754596279	-0.9999984211337823	0.05563989225480433	0.17769143315183628	6673279.222222222	37653.77777777778	18.165	18.387648526734864
-1.727706754596279	-0.9999983011790449	0.08102217071153679	0.17769143315183628	6673279.222222222	83842.44444444444	18.38	18.7187311387999
