-1.6971248793722562	-0.999998320208803	0.013041664143421368	0.1832095170053462	5499719.875	10283.375	26.17	26.262952668472472
-1.6971248793722562	-0.9999981085676423	0.040810229112340696	0.1832095170053462	5499719.875	32935.875	26.310000000000002	26.367119704236607
-2.2119052658805023	-0.9999982278713486	0.022693783463208373	0.1094918385951998	5614226.2	20933.025	25.92	26.0643978143002
-2.2119052658805023	-0.9999981822742768	0.036429067298131	0.1094918385951998	5614226.2	27040.375	26.240000000000002	26.283319523809528
-2.2119052658805023	-0.999998117725267	0.02018548216228315	0.1094918385951998	5614226.2	38851.05	26.330000000000002	26.33762495204438
-2.327207355253026	-0.9999983917113113	0.010431893465848137	0.0975678392981496	6462514.3	32648.625	25.560000000000002	25.63975379676421
-0.28671138121995615	-0.9999982582478965	0.019104156069625552	0.7507283718787748	5961485.5	32318.625	25.79	25.848946776795568
-0.28671138121995615	-0.9999983945350047	0.022804321986396398	0.7507283718787748	5961485.5	14341.125	25.945	25.961172722563642
-0.28671138121995615	-0.9999985928639916	0.007060787910524	0.7507283718787748	5961485.5	4395.75	25.915	26.032413921221764
-0.28671138121995615	-0.9999980757157049	0.03955976720138663	0.7507283718787748	5961485.5	95950.0	26.060000000000002	26.066896487231112
-1.5875763758122359	-0.9999981468891208	0.028516462381919946	0.20442045018831878	5797768.142857143	46345.78571428572	25.79	26.164940613962873
-1.4566235200974722	-0.9999984306185823	0.008260615084700452	0.23302174115358554	5642894.333333333	7014.333333333333	25.400000000000002	25.54896638701773
-1.4566235200974722	-0.9999982710654022	0.024700872314624794	0.23302174115358554	5642894.333333333	17259.833333333332	25.605	25.689603399359285
-1.4566235200974722	-0.9999979307651454	0.02846569329698045	0.23302174115358554	5642894.333333333	117767.20833333333	25.735	25.755331654227795
-2.0072731976517537	-0.9999979530624038	0.03478484851423462	0.13435453388772492	5479025.7	74251.275	26.0	26.015355969463375
-1.8715080931713515	-0.9999982283252693	0.015420536694355539	0.15389140415032299	5292296.3	11803.4	24.91	25.335757338833776
-1.8715080931713515	-0.9999978262959824	0.03246480828685026	0.15389140415032299	5292296.3	99099.1	25.575000000000003	25.591984065430154
-1.8715080931713515	-0.9999984422456559	0.007097495455968512	0.15389140415032299	5292296.3	3804.1	25.28	25.47191170183825
-1.8715080931713515	-0.9999979342437161	0.06704878398811265	0.15389140415032299	5292296.3	55970.3	25.405	25.797580163090423
-1.8715080931713515	-0.9999982167419976	0.017310581811997246	0.15389140415032299	5292296.3	12549.675	25.900000000000002	26.05996586285019
-1.8715080931713515	-0.9999980945039202	0.029270980809422056	0.15389140415032299	5292296.3	23966.4	25.900000000000002	25.951647161538716
-1.9431745852339655	-0.9999980492861382	0.03071431974085366	0.14324847269860538	5207216.1	25790.2	25.91	26.327928430180233
-0.7836699088717851	-0.9999981110765835	0.025522119533396784	0.456726786203686	6252703.333333333	134708.75	26.13	26.147934532231318
-0.7836699088717851	-0.9999984141291374	0.03900924965727147	0.456726786203686	6252703.333333333	20250.416666666668	25.94	26.06012890766368
-0.7836699088717851	-0.9999982077871978	0.06063177309289069	0.456726786203686	6252703.333333333	73582.41666666667	26.15	26.373300274523103
