-2.1847424132201696	-0.9999995761572457	0.004618866668822627	0.11250671016332683	26984209.6	92693.25	21.7	21.747963592301684
-2.1847424132201696	-0.9999995679919302	0.04788960742904872	0.11250671016332683	26984209.6	115541.8	21.785	21.865830406411494
-2.4141098301923742	-0.9999994670797704	0.04474186746887096	0.08944692644659955	23186680.5	232500.3	22.06	22.22308532588598
-2.4141098301923742	-0.9999995333335852	0.013412245171939159	0.08944692644659955	23186680.5	50032.35	22.385	22.45753968569537
-2.4141098301923742	-0.9999994906616569	0.05572792463578322	0.08944692644659955	23186680.5	134572.45	22.545	22.555182290975555
-2.4141098301923742	-0.9999995331554999	0.02337119601024903	0.08944692644659955	23186680.5	50239.375	22.73	22.816281779285674
-2.4141098301923742	-0.9999994937706691	0.026882607664647493	0.08944692644659955	23186680.5	125212.775	22.765	22.79028627473232
-2.094559344225576	-0.9999996721183565	-0.0018024707620567474	0.1231244872179858	28060506.1	-9901.325	22.26	22.482328319762566
-2.094559344225576	-0.9999996563299041	-0.003819911027687871	0.1231244872179858	28060506.1	-15421.1	22.520000000000003	22.723568974569933
-2.094559344225576	-0.999999648970538	0.006286967936540625	0.1231244872179858	28060506.1	18958.575	22.665	22.71518935892052
-1.6770156802525606	-0.9999997106051599	-0.00257817341669239	0.18693100634136126	33681770.875	-17107.5	22.5	22.787050834611346
-1.6770156802525606	-0.999999709841258	-0.003918179455910103	0.18693100634136126	33681770.875	-17553.40625	22.96	23.02474962856846
-1.6770156802525606	-0.9999996758209057	0.013361784766914193	0.18693100634136126	33681770.875	55210.46875	23.015	23.13419636793077
-1.6770156802525606	-0.9999996489548705	0.04558097782973571	0.18693100634136126	33681770.875	136463.75	23.705	23.801432727512555
-1.6770156802525606	-0.999999667062563	-0.016962978539223062	0.18693100634136126	33681770.875	-74154.71875	23.79	23.843288985181513
-1.6770156802525606	-0.9999996272449829	0.03557143419260229	0.18693100634136126	33681770.875	283522.15625	23.875	23.888284097926167
-2.3570279071804348	-0.9999994908802218	0.035194429417591586	0.09470126629990194	23825600.2	185364.4	21.45	21.764594334179428
-1.922101573155714	-0.9999996566548335	-0.006437878327022229	0.14629918040048615	31013972.5	-42128.25	23.63	23.861612157119655
-1.922101573155714	-0.9999996353662021	-0.018276215027768057	0.14629918040048615	31013972.5	-81530.325	23.725	23.78485424377861
-1.4415642893979026	-0.9999996560796293	-0.013272371259327733	0.23655742483132203	33267338.333333332	-93088.375	22.53	22.580893948644658
-1.4415642893979026	-0.9999997120642449	-0.0007719245627104771	0.23655742483132203	33267338.333333332	-14454.875	22.625	22.695923662386527
-1.4415642893979026	-0.9999996825258439	0.005422047358661707	0.23655742483132203	33267338.333333332	38618.791666666664	22.525	22.79212424235481
-1.0720214930585568	-0.9999996636927887	-0.003971705078028803	0.342315828450575	34434800.5	-107008.375	22.92	23.003019684811242
-1.0720214930585568	-0.9999996655723252	0.030588431681653462	0.342315828450575	34434800.5	100301.9375	23.025	23.08340789626071
-1.0720214930585568	-0.9999997292754568	-0.003704950095069433	0.342315828450575	34434800.5	-11184.1875	23.04	23.15543932054342
-1.0720214930585568	-0.9999996284098485	0.04732613529583559	0.342315828450575	34434800.5	360638.0	23.035	23.096833344144514
-2.2239669434586604	-0.9999995883571932	-0.010903009458158058	0.10817911607350686	26853387.5	-63195.475	21.2	21.23722752997299
-2.2239669434586604	-0.9999996392763413	-0.002155143911315037	0.10817911607350686	26853387.5	-16100.25	21.410000000000004	21.41859675429936
-1.7697407516662542	-0.9999996494496888	0.008327607814349691	0.17037715309345347	34710639.44444445	192494.0	23.990000000000002	24.00349938327243
-1.7697407516662542	-0.9999996561461508	0.05183617924802348	0.17037715309345347	34710639.44444445	152570.25	23.72	23.7896062812864
-1.7697407516662542	-0.9999997112457145	-0.0030548314379348447	0.17037715309345347	34710639.44444445	-22534.472222222223	23.825	23.948980795379715
-1.7697407516662542	-0.9999996442142334	0.05218683435985228	0.17037715309345347	34710639.44444445	230855.47222222222	23.945	24.008661845714165
-2.2945594208622024	-0.999999699065714	-0.00015877349571842352	0.10080579641690532	22270000.8	-812.875	19.81	19.948118184915263
-2.2945594208622024	-0.9999995253289267	-0.011718100092530478	0.10080579641690532	22270000.8	-38983.725	20.015	20.11921366503196
-2.2945594208622024	-0.9999994562400948	0.012933322308301276	0.10080579641690532	22270000.8	181593.875	20.255000000000003	20.331660626028768
-2.3261575736753337	-0.999999505571362	0.021655362559402168	0.0976703179991349	23532238.8	112984.275	20.96	21.091074093194973
-2.3261575736753337	-0.9999996154112953	0.002402004657949704	0.0976703179991349	23532238.8	8519.525	21.265	21.43647997451384
-2.3261575736753337	-0.9999995108963333	0.045077309964877854	0.0976703179991349	23532238.8	99677.4	21.439999999999998	21.591967816211945
-2.3261575736753337	-0.999999591703413	0.006683949145701456	0.0976703179991349	23532238.8	14884.35	21.78	21.978573251174634
-0.2829596333489654	-0.9999996722524125	0.012672663905086675	0.7535502055439673	38791135.0	332268.25	23.09	23.41237768023341
-0.2829596333489654	-0.9999997023280041	0.02176020456984538	0.7535502055439673	38791135.0	103468.75	23.48	23.674559755186664
-2.2613726284094815	-0.9999995922966852	-0.004136661566863439	0.1042073485737154	24694475.5	-23575.825	20.61	20.79635087168142
-2.2613726284094815	-0.999999555521308	-0.014137170289025723	0.1042073485737154	24694475.5	-58463.1	20.97	21.024409512967967
