-1.8883757360752422	-0.9999985716090833	0.02909263978738856	0.15131738871478886	7498599.7	44842.4	14.120000000000001	14.16267811388071
-1.8883757360752422	-0.9999987548498275	0.018587371402804198	0.15131738871478886	7498599.7	11347.975	14.285	14.32213809343578
-1.8883757360752422	-0.9999986984523784	0.019679196122578402	0.15131738871478886	7498599.7	17321.9	14.35	14.459384913017395
-1.8883757360752422	-0.999998656077695	0.03626300143155154	0.15131738871478886	7498599.7	23801.25	14.71	14.77227478753541
-0.7486939951166618	-0.9999980514733623	-0.011738907319845093	0.4729838687867615	4912232.333333333	-14350.583333333334	15.75	15.814109585274814
-1.5075783701749796	-0.9999980741750181	-0.020956821270529318	0.22144558841402703	5294467.857142857	-26800.64285714286	13.98	14.014559635975985
-2.184328714724633	-0.9999990113280945	0.03272779587497076	0.11255326364894867	11105297.3	58657.95	14.6	14.629373310912698
-2.184328714724633	-0.99999902998773	0.06189639482337607	0.11255326364894867	11105297.3	47679.35	14.670000000000002	14.72154907296083
-1.9913299365482497	-0.9999987303510867	0.018375202707697817	0.13651375003840513	8358615.8	40638.975	14.15	14.210436714023432
-1.9913299365482497	-0.999998784267036	0.017136252698568413	0.13651375003840513	8358615.8	25895.025	14.225000000000001	14.262726577855426
-1.6906617453600288	-0.9999984095074661	-0.007636498153043133	0.1843974594464303	5786855.555555556	-9935.305555555555	13.48	13.510002779573325
-1.6906617453600288	-0.9999988908893765	0.0010391067523790886	0.1843974594464303	5786855.555555556	611.9375	13.535	13.6255091019946
-1.6906617453600288	-0.9999983254787571	-0.02267586595980189	0.1843974594464303	5786855.555555556	-16157.67857142857	13.66	13.665036220472441
-1.6906617453600288	-0.9999981361329134	0.04711712072750826	0.1843974594464303	5786855.555555556	48334.88888888889	13.51	13.671200574977
-1.6906617453600288	-0.999998317093009	0.022883185749490897	0.1843974594464303	5786855.555555556	16961.15	13.775	13.830410096597495
-2.150255303149425	-0.9999989439039644	0.04102020675608339	0.1164544227970373	11245132.8	143764.7	14.24	14.255546243338722
-2.150255303149425	-0.9999990552066126	0.05363641391191337	0.1164544227970373	11245132.8	41122.175	14.425	14.612269876444572
-2.150255303149425	-0.9999991160040309	0.049435769005879295	0.1164544227970373	11245132.8	20756.275	14.675	14.752338356126401
-1.8298655191549233	-0.9999986042868741	0.008343457835786355	0.16043514177794152	6701533.7	11537.2	13.44	13.782351375664918
-1.8298655191549233	-0.999998558417471	0.02631477872980337	0.16043514177794152	6701533.7	15689.55	13.879999999999999	13.939446059431525
-1.8298655191549233	-0.9999986382991335	0.011068966911596353	0.16043514177794152	6701533.7	9185.444444444445	13.975000000000001	14.043627169513007
-1.8298655191549233	-0.9999985091629104	0.036807917155382563	0.16043514177794152	6701533.7	21825.825	13.89	13.966238523808855
-1.8298655191549233	-0.9999985131431063	0.053307519052173645	0.16043514177794152	6701533.7	21251.325	13.99	14.01264283977632
-1.8298655191549233	-0.9999984815364451	0.03423483487073379	0.16043514177794152	6701533.7	26265.10714285714	14.065000000000001	14.09712643678161
-2.076914543949676	-0.9999988007797923	0.03225808947426809	0.12531627416000912	9089635.8	54201.1	13.85	13.929906083276398
-1.0333515661894785	-0.9999975880565147	0.018028783639529384	0.35581243100132987	4429853.75	43675.125	15.65	15.65053996785081
-1.606899773283274	-0.9999982055137788	-0.013526714789875292	0.20050827259058196	5434859.75	-17201.0	13.5	13.540697502252067
-2.1145439810832913	-0.999998928446719	0.03910857329671423	0.1206883131601286	10391054.2	68497.575	13.81	14.066819332509446
-2.1145439810832913	-0.9999989991360133	0.05867598980106215	0.1206883131601286	10391054.2	32859.675	14.245000000000001	14.296137112270108
-2.1145439810832913	-0.9999989546348959	0.047912312113553734	0.1206883131601286	10391054.2	52178.525	14.305	14.362243790181324
