-1.3826389536157742	-0.9999981960288558	0.07936041063792768	0.2509155241635416	6700081.833333333	177504.04166666666	15.65	15.790589880594792
-1.3826389536157742	-0.9999985072112986	0.017496627658473624	0.2509155241635416	6700081.833333333	22065.291666666668	15.875	15.892145766879722
-1.2284969281633646	-0.9999981381994424	0.07764123391463468	0.2927322447652595	6486303.0	175640.9	15.120000000000001	15.459188796262488
-1.2284969281633646	-0.9999985197101474	0.01183480232445536	0.2927322447652595	6486303.0	14787.55	15.585	15.70764679938708
-1.6957656802821401	-0.999997984123625	0.06381177111530857	0.18345870452352164	5792088.222222222	117727.19444444444	15.39	15.421749307463589
-1.6957656802821401	-0.9999982269255483	0.02429401157878091	0.18345870452352164	5792088.222222222	28847.222222222223	15.445	15.538245669190012
-2.236651909270597	-0.9999982631143365	0.05035155607932153	0.10681553446186895	7256978.6	297907.625	16.16	16.160047166918734
-2.236651909270597	-0.9999984613473207	0.08473487896361667	0.10681553446186895	7256978.6	70682.65	16.1	16.173058641383097
-2.236651909270597	-0.9999984385370237	0.0739482560161686	0.10681553446186895	7256978.6	83407.325	16.225	16.24082146872006
-2.236651909270597	-0.999998524516367	0.03014325128923328	0.10681553446186895	7256978.6	44691.15	16.310000000000002	16.311932660747765
-0.7417415134138325	-0.9999981861722184	0.07325228729874293	0.476283738329404	6725397.666666667	198532.5	15.34	15.340683239621733
-0.7417415134138325	-0.9999983963736897	-0.041543599796287294	0.476283738329404	6725397.666666667	-48291.166666666664	15.385000000000002	15.38586028641477
-0.7417415134138325	-0.9999983327916282	0.16910964667413347	0.476283738329404	6725397.666666667	74059.625	15.46	15.529015581742797
-0.7417415134138325	-0.9999984075566787	0.08458757130429419	0.476283738329404	6725397.666666667	44792.333333333336	15.51	15.52046119553488
-0.7417415134138325	-0.9999982768869817	0.1213038513645732	0.476283738329404	6725397.666666667	107862.33333333333	15.540000000000001	15.560494715112137
-0.7417415134138325	-0.9999983142312355	0.09542730858013929	0.476283738329404	6725397.666666667	83906.08333333333	15.6	15.672105013484543
-1.7719304926822765	-0.9999979443513711	0.06525155315524044	0.17000447943144634	5683348.3	118534.425	15.69	15.697422669387054
-1.8993034936908795	-0.9999982908043424	0.04701756839630209	0.14967283099743645	6608589.7	80447.525	15.24	15.53938074563548
-1.8993034936908795	-0.9999983180000942	0.05745158425497834	0.14967283099743645	6608589.7	67213.7	15.525	15.639332952410207
-1.8993034936908795	nan	nan	0.14967283099743645	6608589.7	nan	15.7	15.848067160433342
-1.8993034936908795	-0.9999984104508073	0.06194537910576088	0.14967283099743645	6608589.7	36484.8	15.84	15.880626982986481
-1.8993034936908795	-0.9999982942981356	0.07141904831384022	0.14967283099743645	6608589.7	78611.325	15.885000000000002	16.128073402972845
-2.0043194432305684	-0.9999983730336424	0.042694616721322284	0.13475197086285462	7263871.6	135681.75	16.080000000000002	16.09219880938446
-2.0043194432305684	-0.99999848820332	0.050128366814376775	0.13475197086285462	7263871.6	58775.475	16.189999999999998	16.196366144095457
-2.0043194432305684	-0.9999984127050153	0.05728020689245811	0.13475197086285462	7263871.6	101711.65	16.23	16.278558518612584
-2.0502507059851136	-0.9999984903052491	0.02740488377803989	0.12870263302236276	7239287.4	55775.85	16.1	16.21110977729641
-2.0502507059851136	-0.9999984859649977	0.04793750988006002	0.12870263302236276	7239287.4	57556.2	16.23	16.295080446511523
-2.0502507059851136	nan	nan	0.12870263302236276	7239287.4	nan	16.315	16.33953642384106
-2.0502507059851136	-0.9999985336830751	0.051645939782814544	0.12870263302236276	7239287.4	40744.05	16.435000000000002	16.461887035739778
-1.9542884197819812	-0.9999982556568962	0.03870005655633626	0.14166524702415836	6427996.4	74059.025	15.83	15.92876957782031
-1.9542884197819812	-0.9999982758999933	0.05535576765744853	0.14166524702415836	6427996.4	65022.8	15.940000000000001	15.981983351064857
-0.2628317134067398	-0.9999981949628529	0.07820104134733293	0.7688712771522962	6910162.0	261214.0	15.21	15.332529621444257
-1.0277209769565214	-0.9999979825785141	0.06927984413762811	0.35782151550113395	5955636.5	165218.3125	15.6	15.6440814674652
-1.0277209769565214	-0.999998328578369	-0.019943942222507605	0.35782151550113395	5955636.5	-21043.1875	15.615	15.630959911511548
