-0.6476431353433296	-0.9999968882987988	0.09042489392161163	0.5232776190740123	3678230.0	93483.66666666667	5.11	5.124130248998198
-0.6476431353433296	-0.9999965756931877	0.18809433995927075	0.5232776190740123	3678230.0	295193.0	5.165	5.170008767197195
-1.4250697721404517	-0.9999976558830467	0.12278607799100717	0.24049168300346963	5169951.0	183315.5625	5.4	5.510739031038424
-1.4250697721404517	-0.9999974902532278	0.15194849087342135	0.24049168300346963	5169951.0	431604.75	5.630000000000001	5.638064679230395
-1.5046869071695934	-0.9999983453455423	0.11772006918825483	0.2220868167378683	7851950.222222222	439003.27777777775	5.68	5.883412515623853
-1.7902032909199017	-0.9999987207418772	0.09807089896120574	0.16692623163032635	10257450.9	499781.05	5.76	5.836570552711184
-1.7902032909199017	-0.9999987898918612	0.11784433500473922	0.16692623163032635	10257450.9	245885.375	5.845000000000001	5.882863395661116
-1.7902032909199017	-0.9999988139335169	0.09641224312621963	0.16692623163032635	10257450.9	192146.525	5.92	5.960437615220117
-1.8727293403799863	-0.9999989429042052	0.08823861264528653	0.15370357941613189	12512425.9	555059.725	5.93	6.078348322032748
-1.8727293403799863	-0.9999990016284644	0.11438808673854245	0.15370357941613189	12512425.9	266211.425	5.92	5.9748110592260675
-1.8727293403799863	-0.9999990195803912	0.0963891334893085	0.15370357941613189	12512425.9	212654.275	5.97	5.972338204492841
-1.8331303260530303	-0.9999988310532576	0.09539671018471076	0.15991220612682258	11274681.3	529400.275	5.96	5.998169369896073
-1.085817859373713	-0.9999962553464194	0.11980054031306922	0.33762554273115325	3114087.2	115979.55	5.18	5.1956221272997345
-1.085817859373713	-0.9999960276493365	0.1800159604922822	0.33762554273115325	3114087.2	235682.8	5.19	5.1908650591332695
-1.9094428852591612	-0.999998965455903	0.09164323694003196	0.1481629073462929	12885557.8	615799.15	5.99	6.111292946835615
-2.064242879469702	-0.9999988648558941	0.08295809416029394	0.1269143436566957	11491282.7	462434.25	6.29	6.305539775216372
-2.064242879469702	-0.9999988995140799	0.1023475501077065	0.1269143436566957	11491282.7	310516.275	6.25	6.289900660024472
-1.2223244239128632	-0.9999962867369568	0.12036421502449332	0.29454472380302577	3137215.0	114610.625	5.22	5.23848019398073
-1.2223244239128632	-0.999996060909241	0.1757501822223475	0.29454472380302577	3137215.0	232761.66666666666	5.315	5.329497176061227
-2.090047221766246	-0.9999989038466494	0.08325705333776584	0.12368129523034208	11883049.3	453904.5	6.2700000000000005	6.315682028191282
-2.090047221766246	-0.9999989208921366	0.10526583068669387	0.12368129523034208	11883049.3	370678.075	6.53	6.581522987703966
-2.090047221766246	-0.999998999202363	0.08592591747827476	0.12368129523034208	11883049.3	146169.3	6.465	6.472655227670663
-2.007003129592793	-0.9999987912104871	0.08368567763749576	0.13439082365603766	10722717.8	425706.95	6.18	6.277837784871948
-1.9435878705754344	-0.999998892914466	0.08688257764640539	0.14318928243672763	11938891.2	549834.125	6.235	6.258176060862129
-1.9435878705754344	-0.99999896018731	0.10960284591535188	0.14318928243672763	11938891.2	246275.6	6.245	6.254598457373599
-1.9435878705754344	-0.9999990063421238	0.0682206091319568	0.14318928243672763	11938891.2	141940.925	6.2700000000000005	6.307812900883196
