-1.0793099810767137	-0.9999982769372305	0.10892179921887328	0.33982993384764476	7655827.4	535774.85	4.9	4.9011414693779
-1.0793099810767137	-0.9999984101678983	0.09437459443585038	0.33982993384764476	7655827.4	193198.8	4.905	4.9308888589299205
-1.0793099810767137	-0.9999985156747571	0.0490209998742318	0.33982993384764476	7655827.4	86139.75	4.95	4.957191732776862
-1.7807295069677467	-0.9999987602148069	0.09941059208034476	0.1685151694271852	10461787.3	429495.55	5.2700000000000005	5.3397741031726955
-1.7807295069677467	-0.9999987788395792	0.09813137335943564	0.1685151694271852	10461787.3	353457.225	5.325	5.3282814160906025
-1.7807295069677467	-0.9999988061294536	0.1504526806184908	0.1685151694271852	10461787.3	265671.525	5.335	5.338059876108431
-1.99211208259281	-0.99999857560914	0.10661070339682478	0.1364070180942096	9024712.7	382588.65	5.23	5.314632925240253
-1.99211208259281	-0.9999985998118646	0.11185015227953748	0.1364070180942096	9024712.7	307519.075	5.365	5.384511588474067
-1.99211208259281	-0.9999986555250743	0.09825828765918025	0.1364070180942096	9024712.7	185998.625	5.425	5.486117147562979
-2.0206255251216643	-0.9999986456846238	0.10564424415467295	0.13257251170160403	10260644.9	1083978.075	5.45	5.479769923069515
-0.6454971950334679	-0.9999985340096572	0.10219499658522772	0.5244017473347159	8723085.0	357880.9166666667	4.7	4.728774067066877
-0.6454971950334679	-0.9999986202383704	0.06623463900810096	0.5244017473347159	8723085.0	168682.25	4.745	4.772798400090185
-1.6856929960089015	-0.9999987756330282	0.10479033364179136	0.1853159642237066	10679084.8	476926.0	5.21	5.276148741313229
-1.3260347742375012	-0.9999987900975436	0.11113448795129595	0.2655280552908234	10782211.42857143	462972.03571428574	5.2	5.301128196442292
-1.4191664178147216	-0.9999988417979953	0.10896524519800116	0.2419155893974046	11293263.0	479202.125	5.3	5.349175998723117
-0.9002842929119906	-0.9999983738903157	0.12119211410506808	0.4064540912965276	7974012.5	427887.9375	4.82	4.840370058349794
-0.9002842929119906	-0.9999984924076881	0.07785129451088063	0.4064540912965276	7974012.5	166300.875	4.86	4.866973329337729
-0.9002842929119906	-0.9999986261690834	0.03232536664779362	0.4064540912965276	7974012.5	57235.375	4.88	4.884535033530441
-2.0473341855181033	-0.9999988831869094	0.1046470072862909	0.1290785447964604	11746459.2	498120.55	5.48	5.645035071511242
-2.0473341855181033	-0.9999988918178845	0.13093168910444944	0.1290785447964604	11746459.2	450094.925	5.6850000000000005	5.703306204988936
-2.0473341855181033	-0.9999989446172676	0.09381861608847597	0.1290785447964604	11746459.2	242075.775	5.675	5.679978757669469
-1.214650536603354	-0.9999986709522306	0.11064704508943121	0.2968137217033757	9712811.333333334	403845.5416666667	4.97	5.02237186871595
-1.214650536603354	-0.9999986896159443	0.10369558805943901	0.2968137217033757	9712811.333333334	336889.4583333333	5.09	5.185484602600449
-1.214650536603354	-0.9999987577046997	0.08403802950984543	0.2968137217033757	9712811.333333334	173889.29166666666	5.215	5.237589840613406
-1.735367726375181	-0.9999987457007166	0.10557823432120064	0.17633534520530025	10406133.1	466215.45	5.3	5.3114978955476655
-0.20884850755773512	-0.9999985611738851	0.08038672472095501	0.8115181652005155	8581846.5	230448.0	4.88	4.909295374870632
