-1.3737248554981978	-0.9999991795059894	0.059878349793288696	0.2531622084703443	15948738.0	482068.7083333333	14.700000000000001	14.799011935821397
-2.026731047364339	-0.9999991503062478	0.026420114855857508	0.1317655532408328	13966041.2	142464.9	12.780000000000001	12.923927728368554
-2.026731047364339	-0.9999991345717305	0.03619347864749869	0.1317655532408328	13966041.2	177477.875	12.98	13.031943268741578
-2.1397003972055266	-0.9999990081128862	0.04428476955892743	0.11769009802251648	12349315.7	208797.95	13.1	13.192898262216952
-2.1397003972055266	-0.999999013174509	0.04529227114655021	0.11769009802251648	12349315.7	196145.975	13.4	13.434199676076911
-1.8837374242096607	-0.9999992462201318	0.03603635423289063	0.15202087619025417	16485643.7	249332.425	12.63	12.770057337127762
-1.8837374242096607	-0.9999992507226	0.04271472755727841	0.15202087619025417	16485643.7	231495.55	12.74	12.903623064760419
-1.8837374242096607	-0.9999993010347011	0.03477197203623654	0.15202087619025417	16485643.7	101000.725	13.030000000000001	13.033501780421759
-2.0669014732613222	-0.9999990918131831	0.03391537667323861	0.126577378096332	13308212.8	177431.125	13.01	13.087954627359467
-2.0669014732613222	-0.9999990897779212	0.040084921397437044	0.126577378096332	13308212.8	182302.675	13.115	13.183025706156402
-2.0669014732613222	-0.9999991736385052	0.025959776210886895	0.126577378096332	13308212.8	59717.35	13.16	13.162518050038747
-0.7362894640588094	-0.9999992236939899	0.06951732114908683	0.478887552389327	17189093.666666668	624055.8333333334	14.49	14.651677784341087
-0.7362894640588094	-0.9999992509048227	0.10185290046503807	0.478887552389327	17189093.666666668	390922.5	14.735	14.788930796413533
-0.7362894640588094	-0.9999992764161442	0.08721305481890809	0.478887552389327	17189093.666666668	252141.75	14.875	14.917308109111845
-0.26036154728277133	-0.9999989768268278	0.05236840474413684	0.770772864586328	12489027.5	354489.875	14.290000000000001	14.39210056542136
-1.9834235870665677	-0.9999991569468033	0.029987593156543323	0.1375973534843375	14275202.7	168509.825	12.65	12.752721588897314
