-1.366605418877878	-0.9999990456432793	0.060057249769809404	0.2549710119589721	13364586.142857144	346133.46428571426	6.54	6.552860462771125
-1.1116789946167216	-0.9999990608532829	0.08878437154798824	0.32900609761091953	13945335.2	487338.25	6.43	6.435295674804961
-1.1116789946167216	-0.99999909845086	0.07531488643683078	0.32900609761091953	13945335.2	288485.9	6.59	6.655986853167201
-1.1116789946167216	-0.9999991061586624	0.07002072902942469	0.32900609761091953	13945335.2	259085.45	6.6850000000000005	6.688795457430384
-1.6704722729234338	-0.9999990150925318	0.06377066217075507	0.18815818263689935	13904652.4	886285.9	6.22	6.234666134913398
-1.934686314859792	-0.9999988439779112	0.06323714430911151	0.14446957967685642	10771103.9	255666.75	5.8	5.828526476090351
-1.934686314859792	-0.999998841211155	0.04530585730010533	0.14446957967685642	10771103.9	263400.575	5.83	5.830123923960592
-2.0550624362105787	-0.9999983645553829	0.05550517344108183	0.12808483819594196	7947099.3	441105.125	5.53	5.530818895670704
-1.7261384274273655	-0.9999991164290165	0.05493872938771213	0.17797033009779448	14336993.9	317346.225	6.28	6.28340181418115
-1.8616844522975713	-0.9999989593653549	0.041539009315079034	0.15541062797532107	11714134.6	196836.6	5.58	5.698255180077737
-1.8616844522975713	-0.9999989358500653	0.06419963763515137	0.15541062797532107	11714134.6	259261.3	5.815	5.848221924802339
-1.8616844522975713	-0.9999991044321888	0.018173445032020962	0.15541062797532107	11714134.6	35982.0	5.885	5.889960727992311
-2.1054140268475896	-0.9999984284683288	0.0761005169019161	0.12179523733051412	7777865.7	203446.3	5.45	5.529412488399616
-1.899849778227999	-0.9999988822628919	0.05797972578291817	0.14959108937336105	11072995.1	237208.15	5.86	5.891981879119759
-0.6633808892300231	-0.9999989464155657	0.1172793103153751	0.5151068679670997	12597932.333333334	581277.5833333334	6.28	6.470127146625891
-0.6633808892300231	-0.9999990004657202	0.088543222090351	0.5151068679670997	12597932.333333334	294213.75	6.545	6.5822611591774445
-0.6633808892300231	-0.9999989960342605	0.08833522263343983	0.5151068679670997	12597932.333333334	311106.0833333333	6.62	6.7139617256916075
