-1.5904742540899297	-0.9999991191324684	0.07309137629690046	0.20382892210834458	15490259.375	843120.65625	14.6	14.60167118560685
-1.5904742540899297	-0.9999991667014596	0.08888348827974203	0.20382892210834458	15490259.375	403530.78125	14.645	14.697826746002626
-1.3662650134623537	-0.9999988516647738	0.04345610876849106	0.255057820246412	10887670.5	269060.5833333333	14.02	14.024308382846288
-1.8214601647582456	-0.9999992634078695	0.05294234515902055	0.1617893392844224	17621844.0	433700.425	14.47	14.50910187564212
-2.2440388775809543	-0.9999989307356968	0.06755017986598132	0.10602939864868763	11886568.3	331002.15	14.5	14.556266641359734
-1.7544171663802783	-0.9999992499293537	0.05001763520897754	0.17300804781918896	17190406.1	397924.075	14.35	14.375045483840973
-1.7544171663802783	-0.999999234697387	0.07115612433584838	0.17300804781918896	17190406.1	517032.375	14.375	14.385752036231116
-2.1477937871259436	-0.9999990696970981	0.056567866942346515	0.11674143031664545	13821115.2	383778.55	14.530000000000001	14.588971311533902
-1.9853939062110928	-0.9999992625530228	0.05271795008681433	0.13732650969650304	17590895.9	430348.525	14.5	14.513535610845517
-1.214216721700989	-0.9999988726470491	0.041125761204314715	0.29694251185260023	10764268.8	186302.1	14.06	14.11013710279758
-1.015195514067745	-0.9999988719113154	0.04912620609959326	0.3623315819853742	10848085.5	206405.4375	14.030000000000001	14.05395330919177
-1.015195514067745	-0.9999988192261883	0.11032281763692564	0.3623315819853742	10848085.5	365540.5625	13.93	13.975771137579079
-1.015195514067745	-0.999998867706648	0.12282177347453256	0.3623315819853742	10848085.5	216038.1875	14.02	14.021407856772953
-2.271979153854795	-0.9999988807222522	0.06495254383525743	0.10310791158970697	12130247.0	787890.4	14.19	14.367922766772745
-1.487901723065867	-0.9999990838155879	0.06584328566064816	0.22584604626287366	14000739.57142857	372226.0714285714	14.06	14.262221788334676
-1.487901723065867	-0.9999990838084405	0.0896554306332638	0.22584604626287366	14000739.57142857	372263.3214285714	14.515	14.601209009569393
-1.487901723065867	-0.999999137538504	0.07382993739547378	0.22584604626287366	14000739.57142857	175447.14285714287	14.51	14.592342025334746
-0.7332213336213054	-0.9999988334996227	0.07110015520380078	0.4803590981577787	11047758.0	395225.3333333333	13.57	13.574713806078305
-0.7332213336213054	-0.9999988346389598	0.10576530043980152	0.4803590981577787	11047758.0	390281.75	13.65	13.78117243304301
-2.1115374822822837	-0.999999170802646	0.04972757277639761	0.12105170842893165	15458664.7	368900.1	14.450000000000001	14.475882528032793
-2.1115374822822837	-0.999999197522803	0.05810768484897889	0.12105170842893165	15458664.7	244072.8	14.465	14.495193276211655
-2.2136992766644012	-0.9999989024909592	0.07661517493755704	0.10929558514904696	11695090.9	375294.125	14.51	14.590399845208772
-1.9358360219712414	-0.9999992734778973	0.05256922017554337	0.14430357741898756	17868750.5	434538.525	14.4	14.438412401470494
-1.9358360219712414	-0.9999992927316159	0.06449222718847882	0.14430357741898756	17868750.5	308044.35	14.435	14.441468380144851
-1.9358360219712414	-0.9999993196302777	0.06649851202569772	0.14430357741898756	17868750.5	190489.35	14.48	14.526488894595985
-2.1817245395075275	-0.9999988463305364	0.06956271050136796	0.11284675405310172	11238005.5	427171.75	14.49	14.500231336498636
