-1.9423084398057762	-0.9999973234272549	0.10607059127951997	0.1433726004569135	4353665.0	115023.575	5.3100000000000005	5.395716726638182
-1.8734494325452256	-0.9999964102101985	0.09210802986634486	0.1535929385134296	3153935.7	82615.625	5.18	5.240116294536817
-1.8734494325452256	-0.9999962563541795	0.12062862082443822	0.1535929385134296	3153935.7	134216.675	5.210000000000001	5.238202379305575
-1.8734494325452256	-0.9999963600395959	0.1117846076298278	0.1535929385134296	3153935.7	96779.525	5.25	5.273869269819328
-1.3459220013581004	-0.9999984188670141	0.0743834897271236	0.26029960060210794	7766512.142857143	215320.7142857143	5.33	5.358086787704663
-1.3459220013581004	-0.9999985051549476	0.03798349395760772	0.26029960060210794	7766512.142857143	110163.75	5.385	5.393154866765066
-1.100282874027244	-0.9999986542346385	0.06757926683810378	0.33277693643061695	9117299.8	213147.9	5.29	5.367716133489416
-2.0026217166346343	-0.9999975793831193	0.11618712933513417	0.13498093717374549	4974071.5	169450.4	5.26	5.2683932092581855
-2.0026217166346343	-0.9999976285309945	0.0726982677040085	0.13498093717374549	4974071.5	132700.35	5.25	5.264450993072052
-2.0026217166346343	-0.9999976716966159	0.08173797166652949	0.13498093717374549	4974071.5	107059.3	5.3	5.315945105008534
-1.4377539045675307	-0.9999983169661326	0.07466012095575154	0.23746051913014846	7239646.25	195744.34375	5.4	5.415732896000315
-1.6447732672288105	-0.9999980115568256	0.07283679366298301	0.19305633002854403	6371405.1	317798.825	5.39	5.4034925005673875
-1.6447732672288105	-0.9999981509041238	0.05570043304320547	0.19305633002854403	6371405.1	130787.775	5.405	5.41986188973064
-1.6447732672288105	-0.9999982019476519	0.08200053326468476	0.19305633002854403	6371405.1	94476.775	5.425	5.481218169083017
-1.2366176143259624	-0.9999985642034883	0.0728092306570106	0.2903646841948545	8618200.833333334	236565.04166666666	5.19	5.3809969624906655
-1.2366176143259624	-0.9999986514099608	0.0344707380504083	0.2903646841948545	8618200.833333334	111570.375	5.335000000000001	5.378874506526813
-2.030296796868173	-0.9999976647503916	0.12912627791398437	0.13129654696113083	5261674.5	216927.55	5.33	5.387727631010525
-2.030296796868173	-0.9999977385698461	0.07772889229125206	0.13129654696113083	5261674.5	147105.1	5.43	5.438635194334203
-1.584355912752681	-0.9999981437343157	0.07378343389940219	0.20507983989696868	6500987.5	174129.45	5.29	5.331547931165843
-1.584355912752681	-0.9999982058623099	0.04897622553586069	0.20507983989696868	6500987.5	116268.575	5.395	5.395665356745719
