-2.024236759329276	-0.999998188680371	0.05744798692377331	0.1320946247126232	6561358.5	145032.125	5.67	5.6712654554111985
-2.024236759329276	-0.9999981590283754	0.07570279785393795	0.1320946247126232	6561358.5	176181.35	5.625	5.648484885804541
-2.024236759329276	-0.999998272647583	0.08706116786122751	0.1320946247126232	6561358.5	83597.3	5.675	5.713925532215658
-1.1127315067342582	-0.9999988703283242	0.10924524686045843	0.3286599968759996	11333222.6	363239.55	6.25	6.3321505583457975
-2.0516503767959273	-0.9999980441676996	0.059251070212989934	0.12852261771412132	6394633.3	270175.4	5.71	5.728045982324835
-2.0516503767959273	-0.9999981115251466	0.07705339753410524	0.12852261771412132	6394633.3	175623.625	5.705	5.778437541666049
-2.0516503767959273	-0.999998215216706	0.08270434825444416	0.12852261771412132	6394633.3	90492.625	5.795	5.8900384962751176
-1.8170680691678458	-0.999998491046944	0.058044900655225204	0.16250149631412011	8703160.3	505174.075	5.7	5.7123302315228806
-0.22098334962410882	-0.999998875184973	0.11042052993164533	0.8017300292854129	11716131.0	528859.625	6.5	6.587077230289913
-1.6074219352176975	-0.9999987130181925	0.08457313780474408	0.20040360213294073	9828686.0	311556.775	6.1000000000000005	6.21037085545682
-0.6683545485977922	-0.9999986927222084	0.10695121828837507	0.5125512624916164	9915948.0	426299.0	6.38	6.408299443699656
-0.9312139098590706	-0.9999988552444267	0.11209068403146462	0.3940750483177201	11206162.75	372620.0625	6.3	6.373528965537323
-1.8579684151789992	-0.9999984975759151	0.06247069350068233	0.15598921399525684	8205817.3	226072.975	5.75	5.763817594622242
-1.6680236266617474	-0.999998660708493	0.08510057974853417	0.188619480013978	9450660.8	314012.025	6.01	6.116786477457611
