-1.2023135976266612	-0.9999973824162873	0.09998350066596585	0.30049817518329486	4638868.333333333	187703.875	4.08	4.098478748784583
-1.2023135976266612	-0.999997440663223	0.08387186637680366	0.30049817518329486	4638868.333333333	143260.41666666666	4.09	4.095557333954155
-1.2023135976266612	-0.9999974938461257	0.13531031610014457	0.30049817518329486	4638868.333333333	111938.95	4.09	4.094007716891418
-1.3112812222935832	-0.999997325411364	0.10444015489110182	0.26947457827757676	4571843.142857143	204391.9642857143	4.0600000000000005	4.080616159948618
-1.3112812222935832	-0.9999974115713426	0.08732935292584387	0.26947457827757676	4571843.142857143	137844.64285714287	4.065	4.066412690482139
-0.6332802873595698	-0.9999969316473293	0.1389699038231091	0.5308476091435047	4128742.6666666665	317564.25	4.24	4.2723677948499885
-0.8884017471799972	-0.9999967434880671	0.12702530505859622	0.4113126092387746	3848664.5	277400.6875	4.21	4.214360095389507
-0.19639405861412002	-0.9999970804071939	0.131971571371261	0.8216883774897478	4309154.0	290968.875	4.21	4.23848346190064
-0.19639405861412002	-0.999997241685168	0.11393280244782678	0.8216883774897478	4309154.0	145218.75	4.24	4.250561345646438
-0.19639405861412002	-0.9999974927152183	0.09126454457059859	0.8216883774897478	4309154.0	49229.875	4.245	4.250156079288279
-1.7939397584182788	-0.9999977694698708	0.06719275594548324	0.1663036809856335	5319398.4	142211.6	3.97	3.9778024135847616
-1.7939397584182788	-0.9999976695076895	0.12033047586040017	0.1663036809856335	5319398.4	242029.025	3.9699999999999998	3.998872246469613
-1.5449672824711416	-0.999997682543821	0.10211971765787418	0.21331885037438747	5385835.6	263401.35	4.05	4.082200092367432
-1.5449672824711416	-0.9999977078743423	0.10707791158214049	0.21331885037438747	5385835.6	229809.875	4.18	4.195297970155684
