-1.9311986863227946	-0.9999942910123041	0.07710034893613264	0.14497431555968474	1891334.3	48902.5	5.0	5.039880923328693
-1.9311986863227946	-0.9999943695815144	0.10325845570339069	0.14497431555968474	1891334.3	42149.575	5.0	5.01501507184735
-1.9311986863227946	nan	nan	0.14497431555968474	1891334.3	nan	5.0200000000000005	5.024203115802693
-1.4280628018032921	-0.9999980430387574	0.038949627231832595	0.23977296037818208	5848849.625	93522.875	5.0	5.014769851881551
-1.226781367800302	-0.9999980980261324	0.023687435457677885	0.2932348756248829	5805316.833333333	62414.0	5.03	5.090249689877605
-1.9623593600586027	-0.9999941233425389	0.08481865751083258	0.1405264769304853	1952453.3	96171.55	5.0	5.016161975374912
-1.9623593600586027	-0.999994519164549	0.10768152803837701	0.1405264769304853	1952453.3	44402.575	5.02	5.0325718860070445
-1.9623593600586027	nan	nan	0.1405264769304853	1952453.3	nan	5.05	5.059067830095489
-2.0463068275430287	-0.9999955828457672	0.09791166841633207	0.12921122281110656	2577779.9	88118.7	5.33	5.3375396571548155
-2.0463068275430287	-0.9999955572713657	0.14052332687726304	0.12921122281110656	2577779.9	94123.775	5.355	5.35862769363167
-0.21242808952663106	-0.9999986043298067	0.03759867881160668	0.8086184623671763	8455736.5	133440.625	5.3	5.335210629651034
-1.5746575965665077	-0.9999977334235464	0.04172318257201854	0.20707844491412883	5016984.1	86800.4	4.99	5.0201753402280325
-1.5746575965665077	-0.9999976275832988	0.05899910563738615	0.20707844491412883	5016984.1	147616.075	5.0200000000000005	5.023987529050201
-1.783197747639791	-0.9999964197212736	0.0765301938985379	0.16809974632515057	3144343.2	77467.375	5.01	5.01903282114321
-1.783197747639791	-0.9999965504744306	0.044297323529949625	0.16809974632515057	3144343.2	51352.7	4.985	4.986963781145646
-1.783197747639791	nan	nan	0.16809974632515057	3144343.2	nan	4.945	4.993799269700271
-1.991189623350943	-0.9999951378891497	0.10679667879218685	0.13653290606303944	2308228.1	74820.525	5.0600000000000005	5.112582980326724
-1.991189623350943	-0.9999950804824637	0.14650382656320718	0.13653290606303944	2308228.1	85421.825	5.215	5.253532454562729
-2.071772611192634	-0.9999955136186653	0.10478757873765428	0.12596230150630525	2557291.5	96083.65	5.34	5.368547400084169
-2.071772611192634	-0.9999955122198599	0.14080248295345946	0.12596230150630525	2557291.5	96427.975	5.335	5.353342274180352
-2.071772611192634	nan	nan	0.12596230150630525	2557291.5	nan	5.38	5.381672991777356
-2.09582295608691	-0.9999958189002931	0.11581826483046352	0.12296900391148008	2872361.3	164328.525	5.38	5.419196076561632
-1.6350079384112741	-0.9999971068907804	0.043573194227565	0.19495082369322306	4067137.4	128883.6	5.04	5.04187559385128
