-2.3434558829931214	-0.9999995808525585	0.013920176322296418	0.09599531574831938	28724865.8	169388.15	19.53	19.558554497530864
-1.9344914788885679	-0.9999995012494755	0.05170275557184501	0.14449773029001214	26299804.5	497345.025	19.1	19.153233124051702
-1.9344914788885679	-0.9999994776333823	0.06546322073989601	0.14449773029001214	26299804.5	925545.75	19.23	19.259982282575088
-1.9344914788885679	-0.9999995129377058	0.06723262225798554	0.14449773029001214	26299804.5	365726.25	19.115000000000002	19.254721042526956
-1.9344914788885679	-0.9999995017399436	0.09163094931529699	0.14449773029001214	26299804.5	490970.85	19.299999999999997	19.404388714860417
-2.213336985064883	-0.9999995453887165	0.049367601928303785	0.1093351891950842	31350475.1	1547697.775	20.46	20.490785546684616
-0.7566120856628048	-0.9999992470259021	0.07737013322342409	0.4692535277656467	17514432.333333332	533872.3333333334	18.46	18.48346845571328
-0.7566120856628048	-0.9999992653128164	0.08819648476459253	0.4692535277656467	17514432.333333332	387560.1666666667	18.48	18.513390795060662
-0.27071644772307624	-0.9999992949175347	0.08943783535871634	0.7628327687098438	19145769.5	728938.75	17.81	18.238115054763114
-0.27071644772307624	-0.9999993276803213	0.08257622014435477	0.7628327687098438	19145769.5	389288.125	18.375	18.456892781184084
-2.282507785023066	-0.9999995872123408	0.02455590853302461	0.10202802127710511	31629613.5	468041.375	19.955	20.097255126569266
-1.8035833038779314	-0.9999994152519798	0.0581839671261119	0.1647076320323495	22413410.4	491980.975	18.295	18.48555431228188
-1.8035833038779314	-0.9999994360398774	0.053350815137865853	0.1647076320323495	22413410.4	308743.6	18.495	18.501074410765174
-2.1344033181687445	-0.9999995650480343	0.05225275734077531	0.11831516582880848	30954637.2	703468.85	19.884999999999998	19.932271677641815
-1.8722674933400392	-0.9999994900608054	0.06410280724772269	0.15377458335453173	26204834.8	635947.175	18.385	18.846499468087522
-1.8722674933400392	-0.9999995120037887	0.05599361629204038	0.15377458335453173	26204834.8	357845.75	18.815	18.958438255085508
-1.8722674933400392	-0.9999995144845509	0.06551935986500768	0.15377458335453173	26204834.8	335322.875	18.975	19.122994895972333
-1.8722674933400392	-0.9999995050477386	0.08604456694681499	0.15377458335453173	26204834.8	429398.175	19.125	19.22813660528316
-1.9909992801815466	-0.9999995353595076	0.05778396407024062	0.13655889664259252	28858667.2	665906.025	19.51	20.1017448323822
-2.3709488489510333	-0.9999995921538729	0.007721578667246052	0.0933920692567002	27744479.7	82081.375	19.34	19.34809741003092
-2.3709488489510333	-0.9999995611805296	0.033079272431424424	0.0933920692567002	27744479.7	193844.725	19.415	19.61339678216428
-2.3709488489510333	-0.9999995326310719	0.03773494118175935	0.0933920692567002	27744479.7	428011.525	19.745	19.834972443674207
-1.6367875998760857	-0.9999994250777964	0.04517301075231948	0.1946041857653333	22158326.875	340888.65625	17.69	17.823202308716883
-1.6367875998760857	-0.9999994281752508	0.05189064783717537	0.1946041857653333	22158326.875	318276.75	17.94	17.996364143602506
-2.0903908785697207	-0.9999995804369112	0.04027537805013648	0.12363879861431747	32461918.9	822268.075	20.2	20.259351511009466
-2.0903908785697207	-0.9999995991956859	0.07133508009977226	0.12363879861431747	32461918.9	447250.85	20.04	20.358675431832367
-1.7258224170105687	-0.9999994154800604	0.052668091431234895	0.17802657946321077	22196124.666666668	431091.27777777775	18.0	18.343618606621455
