-2.158442153722254	-0.9999992959290832	0.015415089269449294	0.11550491986170379	17078716.6	166811.825	17.07	17.08088410940907
-2.158442153722254	-0.9999992670849083	0.06463521797399881	0.11550491986170379	17078716.6	273005.025	17.08	17.096310766461173
-2.158442153722254	-0.9999992698254436	0.09164038686013895	0.11550491986170379	17078716.6	260521.45	17.15	17.157631605535304
-1.4038803137960791	-0.9999993185292166	-0.015790432989632678	0.24564194442635018	17470341.333333332	-148081.85	17.47	17.545061712220757
-1.4038803137960791	-0.9999993584673693	0.027371404259756756	0.24564194442635018	17470341.333333332	73701.65	17.585	17.641923795602843
-2.261201767146211	-0.9999990205128828	0.051611810569066725	0.10422515509411384	12819419.4	283921.375	16.93	16.970789048092954
-1.9267049444925528	-0.9999994217435654	-0.004118667272970874	0.145627258685967	18347111.0	-40510.25	16.85	16.906501903787564
-1.9267049444925528	-0.9999993870120507	0.02781120610677491	0.145627258685967	18347111.0	76614.75	16.835	16.84217436797712
-1.9267049444925528	-0.9999992934439484	0.05785876360999254	0.145627258685967	18347111.0	426454.075	16.875	16.917235722122467
-2.195147000059034	-0.9999992006776228	0.010934158408927737	0.11134219299291298	14351086.3	95906.975	17.17	17.224736846111423
-2.291182738985753	-0.9999989843248106	0.05453515941566055	0.10114676086296776	12379820.1	288910.625	16.78	16.84511546795329
-2.291182738985753	-0.9999990427747618	0.07146128020102703	0.10114676086296776	12379820.1	140122.05	16.9	16.916945241966886
-2.291182738985753	-0.9999990371170083	0.04573786441893754	0.10114676086296776	12379820.1	150288.425	16.92	16.94687575808563
-2.291182738985753	-0.9999989834721063	0.09766352583050832	0.10114676086296776	12379820.1	291976.625	16.97	17.011402593466986
-2.346841630426528	-0.9999988684415178	0.05306518195484056	0.0956708494448366	11032612.6	264089.3	16.72	16.73316860385105
-2.346841630426528	-0.9999988180619879	0.06526483678414736	0.0956708494448366	11032612.6	460405.1	16.705	16.718136092345112
-2.2290800045174826	-0.9999990380147165	0.03783773861138111	0.10762740132530499	12897097.1	244461.6	16.84	16.924588808568267
-2.2290800045174826	-0.9999990785600048	0.07818395188728855	0.10762740132530499	12897097.1	144913.775	16.91	16.966285280074295
-2.119147784207982	-0.9999993586800421	0.0162546796339801	0.12013396496099144	18604705.1	151988.8	17.0	17.11687072635008
-2.119147784207982	-0.9999993609989042	0.05304108106922443	0.12013396496099144	18604705.1	145571.125	17.18	17.215237573589423
-2.119147784207982	-0.9999993319351461	0.05680618660322831	0.12013396496099144	18604705.1	249982.35	17.175	17.189368663369617
-2.119147784207982	-0.9999993331542338	0.0901300181258533	0.12013396496099144	18604705.1	244376.35	17.175	17.18408465472848
-0.7539537915414933	-0.9999993440343864	0.013218667332823432	0.4705026011265461	18654678.666666668	206245.58333333334	17.995	18.12249325012431
-0.7539537915414933	-0.9999993573533428	0.04833582834056463	0.4705026011265461	18654678.666666668	160871.41666666666	17.995	18.101865406035863
-0.7539537915414933	-0.9999993233488172	0.05325660324914236	0.4705026011265461	18654678.666666668	303369.5833333333	18.160000000000004	18.169654665575965
-1.9812090856205116	-0.9999993274370447	0.024972495895025655	0.13790240066164677	19469366.5	486198.675	17.005000000000003	17.009057219493336
-1.5286766691379012	-0.9999993851281911	0.0065251831950439146	0.21682240533009844	17954346.85714286	62293.083333333336	17.630000000000003	17.77322661463797
-1.5286766691379012	-0.9999993538348809	0.03960586950267301	0.21682240533009844	17954346.85714286	109257.58333333333	17.875	17.986508865719554
-2.030900177329135	-0.999999404058421	0.009662891788743746	0.1312173490857308	19243916.9	95629.8	17.05	17.263942320364713
-2.030900177329135	-0.9999993308082041	0.050809150601761596	0.1312173490857308	19243916.9	391550.1	17.314999999999998	17.329909040588717
-2.030900177329135	-0.9999993548410728	0.05516116082560568	0.1312173490857308	19243916.9	246564.95	17.29	17.337311675250543
-2.030900177329135	-0.9999993588880834	0.08772070114250229	0.1312173490857308	19243916.9	228091.025	17.365000000000002	17.370688202650843
-1.798593633818845	-0.9999994406931421	-0.00799421269532203	0.1655315225339353	20383651.8	-89384.72222222222	16.9	16.9573460353207
-1.798593633818845	-0.9999994424104436	0.029049100727542704	0.1655315225339353	20383651.8	86309.91666666667	16.915	16.933466162593557
-1.798593633818845	-0.999999398722146	0.051767860684713216	0.1655315225339353	20383651.8	210288.075	17.03	17.082785659691517
