-1.5130341186578193	-0.9999993273911456	0.08574944387131828	0.22024072668086891	19511435.0	500599.64285714284	16.2	16.286423367991596
-1.5130341186578193	-0.9999993330077106	0.09239715280930771	0.22024072668086891	19511435.0	448639.28571428574	16.33	16.386211293603893
-1.5130341186578193	-0.9999993494577267	0.09392697718687455	0.22024072668086891	19511435.0	325465.0	16.384999999999998	16.44542698798312
-1.5130341186578193	-0.9999993099353528	0.12619582663909684	0.22024072668086891	19511435.0	703730.0357142857	16.5	16.57083719371272
-1.3893413783262487	-0.9999991690597166	0.06830136282380402	0.24923940505981207	16114415.833333334	653511.7083333334	16.19	16.256833218847643
-0.26548943297585775	-0.9999992417366969	0.08511116592212818	0.7668305459597095	17895522.0	781926.75	16.2	16.205425960507483
-0.26548943297585775	-0.9999992972219025	0.07119776305426728	0.7668305459597095	17895522.0	289693.125	16.145	16.16543961792284
-0.7460014644287241	-0.9999992835532574	0.07507280988929514	0.4742591084088504	18536925.333333332	585790.8333333334	16.1	16.13102520884222
-0.7460014644287241	-0.999999269931073	0.08738149448245078	0.4742591084088504	18536925.333333332	754063.5	16.130000000000003	16.17291190142198
-0.7460014644287241	-0.9999993313392781	0.08873086493880356	0.4742591084088504	18536925.333333332	241568.83333333334	16.13	16.17497389726171
-0.7460014644287241	-0.9999992874639163	0.12515199076508704	0.4742591084088504	18536925.333333332	544828.5	16.19	16.260088463858732
-1.6169977269233615	-0.9999993446128348	0.08460371583325127	0.19849373780718943	20267971.125	587344.28125	16.63	16.74659335688659
-1.6169977269233615	-0.9999993174938158	0.0981374112322964	0.19849373780718943	20267971.125	1017658.1875	16.675	16.69448051660865
-1.6169977269233615	-0.9999993745294719	0.0936616349841685	0.19849373780718943	20267971.125	320300.6875	16.66	16.68927116525502
-2.14447638355749	-0.9999994569469156	0.0452210212701392	0.11712935184453298	23647685.9	377734.225	17.265	17.31660532252547
-2.14447638355749	-0.9999994570029193	0.07777748088120058	0.11712935184453298	23647685.9	377234.3	17.315	17.397335111574606
-1.9669437776066299	-0.9999993518015832	0.05164819183733904	0.1398837193439918	19428892.8	294717.975	16.18	16.297992487808592
-1.9669437776066299	-0.9999993484741472	0.07223561984782018	0.1398837193439918	19428892.8	314400.45	16.35	16.371531590103167
-1.9669437776066299	-0.9999993533865624	0.08681322146365363	0.1398837193439918	19428892.8	285780.6	16.345	16.372213878549676
-1.9669437776066299	-0.99999931779409	0.09096447191359142	0.1398837193439918	19428892.8	570634.25	16.395	16.41833610946775
-1.0328581870229134	-0.9999992212790947	0.07287840344421226	0.35598802475557884	17404426.75	769264.125	16.25	16.252475550139625
-2.1044946719027555	-0.9999994530186191	0.06589786415123901	0.12190726187147857	23938160.1	485884.3	16.445	16.72561876236649
-2.1044946719027555	-0.99999945924297	0.08368373557926606	0.12190726187147857	23938160.1	418622.975	16.86	17.040248597838367
-2.1044946719027555	-0.9999994453975513	0.12387910925822512	0.12190726187147857	23938160.1	583127.125	17.11	17.192564904529057
