-2.1827098088083483	-0.999999212450706	0.022293960871478665	0.11273562436596052	14805868.7	115883.75	15.8	15.823840190544427
-2.1827098088083483	-0.9999991372095918	0.10821977848232706	0.11273562436596052	14805868.7	353047.775	15.81	15.837247786975816
-2.1827098088083483	-0.9999991475733117	0.09983622736636884	0.11273562436596052	14805868.7	302826.2	15.905000000000001	16.00307212655628
-2.1827098088083483	-0.9999991471950033	0.08836849050708138	0.11273562436596052	14805868.7	304527.15	16.09	16.114798853686146
-2.021249310609202	-0.9999990805321171	0.039568611209718774	0.13248984067993055	12965733.1	150477.45	16.34	16.40395332916129
-2.021249310609202	-0.9999990363440553	0.08577292319292672	0.13248984067993055	12965733.1	266866.025	16.39	16.408141734910448
-0.752119964219698	-0.9999990033612836	0.12276304260488761	0.4713662132672155	13871896.333333334	1009805.1666666666	17.21	17.285999459706243
-0.752119964219698	-0.9999992086929946	0.04282278276878426	0.4713662132672155	13871896.333333334	58507.583333333336	17.26	17.284702880886794
-1.040097448706917	-0.999998887795883	0.11049430527892658	0.35342023993526206	12252012.25	827974.1875	17.03	17.038057753314494
-0.2687810480732007	-0.9999990924144877	0.12983465691001272	0.764310584604204	15464028.0	1245349.75	17.18	17.258422691477268
-2.2165804125939346	-0.9999992055832795	0.02547907031676374	0.1089811429046725	14841242.7	131942.8	16.1	16.178896019993946
-2.2165804125939346	-0.9999991367938077	0.11141358460384063	0.1089811429046725	14841242.7	366242.1	16.295	16.333908333973977
-2.2786238137968575	-0.9999990907730822	0.051635867953622246	0.10242506573150498	14246972.2	422408.55	16.259999999999998	16.266154107582572
-1.8568418652194043	-0.9999990139470737	0.07136229232431386	0.15616504265927197	13022548.3	377346.525	16.46	16.465782568501243
-1.8568418652194043	-0.9999990199267493	0.0875849473919057	0.15616504265927197	13022548.3	349077.2	16.45	16.452313403218703
-1.8568418652194043	-0.9999990661730913	0.06970660124408658	0.15616504265927197	13022548.3	191147.525	16.45	16.460626217049565
-1.7128971618937756	-0.9999989803181084	0.06986500503497053	0.18034255345513095	12672484.111111112	409175.78125	16.295	16.37919045454249
-1.7890657282196667	-0.9999989781644473	0.07231717159423946	0.16711622873143872	12924599.5	544059.25	16.36	16.4240019208219
-1.7890657282196667	-0.9999990639644559	0.06465004907893965	0.16711622873143872	12924599.5	179490.75	16.505000000000003	16.512144060400278
-1.7890657282196667	-0.9999990233594772	0.11316084749774274	0.16711622873143872	12924599.5	303362.675	16.505000000000003	16.52803119513454
-2.1467595562530084	-0.9999992128571494	0.023821340743355346	0.1168622303648315	14881433.0	122247.8	15.620000000000001	15.739217859758472
-2.1467595562530084	-0.9999991388177126	0.10608541268809112	0.1168622303648315	14881433.0	367921.1	15.754999999999999	15.755007968319893
-2.1467595562530084	-0.9999991560885249	0.0998811153693076	0.1168622303648315	14881433.0	284534.15	15.754999999999999	15.813622407096803
-2.1467595562530084	-0.9999991519230774	0.0844222218764238	0.1168622303648315	14881433.0	302730.0	15.835	15.903107749874236
