-0.7652150076518253	-0.9999994637710438	0.05112281429439563	0.4652338913735253	26317531.0	1345426.25	19.79	19.801967135461094
-1.264878494036398	-0.9999996111143601	0.04966083936230563	0.28227359198169966	34656466.4	713116.95	21.265	21.37664298727237
-1.264878494036398	-0.9999996467047328	0.029483618319548866	0.28227359198169966	34656466.4	207723.0	21.365000000000002	21.46726729960422
-1.7473254555894293	-0.9999996549285842	0.04336546560226267	0.1742393316528937	38803262.777777776	653367.6666666666	18.814999999999998	19.02943535413823
-1.7473254555894293	-0.9999996898050117	-0.018285165858819126	0.1742393316528937	38803262.777777776	-168817.19444444444	18.865000000000002	18.93194703590723
-1.7473254555894293	-0.9999996956709617	0.02056224139494373	0.1742393316528937	38803262.777777776	134450.61111111112	19.064999999999998	19.153608838088733
-1.7473254555894293	-0.999999665561858	0.052804567464644916	0.1742393316528937	38803262.777777776	432478.8888888889	19.125	19.221269025128205
-2.063385473558323	-0.9999995807035171	0.04924604110093563	0.12702320742873743	31672613.6	585495.5	20.705000000000002	20.85547760818666
-2.063385473558323	-0.9999996813652554	0.0014767088299494115	0.12702320742873743	31672613.6	24147.925	20.915	20.93851539517573
-2.063385473558323	-0.9999996316955997	0.019820109742400154	0.12702320742873743	31672613.6	116442.675	20.79	20.896502079506476
-2.063385473558323	-0.9999996069409494	0.037910277326233324	0.12702320742873743	31672613.6	255047.1	21.005000000000003	21.0287161023369
-1.056077379837363	-0.9999995905845226	0.05446277027434269	0.34781749381465427	33190943.25	797218.9375	20.25	21.20997824495416
-0.2767857799253502	-0.9999995270636888	0.07278243242311863	0.7582169049963616	28480645.5	707526.25	20.11	20.163002467188452
-1.8244995404769615	-0.9999996464291248	0.04730724041002273	0.16129834722769593	38110554.4	711251.0	19.55	19.97316258174001
-1.8244995404769615	-0.9999996870020853	-0.017146518462408736	0.16129834722769593	38110554.4	-151526.75	20.155	20.181721385920138
-1.9554672450259827	-0.9999996216142336	0.0483911910392814	0.141498346847167	35566336.8	699271.375	20.2	20.56440304740957
-2.012023107606028	-0.9999996132204088	0.05523159099933758	0.13371787518257533	35052599.5	772686.6	20.6	20.752288504703714
-2.012023107606028	-0.9999996519651592	-0.02489859027941596	0.13371787518257533	35052599.5	-198693.925	20.945	20.955622446501955
-2.1542425239666767	-0.9999995172120776	0.043754333755362834	0.11599101776123437	26976626.6	453154.0	20.005000000000003	20.036493157919814
-1.425529489268742	-0.9999996417978361	0.05235365911481078	0.24038115026642437	37965818.666666664	805676.1666666666	21.485	21.766226350660563
