-1.919991801741334	-0.9999994147687788	0.04252452045073739	0.14660816405707477	20962247.8	212725.35	16.91	17.15831503892558
-1.919991801741334	-0.9999994809180919	0.01605190471040217	0.14660816405707477	20962247.8	53162.3	17.235	17.368453355551328
-1.919991801741334	-0.9999994130966693	0.06333928430196326	0.14660816405707477	20962247.8	220313.875	17.485	17.679274013393645
-2.0716926507791373	-0.9999995415528747	0.05395430422129269	0.12597237390670996	27476878.2	295579.3	16.7	16.925672327077013
-1.3994949976258058	-0.9999991523690749	0.03241025800211256	0.24672152744365095	14304793.333333334	184458.5	16.55	16.815127087425093
-1.3994949976258058	-0.9999991866386448	0.04023117163552662	0.24672152744365095	14304793.333333334	112979.0	16.855	16.862702719187244
-1.3994949976258058	-0.9999992430639164	0.015310459873988401	0.24672152744365095	14304793.333333334	50402.416666666664	16.9	16.939338071813633
-1.3994949976258058	-0.999999208847044	0.0318734941883925	0.24672152744365095	14304793.333333334	82229.33333333333	17.0	17.027804015352817
-2.224901748905729	-0.9999996275356807	0.038878448107978414	0.10807803689858465	35290217.3	511112.4	17.59	17.622440417815742
-2.025646699533747	-0.9999995104500152	0.04299857715688179	0.13190851042628568	25255823.8	234212.45	16.85	17.0873604824332
-2.025646699533747	-0.9999995325204125	0.03249512777765732	0.13190851042628568	25255823.8	134131.325	17.105	17.320826388113865
-1.246053666490142	-0.9999991653631453	0.022924608573940807	0.28763767422648817	14100526.2	129160.5	16.945	16.994075906527524
-2.190115594402178	-0.9999996427805874	0.042354260524305125	0.11190381241536937	35143197.0	283177.35	16.98	17.357149217973205
-2.190115594402178	-0.9999996425479972	0.048698315478829565	0.11190381241536937	35143197.0	285501.525	17.425	17.64600461203312
-1.859611771629941	-0.9999993150633139	0.023919973213517152	0.15573307863265423	16980560.0	112487.75	16.27	16.34444059485142
-1.859611771629941	-0.9999993185072733	0.02277529962687955	0.15573307863265423	16980560.0	106098.025	16.314999999999998	16.348664725161694
-1.859611771629941	-0.9999992976339587	0.04926752265698631	0.15573307863265423	16980560.0	151230.75	16.19	16.46321039685002
-1.859611771629941	-0.9999993104421996	0.043017220860874755	0.15573307863265423	16980560.0	121670.2	16.78	16.85892936186862
-2.1141988724503338	-0.999999546628294	0.042942246490976554	0.12072997092671126	29011060.7	515448.225	17.25	17.251253073504916
-2.1141988724503338	-0.9999995829433259	0.05453929155884842	0.12072997092671126	29011060.7	179737.175	17.125	17.15410779969488
-2.1141988724503338	-0.9999995928739199	0.0303654945786969	0.12072997092671126	29011060.7	134746.7	17.16	17.17766373755259
-1.0424712379431793	-0.9999991643164807	0.023335526503872474	0.35258228972589906	14063917.0	127131.3125	17.080000000000002	17.097336698693226
-1.0424712379431793	-0.9999991385012875	0.029022618271987315	0.35258228972589906	14063917.0	182780.4375	17.175	17.20878228376044
-1.0424712379431793	-0.9999992745693119	0.009267744482544417	0.35258228972589906	14063917.0	26966.75	17.160000000000004	17.276120060072227
-1.6275681556769983	-0.9999991760026035	0.031091600406156727	0.19640662417007676	14576470.5	164549.65625	16.62	16.779974672959565
