-1.4029177141607592	-0.9999990767007345	0.05353126828201078	0.2458785131146739	13431940.833333334	243214.0	17.650000000000002	17.772598421475337
-1.6321126396420957	-0.9999991664349377	0.07960165173260741	0.19551608247477084	15668109.375	469952.28125	17.84	18.122493728931293
-1.6321126396420957	-0.9999992063456479	0.07119521466236477	0.19551608247477084	15668109.375	251465.03125	18.205	18.268852393558884
-1.6321126396420957	-0.9999992103334872	0.07798793142466269	0.19551608247477084	15668109.375	236233.75	18.3	18.33545034049635
-1.6321126396420957	-0.999999208019119	0.07248152286288659	0.19551608247477084	15668109.375	244957.25	18.255000000000003	18.29547415269449
-1.2470397864336225	-0.9999990407564833	0.03606162361220248	0.28735416878759495	12450397.6	153730.55	17.6	17.617076838808142
-1.5279029240341622	-0.9999990995462852	0.059659957292318315	0.2169902355251263	14022226.0	304480.46428571426	17.650000000000002	17.835210127605134
-1.9862229611619902	-0.9999993207073617	0.08470455591005886	0.1372127056551701	19478490.5	557709.45	18.01	18.440363878756294
-1.9862229611619902	-0.9999993376777523	0.06522439215603679	0.1372127056551701	19478490.5	400726.775	18.630000000000003	18.630120887888097
-1.9862229611619902	-0.9999993440478404	0.08046934301108286	0.1372127056551701	19478490.5	353965.625	18.675	18.7948238321846
-1.0434585678408843	-0.9999989808610862	0.03850420152632782	0.35223434648549845	12736918.0	433950.8125	17.400000000000002	17.41989641062822
-1.0434585678408843	-0.9999990516401769	0.062406754238934804	0.35223434648549845	12736918.0	176164.875	17.395000000000003	17.434612246863843
-1.0434585678408843	-0.9999990442373359	0.06556222634955729	0.35223434648549845	12736918.0	193583.75	17.495	17.568780105765363
