-1.9012729008797897	-0.9999994438021051	0.045938097092067226	0.1493783543155116	23209740.1	404014.525	15.120000000000001	15.426674016621256
-2.16681576870652	-0.9999993525929032	0.07259188475119932	0.11454176430870468	20361873.4	530948.05	15.44	15.578292118839377
-2.16681576870652	-0.9999993641560253	0.09332000073932807	0.11454176430870468	20361873.4	419564.325	15.725000000000001	15.852574303143275
-2.16681576870652	-0.9999993790437229	0.08912580893891342	0.11454176430870468	20361873.4	309845.75	15.88	15.887602367400557
-2.16681576870652	-0.9999993482727124	0.11108029698636296	0.11454176430870468	20361873.4	579770.025	15.865000000000002	15.993640788212844
-1.8417785708109897	-0.9999994638888497	0.04227812946595359	0.1585352091144181	23974356.0	381901.1	14.98	15.054983631248257
-1.8417785708109897	-0.9999994928355008	0.03789893363437694	0.1585352091144181	23974356.0	190791.6	15.02	15.10908132948427
-2.0500730575630253	-0.9999993076456655	0.06401244338678298	0.12872549887301876	18780581.4	443660.4	15.27	15.345734485428
-2.0500730575630253	-0.9999993215126072	0.057444980707840015	0.12872549887301876	18780581.4	341938.025	15.34	15.355126669574133
-2.0500730575630253	-0.9999993357804766	0.07804360545322084	0.12872549887301876	18780581.4	261561.575	15.375	15.429575846068014
-2.2013183196460018	-0.9999994016682532	0.06840405921127107	0.11065718062562689	22180952.1	580454.15	15.92	16.109204876574903
-2.2013183196460018	-0.9999994134295028	0.09564883541374408	0.11065718062562689	22180952.1	447168.1	15.955000000000002	15.977655436037601
-2.3470985393424644	-0.999999503397919	0.059759255625873184	0.09564627390759152	26840587.1	614823.05	15.93	15.947689621711376
-1.510309251450528	-0.9999995466288503	0.03422196505718125	0.22084167179069333	28217282.714285713	359654.5	15.290000000000001	15.349902256593422
-1.6121486348177734	-0.9999995246538326	0.039039456952329576	0.19945858966135152	27067135.625	387029.65625	15.17	15.202207531301502
-1.6121486348177734	-0.9999995585440875	0.02645200968338916	0.19945858966135152	27067135.625	154653.21875	15.280000000000001	15.334358994129092
-0.7464247523585047	-0.9999995363141252	0.06843922909211624	0.47405840273381394	29569658.333333332	900793.9166666666	16.05	16.31246974735355
-1.6990157162304194	-0.9999995054965272	0.0415987980212437	0.18286342500269795	26122568.222222224	407460.0833333333	15.22	15.41016146513487
-2.3210713363034152	-0.9999994971452343	0.056268417952543365	0.09816835792161982	26386946.6	578850.85	16.12	16.154199985802126
-2.2642784554155506	-0.9999994799852066	0.0701686963792159	0.10390497957476322	25994970.2	742492.25	16.27	16.350243298707692
-2.2335733723663904	-0.9999994503804567	0.0713922019163263	0.10714487671268032	24449774.9	685615.775	15.965	16.19206989767311
-2.2335733723663904	-0.999999462597561	0.10364541933024646	0.10714487671268032	24449774.9	508574.35	16.175	16.187398786944367
-0.2655647019613731	-0.9999995360328541	0.06545480115200357	0.766772829574607	29115793.0	735841.5	15.72	15.997361497128257
-0.2655647019613731	-0.999999637057221	0.0062999496266762595	0.766772829574607	29115793.0	38845.25	16.045	16.082368547090784
