-1.5286750743357411	-0.999999263814082	0.05369801550892877	0.2168227511192146	18777588.714285713	1008319.25	17.795	17.810956067328885
-1.9863290034946885	-0.999999274307116	0.04701281393354709	0.13719815607123606	17241420.2	271569.2	17.85	17.915331429173587
-1.7225542875605742	-0.999999253759745	0.0430930488921653	0.17860934512855905	17307000.666666668	406434.52777777775	17.98	18.069583374506713
-2.036418760374842	-0.99999915918745	0.05348204695896258	0.1304952096736359	16063692.7	734211.975	17.8	17.814462777567698
-2.036418760374842	-0.9999992063741742	0.04712827118563646	0.1304952096736359	16063692.7	344055.575	17.82	17.902491115341295
-1.2477782669270765	-0.9999993085791252	0.04478216472001189	0.28714204167474044	19807980.6	887044.25	17.295	17.331018236286074
-1.4029307814965313	-0.9999993510949782	0.0456280217798927	0.2458753001585763	19384535.0	290314.0833333333	17.54	17.70362375215897
-1.4029307814965313	-0.9999994300733669	0.015151795709777621	0.2458753001585763	19384535.0	62802.291666666664	17.935000000000002	17.98829016845708
-1.8005645486531114	-0.9999993257030132	0.03946689614723545	0.16520559529355647	18317733.4	231327.125	18.21	18.359725951160552
-1.8005645486531114	-0.9999993259521823	0.054889907303408286	0.16520559529355647	18317733.4	230273.7	18.32	18.418215455441384
-2.3530627138969016	-0.9999992454111507	0.013325860939872107	0.09507752059249386	14768469.8	69155.175	16.655	16.814946848005548
-2.3530627138969016	-0.9999992116534359	0.02793538708057149	0.09507752059249386	14768469.8	113853.025	16.895	16.913796672071108
-2.2677309087866604	-0.9999991819238854	0.01969737199770045	0.1035468710100203	13985421.0	93071.95	17.16	17.187481798145477
-2.2677309087866604	-0.9999991108261598	0.033878275562978975	0.1035468710100203	13985421.0	251567.475	17.195	17.202385307525493
-2.2677309087866604	-0.999999217951199	0.017407124408063	0.1035468710100203	13985421.0	56233.275	17.189999999999998	17.240598983507894
-2.2677309087866604	-0.9999991244717108	0.057493234440263656	0.1035468710100203	13985421.0	207861.425	17.235	17.248506123824466
-2.2017784478561815	-0.9999992771081281	0.02139440013028195	0.11060627584742246	16044933.1	108960.7	17.340000000000003	17.36209226700805
