-1.5221001804126553	-0.9999994912510364	0.03160965265450558	0.2182530345363082	24556373.714285713	266472.39285714284	17.045	17.161668962152383
-1.5221001804126553	-0.9999995206272687	0.02421621339957278	0.2182530345363082	24556373.714285713	129527.46428571429	17.255000000000003	17.312750073904397
-1.040337742793567	-0.9999995956179053	0.0017212448514778633	0.35333532534414885	23342839.25	12573.5	17.02	17.033079258048886
-2.1951745227774726	-0.9999996458822168	0.02557170100271413	0.11133912859525547	36256104.8	376596.2	18.54	18.803273945943634
-2.1951745227774726	-0.9999996478260373	0.05191371277086651	0.11133912859525547	36256104.8	350969.025	18.93	18.958021351759193
-2.1572516438252136	-0.9999996249407958	0.022242472119293602	0.11564251149780734	33693540.4	307758.05	18.64	18.776266576828334
-2.1572516438252136	-0.999999623676218	0.050268275321015195	0.11564251149780734	33693540.4	321154.45	18.55	18.73548550595581
-2.2297635729475958	-0.9999996177112085	0.041721119066102465	0.10755385577111723	36923729.3	1349881.15	18.14	18.27601447922059
-2.2297635729475958	-0.9999996499761024	0.05968382457915824	0.10755385577111723	36923729.3	410111.85	18.115000000000002	18.379291243084158
-2.2297635729475958	-0.9999996418428237	0.06372493783297066	0.10755385577111723	36923729.3	553765.625	18.495	18.715475306416746
-1.3969070588584724	-0.9999994948113166	0.029323047109707297	0.247360854562155	24484072.833333332	235407.25	16.65	16.885436631684026
-1.3969070588584724	-0.9999995475464356	0.012383712930320154	0.247360854562155	24484072.833333332	64724.208333333336	16.91	16.937595654842454
-1.3969070588584724	-0.9999994998135204	0.04027182669690508	0.247360854562155	24484072.833333332	208271.41666666666	17.03	17.089976705788647
-1.3969070588584724	-0.9999994653084547	0.07850258691570382	0.247360854562155	24484072.833333332	484767.5	17.075000000000003	17.10674649538311
-1.92088467848763	-0.9999995032983097	0.045518693615829844	0.14647731945931314	26195094.8	447371.95	17.21	17.457035704959146
-1.92088467848763	-0.9999995282666423	0.043058535952725276	0.14647731945931314	26195094.8	232604.7	17.405	17.52631810538531
-2.0730577112030013	-0.9999995975080157	0.033616510310262186	0.12580053131903166	32268555.6	437063.025	17.7	17.983191737311223
-2.0730577112030013	-0.999999609225295	0.05244919827494557	0.12580053131903166	32268555.6	299458.75	17.845	18.010904449213037
-2.0730577112030013	-0.9999995946142187	0.07370534102546647	0.12580053131903166	32268555.6	479841.7	17.995	18.0915528072093
-2.0730577112030013	-0.9999995843490754	0.09201792617079439	0.12580053131903166	32268555.6	668273.95	18.225	18.459908737514816
-1.7914289777355419	-0.9999994943284476	0.03664507620208654	0.16672175768514047	25202207.7	342503.3	16.85	17.398654258263665
-2.0266908336383005	-0.9999995352274254	0.04021832602314106	0.13177085213123554	28844899.7	664185.525	17.43	17.78373159749741
-2.0266908336383005	-0.9999995539353872	0.06578305519264828	0.13177085213123554	28844899.7	387196.05	17.765	17.80491157571074
-2.0266908336383005	-0.9999995426917888	0.08200268177083973	0.13177085213123554	28844899.7	535527.55	17.805	17.808566387649822
-2.351414581677213	-0.9999996181400795	0.02486541048446267	0.09523435011994881	34617832.5	550818.675	18.310000000000002	18.338520665908984
-2.351414581677213	-0.999999626232772	0.06577422670940868	0.09523435011994881	34617832.5	416236.5	18.525	18.550723582101174
-2.11667612481386	-0.9999996085840492	0.025893808065176306	0.12043126246176891	32589096.1	346587.0	18.48	18.730626982795965
-2.11667612481386	-0.9999996113748992	0.05321220875241402	0.12043126246176891	32589096.1	316455.4	18.619999999999997	18.659210648350353
-2.11667612481386	-0.9999995995700921	0.07566496313170211	0.12043126246176891	32589096.1	464932.075	18.755000000000003	18.793610246751644
-1.6260532148031273	-0.9999994683496113	0.03300050280942654	0.19670439408789114	23495470.0	266032.03125	17.005000000000003	17.055539823118643
-1.6260532148031273	-0.999999496273703	0.02648893612966942	0.19670439408789114	23495470.0	138037.25	16.995	17.032085019132474
-0.7520715078474186	-0.9999995070467097	0.009328261405141047	0.47138905451732305	23715291.666666668	119434.41666666667	16.82	16.8437366304393
-0.7520715078474186	-0.9999994354832583	0.059744585733693296	0.47138905451732305	23715291.666666668	651920.3333333334	16.93	16.969221312843008
-2.3233939388940885	-0.9999996568007289	0.011273880661101679	0.09794061641807092	34817747.7	154727.25	17.935000000000002	18.165875981573954
-2.3233939388940885	-0.9999996381711873	0.04670141223044203	0.09794061641807092	34817747.7	295984.075	18.075000000000003	18.11370258500247
-2.3233939388940885	-0.999999605277518	0.062493552516320466	0.09794061641807092	34817747.7	930378.45	18.080000000000002	18.190591524992968
