-1.7262940878365662	-0.999999359102242	0.041981263535522714	0.17794262931939908	19703047.555555556	304868.47222222225	18.080000000000002	18.157500508503926
-1.2513386185169304	-0.9999993998569916	0.01045088415679113	0.2861215328133296	18699341.4	74777.0	17.725	17.84189964799938
-2.0392078134373643	-0.999999280472949	0.06634419777792376	0.1301317586870962	17849100.0	378097.6	17.63	17.648940576391574
-2.0392078134373643	-0.999999338590323	0.03103925575075659	0.1301317586870962	17849100.0	133995.3	17.705	17.729644942425708
-2.2703536152446246	-0.9999994695104241	0.06768810537623361	0.10327565377977688	24958789.7	562629.15	18.36	18.388153938017204
-2.2703536152446246	-0.999999486416068	0.06015071946703585	0.10327565377977688	24958789.7	368955.25	18.505000000000003	18.589815950068942
-2.2703536152446246	-0.9999994565806277	0.07337743603758551	0.10327565377977688	24958789.7	776916.8	18.64	18.80420589582471
-2.3013646189959336	-0.9999995245316773	0.06318018997726278	0.10012212190795891	28032170.8	614403.775	18.900000000000002	19.113989461372036
-2.3013646189959336	-0.9999995309624794	0.08225999250343588	0.10012212190795891	28032170.8	513054.8	19.134999999999998	19.330215120943105
-2.3013646189959336	-0.9999995382476391	0.07074260521572982	0.10012212190795891	28032170.8	418285.15	19.575000000000003	19.903617726428234
-0.7588114923498044	-0.9999994082698983	0.019194556322742945	0.4682225825682515	20013333.333333332	139035.5	18.3	18.38938046213107
-1.9341352526763331	-0.9999993424227078	0.04367714977297425	0.1445492133384111	19093061.9	283554.725	17.86	17.86456917294168
-1.9341352526763331	-0.999999421575993	0.013110873760094876	0.1445492133384111	19093061.9	62559.25	17.84	17.852378163497484
-1.9341352526763331	-0.9999993580080304	0.05745720731008326	0.1445492133384111	19093061.9	210573.0	17.814999999999998	17.820996333656907
-1.9341352526763331	-0.9999993323828315	0.08006773473284196	0.1445492133384111	19093061.9	343469.3	17.830000000000002	17.854782945037755
-1.8040693404972041	-0.999999311592337	0.03669154818347373	0.16462759754312997	19360966.1	614298.225	18.16	18.1866681423707
-1.8040693404972041	-0.9999993771422547	0.04772535789879324	0.16462759754312997	19360966.1	172667.3	18.160000000000004	18.232303388045786
-1.6371680144553666	-0.9999993822562314	0.03541284281925083	0.19453016957519062	20193296.0	261523.375	17.985	18.15354731819913
-2.1665662156470535	-0.9999993429876822	0.06705321262769512	0.11457035212336453	19758724.3	434400.825	17.66	17.917662037941277
-2.1665662156470535	-0.9999993819943076	0.04012668688869074	0.11457035212336453	19758724.3	200987.725	17.965	17.99203063509854
-2.1665662156470535	-0.9999993700092327	0.06258524807384536	0.11457035212336453	19758724.3	254691.925	18.075000000000003	18.134423476774213
-2.331293315197353	-0.9999995127716605	0.06902986724982572	0.09716999435767217	29041262.8	1396843.4	19.53	19.673641040696644
-2.331293315197353	-0.9999995290889139	0.06941106623495527	0.09716999435767217	29041262.8	869654.65	19.775	19.79665646154149
-1.4071074801468282	-0.9999993814654302	0.021349221150292585	0.24485049476570753	19279658.5	151014.125	17.91	18.08674597898817
-1.4071074801468282	-0.9999994730372833	0.006997707516600294	0.24485049476570753	19279658.5	25838.541666666668	18.11	18.11784141180131
-1.4071074801468282	-0.9999993649607992	0.055935450807110786	0.24485049476570753	19279658.5	207592.875	18.18	18.19147958214598
-2.2031815317318957	-0.9999993763849473	0.052698054312714994	0.11045119478653771	20423237.2	339841.7	17.91	17.915512549486873
-2.2031815317318957	-0.9999993951948959	0.043889979735165195	0.11045119478653771	20423237.2	231439.5	17.92	18.059257158791358
-2.2031815317318957	-0.999999383614473	0.07229814874722343	0.11045119478653771	20423237.2	293192.425	17.945	18.013148417255785
-2.2031815317318957	-0.9999993767667473	0.07073630592670563	0.11045119478653771	20423237.2	337202.05	18.06	18.122583506323583
