-2.3497987260719784	-0.9999991829311428	0.04095620991826942	0.09538835947332978	14993875.6	209195.4	18.48	18.583587032465953
-1.9547069062765272	-0.9999995931678338	-0.011233273601632024	0.1416059744347864	28391134.9	-103820.35	18.400000000000002	18.424863577261053
-0.7649464287085405	-0.9999994437876649	0.026771912449761317	0.4653588601816946	21726536.666666668	177116.33333333334	20.35	20.48765022541881
-0.7649464287085405	-0.9999994125957624	0.07010210197173655	0.4653588601816946	21726536.666666668	348801.0	20.635	20.81079410268975
-0.7649464287085405	-0.9999994423498499	0.037931962257746074	0.4653588601816946	21726536.666666668	182736.58333333334	20.945	21.057739722945236
-0.7649464287085405	-0.9999993881618926	0.1080104694498191	0.4653588601816946	21726536.666666668	593101.8333333334	20.965	21.002686537854206
-0.2770028320170128	-0.9999992053158046	0.031398847858048994	0.7580523502903158	16562108.5	520031.125	20.150000000000002	20.151116755365436
-2.1468639149548	-0.9999995036344556	0.006847673465700089	0.11685003541051799	22878724.5	85493.775	18.95	18.951006959953553
-2.1468639149548	-0.999999507992997	0.01455094678928673	0.11685003541051799	22878724.5	77379.7	19.080000000000002	19.191858838084137
-2.376853340362276	-0.9999991286129717	0.0528462850894492	0.09284226135125295	14272438.0	251906.525	18.41	18.49101539627983
-2.376853340362276	-0.9999991654264894	0.04332383035754304	0.09284226135125295	14272438.0	148953.875	18.47	18.483453298033222
-2.1047461864590753	-0.9999995452153903	-0.004475865042397028	0.12187660427617415	22781989.4	-31598.55	18.490000000000002	18.850500125999076
-2.1047461864590753	-0.9999995429449524	-0.006061829180256698	0.12187660427617415	22781989.4	-33276.05	18.925	18.9686897397761
-2.059289463433176	-0.9999995090349396	-0.021043397614692618	0.12754456278198598	24499622.4	-167452.1	18.63	18.640944098373918
-2.2580040116819573	-0.9999994371940492	0.010186259055575473	0.1045589751062524	19750020.2	67199.025	19.055	19.228250005909874
-2.2580040116819573	-0.9999993788747825	0.047868554180641044	0.1045589751062524	19750020.2	212613.425	19.3	19.369372379261925
-2.2580040116819573	-0.9999993982764009	0.03337096827707295	0.1045589751062524	19750020.2	144935.825	19.34	19.36762291785664
