-2.0123346541101563	nan	nan	0.1336762223347593	43533006.4	nan	9.57	9.576611626904139
-2.0123346541101563	nan	nan	0.1336762223347593	43533006.4	nan	9.52	9.540594060415328
-2.0123346541101563	nan	nan	0.1336762223347593	43533006.4	nan	9.54	9.598496383068266
-1.728383777829883	-0.999999735933995	0.03504413452880523	0.17757117263735472	53970364.3	1546860.325	9.81	9.875843741432758
-1.728383777829883	nan	nan	0.17757117263735472	53970364.3	nan	9.885000000000002	10.061743078179086
-1.728383777829883	nan	nan	0.17757117263735472	53970364.3	nan	9.995000000000001	10.078956554525467
-1.5883828308153132	-0.9999997201512046	0.032062413254276036	0.2042556607500977	49650930.666666664	1082465.875	9.285	9.361172486425813
-1.5883828308153132	-0.9999997304892723	0.06710262446504862	0.2042556607500977	49650930.666666664	647877.5	9.524999999999999	9.58660966545292
-1.5883828308153132	nan	nan	0.2042556607500977	49650930.666666664	nan	9.485	9.62630934551578
-1.5883828308153132	nan	nan	0.2042556607500977	49650930.666666664	nan	9.635000000000002	9.878772490314171
-0.9535350356885883	-0.9999997134572146	0.052817652416907133	0.3853762937396645	50987003.0	2213216.4166666665	9.260000000000002	9.51309740281543
-2.138415095210912	-0.9999996223777193	0.010518378620235354	0.11784146259400614	31850712.0	167298.1	8.48	8.527698127917947
-2.138415095210912	-0.9999996154887376	0.05057193048402369	0.11784146259400614	31850712.0	208345.425	8.53	8.56362260917255
-2.1902473132774647	-0.9999995708058802	0.0310349543145841	0.111889073541773	30375522.3	459086.25	8.25	8.310016533982939
-1.9750080995576607	-0.9999997204039491	0.012611301033751276	0.13876018834225726	45081800.2	297952.675	9.25	9.36540186541707
-1.9750080995576607	nan	nan	0.13876018834225726	45081800.2	nan	9.385000000000002	9.38935270610236
-1.9343346091349969	-0.9999997490254543	0.00495466098202804	0.14452039939135602	46790283.5	125889.8	9.545000000000002	9.585447967416187
-1.506472621893271	-0.9999997031684545	0.03057419763444287	0.22169058692128413	46530548.0	996230.0357142857	8.72	8.954942409885875
-1.506472621893271	nan	nan	0.22169058692128413	46530548.0	nan	8.985	9.034523244840075
-1.663049981812622	-0.9999997358756154	0.028258162214774053	0.18955994314530183	52319778.9	1003423.6944444445	9.73	9.951125565832454
-1.663049981812622	-0.9999997435626112	0.06794564461592136	0.18955994314530183	52319778.9	671148.6944444445	9.76	9.835765953674844
-1.663049981812622	nan	nan	0.18955994314530183	52319778.9	nan	9.879999999999999	9.904983443028879
