-1.3408357653980478	-0.9999994568007013	0.019697793979800645	0.2616269184555236	23014437.5	268719.2916666667	11.65	11.668940686438695
-2.1487083533835043	-0.9999993414128086	0.05448552327303277	0.11663471135183907	19781996.9	455052.275	10.14	10.163027990686611
-2.1487083533835043	-0.9999994281361265	0.035157084938993506	0.11663471135183907	19781996.9	81846.2	10.235	10.26192481879786
-2.1487083533835043	-0.9999993266529755	0.05969960122566973	0.11663471135183907	19781996.9	609349.4	10.31	10.342608418733233
-0.7184218005527166	-0.9999995390140705	0.004272974749414202	0.487521054600515	24027752.666666668	64630.416666666664	11.66	11.663893802761567
-0.7184218005527166	-0.999999501034166	0.09711688878941244	0.487521054600515	24027752.666666668	160977.75	11.655000000000001	11.68055238770626
-0.7184218005527166	-0.999999468893616	0.09066392290643738	0.487521054600515	24027752.666666668	348463.9166666667	11.705000000000002	11.754967445771769
-1.9323342391992493	-0.9999993619853927	0.03688113209119052	0.14480978299403316	19981256.0	343977.075	10.315000000000001	10.46395014136145
-1.9751342393076161	-0.9999993464484025	0.04722605644866536	0.13874268627067265	19968202.5	465212.0	10.36	10.507243107474574
-1.886634423561382	-0.9999993415103621	0.02832962111547261	0.15158110912050676	19053030.7	281030.85	9.9	10.026891822322584
-0.2496029025529101	-0.9999995785159558	-0.0047693813789294005	0.7791101042854217	26941710.0	-85433.125	11.4	11.512816766734344
-0.9960726339229792	-0.9999994878079639	0.01837108467239748	0.369327079250753	24619578.25	299523.625	11.78	12.021828751435914
-2.051940488590296	-0.9999993444025638	0.04564464885857584	0.12848533719489996	19817230.7	438942.35	10.44	10.490798638937425
