-1.659554953586323	-0.9999992663213249	0.06842617333724071	0.19022361960557183	17734483.75	447490.375	20.995	21.160122806831403
-1.659554953586323	-0.9999993267554715	0.04825521032937782	0.19022361960557183	17734483.75	153221.15625	21.14	21.17607237574341
-1.659554953586323	-0.9999992538641385	0.06904279298294835	0.19022361960557183	17734483.75	558121.8125	21.17	21.26354706334485
-2.3039540836269428	-0.9999991019017079	0.028305260880499047	0.09986319460073134	13572067.3	196623.375	20.22	20.264768403792523
-2.3039540836269428	-0.9999991230262649	0.051395028611132744	0.09986319460073134	13572067.3	147611.6	20.28	20.291286518738758
-1.8304839439499117	-0.9999992340880831	0.06339882542522925	0.16033595538110323	16776778.5	380610.55	20.875	21.03828110962838
-2.0185199525107365	-0.9999991613743264	0.05799184369631181	0.13285194683344673	14942199.4	276760.675	20.37	20.629374610766035
-1.2665692375746875	-0.9999992536126601	0.0672181182772221	0.28179674295832324	17430135.6	446694.55	20.5	20.81194349800259
-2.1989859628317956	-0.9999991832807047	0.04330042052548464	0.11091557387038668	14989903.8	207427.85	20.595	20.849748441041847
-2.1989859628317956	-0.9999992905114371	0.015474634550734436	0.11091557387038668	14989903.8	41570.3	20.785	20.786630171456764
-2.0692897812157325	-0.9999991478686399	0.06051083609988447	0.12627543304977934	14725947.9	281655.075	20.37	20.522434423231882
-2.0692897812157325	-0.9999993047375408	0.010022484090858328	0.12627543304977934	14725947.9	27955.325	20.475	20.51117118500883
-2.0692897812157325	-0.9999991928214365	0.04990483191838394	0.12627543304977934	14725947.9	145286.45	20.53	20.545355991048883
-2.0692897812157325	-0.9999991329490302	0.07855272259440994	0.12627543304977934	14725947.9	350860.7	20.505000000000003	20.604303825012195
-2.1589791601192165	-0.9999991924519495	0.03131874751544289	0.11544290963229252	15298407.0	231930.825	20.095	20.108925032527274
-2.1589791601192165	-0.9999992034148869	0.06165608073946836	0.11544290963229252	15298407.0	196119.25	20.205	20.324604969504854
-2.1589791601192165	-0.9999991715733747	0.06707619227391846	0.11544290963229252	15298407.0	319210.025	20.384999999999998	20.512221789108445
-1.5531452621170827	-0.9999992521230109	0.0686058242741962	0.21158144706540208	17418774.14285714	454565.89285714284	20.75	20.9493921853518
-0.27707099801713175	-0.9999994084558818	0.08197822252442055	0.7580006786548601	22965789.0	794347.375	20.42	20.8438291597054
-0.27707099801713175	-0.9999994119371622	0.09991714690215664	0.7580006786548601	22965789.0	733311.375	20.965	20.9812191437657
-0.27707099801713175	-0.9999994346989179	0.08482785797840568	0.7580006786548601	22965789.0	434774.625	20.935000000000002	20.99886104968466
-0.27707099801713175	-0.9999994434830386	0.07947701310550957	0.7580006786548601	22965789.0	355346.375	20.87	20.880963135976334
-1.9626586739520777	-0.9999991760799716	0.04879889336080304	0.14048442169771058	15020796.7	237027.4	20.47	20.635904448550978
-1.060147621719055	-0.9999992907383475	0.06430944966325058	0.34640466970258643	18392264.5	462742.375	20.650000000000002	20.76435017418072
-1.4255757444013184	-0.9999992547326675	0.0651442930186333	0.24037003166159826	17455948.0	446567.375	20.88	21.080658139079368
-2.27122451020879	-0.9999991259990776	0.03664927322635323	0.103185750686737	13712525.3	160292.175	20.21	20.293746095581053
-2.27122451020879	-0.9999992751317016	0.007785086076920562	0.103185750686737	13712525.3	20738.075	20.185000000000002	20.193164858323666
