-1.6342147570894472	-0.9999998410570043	0.05455322658249318	0.19510551638681858	92618584.25	2473327.15625	17.86	18.34082391887521
-1.7235843301303737	-0.9999998356364576	0.041745753904998316	0.1784254646183472	89694198.77777778	2526778.8055555555	18.48	18.548904491409882
-2.1277232661855057	-0.9999997616198225	0.011802386379044575	0.11910816296918061	52109782.0	248186.325	17.1	17.278767896930948
-2.1277232661855057	nan	nan	0.11910816296918061	52109782.0	nan	17.265	17.39143479640351
-2.0402590634749638	-0.99999980791692	0.023714504348722833	0.1299950295517298	69972465.0	687299.3	18.27	18.306640673854147
-2.2367700310620755	-0.9999997171162501	0.013236792692290562	0.10680291796473693	43636408.6	229584.525	17.48	17.68691142782938
-2.1661500521889363	-0.9999997301299003	0.020189428448749325	0.11461804204001395	47548890.1	374003.725	16.98	17.15683988618592
-2.1661500521889363	nan	nan	0.11461804204001395	47548890.1	nan	17.27	17.296867836223143
-1.2418703812316028	-0.9999998404670408	0.07404306976942139	0.2888434649938194	94720181.0	3652748.65	18.55	19.042518570108747
-1.2418703812316028	nan	nan	0.2888434649938194	94720181.0	nan	19.21	19.487340710811264
-1.2418703812316028	nan	nan	0.2888434649938194	94720181.0	nan	19.41	19.649986345405445
-2.20249497001465	-0.9999997188035756	0.011213691179495684	0.11052705238598441	46266949.7	446903.775	17.47	17.483802330767464
-2.20249497001465	nan	nan	0.11052705238598441	46266949.7	nan	17.515	17.564985278279632
-2.20249497001465	nan	nan	0.11052705238598441	46266949.7	nan	17.59	17.609508436310445
-1.4007716282760256	-0.9999998512330759	0.0626203821687782	0.24640675614574142	100500475.33333333	3113151.9583333335	19.400000000000002	19.50265548083059
-1.8017922421026298	-0.9999998311474714	0.05130342932867241	0.16500289791697093	86263376.2	2117588.975	18.75	18.780839913298365
-1.0373571989417765	-0.9999998262722982	0.0684664354975227	0.3543900277883668	87565928.0	4043524.125	17.48	17.522094542497516
-1.0373571989417765	nan	nan	0.3543900277883668	87565928.0	nan	18.04	18.491014018318733
-1.8707167505980962	-0.9999998369051165	0.05070422559831881	0.15401323316797166	89391654.3	2146439.5	18.580000000000002	18.699850256253075
-1.8707167505980962	nan	nan	0.15401323316797166	89391654.3	nan	18.915	18.9356207592165
-1.8707167505980962	nan	nan	0.15401323316797166	89391654.3	nan	18.82	18.824089664297105
-0.7483464875623161	-0.9999998089084969	0.08905855804831468	0.47314826281667793	80607491.66666667	4893442.166666667	18.0	18.110516821111567
