-2.1202806097978324	-0.999999440902272	0.034009488970581016	0.1199979511857614	23254128.6	443001.4	17.23	17.235446831938866
-2.1202806097978324	-0.9999994925870986	0.030856188125682363	0.1199979511857614	23254128.6	133177.4	17.205	17.338175981937944
-1.9819998598321857	-0.9999994704299493	0.039003031262824756	0.13779339410494285	24244605.2	376703.675	16.82	16.916239384551826
-1.9819998598321857	-0.9999995087894916	0.03521318117162042	0.13779339410494285	24244605.2	148627.45	16.86	16.89614554168243
-1.9819998598321857	-0.999999493351057	0.049698024863624554	0.13779339410494285	24244605.2	216100.525	16.93	17.11026694091537
-1.9819998598321857	-0.9999994604774953	0.07815472287819632	0.13779339410494285	24244605.2	479504.25	17.25	17.29023019623433
-2.03198257292691	-0.9999994803443666	0.03910329882748481	0.13107539684282907	24740543.9	383295.075	17.29	17.33176765733611
-2.03198257292691	-0.9999995156093702	0.036515203548108145	0.13107539684282907	24740543.9	160184.475	17.305	17.364787943589334
-1.7950488197710157	-0.9999994195651836	0.04857280577915223	0.16611934224061847	22392710.1	441311.525	17.990000000000002	18.30652587472395
-1.7950488197710157	-0.9999994898702644	0.02243997256618139	0.16611934224061847	22392710.1	91416.05	18.33	18.414570681693643
-1.7950488197710157	-0.9999994347123737	0.07981502696394688	0.16611934224061847	22392710.1	314367.75	18.455	18.507529096192254
-1.7950488197710157	-0.9999994092330052	0.10270645368490126	0.16611934224061847	22392710.1	556193.9	18.490000000000002	18.56415610856746
-2.1593185221668776	-0.9999994280611029	0.030089034385856615	0.1154037393369235	21676538.2	242232.0	17.16	17.56728559040387
-2.1593185221668776	-0.99999940027	0.040878764859724075	0.1154037393369235	21676538.2	442443.475	17.68	17.752938080156575
-2.1593185221668776	-0.999999430692525	0.05016248096201989	0.1154037393369235	21676538.2	228801.675	17.65	17.775702124655577
-1.627851889439604	-0.9999994019028094	0.050983296244258694	0.19635090488469537	21781414.75	454703.46875	18.05	18.12844051108729
-1.038386051460141	-0.9999993446601668	0.02317734978382283	0.35402560021905144	18390296.5	171422.75	16.93	17.03042522535729
-1.241146929998843	-0.9999993590789812	0.03917132252463947	0.28905250476056504	19688580.6	302193.2	17.060000000000002	17.344115109570417
-1.241146929998843	-0.999999426260605	0.020762744167377004	0.28905250476056504	19688580.6	80507.2	17.425	17.472664416061363
-1.241146929998843	-0.9999993445751953	0.10114653776100882	0.28905250476056504	19688580.6	402070.05	17.36	17.361497418269163
-1.241146929998843	-0.9999993395758551	0.10429273883546387	0.28905250476056504	19688580.6	443659.1	17.425	17.44548797421045
-1.522073212672241	-0.9999994004327143	0.05305749480028554	0.21825892040685216	21822379.714285713	481173.35714285716	17.490000000000002	17.924755971916852
-1.522073212672241	-0.999999363757247	0.08354182304230402	0.21825892040685216	21822379.714285713	1071242.7857142857	17.995	18.037787520363533
-2.3222745348698	-0.9999991483113745	0.033351174490641365	0.09805031292413097	15248860.4	436820.95	17.05	17.051720498369974
-0.2685180782925617	-0.9999993900338766	0.03327137300061267	0.7645116016205193	21962359.5	657561.625	16.665	16.706850835960935
-0.2685180782925617	-0.9999993884231232	0.14968085918639418	0.7645116016205193	21962359.5	681239.875	16.83	16.884590117498217
-1.3970539109246092	-0.999999346963499	0.03895331585052796	0.2473245317766845	19313607.666666668	300285.0416666667	17.400000000000002	17.579168324154487
-1.7172243802426705	-0.9999994001983478	0.04962961351602545	0.17956385785675152	21692601.333333332	447421.27777777775	17.76	18.014380235458265
-0.7506527385776145	-0.9999994112417743	0.018804596715206998	0.47205832147742804	20368713.333333332	161496.91666666666	16.9	17.099883865473142
-2.0780341604176673	-0.9999994615580976	0.03710354384874282	0.12517604651099326	23702058.7	348773.75	17.38	17.552270518914497
