-2.2205264894647705	nan	nan	0.10855194232348438	3701444.3	nan	25.725	25.82420825288028
-2.2205264894647705	nan	nan	0.10855194232348438	3701444.3	nan	26.04	26.214353326994978
-2.128879950847492	nan	nan	0.1189704720318061	2931072.6	nan	24.275	24.88406761975328
-2.128879950847492	nan	nan	0.1189704720318061	2931072.6	nan	24.995	25.432018559301774
-2.128879950847492	nan	nan	0.1189704720318061	2931072.6	nan	25.685000000000002	25.760376281864797
-2.3687732131007917	nan	nan	0.09359547758169107	4767527.4	nan	25.35	25.61950817644209
-2.3687732131007917	nan	nan	0.09359547758169107	4767527.4	nan	25.650000000000002	25.755598719260085
-2.3687732131007917	nan	nan	0.09359547758169107	4767527.4	nan	25.92	25.944259071666284
-2.261486139629784	nan	nan	0.1041955205417342	3911028.3	nan	26.02	26.020149825368346
-2.4000356270665892	nan	nan	0.09071472133242277	4269257.2	nan	26.0	26.345242267283812
-2.4000356270665892	nan	nan	0.09071472133242277	4269257.2	nan	26.29	26.30089070745912
-1.0872378943362697	-0.9999972018181253	0.05383550205821121	0.3371464429059826	3921324.75	58253.6875	27.6	27.936863338494557
-1.0872378943362697	-0.999997117035141	0.11178414816822987	0.3371464429059826	3921324.75	81229.125	28.035	28.09484496790463
-2.429958149689255	nan	nan	0.08804051702827016	3614136.9	nan	25.900000000000002	25.917353374105772
-2.429958149689255	nan	nan	0.08804051702827016	3614136.9	nan	26.045	26.161643410744265
-0.28802475572918806	-0.999996600110574	0.0920855016237724	0.7497430315738506	3241803.0	61191.0	26.785	27.14144057591291
-0.28802475572918806	-0.9999964561772227	0.14450711140171663	0.7497430315738506	3241803.0	97573.875	27.17	27.37651357222947
-0.28802475572918806	-0.9999964120921125	0.1429497575056417	0.7497430315738506	3241803.0	112564.5	27.545	27.588357561225706
-0.28802475572918806	-0.9999963098468645	0.1388340920530766	0.7497430315738506	3241803.0	156802.625	27.634999999999998	27.747887879655845
