-2.165014427610628	-0.9999978678355325	0.05827466854689266	0.11474827904184567	5626171.4	162091.55	26.915	27.431311002979104
-2.165014427610628	-0.9999983597242545	0.010066783812864535	0.11474827904184567	5626171.4	10181.975	27.515	27.623137225417512
-1.7858380731223658	-0.9999979371052561	0.02948505034402508	0.1676564937044134	5472844.111111111	80008.55555555556	26.1	26.62904562662556
-1.2880278764549251	-0.999997249245008	0.013569720821647114	0.27581418673579694	3882041.6	43413.35	24.665	24.70170263262956
-1.2880278764549251	-0.9999971934486295	0.08051586834592499	0.27581418673579694	3882041.6	53913.2	24.495	24.88828943141664
-1.2880278764549251	-0.9999977503425548	-0.005507287873626561	0.27581418673579694	3882041.6	-6204.95	24.91	25.025258724339846
-2.1161577392421007	-0.9999978237979469	0.050779572312955094	0.12049370847477554	5410510.7	129878.775	26.085	26.59104521104048
-2.1161577392421007	-0.999998385499554	0.0068938028870829705	0.12049370847477554	5410510.7	6217.425	26.655	26.6842661360392
-2.1161577392421007	-0.9999980205601726	0.05801651064186953	0.12049370847477554	5410510.7	44790.8	26.895000000000003	26.93049351528783
-2.0044412903145705	-0.9999977986892918	0.0431972674814459	0.13473555272841264	5268140.7	108749.825	26.415	26.617483396695604
-2.0044412903145705	-0.9999983328896023	0.0073820226818588726	0.13473555272841264	5268140.7	6518.625	26.595	26.79220785756397
-2.0044412903145705	-0.9999979836117973	0.05370680138665721	0.13473555272841264	5268140.7	41051.9	26.815	26.89027559842254
-1.5813063269009315	-0.9999979112537364	0.03232265187647788	0.20570620306389348	5463628.428571428	90411.10714285714	26.0	27.079469270863992
-1.0776007441448745	-0.9999982839848406	0.00037871542232398986	0.34041128040909485	3748004.75	620.1875	24.26	24.463682712117773
-1.0776007441448745	-0.9999974255381672	0.009630424110047085	0.34041128040909485	3748004.75	15506.75	24.700000000000003	24.705947957019085
-2.425038417576314	-0.9999965114503531	0.06500194713307558	0.08847471999248886	3250488.3	84076.125	26.72	26.865714693295292
-2.425038417576314	-0.9999967122313392	0.05372067611975063	0.08847471999248886	3250488.3	43775.55	26.825000000000003	26.827400250712497
-2.425038417576314	-0.9999969818536449	0.03470121761598335	0.08847471999248886	3250488.3	18222.175	26.835	26.858374061190418
-1.4499344697985972	-0.9999976150369403	0.02548395400052134	0.23458566003567732	4542423.0	50690.375	25.14	25.876747614802866
-1.4499344697985972	-0.9999976089073178	0.051178934613879644	0.23458566003567732	4542423.0	52121.625	25.915	25.918955871819065
-2.0627953914352273	-0.9999977544329801	0.04709173011839176	0.12709818367155415	5185256.8	113986.225	26.59	26.849335360249633
-2.0627953914352273	-0.9999977884707922	0.03432635822777479	0.12709818367155415	5185256.8	95543.45	26.810000000000002	26.850596017519532
-2.210263266007605	-0.999997756435055	0.05577831116297571	0.10967177186503212	5279160.9	139264.9	27.33	27.494473499934923
-2.291329493419884	-0.9999972044954646	0.06507839077009756	0.1011319182164518	4139885.2	106197.775	26.55	26.80769173777922
-2.291329493419884	-0.9999975263591716	0.03362108908249812	0.1011319182164518	4139885.2	28016.625	26.85	26.95883759834287
-2.291329493419884	-0.999997654017067	0.024950115631422496	0.1011319182164518	4139885.2	16515.25	26.65	26.687466063348417
-2.291329493419884	-0.9999974573424955	0.035795332459123926	0.1011319182164518	4139885.2	37282.65	26.740000000000002	26.90076307192216
-2.453736570444411	-0.999996359594624	0.06289314532266517	0.08597174609863942	3093549.6	77789.5	26.69	26.780691979166665
-2.453736570444411	-0.9999964268008189	0.0475570712401532	0.08597174609863942	3093549.6	63186.95	26.75	26.775707139306252
-2.453736570444411	-0.9999967953132706	0.03766603037107633	0.08597174609863942	3093549.6	20207.475	26.73	26.785897189526782
