-2.074424599372488	-0.9999969870912262	0.01079231117415272	0.12562869352933234	3242280.5	17476.95	10.21	10.238719522068536
-1.5410475210617414	-0.9999985044693566	0.008768730832377473	0.21415665028716627	6867109.375	28852.09375	10.55	10.624200446727157
-1.5410475210617414	-0.9999985697120795	0.02697711232466622	0.21415665028716627	6867109.375	18432.84375	10.684999999999999	10.69965857123829
-1.5410475210617414	-0.9999982836056427	0.0740573707445672	0.21415665028716627	6867109.375	131486.59375	10.71	10.75360272883298
-1.322687237655205	-0.9999983010721104	0.028743156500647037	0.2664184095848782	7130868.666666667	182558.54166666666	10.285	10.39211383416988
-1.322687237655205	-0.999998351759225	0.06831821346618512	0.2664184095848782	7130868.666666667	127182.79166666667	10.495000000000001	10.587168292129734
-1.322687237655205	-0.999998409361706	0.07647719027701187	0.2664184095848782	7130868.666666667	84340.79166666667	10.625	10.819661777840695
-1.962239480286772	-0.999998063246064	-0.0024781074086679083	0.14054332422228047	4439360.0	-5419.525	9.99	10.11568927934449
-1.962239480286772	-0.9999978402707306	0.03256866618745873	0.14054332422228047	4439360.0	14584.975	10.120000000000001	10.124228142236827
-1.8727929028254746	-0.9999976951362258	0.020129569492152666	0.15369380995123272	4835052.7	69156.225	10.05	10.050730088293985
-1.8727929028254746	-0.999997594587226	0.09796467191007927	0.15369380995123272	4835052.7	112452.775	10.120000000000001	10.205541818035845
-1.177741978940195	-0.9999984315182175	0.015879442325161166	0.3079733644088358	6983775.4	57177.0	10.3	10.499266023352451
-0.24658293136216802	-0.9999986793983718	0.006988490794161233	0.7814665507640753	7616768.0	23357.5	10.8	10.919574528154174
-1.82113444951374	-0.9999984609888259	-0.0014710358702013722	0.16184204512170722	5396865.4	-4046.425	10.3	10.397213424079345
-2.1372952159276606	-0.9999962951398854	0.03984982198923827	0.11797350472849888	2939786.9	53716.775	10.13	10.1881645986331
-2.1372952159276606	-0.9999964925263539	0.09929994894188159	0.11797350472849888	2939786.9	30067.25	10.25	10.297154907457443
-2.1372952159276606	-0.999996291886566	0.06570917272571966	0.11797350472849888	2939786.9	54233.0	10.35	10.384487684914635
-1.4425600867678694	-0.9999985360207344	0.00882319032669332	0.23632197881754544	7068129.571428572	31180.964285714286	10.81	10.815879104936533
-2.0021044681218902	-0.9999974496585294	0.012802291738942618	0.13505077392266765	3970963.1	25016.025	10.17	10.18490859320286
-2.0021044681218902	-0.99999715434028	0.05248212298327751	0.13505077392266765	3970963.1	80821.425	10.245000000000001	10.33629203420736
-2.0021044681218902	-0.9999971998290942	0.07528005422103239	0.13505077392266765	3970963.1	67464.75	10.24	10.357352370000118
