-1.4475254849231611	-0.9999934369771774	0.0624161134195632	0.23515145456430991	1607440.3333333333	38163.75	24.330000000000002	24.342503402468694
-1.7787768877671928	-0.9999928539814013	0.06332226038721328	0.16884453684251405	1535135.7777777778	58109.916666666664	24.28	24.315241878182842
-1.9935094499652954	-0.999994300731069	0.050059437637090996	0.1362165404923342	1816910.9	31414.725	24.38	25.11022592004989
-1.285978265479855	-0.9999936261205743	0.06426796162331458	0.2763800782506357	1671147.6	42263.1	24.21	24.24023732743176
-1.285978265479855	-0.9999938566621225	0.07632414219330066	0.2763800782506357	1671147.6	28749.9	24.325000000000003	24.332763661708398
-1.285978265479855	-0.9999946420428069	0.030731473655445898	0.2763800782506357	1671147.6	7737.3	24.259999999999998	24.317687724919317
-2.1032314548231072	-0.9999943458831981	0.05198145151187301	0.12206135451254518	1942398.1	58837.15	24.23	24.279755806541925
-2.1032314548231072	-0.9999951183457296	0.037889607267731364	0.12206135451254518	1942398.1	13121.925	24.42	24.512254433814558
-0.7787030419931203	-0.9999938326993031	0.07727371088089711	0.4590009303611114	1777357.6666666667	57611.75	23.85	24.0316919605607
-0.7787030419931203	-0.999994019445823	0.1015138666402548	0.4590009303611114	1777357.6666666667	41338.916666666664	24.095	24.308707440254633
-1.5776922854437792	-0.9999930464858975	0.07480096625215144	0.2064509788243525	1605654.4285714286	70609.96428571429	24.32	24.389569363123847
-1.5776922854437792	-0.9999948657759107	0.013886295183079695	0.2064509788243525	1605654.4285714286	3802.9285714285716	24.410000000000004	24.4552344918917
-1.9301425061638577	-0.9999936021873941	0.034059796841520516	0.14512751544443228	1511056.3	15794.1	23.85	24.03296412164414
-1.9301425061638577	-0.9999930430378918	0.08732624390410743	0.14512751544443228	1511056.3	36766.2	24.115000000000002	24.193907788719784
-1.9301425061638577	-0.9999939117347342	0.03527536159538755	0.14512751544443228	1511056.3	9893.275	24.255000000000003	24.280582683855496
-1.07568916374684	-0.9999939381925316	0.0668390821591224	0.34106262629166306	1780228.0	48600.0	24.150000000000002	24.337805764979947
-1.07568916374684	-0.9999941701996745	0.0776370240886187	0.34106262629166306	1780228.0	32155.625	24.36	24.362552736166307
