-2.2584745930723984	-0.9999982723020943	0.01914471350853863	0.10450978317367556	6181394.9	43458.425	12.58	12.606133613319955
-2.2584745930723984	-0.9999983251908242	0.02615924559283923	0.10450978317367556	6181394.9	31339.2	12.73	12.819683797467965
-2.2584745930723984	-0.9999988376519405	0.0009308984426797731	0.10450978317367556	6181394.9	1318.4	12.830000000000002	12.957343209163723
-2.2584745930723984	-0.9999987950305359	0.00127647223864415	0.10450978317367556	6181394.9	1716.1	12.905000000000001	12.922507222578998
-1.3203294940135601	-0.9999984797612208	0.055666858460379935	0.2670472969823958	7960346.2	180163.75	30.995	31.006645793374464
-1.3203294940135601	-0.9999985337982762	0.08343132745605929	0.2670472969823958	7960346.2	117179.8	31.445	31.894783696155628
-2.1065272185720216	-0.999998335329927	0.023193814320944913	0.12165973131632263	6621133.6	61205.15	30.64	30.7495567302693
-2.1065272185720216	-0.9999983804385233	0.041351176530967544	0.12165973131632263	6621133.6	45401.975	30.87	30.972954317504595
-2.1065272185720216	-0.9999984064439393	-0.02784833318141456	0.12165973131632263	6621133.6	-38220.275	31.135	31.282368978295395
-0.29538207085162643	-0.999998127939629	0.07507285332958905	0.7442471779839698	6928860.0	429871.625	32.555	32.77249860375108
-0.29538207085162643	-0.9999982805546848	0.11090370347812233	0.7442471779839698	6928860.0	149311.375	32.79	33.10612046873964
-1.4861843525345166	-0.9999984733886192	0.047414926673264336	0.22623424084890817	7820487.5	153098.79166666666	31.96	32.284301574090556
-1.4861843525345166	-0.9999985154301778	0.07903661724679137	0.22623424084890817	7820487.5	110199.83333333333	31.509999999999998	31.687665276950565
-1.8267591427466154	-0.9999984800633509	0.04170770405911297	0.16093428858497735	7736843.555555556	127964.0	31.15	31.48852182833474
-1.8267591427466154	-0.9999985160419167	0.07005176884243647	0.16093428858497735	7736843.555555556	96871.55555555556	31.675	31.96846482739013
-2.0480917382355583	-0.9999983704624643	0.016035309667020138	0.12898079802292622	7071214.2	100992.25	30.05	30.05605457020619
-2.0480917382355583	-0.9999984700106549	-0.034541438095327	0.12898079802292622	7071214.2	-49954.225	30.085	30.258466602201725
-0.7989398299386292	-0.9999984307349024	0.08099268539964963	0.4498055818359618	7869385.666666667	230763.33333333334	32.52	33.43441534327463
-0.7989398299386292	-0.9999984762172547	0.09334745117098978	0.4498055818359618	7869385.666666667	161333.33333333334	33.675	34.1700567131716
-2.30979734086812	-0.9999982284433739	0.027774232341624964	0.09928136979721951	6286659.9	68676.3	12.88	13.035459313435956
-2.30979734086812	-0.9999982794975215	0.03873937004114742	0.09928136979721951	6286659.9	49821.1	12.89	12.940184613728889
