-1.8142582381332475	-0.9999975926499299	0.034057622011411486	0.1629587401497581	4477316.555555556	47975.583333333336	29.7	30.23898300421258
-1.8142582381332475	-0.9999974377219149	0.0759656893862529	0.1629587401497581	4477316.555555556	96001.55555555556	30.315	30.433802656105534
-1.8142582381332475	-0.9999974950871658	0.06243749166750205	0.1629587401497581	4477316.555555556	74256.02777777778	30.3	30.50309707803933
-1.8973690141464363	-0.9999975953951569	0.03292984262667271	0.1499626502616986	4492748.8	49181.125	30.4	30.58349232009711
-1.474426463945889	-0.9999972544562263	0.05144685542689726	0.2289099775284408	4247579.333333333	116065.08333333333	29.43	29.46295968343148
-1.474426463945889	-0.999997378406668	0.0648051723393656	0.2289099775284408	4247579.333333333	68556.33333333333	29.595	29.942660833520307
-1.474426463945889	-0.9999973940828776	0.04459887404256591	0.2289099775284408	4247579.333333333	64140.041666666664	30.17	30.298785686811375
-2.0353392596630653	-0.9999978354297885	0.022021449021932912	0.13063615540718465	4845686.6	35911.075	29.54	29.758738466817704
-2.0353392596630653	-0.9999975435023936	0.06020679723837923	0.13063615540718465	4845686.6	147769.775	30.05	30.173822948692738
-2.0353392596630653	-0.9999976727881063	0.07137314512968243	0.13063615540718465	4845686.6	78978.175	29.990000000000002	30.086192294342244
-2.0353392596630653	-0.9999976895176667	0.05065281993633158	0.13063615540718465	4845686.6	72828.275	30.17	30.561044626152032
-0.7923494210426991	-0.9999972003331841	0.05688141417451176	0.45277977435138306	4220512.666666667	135404.5	29.78	29.792068970561544
-0.7923494210426991	-0.9999972993421458	0.07544549609966136	0.45277977435138306	4220512.666666667	89156.58333333333	29.725	30.083833269889602
-0.7923494210426991	-0.9999972804574552	0.06989702485963803	0.45277977435138306	4220512.666666667	96553.58333333333	30.275	30.31566407976096
-2.326301582974369	-0.9999979521357046	0.01248668186333305	0.09765625357783136	4921432.9	23822.475	30.0	30.265502052851133
-2.0946529962739526	-0.9999977780184032	0.02226268472626383	0.12311295689747992	4750420.3	38381.1	30.55	30.607927011380248
-1.0951495997358824	-0.9999974435857247	0.038538999336883886	0.33448956365509097	4234421.75	50257.5625	30.02	30.233168674268796
-1.0951495997358824	-0.9999974920608669	0.062061733940589704	0.33448956365509097	4234421.75	40931.1875	30.395000000000003	30.463194541911786
-1.0951495997358824	-0.9999973442218634	0.0757093934673491	0.33448956365509097	4234421.75	76547.875	30.37	30.373392099700464
-2.1485404729321895	-0.9999978672664298	0.02161345197458389	0.11665429368351918	4944899.4	38029.85	30.72	31.079595774522364
-2.1485404729321895	-0.999997783529008	0.046629482556019286	0.11665429368351918	4944899.4	57538.45	31.245	31.3002197491522
-2.1485404729321895	-0.9999977602697622	0.059977350514744565	0.11665429368351918	4944899.4	64551.925	31.270000000000003	31.354165248251544
-2.1485404729321895	-0.9999976691106809	0.06937271592328549	0.11665429368351918	4944899.4	101316.375	31.240000000000002	31.498401711035886
