-0.7809620332312152	-0.9999967616422752	-0.008800970556891777	0.4579652215501515	2944544.0	-13841.333333333334	24.03	24.06923136713015
-0.7809620332312152	-0.9999964036388365	0.06638066843591167	0.4579652215501515	2944544.0	39720.333333333336	24.23	24.4288879335053
-0.7809620332312152	-0.9999976425849382	0.0013175790547432845	0.4579652215501515	2944544.0	1033.3333333333333	24.375	24.50821797207043
-1.7756914234584835	-0.9999960036248194	0.008319920462433354	0.16936630516949727	2181010.222222222	6099.555555555556	22.73	23.002831715210355
-1.7756914234584835	-0.9999956131689338	-0.027587859527684677	0.16936630516949727	2181010.222222222	-14294.833333333334	23.02	23.04741841357598
-1.7756914234584835	-0.9999954679725614	0.04587138685304687	0.16936630516949727	2181010.222222222	19620.833333333332	23.145	23.22985196727698
-2.0988111321146112	-0.9999936579244952	0.04775769509706953	0.12260209934257373	1611011.3	27367.7	24.1	24.191643755781687
-2.0988111321146112	-0.999995131717604	-0.006447743394258122	0.12260209934257373	1611011.3	-2546.475	24.25	24.358239296391545
-2.0988111321146112	-0.9999941980085304	0.03817002240413816	0.12260209934257373	1611011.3	11464.225	24.435000000000002	24.49351950460213
-2.0988111321146112	-0.9999939924928306	0.04525013371700974	0.12260209934257373	1611011.3	15964.125	24.42	24.51057216905901
-1.8554722620817194	-0.9999955673780713	0.014484367120524458	0.15637907332677498	2085420.7	10340.1	23.39	23.689107757185663
-1.9894566164723215	-0.9999938514125385	0.02860844157326455	0.13676972367240817	1579838.1	16542.9	23.64	23.88064262990456
-1.9894566164723215	-0.9999942789558381	-0.02300530846539824	0.13676972367240817	1579838.1	-8418.65	23.87	23.901985925344977
-2.1470613421834615	-0.9999931944442793	0.05371919896295542	0.11682696830896973	1520534.7	31196.2	24.5	24.587585858585857
-2.1470613421834615	-0.9999943164640513	0.015567360827660894	0.11682696830896973	1520534.7	5663.725	24.64	24.648265467919906
-2.046682829861976	-0.99999356156364	0.03679361814508129	0.12916264822434637	1546248.9	21065.2	23.81	24.191178317569783
-2.1912989495713284	-0.9999943967476818	0.061970053012816564	0.1117714687807059	1947104.2	54726.2	25.425	25.726425275496975
-2.1912989495713284	-0.9999950746719548	0.037984477492494034	0.1117714687807059	1947104.2	14618.725	25.580000000000002	25.66204126370084
-1.4484990270463236	-0.9999964996027363	-0.007667963464552612	0.23492263611823908	2499186.6666666665	-6298.0	22.990000000000002	23.20222074860006
