-2.1956504494337636	-0.9999996123809048	0.017457873470287436	0.11128615194356911	30605179.9	141937.925	23.285	23.288861862956836
-2.1956504494337636	-0.9999996125225711	-0.024832995101644172	0.11128615194356911	30605179.9	-141323.85	23.335	23.460607424277356
-2.1956504494337636	-0.9999996363590419	0.01856483445727351	0.11128615194356911	30605179.9	68137.45	23.515	23.63403311055289
-1.6897724353781831	-0.9999996585877019	0.02359081266808815	0.18456151888677944	35787172.375	202435.34375	25.18	25.397839421817793
-1.2887904923922224	-0.9999997117110769	0.014769809754762414	0.27560392662530536	41264487.0	146691.6	23.78	24.081269768278332
-1.2887904923922224	-0.9999997037978547	-0.008299169895875183	0.27560392662530536	41264487.0	-203337.95	24.32	24.343701921336912
-2.0546078349362786	-0.9999996785356781	-0.005764061786926416	0.12814307896376503	33513481.9	-47732.5	22.785	23.02106287631962
-2.1524630805403167	-0.9999996225756421	0.017449656730881634	0.1161976009623552	31519655.9	146719.675	23.05	23.46218518856464
-2.1058171988608567	-0.9999996336956596	0.014966015502548058	0.1217461427969092	32004684.9	123432.15	23.05	23.35924347445415
-1.449758023030446	-0.999999697541249	0.01865536001876315	0.2346270555691919	39950351.833333336	176897.875	24.55	24.726970594263815
-1.449758023030446	-0.9999997255350374	0.009137068058833285	0.2346270555691919	39950351.833333336	57812.166666666664	24.735	24.81969414277084
-1.449758023030446	-0.9999997617246406	-0.002554799918876777	0.2346270555691919	39950351.833333336	-13617.5	24.82	25.013512708960214
-1.449758023030446	-0.9999996680637672	0.04025037027101004	0.2346270555691919	39950351.833333336	574334.6666666666	25.195	25.201813161220144
-1.7830186562481287	-0.9999996374436617	0.023124229125562473	0.16812985423861163	33426850.222222224	183342.44444444444	25.37	25.38775100511335
-1.7830186562481287	-0.9999996752713088	0.0100682181695358	0.16812985423861163	33426850.222222224	51773.72222222222	25.305	25.343515914498834
-1.7830186562481287	-0.999999723115239	-0.0023046946753743805	0.16812985423861163	33426850.222222224	-10459.75	25.384999999999998	25.412954655668695
-1.7830186562481287	-0.9999996484179653	0.0407455437005994	0.16812985423861163	33426850.222222224	127041.88888888889	25.145	25.21934516289899
-1.7830186562481287	-0.9999996534371646	0.033937635727532216	0.16812985423861163	33426850.222222224	107419.25	25.3	25.32158223889931
-2.236341640817943	-0.9999996006883208	0.01713218606579462	0.10684868109437722	29613458.4	136624.625	23.52	23.653890407189838
-0.7819996357916164	-0.9999997084371012	0.030922653585099377	0.457490282105499	43694497.0	341018.25	24.03	24.373648788742035
-2.3089013417817172	-0.9999997024991368	0.0021647538217819265	0.0993703656780146	33229216.7	19646.8	22.15	22.46233193912706
-2.3089013417817172	-0.9999996486042351	-0.01923278649377753	0.0993703656780146	33229216.7	-117782.8	22.380000000000003	22.457064337367868
