-2.0988445970358907	-0.9999992194830479	0.0647449215001623	0.12259799654162086	15080517.7	129390.725	13.5	13.532092047798088
-2.0988445970358907	-0.9999990863450876	0.07338803826053367	0.12259799654162086	15080517.7	963558.075	13.57	13.57001514288016
-1.6718698601965463	-0.9999990000131056	0.06340632530510164	0.18789539882993964	11547156.111111112	103465.66666666667	13.17	13.208690195541894
-1.6718698601965463	-0.9999989474576694	0.06097179738381665	0.18789539882993964	11547156.111111112	189826.41666666666	13.205000000000002	13.21550588048079
-1.6718698601965463	-0.9999990454019019	0.06239703991014886	0.18789539882993964	11547156.111111112	61259.666666666664	13.280000000000001	13.28153271386148
-2.0184470470221876	-0.9999989902560842	0.07238354166201039	0.1328616328226119	12302929.5	248402.125	13.58	13.693493263555126
-2.0184470470221876	-0.9999990133297427	0.11228896233828219	0.1328616328226119	12302929.5	187012.225	13.715	13.750721544427618
-2.0184470470221876	-0.9999989983153295	0.08120777010257733	0.1328616328226119	12302929.5	224954.05	13.780000000000001	13.79077751395617
-2.0184470470221876	-0.9999990176823113	0.05653463349565376	0.1328616328226119	12302929.5	177261.2	13.8	13.80798433225936
-1.9246601956131026	-0.9999989861384974	0.0716642156073482	0.1459253345012227	13292106.5	712370.675	13.61	13.670877887283492
-1.9246601956131026	-0.9999991646011333	0.04789773459965226	0.1459253345012227	13292106.5	66449.375	13.635000000000002	13.675422983634741
-1.9246601956131026	-0.999999125477255	0.07226900655727826	0.1459253345012227	13292106.5	111774.7	13.71	13.764524615126122
-1.812068418373725	-0.9999990537546741	0.05751224181932848	0.16331598142316772	12175246.0	100786.5	13.32	13.404379113236583
-1.812068418373725	-0.9999990239100011	0.08020528881535625	0.16331598142316772	12175246.0	144947.8	13.485	13.554675921302307
-2.1347293330090005	-0.999999133527501	0.07539477773815634	0.11827659961584146	15910126.6	970615.925	13.57	13.673179710174033
-2.1347293330090005	-0.999999272290868	0.06931026505380566	0.11827659961584146	15910126.6	106716.925	13.63	13.630257771038666
-2.1347293330090005	-0.9999992161848706	0.06537275090194994	0.11827659961584146	15910126.6	260561.475	13.620000000000001	13.774036017881317
-1.871049721204527	-0.9999990857063655	0.06117616103144323	0.15396195982505712	12691964.1	109554.0	13.35	13.403156235816228
-1.871049721204527	-0.999999062941129	0.07778698185198855	0.15396195982505712	12691964.1	146255.55	13.455	13.550316224935045
-1.871049721204527	-0.9999990556690314	0.08089385844517878	0.15396195982505712	12691964.1	160397.2	13.545000000000002	13.566525628449552
-2.0603763439146645	-0.9999991191240035	0.08373698488286294	0.12740601239367386	14812452.2	464135.325	13.75	13.757713074148212
-1.4856740159571944	-0.999999064658543	0.06700880986778943	0.22634972592267827	12470240.857142856	116299.57142857143	13.26	13.272661793250315
-1.4856740159571944	-0.9999990823842065	0.05050607021138946	0.22634972592267827	12470240.857142856	93235.07142857143	13.280000000000001	13.281839787747936
-1.4856740159571944	-0.9999990854347807	0.05395291833211078	0.22634972592267827	12470240.857142856	89754.85714285714	13.3	13.324109851591231
-0.7338102914359145	-0.99999885595026	0.11797079650287444	0.4800762702081412	10729762.666666666	214352.58333333334	13.68	13.713800183085393
-0.7338102914359145	-0.9999987326048677	0.08976638780891655	0.4800762702081412	10729762.666666666	805201.4166666666	13.705000000000002	13.715137620445626
-1.7462381216204699	-0.9999990113534576	0.06852712537110256	0.17442889103543036	11727970.4	108532.85	13.19	13.22898597039545
-1.7462381216204699	-0.9999990158645204	0.06305441334738898	0.17442889103543036	11727970.4	102940.05	13.245000000000001	13.251685345116154
-1.7462381216204699	-0.9999989888629071	0.07861962949004649	0.17442889103543036	11727970.4	141291.275	13.280000000000001	13.324519756268328
-1.7462381216204699	-0.9999990474702711	0.06733367144111238	0.17442889103543036	11727970.4	71056.2	13.36	13.373180150270837
-0.2590607839367035	-0.9999989783127691	0.12070608083937658	0.7717761100277178	12291171.5	284284.125	13.700000000000001	13.714466016382167
-0.2590607839367035	-0.9999990356608579	0.09152294975380498	0.7717761100277178	12291171.5	140484.25	13.76	13.776467133857901
-0.2590607839367035	-0.9999990893877626	0.07801909674728627	0.7717761100277178	12291171.5	72582.375	13.74	13.746759250451822
-1.0161899183002518	-0.9999988596681271	0.09739634272629992	0.3619714570112518	10557793.5	169292.375	13.665	13.691541982608049
-1.0161899183002518	-0.9999988937741142	0.08762482112102744	0.3619714570112518	10557793.5	118101.0625	13.700000000000001	13.72009212952337
