-2.2297978947362886	-0.9999995848783365	0.059783143661927676	0.10755016439375403	31316324.5	442449.875	20.35	20.74761807722159
-2.2297978947362886	-0.9999996236700902	0.025350854026086018	0.10755016439375403	31316324.5	131302.875	20.915	20.993363026309297
-2.2297978947362886	-0.9999996124358985	0.04763045829538624	0.10755016439375403	31316324.5	186666.3	21.064999999999998	21.134604790809387
-2.2297978947362886	-0.9999996424261874	0.024288276096654068	0.10755016439375403	31316324.5	72975.85	21.045	21.111661461830938
-1.5561205500642357	-0.9999997084422712	0.009231052064403621	0.2109528669032975	37563886.28571428	57069.42857142857	18.04	18.349576392551434
-1.5561205500642357	-0.9999996684789964	0.010469494572196725	0.2109528669032975	37563886.28571428	256071.85714285713	18.270000000000003	18.300788716733422
-1.5561205500642357	-0.999999670773906	0.04658360046867685	0.2109528669032975	37563886.28571428	234921.64285714287	18.11	18.452756373396227
-2.3859865166319034	-0.9999996040160775	0.036598189961027684	0.09199817706577035	31737425.6	287077.3	18.72	19.13730137836239
-2.1925439616391005	-0.9999996183882631	0.045057691694440585	0.11163239854326712	33432836.7	347444.425	19.885	20.39401572099178
-2.1925439616391005	-0.9999996441380636	0.02834039286339795	0.11163239854326712	33432836.7	146894.1	20.695	20.76121324644178
-2.2987123725099154	-0.9999995493465381	0.041699973905245664	0.10038802291559708	29617544.7	626088.775	20.53	20.563170291349916
-1.6584484800728372	-0.9999997119604193	0.013930268645289366	0.1904342134890963	39944595.375	99271.5625	18.945	19.04056504902127
-1.6584484800728372	-0.9999997740763539	-0.0013990789593888737	0.1904342134890963	39944595.375	-8302.46875	19.18	19.261416632100545
-1.6584484800728372	-0.9999996995841308	0.01706755159622887	0.1904342134890963	39944595.375	162752.21875	19.415	19.464667047210586
-1.6584484800728372	-0.9999996914061499	0.045372113110114916	0.1904342134890963	39944595.375	225630.0625	19.575000000000003	19.651377800228293
-1.6584484800728372	-0.9999997117122931	0.02047597581797526	0.1904342134890963	39944595.375	100260.375	19.57	19.728219625199046
-1.6584484800728372	-0.9999997484634173	-0.005555133332128794	0.1904342134890963	39944595.375	-23097.59375	19.975	20.06301723233865
-1.6584484800728372	-0.9999997019660616	0.035715162762420455	0.1904342134890963	39944595.375	147980.875	20.330000000000002	20.382526504975523
-2.1097710288291722	-0.9999996958740404	0.03304274843977787	0.12126572961086698	41472688.3	300414.3	19.375	19.778742152801815
-2.1097710288291722	-0.9999997246821523	0.007781708975574824	0.12126572961086698	41472688.3	90958.65	19.925	20.01158599453429
-0.2822555513398616	-0.9999993939269872	0.04349867197149384	0.7540809535097687	19763023.0	159186.0	22.650000000000002	22.845800668141784
-0.2822555513398616	-0.9999993699955594	0.0741132827884637	0.7540809535097687	19763023.0	255451.625	22.905	22.935819901546285
-1.8269252881023108	-0.9999996985964065	0.017664524784189783	0.16090755232147141	39146259.0	133094.625	19.87	19.97565339341436
-1.8269252881023108	-0.9999997284395757	0.0071710552082470454	0.16090755232147141	39146259.0	41379.9	19.875	19.901258635139843
-1.8269252881023108	-0.9999997077418834	0.01817210861031917	0.16090755232147141	39146259.0	93041.525	19.95	19.99156394909147
-1.8269252881023108	-0.9999996884380297	0.040423903498881815	0.16090755232147141	39146259.0	198090.75	20.259999999999998	20.39052837853674
-1.8269252881023108	-0.9999997071020366	0.02056234574433806	0.16090755232147141	39146259.0	95401.45	20.240000000000002	20.26705569899259
