-2.1886917017208445	-0.9999996517086361	0.00602819648605557	0.11206326492957447	29425521.2	28243.525	24.53	24.719223145363923
-2.0953933373148055	-0.9999996046821098	0.016509677969717605	0.12302184505390813	28525117.5	78942.625	23.645000000000003	23.93215387017786
-2.0953933373148055	-0.9999996865894608	0.0015327897385896225	0.12302184505390813	28525117.5	7630.75	23.995	24.304302995661583
-2.338215469797286	-0.9999996438093443	0.016602297187876345	0.09649969128154527	31884722.1	85564.725	23.965	24.03595798183457
-1.8492499287231712	-0.999999586112604	0.012567850596865318	0.1573551496381493	26712329.5	63315.2	24.03	24.293122667722976
-2.2295468360897766	-0.9999996207288974	0.019534243048132522	0.10757716918220986	30259844.6	96439.8	24.065	24.296991738681992
-2.2295468360897766	-0.9999996151227889	0.0229501923850244	0.10757716918220986	30259844.6	114269.6	24.375	24.471489415623086
-2.2295468360897766	-0.999999737196428	0.0007996789885691393	0.10757716918220986	30259844.6	2841.375	24.564999999999998	24.735886511540933
-2.2295468360897766	-0.9999995913848989	0.07157596074716428	0.10757716918220986	30259844.6	234362.7	24.785	24.878802409610735
-2.2295468360897766	-0.9999995884412405	0.03679681798893978	0.10757716918220986	30259844.6	256196.55	24.895000000000003	24.91969643471341
-1.6749488150091103	-0.999999590144115	0.018759210449697892	0.18731776709478618	27983518.25	95721.59375	23.19	23.491415525295277
-1.6749488150091103	-0.9999996022456417	0.01396121987959512	0.18731776709478618	27983518.25	68224.0	23.619999999999997	23.8737790700727
-1.6749488150091103	-0.9999995473833376	0.037636334885390324	0.18731776709478618	27983518.25	316729.53125	23.845	23.875157839494335
-1.6749488150091103	-0.9999995689988305	0.07279672988665559	0.18731776709478618	27983518.25	172978.625	23.805	23.939195925877073
-1.6749488150091103	-0.999999559311796	0.07089858022987536	0.18731776709478618	27983518.25	226840.40625	23.89	23.986071490463036
-1.6749488150091103	-0.9999995742067727	0.05165463971750258	0.18731776709478618	27983518.25	149520.0625	23.87	23.97405783425283
-1.6749488150091103	-0.9999995494937356	0.07498122588724909	0.18731776709478618	27983518.25	298566.1875	23.97	24.13769013257604
-1.9203598645353412	-0.9999995757587964	0.012585171490178331	0.14655421297588953	27578523.9	120564.225	23.94	24.00813494724049
-1.9203598645353412	-0.9999995701081188	0.03722276910267542	0.14655421297588953	27578523.9	140895.875	24.235	24.362834228365692
-1.9203598645353412	-0.9999995671809181	0.058016862892444586	0.14655421297588953	27578523.9	152741.9	24.715	24.96058433133134
-2.369557390576534	-0.9999996263023553	0.026775210564985455	0.09352211088635475	31784511.8	144031.925	23.715	24.009857144786054
-2.369557390576534	-0.9999996791326469	0.005305710999885195	0.09352211088635475	31784511.8	26864.875	24.19	24.270862385833812
-2.369557390576534	-0.9999996452825275	-0.019363702257184243	0.09352211088635475	31784511.8	-78787.45	24.25	24.381584537975098
-2.369557390576534	-0.99999957454525	0.051226061283446596	0.09352211088635475	31784511.8	746290.475	24.39	24.393759759884116
-1.9849957340890283	-0.9999995562861318	0.018244519850130952	0.13738120017167335	28347056.5	290099.325	24.87	24.880069697880316
-1.0676523067240236	-0.9999996518054789	-0.004747462700668298	0.3438147422226254	29016115.5	-24421.3125	21.67	21.76251451063803
-1.0676523067240236	-0.9999995912318043	0.026364674025379783	0.3438147422226254	29016115.5	141613.6875	21.91	22.052707937374585
-1.0676523067240236	-0.9999996088910915	0.023351854139362298	0.3438147422226254	29016115.5	84833.8125	22.244999999999997	22.279614053050242
-1.0676523067240236	-0.9999995758555138	0.08557449635355525	0.3438147422226254	29016115.5	221243.875	22.315	22.50013717747498
-1.0676523067240236	-0.9999995731871206	0.06780376138280655	0.3438147422226254	29016115.5	239054.6875	22.61	22.857812005692526
-1.2767256844074426	-0.999999588253526	0.026178517499072296	0.2789491743882084	29054679.6	156867.3	22.73	23.37457118328031
-1.5672250350951382	-0.9999995419687074	0.016485477742645874	0.20862330219683903	26916026.14285714	226019.7857142857	23.195	23.262983044686358
-2.399773448825014	-0.9999996222214975	0.030650035771917456	0.09073850787656759	31549601.4	150054.6	24.32	24.414904065758858
-0.28279608164192555	-0.9999994791337614	0.025177200043717683	0.7536734600453916	22218868.0	106196.75	22.875	22.9878346278622
-1.4375760032478788	-0.9999995575337062	0.024601986237157158	0.23750276742776938	26661061.0	132801.83333333334	22.925	22.947505238973847
-1.4375760032478788	-0.9999995739128863	0.018617672532121925	0.23750276742776938	26661061.0	85812.75	22.96	23.056631537041
-1.4375760032478788	-0.9999994916179287	0.045527134429177565	0.23750276742776938	26661061.0	769890.9166666666	23.035	23.044837038836764
-1.7684280770763054	-0.9999995504376832	0.019356284493864784	0.17060094970695536	27771003.777777776	264287.55555555556	24.26	24.471615892354976
