-1.3634078695787588	-0.999999724508876	0.030474272389204186	0.25578759918275573	49204143.5	770891.95	12.719999999999999	12.81749359257638
-1.4832304318238243	-0.9999997103892567	0.032073040154216366	0.22690350685112382	46536206.71428572	713105.0416666666	12.55	12.715583769563148
-1.5825363462797255	-0.9999996972310388	0.03324997080832128	0.2054533359953652	44252975.0	658965.0357142857	12.71	12.760016144474273
-1.5825363462797255	-0.9999997147677879	0.041483848166111524	0.2054533359953652	44252975.0	303267.53571428574	12.754999999999999	12.786890617860212
-1.5825363462797255	-0.9999997155513649	0.028826836775445345	0.2054533359953652	44252975.0	292931.75	12.75	12.750916290053942
-1.5825363462797255	-0.9999997586143686	0.011243526552169291	0.2054533359953652	44252975.0	43565.0	12.765	12.775212450820858
-1.5825363462797255	nan	nan	0.2054533359953652	44252975.0	nan	12.77	12.788152432682107
-1.5825363462797255	nan	nan	0.2054533359953652	44252975.0	nan	12.76	12.829298613477315
-1.5825363462797255	-0.9999997068334523	0.07133659732563497	0.2054533359953652	44252975.0	430838.9285714286	12.82	12.882475714824922
-1.9679969488404832	-0.9999996303993108	0.040578836362317426	0.13973647538485526	34884242.1	397614.175	12.56	12.563727257776435
-1.9679969488404832	-0.9999996335978635	0.07079834492743738	0.13973647538485526	34884242.1	355634.225	12.575	12.582821318283463
-0.73269087469506	-0.9999997442256069	0.02567579303228757	0.4806139765244754	52146015.0	620086.1666666666	13.89	13.979345619301847
-1.014982259374196	-0.9999996800848706	0.03271864380469542	0.36240885913541815	42598652.25	828980.6875	13.66	13.717819344664447
-2.0117622501362136	-0.9999995092927795	0.051016417276038825	0.13375276103908484	27390833.1	687541.95	12.335	12.374495298950965
-2.0117622501362136	-0.9999995318205495	0.049315492410804525	0.13375276103908484	27390833.1	370949.975	12.305	12.306712353279297
-2.1567351544167446	-0.9999995399464116	0.02169104717687473	0.11570225505729445	25482459.2	123412.625	11.875	11.90115609470915
-1.7421683387873141	-0.9999996776870873	0.03974561542619388	0.17514022524782927	42807142.4	981948.1	12.969999999999999	13.087258106566933
-1.8671493528006209	-0.9999996307517017	0.03791082123494889	0.15456364081454801	36039707.2	601750.925	12.685	12.686318015868988
-1.8671493528006209	-0.9999996415109437	0.06041355548893126	0.15456364081454801	36039707.2	408332.95	12.625	12.672111477420838
-1.8671493528006209	-0.9999996834513083	0.021311984130343804	0.15456364081454801	36039707.2	90067.175	12.700000000000001	12.734966078697422
-2.0894823703090104	-0.9999995537950549	0.031882031533017836	0.12375117652460325	27026612.4	172715.725	11.885000000000002	11.945981293825179
-2.0894823703090104	-0.9999995346951825	0.07754613187112222	0.12375117652460325	27026612.4	289412.85	12.045000000000002	12.062250282513634
