-2.2820385398212117	-0.9999995675032225	-0.0033709490620612726	0.10207590867113026	21972152.1	-13397.325	23.88	23.972464718474164
-2.2820385398212117	-0.9999995781090815	0.002737704171589203	0.10207590867113026	21972152.1	10612.175	24.0	24.02881762012713
-2.2820385398212117	-0.9999994814928459	0.029086929301290972	0.10207590867113026	21972152.1	88672.65	24.134999999999998	24.251441112157437
-2.2820385398212117	-0.999999540143928	0.01301373925845022	0.10207590867113026	21972152.1	24440.25	24.215	24.245313195853043
-2.2820385398212117	-0.9999995388532057	-0.013073478153825997	0.10207590867113026	21972152.1	-25143.325	24.22	24.242103477115002
-2.3506605601569874	-0.9999996127738887	-0.0007890997277082749	0.09530618594888099	20548587.7	-2854.35	24.085	24.118323454860075
-1.6961617200645591	-0.9999995444501227	0.0288960933818701	0.1833860619637205	25790274.625	126595.03125	25.59	25.933769130372827
-2.244508119980203	-0.9999995524595796	0.006275601832113575	0.10597965683067262	22747337.3	26378.775	23.89	23.98750188020386
-2.244508119980203	-0.9999996435905453	-0.0008583383705379346	0.10597965683067262	22747337.3	-3317.825	24.145000000000003	24.230863192469457
-2.244508119980203	-0.9999995787381034	0.00476425743993067	0.10597965683067262	22747337.3	14508.9	24.21	24.237059693007392
-2.160739871619223	-0.9999995114250111	-0.005162214986244828	0.11523982681130272	23714369.3	-107606.725	23.61	23.622235820499206
-2.160739871619223	-0.999999626483241	-0.0031524483354477056	0.11523982681130272	23714369.3	-7027.4	23.740000000000002	23.781068690100323
-2.160739871619223	-0.9999995448606157	-0.024982416729638433	0.11523982681130272	23714369.3	-48694.575	23.78	23.796074331962057
-2.410884818259418	-0.9999995311067621	0.00711683190398879	0.08973585950761542	21675384.5	25936.4	23.1	23.55615803343263
-2.410884818259418	-0.9999995709841465	0.00248160011722364	0.08973585950761542	21675384.5	10927.0	23.725	24.00881197121364
-2.410884818259418	-0.9999994729133778	0.031599736197429514	0.08973585950761542	21675384.5	91564.075	24.160000000000004	24.222922226082616
-0.7795295772850137	-0.9999996170940957	0.09459541748778735	0.4586217066356415	33370017.0	354184.6666666667	25.1	25.573716407593093
-0.7795295772850137	-0.9999996429213416	0.039129479701152874	0.4586217066356415	33370017.0	149599.08333333334	25.745	25.769699888193216
-0.7795295772850137	-0.9999996044975605	0.07333830044191703	0.4586217066356415	33370017.0	539242.8333333334	25.884999999999998	26.173419757259655
-2.0043323242835327	-0.9999995045056417	0.025612996328467526	0.13475023512676004	23502637.2	114166.75	24.77	24.824794955189542
-2.0043323242835327	-0.9999995379871038	0.016354715382370818	0.13475023512676004	23502637.2	51974.175	24.79	24.872808951604014
-2.0043323242835327	-0.9999994945795674	0.04018614804002495	0.13475023512676004	23502637.2	144163.9	24.880000000000003	25.07074923018894
-2.0043323242835327	-0.9999996561595205	0.0013798401994362676	0.13475023512676004	23502637.2	3231.975	25.115000000000002	25.18041843404668
-0.2851455389558094	-0.9999995927558805	0.023825296481162023	0.7519048149140968	26805574.5	55071.875	24.66	24.737467302211684
-0.2851455389558094	-0.9999995975830527	0.019141382174927807	0.7519048149140968	26805574.5	48387.5	24.835	24.88875064373262
-0.2851455389558094	-0.9999995331778808	0.04449318497786349	0.7519048149140968	26805574.5	271965.75	25.0	25.079491893791168
-0.2851455389558094	-0.9999995012730885	0.10191693134199653	0.7519048149140968	26805574.5	639639.375	25.11	25.12085805901332
-2.0620671309221117	-0.9999995227154759	0.009591868218853022	0.12719077797230494	22175936.4	39505.925	25.19	25.227543769719023
