-0.7732147079408718	-0.9999995311183979	0.04296263037695076	0.46152700643105377	28284062.0	574855.8333333334	22.830000000000002	22.962561247212868
-0.7732147079408718	-0.999999570832678	0.03329320926184867	0.46152700643105377	28284062.0	186948.75	23.134999999999998	23.295660136601672
-0.7732147079408718	-0.9999995319068743	0.1337672972047346	0.46152700643105377	28284062.0	562177.6666666666	23.395000000000003	23.7113852362796
-1.6813230010217206	-0.9999994715426392	0.023178203790570256	0.18612756611492026	22211101.0	125193.0	24.0	24.135299859784258
-1.6813230010217206	-0.9999994584847974	0.04825745601954334	0.18612756611492026	22211101.0	167316.5625	24.165	24.1968979803672
-1.6813230010217206	nan	nan	0.18612756611492026	22211101.0	nan	24.310000000000002	24.359214390091598
-1.774125494930219	-0.9999994676630691	0.030198779919346438	0.16963172846120345	22628672.333333332	170428.66666666666	24.17	24.295342593823666
-2.1492688274662957	-0.9999993879538891	0.04103646936009812	0.11656935893485132	20084062.7	218025.625	25.195	25.73992420954266
-2.1492688274662957	-0.9999993826138585	0.06261762951972766	0.11656935893485132	20084062.7	242708.85	25.630000000000003	25.701784386355683
-2.1492688274662957	nan	nan	0.11656935893485132	20084062.7	nan	25.725	25.84324923502731
-2.1492688274662957	-0.9999994260693977	0.05652943778582962	0.11656935893485132	20084062.7	101402.025	25.85	25.93814030736984
-1.990033752340857	-0.9999994779012237	0.021226039967128723	0.13669081173279285	22242231.9	110484.775	24.54	24.701403570564693
-1.990033752340857	-0.9999994501515472	0.05247151190864627	0.13669081173279285	22242231.9	204812.85	24.75	25.199943225502853
-0.28147847700555634	-0.9999995256026697	0.062259868417654636	0.7546671581975403	28054966.0	602714.75	22.66	23.002659821279362
-2.236367380797509	-0.9999993902505062	0.044532297282012336	0.10684593084690493	20234479.6	228195.8	25.830000000000002	26.146629501980282
-2.236367380797509	-0.9999993989397035	0.05387234814951646	0.10684593084690493	20234479.6	191403.125	26.145	26.16584939552803
-2.236367380797509	nan	nan	0.10684593084690493	20234479.6	nan	26.185000000000002	26.227180603283696
-2.236367380797509	-0.9999994381207077	0.04947340952554142	0.10684593084690493	20234479.6	86623.25	26.155	26.198453944303488
-1.4419933341082731	-0.9999995086966065	0.02217673045690061	0.23645595288905583	24072580.666666668	136890.04166666666	24.03	24.143306540757024
-1.4419933341082731	-0.9999995029123582	0.04115829400763253	0.23645595288905583	24072580.666666668	157341.83333333334	24.21	24.369718532217462
-1.4419933341082731	-0.999999502432323	0.04974007673428964	0.23645595288905583	24072580.666666668	159170.58333333334	24.34	24.394067956822656
-1.4419933341082731	-0.9999995276895525	0.035043488810182544	0.23645595288905583	24072580.666666668	86657.58333333333	24.48	24.53841504183395
-1.4419933341082731	-0.9999995004948032	0.05032298834857113	0.23645595288905583	24072580.666666668	166770.375	24.47	24.490748873058727
-1.8545169262090522	-0.9999994679893208	0.03498569680094729	0.15652853924896937	23178778.5	226693.3	24.450000000000003	24.868804138149102
-2.4348750243611637	-0.9999994064549061	0.03263583353880577	0.0876086953165748	20342604.7	175298.85	23.92	24.127981646646834
-2.4348750243611637	-0.9999993655059373	0.03774517446685379	0.0876086953165748	20342604.7	403228.8	24.025	24.115586873265322
-2.4348750243611637	-0.9999994225188494	0.029906536673091694	0.0876086953165748	20342604.7	126432.375	24.175	24.282144126528635
-2.4348750243611637	-0.9999994894210318	-0.013536688341324545	0.0876086953165748	20342604.7	-32418.2	24.405	24.418442515475522
-2.4348750243611637	-0.999999410850346	0.06366265253162465	0.0876086953165748	20342604.7	160304.8	24.035	24.10849708502619
-2.345225201446858	-0.999999398249689	0.041559987896669544	0.09582561963219775	20725053.2	260746.35	23.015	23.342456378008173
-2.345225201446858	-0.9999994021892725	0.06501193806140969	0.09582561963219775	20725053.2	240302.775	24.03	24.49616364903295
-2.345225201446858	-0.9999994103051414	0.0400922405064713	0.09582561963219775	20725053.2	203099.725	24.455	24.45519040613456
