-1.6342147570894472	-0.9999998434211352	0.06243860473956013	0.19510551638681858	92618584.25	1986951.8125	17.86	18.283437288843317
-1.6342147570894472	-0.9999998562740394	0.04277407940387829	0.19510551638681858	92618584.25	604219.8125	18.39	18.43379413549338
-1.7235843301303737	-0.9999998356364576	0.041745753904998316	0.1784254646183472	89694198.77777778	2526778.8055555555	18.48	18.548904491409882
-2.0402590634749638	-0.99999980791692	0.023714504348722833	0.1299950295517298	69972465.0	687299.3	18.27	18.306640673854147
-2.1277232661855057	-0.9999997669678556	0.01499300096510831	0.11910816296918061	52109782.0	187821.8	17.1	17.149178711443316
-2.1277232661855057	-0.999999787663368	0.007338977205468776	0.11910816296918061	52109782.0	63882.45	17.32	17.41302753943456
-2.1277232661855057	nan	nan	0.11910816296918061	52109782.0	nan	17.265	17.345167985081055
-2.2367700310620755	-0.999999747367218	0.006243250136963333	0.10680291796473693	43636408.6	61326.725	17.48	17.572883079047486
-2.2367700310620755	-0.9999997223708886	0.02363015451981678	0.10680291796473693	43636408.6	182541.325	17.585	17.73877212697694
-1.2418703812316028	-0.9999998433937033	0.07467537375453592	0.2888434649938194	94720181.0	2768389.8	18.55	19.0150689157295
-1.2418703812316028	-0.9999998540208824	0.079227366202809	0.2888434649938194	94720181.0	1011725.1	18.995	19.104018840866814
-1.2418703812316028	nan	nan	0.2888434649938194	94720181.0	nan	19.21	19.511652562788807
-1.2418703812316028	nan	nan	0.2888434649938194	94720181.0	nan	19.41	19.568559105292092
-2.1661500521889363	-0.9999997443756039	0.017196520208797972	0.11461804204001395	47548890.1	189975.625	16.98	17.09869583578
-2.1661500521889363	-0.999999743915941	0.025368079969198796	0.11461804204001395	47548890.1	194173.55	17.175	17.233382004467103
-2.1661500521889363	nan	nan	0.11461804204001395	47548890.1	nan	17.27	17.274438352197798
-2.1661500521889363	nan	nan	0.11461804204001395	47548890.1	nan	17.28	17.31509723968271
-2.1661500521889363	nan	nan	0.11461804204001395	47548890.1	nan	17.32	17.321745003697576
-2.20249497001465	-0.9999997188035756	0.011213691179495684	0.11052705238598441	46266949.7	446903.775	17.47	17.483802330767464
-2.20249497001465	nan	nan	0.11052705238598441	46266949.7	nan	17.515	17.575957578271918
-1.4007716282760256	-0.9999998537096039	0.0674226130669598	0.24640675614574142	100500475.33333333	2427212.25	19.400000000000002	19.40003507581123
-1.4007716282760256	-0.9999998614679847	0.04528327844775363	0.24640675614574142	100500475.33333333	1112958.6666666667	19.715	19.71787746085048
-1.4007716282760256	nan	nan	0.24640675614574142	100500475.33333333	nan	19.18	19.18310130626661
-1.8017922421026298	-0.9999998331036802	0.062144573297921564	0.16500289791697093	86263376.2	1788771.2	18.75	18.845993654637937
-1.0373571989417765	-0.9999998262722982	0.0684664354975227	0.3543900277883668	87565928.0	4043524.125	17.48	17.522094542497516
-1.0373571989417765	nan	nan	0.3543900277883668	87565928.0	nan	18.04	18.26540208414322
-1.0373571989417765	nan	nan	0.3543900277883668	87565928.0	nan	18.57	18.808969607249164
-1.0373571989417765	nan	nan	0.3543900277883668	87565928.0	nan	18.455	18.485329559561208
-1.8707167505980962	-0.9999998369051165	0.05070422559831881	0.15401323316797166	89391654.3	2146439.5	18.580000000000002	18.699850256253075
-1.8707167505980962	nan	nan	0.15401323316797166	89391654.3	nan	18.915	18.974853157396627
-1.8707167505980962	nan	nan	0.15401323316797166	89391654.3	nan	18.82	18.855457292309858
-0.7483464875623161	-0.9999998128062654	0.08315402188582773	0.47314826281667793	80607491.66666667	3574075.5833333335	18.0	18.137727066345615
