-1.5591557610265872	-0.9999995324004123	0.017101484408863575	0.2103135511690039	24318861.14285714	86810.07142857143	20.97	21.054089787473416
-1.5591557610265872	-0.9999995085867097	0.04560518076899169	0.2103135511690039	24318861.14285714	154910.85714285713	21.09	21.150888005625685
-1.2729120984229254	-0.9999995558338247	0.02833053508644877	0.28001500207107166	26832376.8	149945.55	20.415	20.425229460231506
-1.2729120984229254	-0.9999995224148303	0.07434910628651499	0.28001500207107166	26832376.8	367597.0	20.305	20.455421361045488
-1.2729120984229254	-0.999999561952752	0.042897984321836384	0.28001500207107166	26832376.8	127241.35	20.73	20.891327743598435
-1.2729120984229254	-0.9999996008882003	-0.012813091849588702	0.28001500207107166	26832376.8	-44761.15	20.795	20.820813401765847
-1.2729120984229254	-0.9999995594906318	0.03368468399305924	0.28001500207107166	26832376.8	135931.45	20.835	20.860660861529507
-1.2729120984229254	-0.9999995828204634	0.01719226595971999	0.28001500207107166	26832376.8	72686.05	20.865000000000002	20.939580717270797
-1.0675193867147952	-0.9999995592664214	0.0346489545846712	0.343860445118682	27480757.5	181986.375	21.025	21.237504911644148
-1.0675193867147952	-0.9999995509679931	0.07922344101525275	0.343860445118682	27480757.5	228601.4375	21.2	21.230622500624428
-1.0675193867147952	-0.9999995579309551	0.10182672134589321	0.343860445118682	27480757.5	188789.3125	21.285	21.294107894202632
-1.9031381238254066	-0.9999995576917491	0.027363406313800746	0.14909999006785854	26945762.1	149990.35	20.585	20.94945097013433
-1.9031381238254066	-0.9999996693017528	0.0016938363367563617	0.14909999006785854	26945762.1	7411.45	21.150000000000002	21.21448302168134
-2.2021131996797836	-0.999999553775512	0.036966624385917086	0.11056925639139162	27718891.5	235353.5	20.645000000000003	20.865219486871545
-2.3368136005538847	-0.9999994567163364	0.015996606364021	0.0966350660974756	20779232.5	79937.875	19.69	19.818020166248118
-1.4314800514448351	-0.9999994973315375	0.039711323825235866	0.23895499470771434	25765689.0	421509.2083333333	20.98	21.104784820892267
-2.1194547266347947	-0.9999995071061666	0.020980007809582275	0.12009709640879448	26866225.7	563653.625	19.905	19.931114403112208
-1.8341073169315105	-0.9999995063567261	0.0188182634349134	0.15975604965422469	25946435.0	365229.2	20.33	20.342716574217945
-1.8341073169315105	-0.9999995469264891	0.042855702708184625	0.15975604965422469	25946435.0	127469.775	20.36	20.662851060767288
-2.392984551735851	-0.9999994333788916	0.01231884896387902	0.09135661803769149	19361276.8	58133.125	20.0	20.177105351087974
-2.392984551735851	-0.999999365262982	0.04055719425419553	0.09135661803769149	19361276.8	217360.925	20.305	20.32291788411862
-2.392984551735851	-0.9999994239611144	0.04524798317344832	0.09135661803769149	19361276.8	69761.25	20.39	20.529546461697105
-2.162119774409462	-0.9999995529968552	0.03210375270110204	0.11508091671819508	27260132.8	195900.075	20.3	20.45783637219593
-2.162119774409462	-0.9999996242927849	-0.005572737818239633	0.11508091671819508	27260132.8	-28051.375	20.695	20.79735683357889
-2.162119774409462	-0.9999996110432794	0.010181831702288624	0.11508091671819508	27260132.8	40254.9	20.69	20.729379858614905
-1.665319385568007	-0.9999995084193876	0.016341571017724436	0.18913024286459268	22900743.125	77462.4375	20.76	20.774714041444312
-1.665319385568007	-0.9999994789934137	0.04704105821298137	0.18913024286459268	22900743.125	151968.9375	20.740000000000002	20.84870947875232
-1.665319385568007	-0.9999994888629494	0.05981468238071757	0.18913024286459268	22900743.125	121225.78125	20.82	20.931201584692545
-0.28216521424577456	-0.9999993946872685	0.06078802468122774	0.7541490780688561	21425386.0	428933.25	22.38	22.420919023291997
