-2.0123346541101563	nan	nan	0.1336762223347593	43533006.4	nan	9.57	9.576611626904139
-2.0123346541101563	-0.9999996962555601	0.10142029281772962	0.1336762223347593	43533006.4	552885.85	9.52	9.536017124534874
-2.0123346541101563	nan	nan	0.1336762223347593	43533006.4	nan	9.53	9.545771370519084
-2.0123346541101563	nan	nan	0.1336762223347593	43533006.4	nan	9.54	9.609359192178319
-1.728383777829883	-0.999999735933995	0.03504413452880523	0.17757117263735472	53970364.3	1546860.325	9.81	9.875843741432758
-1.728383777829883	-0.9999997588910123	0.07970838758585977	0.17757117263735472	53970364.3	448084.75	9.885000000000002	9.97915367704643
-1.728383777829883	nan	nan	0.17757117263735472	53970364.3	nan	10.035	10.103064378800093
-1.5883828308153132	-0.9999997284067152	0.027178988222797937	0.2042556607500977	49650930.666666664	718454.71875	9.285	9.335863809468991
-1.5883828308153132	-0.9999997412898685	0.04898397360455721	0.2042556607500977	49650930.666666664	378963.875	9.38	9.433544650205853
-1.5883828308153132	-0.9999997304892723	0.06710262446504862	0.2042556607500977	49650930.666666664	647877.5	9.524999999999999	9.58660966545292
-1.5883828308153132	-0.9999997426120462	0.07575790021042714	0.2042556607500977	49650930.666666664	354884.84375	9.485	9.617178007623313
-1.5883828308153132	nan	nan	0.2042556607500977	49650930.666666664	nan	9.754999999999999	9.770698935062903
-0.9535350356885883	-0.9999997197144074	0.047986283475593416	0.3853762937396645	50987003.0	1608675.5	9.260000000000002	9.530787215691761
-2.138415095210912	-0.9999997187318272	-0.0007246677425342227	0.11784146259400614	31850712.0	-7773.4	8.48	8.546986749084757
-2.138415095210912	-0.9999996230293613	0.030157390421362812	0.11784146259400614	31850712.0	163861.55	8.455	8.46238611409522
-2.138415095210912	-0.9999996154887376	0.05057193048402369	0.11784146259400614	31850712.0	208345.425	8.53	8.56362260917255
-2.1902473132774647	-0.9999995992935476	0.018753704446469323	0.111889073541773	30375522.3	193235.05	8.25	8.312102195637921
-1.9750080995576607	-0.9999997367437596	0.008233228012293488	0.13876018834225726	45081800.2	142637.0	9.25	9.34411464274723
-1.9750080995576607	-0.9999997306413484	0.028411722783895674	0.13876018834225726	45081800.2	187806.525	9.405000000000001	9.412633508814295
-1.9750080995576607	nan	nan	0.13876018834225726	45081800.2	nan	9.385000000000002	9.38935270610236
-1.9343346091349969	-0.9999997854127523	0.0012156975818058404	0.14452039939135602	46790283.5	22938.1	9.545000000000002	9.562599544071958
-1.9343346091349969	-0.9999997441369028	0.022921020738608	0.14452039939135602	46790283.5	158245.125	9.6	9.63535285234472
-1.506472621893271	-0.9999997114196525	0.026381210752861026	0.22169058692128413	46530548.0	678608.8928571428	8.72	8.943458083641833
-1.506472621893271	-0.9999997278672056	0.04352604599317087	0.22169058692128413	46530548.0	315680.1785714286	9.004999999999999	9.005808838264661
-1.506472621893271	-0.9999997298986432	0.10034679343381839	0.22169058692128413	46530548.0	287207.625	8.985	8.985763386396528
-1.506472621893271	-0.9999997441900708	0.04046717692583593	0.22169058692128413	46530548.0	147704.57142857142	8.940000000000001	8.955129854223172
-1.506472621893271	nan	nan	0.22169058692128413	46530548.0	nan	8.965	9.001362563511611
-1.506472621893271	nan	nan	0.22169058692128413	46530548.0	nan	9.0	9.104986903737693
-1.663049981812622	-0.9999997419102676	0.026320686627304468	0.18955994314530183	52319778.9	731751.5833333334	9.73	9.961674699848263
