-2.065173944393024	-0.9999994108798632	0.026389652773388533	0.1267962331558551	19392977.8	91563.025	17.439999999999998	17.49066467739825
-2.065173944393024	-0.999999367876078	0.06510390401511354	0.1267962331558551	19392977.8	210820.1	17.490000000000002	17.595775698058944
-1.8514528940110582	-0.9999994931978494	0.044458304750594764	0.15700888325207815	26781831.3	784724.85	17.0	17.31253606830443
-1.8514528940110582	-0.9999995486822827	0.05384992469511172	0.15700888325207815	26781831.3	177568.075	17.345	17.480696509014738
-1.7059912275749436	-0.9999995809173012	0.01938194989940157	0.18159229764293205	27916188.888888888	120473.30555555556	16.63	16.778107485452058
-1.2320262999134441	-0.9999996396899262	0.014661426817136017	0.29170090491169004	32351007.8	115426.05	15.965	16.12704658494809
-1.2320262999134441	-0.9999996154692558	0.03285910137294276	0.29170090491169004	32351007.8	252698.7	16.105	16.122681991486353
-1.2320262999134441	-0.999999626073425	0.05545999895336551	0.29170090491169004	32351007.8	179314.4	16.29	16.36741848029234
-1.2320262999134441	-0.999999614294831	0.07334209522921784	0.29170090491169004	32351007.8	262484.45	16.4	16.490134613748292
-2.018915290495778	-0.9999992941017413	0.0587818254819367	0.13279943579296521	19785482.0	1163026.75	16.89	16.936529689332644
-2.2526292175891283	-0.9999993078050844	0.025335419716465715	0.10512247104879609	16284034.4	78567.475	17.43	17.492152611938398
-2.2526292175891283	-0.9999992671219772	0.07890888251585197	0.10512247104879609	16284034.4	152390.925	17.365000000000002	17.395697719531096
-2.2526292175891283	-0.9999993129176966	0.05263789361704452	0.10512247104879609	16284034.4	72291.225	17.439999999999998	17.470721543218968
-1.9131518746695426	-0.9999994687889194	0.04109502989315142	0.14761439054225342	24547693.8	460470.825	17.21	17.22500239404842
-1.9131518746695426	-0.999999506505262	0.06293460485218183	0.14761439054225342	24547693.8	182435.55	17.2	17.24581019708655
-1.783176186795575	-0.9999995574021988	0.020476795786649835	0.1681033707366664	26359157.6	116599.075	16.75	16.773215038327585
-1.783176186795575	-0.9999994800538534	0.052697806741799545	0.1681033707366664	26359157.6	895682.525	16.815	16.85242825014508
-1.783176186795575	-0.9999995205800446	0.05871653827481468	0.1681033707366664	26359157.6	307768.425	16.795	16.827259591415338
-1.783176186795575	-0.999999563064372	0.04501722599877488	0.1681033707366664	26359157.6	100432.9	16.9	16.977414242699055
-1.030864331961599	-0.9999996709647266	0.009861059379617813	0.3566985213587501	34564080.5	86924.0625	15.55	15.7866943005468
-1.030864331961599	-0.9999996577225545	-0.025436469637951344	0.3566985213587501	34564080.5	-137378.875	15.885000000000002	16.001263122256624
-2.3125001982851225	-0.9999991841661581	0.024126930949271645	0.09901338873094247	13720348.5	72657.425	17.13	17.16853196559492
-1.3865468693943195	-0.9999996367683381	0.02491891051162026	0.24993688090077557	33485450.166666668	191562.70833333334	16.240000000000002	16.379168664209562
-1.3865468693943195	-0.9999996374586176	0.03420012531873618	0.24993688090077557	33485450.166666668	187185.625	16.595	16.785058370720304
-1.3865468693943195	-0.9999996124259465	0.1174030936225105	0.24993688090077557	33485450.166666668	432825.25	16.905	16.986605159018282
-1.3865468693943195	-0.9999996383347748	0.05318286740452429	0.24993688090077557	33485450.166666668	181773.625	16.98	17.110749821423923
-1.3865468693943195	-0.99999962845083	0.06830171210368662	0.24993688090077557	33485450.166666668	253086.66666666666	17.185000000000002	17.1873151309485
-1.3865468693943195	-0.9999996589024579	0.0375319345053821	0.24993688090077557	33485450.166666668	91289.75	17.064999999999998	17.09070188608244
-0.2677619254695273	-0.9999996234848492	0.022040781478406744	0.7650899078427138	32114797.5	178385.5	15.715	15.78452428663115
