-1.659554953586323	-0.9999992978330756	0.06883907827065187	0.19022361960557183	17734483.75	255905.625	20.995	21.16086091148076
-1.659554953586323	-0.999999240014801	0.06273515374086318	0.19022361960557183	17734483.75	713504.3125	21.200000000000003	21.202128944240865
-1.659554953586323	-0.9999992810668157	0.06514068670185609	0.19022361960557183	17734483.75	344519.5	21.17	21.226381531631596
-1.659554953586323	-0.99999930823482	0.07379104523416294	0.19022361960557183	17734483.75	212796.9375	21.314999999999998	21.326100541117665
-1.8304839439499117	-0.9999992698386913	0.06075463356257536	0.16033595538110323	16776778.5	208929.0	20.875	21.0255186338624
-2.3039540836269428	-0.9999991076980665	0.0316004691421631	0.09986319460073134	13572067.3	181748.0	20.22	20.261618900550847
-2.3039540836269428	-0.99999917656637	0.04845741058704758	0.09986319460073134	13572067.3	71373.55	20.28	20.31256238321888
-2.0185199525107365	-0.9999991943146814	0.06459143561077332	0.13285194683344673	14942199.4	169177.675	20.37	20.585916888959403
-1.2665692375746875	-0.9999992949618082	0.060437653324811824	0.28179674295832324	17430135.6	217272.3	20.5	20.7155572233885
-1.2665692375746875	-0.9999992834352223	0.082198978997543	0.28179674295832324	17430135.6	265618.8	20.805	20.88176742774842
-2.1989859628317956	-0.9999992044549533	0.0545370880107058	0.11091557387038668	14989903.8	151015.4	20.595	20.831939121446432
-2.1989859628317956	-0.9999992614597105	0.03063795638514968	0.11091557387038668	14989903.8	64256.125	20.855	20.879294415358768
-2.1989859628317956	-0.9999993309075006	0.01493203001447993	0.11091557387038668	14989903.8	22687.925	20.785	20.807514111330367
-2.0692897812157325	-0.9999991755896542	0.07229305931175428	0.12627543304977934	14725947.9	187253.475	20.37	20.48326063100137
-2.1589791601192165	-0.999999202260591	0.03212160104332261	0.11544290963229252	15298407.0	199613.275	20.095	20.09600395079043
-2.1589791601192165	-0.9999992685983088	0.048528738546486656	0.11544290963229252	15298407.0	72349.725	20.205	20.24264833041819
-2.1589791601192165	-0.9999992341142603	0.07120206480040253	0.11544290963229252	15298407.0	122617.325	20.23	20.368306551585412
-2.1589791601192165	-0.9999992170239489	0.07867100395390547	0.11544290963229252	15298407.0	159257.875	20.384999999999998	20.451619521685117
-2.1589791601192165	-0.9999992157154033	0.057482890791170006	0.11544290963229252	15298407.0	162478.15	20.515	20.553265734466923
-1.4255757444013184	-0.9999992928432323	0.06224413814168225	0.24037003166159826	17455948.0	229598.5	20.88	20.986231623218607
-1.4255757444013184	-0.9999992868252585	0.0761567954348762	0.24037003166159826	17455948.0	255030.20833333334	21.12	21.183262115707763
-1.5531452621170827	-0.9999992876350676	0.0664807453864206	0.21158144706540208	17418774.14285714	244879.07142857142	20.75	20.95919998357132
-1.5531452621170827	-0.9999992876569331	0.07874652815739776	0.21158144706540208	17418774.14285714	244785.82142857142	20.825000000000003	20.92377574094823
-0.27707099801713175	-0.9999994321394011	0.08400371815581002	0.7580006786548601	22965789.0	461097.375	20.42	20.752167931013386
-0.27707099801713175	-0.9999994375479855	0.0905641390583042	0.7580006786548601	22965789.0	407237.5	20.87	20.948996954791017
-0.27707099801713175	-0.9999994703125048	0.076845960375148	0.7580006786548601	22965789.0	191891.625	20.965	20.975626542671268
-0.27707099801713175	-0.9999994324347966	0.13067496298925552	0.7580006786548601	22965789.0	457979.875	20.935000000000002	21.017447401080418
-1.9626586739520777	-0.9999992138126497	0.049526422751801684	0.14048442169771058	15020796.7	134477.6	20.47	20.64052984312117
-1.060147621719055	-0.9999993297259023	0.05634294992125069	0.34640466970258643	18392264.5	225901.4375	20.650000000000002	20.709021412291296
-1.060147621719055	-0.9999993199668049	0.08032547804102078	0.34640466970258643	18392264.5	270315.9375	20.735	20.8047532342875
-1.900524761209381	-0.9999992609477611	0.05680814650743096	0.14949015200320342	16393126.7	182658.125	20.91	20.950426784827435
-2.27122451020879	-0.9999991331152283	0.06043265009222456	0.103185750686737	13712525.3	145389.625	20.21	20.336385334539656
