-1.9819998598321857	-0.9999994864085294	0.03929807574994278	0.13779339410494285	24244605.2	255714.925	16.82	16.91880627321298
-1.9819998598321857	-0.9999994325127877	0.05280337783950347	0.13779339410494285	24244605.2	944586.325	17.064999999999998	17.080800054157997
-2.1202806097978324	-0.9999994496369644	0.03310321662167679	0.1199979511857614	23254128.6	361569.675	17.23	17.235413595183267
-2.1202806097978324	-0.9999995158189808	0.03302243092949648	0.1199979511857614	23254128.6	77590.075	17.205	17.23534573174028
-2.1202806097978324	-0.9999995280739621	0.028896630721989558	0.1199979511857614	23254128.6	58349.825	17.27	17.37633208300778
-2.1202806097978324	-0.9999994811584121	0.06625801962836127	0.1199979511857614	23254128.6	173720.55	17.335	17.349070346392406
-2.03198257292691	-0.999999496421073	0.03908439236410505	0.13107539684282907	24740543.9	257509.7	17.29	17.351474131809038
-2.03198257292691	-0.9999994791667682	0.038727114849426196	0.13107539684282907	24740543.9	394626.45	17.345	17.372149860285038
-1.7950488197710157	-0.9999994314236076	0.057504980638572616	0.16611934224061847	22392710.1	338393.05	17.990000000000002	18.305659332166393
-1.7950488197710157	-0.9999994671134969	0.0260900134907833	0.16611934224061847	22392710.1	152171.95	18.32	18.35530715927224
-1.7950488197710157	-0.9999994626173292	0.07184626445062336	0.16611934224061847	22392710.1	168290.75	18.455	18.519065984751453
-1.7950488197710157	-0.9999994690831776	0.08886136903850834	0.16611934224061847	22392710.1	145606.0	18.465	18.47450528017635
-1.7950488197710157	-0.9999994457543936	0.107615860510187	0.16611934224061847	22392710.1	245501.2	18.490000000000002	18.589376053308484
-2.1593185221668776	-0.9999994397140453	0.034944045142295564	0.1154037393369235	21676538.2	188161.25	17.16	17.480800949645328
-2.1593185221668776	-0.9999995027233427	0.017297363138761075	0.1154037393369235	21676538.2	48012.45	17.52	17.642810499017237
-2.1593185221668776	-0.99999949861719	0.029356277887567617	0.1154037393369235	21676538.2	52481.95	17.68	17.692895973642134
-2.1593185221668776	-0.9999994664973385	0.04507893270133398	0.1154037393369235	21676538.2	105290.8	17.65	17.70109660342344
-2.1593185221668776	-0.9999994593140916	0.05409489697881951	0.1154037393369235	21676538.2	123030.875	17.715	17.810998409881964
-1.627851889439604	-0.9999994111508744	0.06590379264235437	0.19635090488469537	21781414.75	371745.34375	18.05	18.16446646494404
-1.627851889439604	-0.999999382473723	0.05311959482795954	0.19635090488469537	21781414.75	694254.9375	17.98	17.982878148962914
-1.627851889439604	-0.9999994466152409	0.08410419170696075	0.19635090488469537	21781414.75	171698.8125	17.89	17.89575884508784
-1.627851889439604	-0.9999994511478303	0.09255637346302704	0.19635090488469537	21781414.75	155557.4375	17.98	18.03364368112897
-1.038386051460141	-0.9999993159332902	0.06408376624360622	0.35402560021905144	18390296.5	290740.4375	16.93	17.023570737355552
-1.241146929998843	-0.9999993567976428	0.0651379892210218	0.28905250476056504	19688580.6	316076.1	17.060000000000002	17.31764964187675
-1.241146929998843	-0.9999994908575236	0.0074128394922225805	0.28905250476056504	19688580.6	22567.1	17.400000000000002	17.400396104271906
-1.241146929998843	-0.9999994823265264	0.009587501110684996	0.28905250476056504	19688580.6	26694.65	17.425	17.486494624151298
-1.241146929998843	-0.9999993445751953	0.10114653776100882	0.28905250476056504	19688580.6	402070.05	17.36	17.361497418269163
-1.241146929998843	-0.9999993395758551	0.10429273883546387	0.28905250476056504	19688580.6	443659.1	17.425	17.44548797421045
-1.522073212672241	-0.9999994102078386	0.06912727813127345	0.21825892040685216	21822379.714285713	388739.96428571426	17.490000000000002	17.81696114109662
-1.522073212672241	-0.9999994640878876	0.03308413341489289	0.21825892040685216	21822379.714285713	119954.67857142857	17.89	18.061541355489293
-1.522073212672241	-0.999999363757247	0.08354182304230402	0.21825892040685216	21822379.714285713	1071242.7857142857	17.995	18.037787520363533
-2.3222745348698	-0.9999991483113745	0.033351174490641365	0.09805031292413097	15248860.4	436820.95	17.05	17.051720498369974
-0.2685180782925617	-0.9999993960127292	0.03193382483650865	0.7645116016205193	21962359.5	576646.0	16.665	16.691771572612236
-0.2685180782925617	-0.9999994059531071	0.15841644175490127	0.7645116016205193	21962359.5	463549.875	16.83	16.876312173562138
-0.2685180782925617	-0.9999994426780766	0.12403901199193144	0.7645116016205193	21962359.5	206922.5	16.88	16.89696613962681
-1.3970539109246092	-0.999999343965038	0.06446482341116512	0.2473245317766845	19313607.666666668	318188.3333333333	17.400000000000002	17.608538910515286
-1.7172243802426705	-0.9999994121027496	0.060436974035862887	0.17956385785675152	21692601.333333332	345593.25	17.76	18.036913915244295
-0.7506527385776145	-0.9999993802101491	0.058721282130696995	0.47205832147742804	20368713.333333332	303858.8333333333	16.9	17.093218098720946
-2.0780341604176673	-0.9999994746773971	0.04042554083369109	0.12517604651099326	23702058.7	255562.75	17.38	17.531133835224246
