-0.8862333656191821	-0.9999990494638512	0.09462114786388111	0.4122054595866548	13890662.0	542299.9375	4.03	4.03724924270073
-1.3969834606783698	-0.9999994175808629	0.09207084682256689	0.24734195646462892	24080098.375	1232689.96875	4.28	4.2812909546293065
-1.3969834606783698	-0.9999994989798848	0.10965392478916719	0.24734195646462892	24080098.375	173617.15625	4.285	4.287138865604917
-1.3969834606783698	-0.9999994604318247	0.15413395324356333	0.24734195646462892	24080098.375	439262.5	4.285	4.351448987881021
-1.3059259137492716	-0.9999994011064011	0.10953234065500413	0.27092156887142177	22903853.42857143	906159.0357142857	4.25	4.307533883755285
-1.7084105299459194	-0.9999994523210066	0.09570530480737552	0.18115350197042243	24642931.6	726805.8	4.2700000000000005	4.300914878194825
-1.7084105299459194	-0.999999497600693	0.06647552377588732	0.18115350197042243	24642931.6	238133.7	4.3100000000000005	4.320729870331547
-1.7084105299459194	-0.9999994615959621	0.0964195184849363	0.18115350197042243	24642931.6	578302.375	4.3100000000000005	4.310864281904526
-1.9335425222497857	-0.9999991234781145	0.10949530761024029	0.1446349174524991	14767677.1	418398.575	4.32	4.321236832761273
-1.9335425222497857	-0.9999991653179054	0.1194294213295773	0.1446349174524991	14767677.1	225553.175	4.305	4.3106502372810676
-1.8328526184794487	-0.9999993501987035	0.10514526107877924	0.1599566211244773	20108420.5	472822.625	4.28	4.298946885377347
-1.0620333025586677	-0.9999991703578436	0.14126885377877862	0.34575207653876233	15573312.8	408511.1	4.03	4.073356985042526
-1.0620333025586677	-0.9999991986690333	0.078715113302952	0.34575207653876233	15573312.8	262859.25	4.08	4.082859811923205
-1.0620333025586677	-0.999999146508846	0.13790146134030448	0.34575207653876233	15573312.8	592249.35	4.085	4.08673528409002
-1.0620333025586677	-0.9999992315992257	0.13504198854452296	0.34575207653876233	15573312.8	157399.0	4.09	4.092182153846154
-1.0620333025586677	-0.9999991583298758	0.14053691708222438	0.34575207653876233	15573312.8	492667.65	4.1	4.109713726081943
-1.0620333025586677	-0.9999991994544741	0.14376303087258638	0.34575207653876233	15573312.8	259663.55	4.109999999999999	4.118987617918352
-1.6592450502084681	-0.9999994589572513	0.08512281079522085	0.19028257968332704	25494932.0	978569.475	4.29	4.304036879669207
-1.6592450502084681	nan	nan	0.19028257968332704	25494932.0	nan	4.335	4.349783232042877
-0.19618409302060036	-0.9999989032705454	0.1300600068860361	0.8218609218911755	11384135.5	264425.0	4.0200000000000005	4.050352187833512
-0.19618409302060036	-0.9999988621259946	0.16678520415264536	0.8218609218911755	11384135.5	422400.625	4.0600000000000005	4.065847966214714
-0.19618409302060036	-0.9999989311746411	0.14251675191029906	0.8218609218911755	11384135.5	192460.75	4.065	4.069455269651872
-0.19618409302060036	-0.9999989578160132	0.1755441361761	0.8218609218911755	11384135.5	142110.0	4.0600000000000005	4.064809877055558
-1.8687312813962378	-0.9999993094874258	0.09866948417967346	0.15431932546696805	18620718.2	383784.875	4.34	4.343927118521064
-1.1958783974652982	-0.9999993698695492	0.0986431537622241	0.3024381765423452	21555205.5	792216.5833333334	4.13	4.3191445170352525
-1.6049215577682752	-0.9999994528024692	0.09628330611486487	0.20090531375332082	24721675.7	749857.575	4.21	4.25719192300434
-1.6049215577682752	-0.999999503838067	0.0546640468712849	0.20090531375332082	24721675.7	212341.2	4.265000000000001	4.267042117153462
-1.6049215577682752	nan	nan	0.20090531375332082	24721675.7	nan	4.255	4.255242788809973
-1.6049215577682752	-0.999999458557251	0.1461433513356108	0.20090531375332082	24721675.7	650418.0	4.245	4.2606767624863915
-1.6049215577682752	-0.9999994845361716	0.12887227728193945	0.20090531375332082	24721675.7	342191.8	4.2700000000000005	4.2730525566643625
-1.6049215577682752	-0.9999994825021733	0.1403818566786033	0.20090531375332082	24721675.7	359838.525	4.2700000000000005	4.282806071040911
-2.0427545914944574	-0.9999992839192698	0.09237979032559464	0.1296710277590124	17960828.8	385154.875	4.11	4.127025984423903
-1.9627036213851492	-0.9999991596922642	0.11357526724278778	0.14047810742547492	15328634.3	392686.725	4.28	4.298769882990745
-1.9627036213851492	-0.9999991935900765	0.12661346318526104	0.14047810742547492	15328634.3	233551.65	4.305	4.318580540577579
-1.9627036213851492	nan	nan	0.14047810742547492	15328634.3	nan	4.33	4.369329774826172
-1.9020224079764902	-0.9999991740838697	0.09739793034584254	0.14926643612583662	16388571.1	755839.175	4.315	4.320904310306081
