-2.020640558646064	-0.999999112731538	0.10807061477194164	0.13257051868449563	14118396.3	275627.1	4.33	4.3633255463451395
-2.020640558646064	-0.9999991201583793	0.13913696073921233	0.13257051868449563	14118396.3	248189.7	4.365	4.3651930428134555
-1.663988919718562	-0.9999988746880099	0.11799359959548034	0.18938204166152817	10962301.0	227750.125	4.23	4.238562402088773
-1.663988919718562	-0.9999988310388511	0.11297166098608839	0.18938204166152817	10962301.0	367508.325	4.25	4.256613359485476
-1.663988919718562	-0.999998905846535	0.1431898373824422	0.18938204166152817	10962301.0	161851.325	4.275	4.276069028927081
-1.663988919718562	-0.9999988941625529	0.14103117582839722	0.18938204166152817	10962301.0	183968.075	4.275	4.275826832797995
-1.663988919718562	-0.9999988969383737	0.14391509158931234	0.18938204166152817	10962301.0	178454.325	4.275	4.286035667051165
-0.8910505654442281	-0.9999990738083048	0.1616211159646928	0.4102245585475547	13676258.5	317056.0625	4.34	4.346217426059153
-1.905091657995595	-0.9999988719359965	0.1318397373555179	0.14880900246214293	12544784.8	1399071.625	4.32	4.348556300649733
-1.905091657995595	-0.9999990432345585	0.1571224173732305	0.14880900246214293	12544784.8	163147.575	4.335	4.346572029604153
-1.905091657995595	-0.9999990425843864	0.13140750990447445	0.14880900246214293	12544784.8	164483.7	4.345000000000001	4.348695064598086
-1.905091657995595	-0.9999990034245589	0.14345762229232886	0.14880900246214293	12544784.8	268826.3	4.355	4.408153367983572
-1.905091657995595	-0.9999989968473676	0.14759978086617517	0.14880900246214293	12544784.8	291947.85	4.43	4.4330591854717065
-0.19873733116902736	-0.99999902142693	0.16483171184732354	0.8197651918201943	13261049.0	432312.125	4.26	4.31025392917817
-0.19873733116902736	-0.9999990836120877	0.058552461352498426	0.8197651918201943	13261049.0	189521.875	4.32	4.320025921251116
-0.19873733116902736	-0.9999991443349996	0.05381413402196113	0.8197651918201943	13261049.0	84711.25	4.325	4.334890457657293
-1.966455230101287	-0.9999991288417411	0.1094288497445758	0.1399520758824639	14451932.6	293583.4	4.37	4.396423026050952
-1.5503014629557221	-0.9999988803611899	0.12837910335839745	0.21218399856877693	11120774.6	255568.8	4.26	4.264713093942691
-1.5503014629557221	-0.9999989320665782	0.07546613756141743	0.21218399856877693	11120774.6	143808.8	4.26	4.260190297393011
-1.9942430319152296	-0.9999991544284906	0.10571377390585561	0.1361166511399391	14815484.1	275832.1	4.34	4.354686483632524
-1.9942430319152296	-0.999999157765369	0.14276707102450673	0.1361166511399391	14815484.1	262527.2	4.34	4.357516890387681
-1.9942430319152296	-0.9999991439774067	0.17273933231342947	0.1361166511399391	14815484.1	322025.5	4.385	4.397365328805246
-1.9942430319152296	-0.9999991385138002	0.14773528271395103	0.1361166511399391	14815484.1	349176.3	4.36	4.360777849962064
-1.836655612227292	-0.9999988619668405	0.10762220021790048	0.15934946233671757	10764023.2	208941.7	4.25	4.291149867844482
-1.836655612227292	-0.9999987909711108	0.14600483935680433	0.15934946233671757	10764023.2	448656.475	4.3	4.3189027234496775
-1.836655612227292	-0.9999988836345116	0.15123536055066253	0.15934946233671757	10764023.2	165475.425	4.35	4.352458668144454
-1.836655612227292	-0.9999988272467845	0.13635244698126056	0.15934946233671757	10764023.2	303622.225	4.345000000000001	4.3467238699512425
-1.6105152653390322	-0.9999987477479625	0.11801576809054498	0.19978464544627064	10933489.5	883355.825	4.26	4.260103495401897
-1.0687657458633844	-0.9999990174510731	0.14518965989779367	0.34343213847446713	12962584.2	339887.6	4.3	4.311704252531392
-1.7126528600590432	-0.9999987857645198	0.12421547887768042	0.18038661685398588	11063420.1	682553.2	4.28	4.294472342458199
-1.7126528600590432	-0.9999989148977768	0.1599176467517012	0.18038661685398588	11063420.1	163560.075	4.33	4.33079868621325
-2.0463432445955196	-0.9999991707310362	0.10437490827806072	0.12920651740490205	15332809.7	332707.9	4.15	4.206403036098241
-1.757529742764869	-0.9999988209524099	0.11347756318386398	0.17247038424874853	10501904.0	238527.625	4.32	4.331683895538629
-1.757529742764869	-0.9999988252993208	0.14512671778165517	0.17247038424874853	10501904.0	227883.4	4.34	4.340107218989305
-1.9367573505309825	-0.9999990662314603	0.1044998655372755	0.1441706876388138	13419072.2	276593.4	4.42	4.428899201528697
-1.4823631302537335	-0.999998860916063	0.10782225200000761	0.22710038598332397	11629678.0	566469.0	4.24	4.241829110876055
-1.4823631302537335	-0.9999989626499113	0.1306893689097768	0.22710038598332397	11629678.0	173518.88888888888	4.26	4.2652568697729984
-1.4823631302537335	-0.9999989403368531	0.1733236546500361	0.22710038598332397	11629678.0	224928.25	4.2700000000000005	4.277283436434535
