-1.4306765242761328	-0.9999990520038657	0.13354250852249222	0.2391470787000774	13311824.875	302414.90625	5.2700000000000005	5.283999425640886
-1.7872870891198123	-0.9999990721380113	0.12031390879462393	0.16741373268773427	13627322.8	309982.65	5.23	5.25273165874245
-1.8673160171158516	-0.9999989975846837	0.09246820783797605	0.15453788271772945	12417200.2	254533.5	5.14	5.16617602613689
-0.2079672492163408	-0.9999990623382187	0.12654354678757934	0.8122336375644819	13475293.5	307203.125	5.25	5.295175420596561
-0.2079672492163408	-0.9999991032933117	0.08401630439557595	0.8122336375644819	13475293.5	176907.125	5.315	5.337791206522768
-0.2079672492163408	-0.9999990090526464	0.11640838393956082	0.8122336375644819	13475293.5	629892.75	5.33	5.330464341028474
-0.2079672492163408	-0.9999991739736603	0.0697211155378486	0.8122336375644819	13475293.5	68250.0	5.33	5.331798471654523
-0.2079672492163408	-0.9999990987143644	0.16251304674892506	0.8122336375644819	13475293.5	188166.625	5.335	5.34469038195064
-1.0904174419524	-0.9999990866736105	0.12100285871436038	0.33607617212726604	13742962.0	282605.25	5.32	5.330218530924306
-1.0904174419524	-0.9999990578858218	0.1070764317029136	0.33607617212726604	13742962.0	419759.4	5.33	5.334081055783984
-1.2275532224924595	-0.999999124069306	0.12812394055413462	0.293008628236514	14384398.666666666	296479.375	5.29	5.29086022480058
-1.2275532224924595	-0.9999991417814004	0.10739546435551607	0.293008628236514	14384398.666666666	229797.58333333334	5.3	5.300674186144119
-1.2275532224924595	-0.9999990306832334	0.11265558743617615	0.293008628236514	14384398.666666666	1136015.9583333333	5.3	5.305055721527055
-1.6390029427181891	-0.9999990924555833	0.1160727648833052	0.19417354795666986	13897112.2	300211.725	5.2	5.226110546328202
-1.6390029427181891	-0.9999991203587912	0.10133220178828686	0.19417354795666986	13897112.2	203713.05	5.225	5.226996059593486
-1.6390029427181891	-0.999999141236398	0.08671583209697173	0.19417354795666986	13897112.2	152409.7	5.225	5.227298350137488
-0.6509083216825067	-0.9999990702976876	0.11718623742044289	0.5215718065540182	13459429.0	271918.75	5.3500000000000005	5.350288712664419
