-1.8547967479964211	-0.9999978924473473	0.09150568605240872	0.1564847452808814	5645435.3	146979.05	3.66	3.6708149934679932
-1.8547967479964211	-0.9999979096642677	0.13313678077476587	0.1564847452808814	5645435.3	133365.35	3.66	3.662615141332279
-1.8547967479964211	-0.9999979855490825	0.14322964227904936	0.1564847452808814	5645435.3	86893.7	3.64	3.651403572730587
-1.8547967479964211	-0.9999980258838602	0.10712245602796774	0.1564847452808814	5645435.3	69198.225	3.6500000000000004	3.651233120113717
-1.8877606749800517	-0.9999977088435122	0.08712192678027254	0.15141048678117755	5158823.3	135898.575	3.64	3.658609633738958
-1.8877606749800517	-0.9999977712615871	0.11533976962214715	0.15141048678117755	5158823.3	98484.8	3.6550000000000002	3.663952580195258
-1.8877606749800517	-0.9999978177012074	0.13767812923006958	0.15141048678117755	5158823.3	77503.7	3.65	3.650714048488874
-1.8877606749800517	-0.9999978467255654	0.11040502133533077	0.15141048678117755	5158823.3	66725.825	3.6500000000000004	3.6530469273743016
-1.8877606749800517	-0.9999978109381366	0.13407331977601522	0.15141048678117755	5158823.3	80255.525	3.665	3.671560720647486
-1.3895028198713908	-0.9999981694235177	0.08956578363308336	0.24919917071298395	6495820.5	145960.21875	3.61	3.6436626368123615
-1.3895028198713908	-0.999998201104354	0.10891222895357923	0.24919917071298395	6495820.5	118811.65625	3.66	3.684196848121938
-1.3895028198713908	nan	nan	0.24919917071298395	6495820.5	nan	3.6950000000000003	3.696103500761035
-1.3895028198713908	-0.9999982663154735	0.09444637538181336	0.24919917071298395	6495820.5	77783.96875	3.7300000000000004	3.7305321080099842
-1.7816057208775717	-0.9999979978629541	0.08233011282525744	0.16836757876165637	5898138.9	134440.225	3.58	3.642832421231187
-1.7816057208775717	-0.9999979968477175	0.13097060717274192	0.16836757876165637	5898138.9	135247.675	3.6500000000000004	3.66404140270576
-1.7816057208775717	-0.9999980616302611	0.13649098372607588	0.16836757876165637	5898138.9	92296.65	3.6550000000000002	3.656660630433918
-1.4666467231975402	-0.9999980265230599	0.09799859844257798	0.23069778312319936	6351088.222222222	277540.6111111111	3.69	3.6910112408204165
-1.9187243592896392	-0.9999976008838938	0.08448542355260838	0.14679409927416878	4863190.3	116698.575	3.66	3.6636407917918956
-1.0578295041743626	-0.9999981435901211	0.08363758859452118	0.3472086078965955	6654346.4	231698.0	3.66	3.6636024512503282
-2.001738576939361	-0.9999972943593491	0.0801062627899045	0.13510019685119515	4299474.8	112738.35	3.65	3.6602731116605276
-1.5340261645438444	-0.9999981587004679	0.09429706799186911	0.21566561175849983	6518109.4	163045.675	3.66	3.696120574926803
-1.5340261645438444	-0.9999981986489267	0.11653281254361256	0.21566561175849983	6518109.4	125667.575	3.69	3.700051157125457
-1.5340261645438444	-0.9999980429949135	0.11781051621931105	0.21566561175849983	6518109.4	346615.15	3.71	3.7114168569207484
-1.5340261645438444	-0.9999982647509209	0.10577177967086111	0.21566561175849983	6518109.4	81677.275	3.7	3.7041525991455226
-1.5340261645438444	-0.9999982604019837	0.10541786704829634	0.21566561175849983	6518109.4	84025.725	3.71	3.718992116012843
-1.5340261645438444	nan	nan	0.21566561175849983	6518109.4	nan	3.715	3.730884835614513
-1.7414390765446262	-0.9999980366388487	0.08123076259918445	0.17526799498443812	6015046.5	134551.35	3.61	3.649573534023205
-1.9477215562314036	-0.999997287465597	0.09012862394323484	0.14259860463310572	4466690.3	182781.3	3.67	3.6709508133230053
-1.9477215562314036	-0.9999973741121734	0.12272328454304825	0.14259860463310572	4466690.3	124121.925	3.7	3.70033591951573
-2.0268483289140558	-0.9999971614302929	0.10915474938268842	0.13175010047872912	4189984.8	146320.85	3.65	3.659523622819055
-2.050721410456797	-0.9999972258077414	0.11055280599380449	0.12864206637309628	4304384.8	153458.35	3.61	3.6125272592338873
-1.5934695421066274	-0.9999981689345961	0.0892417645704989	0.20321930921936213	6508649.2	149904.8	3.72	3.7343531229955276
-1.5934695421066274	-0.9999981903343229	0.11949909611211379	0.20321930921936213	6508649.2	130414.275	3.74	3.740250587314017
-1.5934695421066274	-0.9999980878922844	0.10820086326669863	0.20321930921936213	6508649.2	254036.8	3.73	3.7319762661184823
-1.5934695421066274	-0.9999982624593716	0.10411253631757326	0.20321930921936213	6508649.2	81554.775	3.725	3.733658820110433
-1.5934695421066274	-0.9999982558604731	0.10532911458807599	0.20321930921936213	6508649.2	85133.9	3.73	3.7340463645943096
-1.5934695421066274	-0.9999982075380474	0.08098038281489664	0.20321930921936213	6508649.2	116599.175	3.75	3.767412639993668
-1.819408396774829	-0.9999980079928616	0.09306457490291663	0.16212163425033707	6008499.1	157781.55	3.67	3.6791766080856303
-1.819408396774829	-0.9999979478244532	0.13288102110875122	0.16212163425033707	6008499.1	226497.8	3.66	3.676821919579923
-1.819408396774829	-0.9999981629995781	0.09317596581961596	0.16212163425033707	6008499.1	62168.225	3.7	3.71282663939762
