-1.3141200072965387	-0.9999988586571729	0.14028835302157572	0.2687106826667868	10912836.0	256602.42857142858	4.3	4.308573247758761
-1.3141200072965387	-0.9999988826994756	0.12625569566236447	0.2687106826667868	10912836.0	197385.17857142858	4.315	4.320671927307508
-1.3141200072965387	-0.9999988585471475	0.16271205609590592	0.2687106826667868	10912836.0	256910.7142857143	4.335	4.359972430600391
-1.3141200072965387	-0.9999989211762684	0.11601789587679255	0.2687106826667868	10912836.0	129705.10714285714	4.375	4.3753165483082395
-1.3141200072965387	-0.9999988876357915	0.1664604507206931	0.2687106826667868	10912836.0	187033.4642857143	4.375	4.375584201281682
-1.9065673085828405	-0.9999989838659592	0.11644058599100163	0.1485895743097311	12453928.9	313281.65	4.23	4.241070689380672
-1.9065673085828405	-0.9999989887482461	0.1375510525648074	0.1485895743097311	12453928.9	294800.475	4.245	4.24526853984339
-1.9065673085828405	-0.9999990420141376	0.13664343189544642	0.1485895743097311	12453928.9	151854.975	4.245	4.249361544172235
-1.8731801828546972	-0.9999989921889655	0.11824534483767911	0.1536342989324818	12618214.9	333291.65	4.21	4.234604498129535
-1.8731801828546972	-0.9999990012252677	0.13544107856790627	0.1536342989324818	12618214.9	297375.475	4.26	4.288496236280544
-1.9358412298968306	-0.9999993926643728	0.13458889449661265	0.14430282589865107	21089812.3	365342.9	4.17	4.22675337339558
-1.9358412298968306	-0.999999376010066	0.15093637969994453	0.14430282589865107	21089812.3	519087.975	4.25	4.328094275590955
-1.9358412298968306	-0.9999993993003804	0.10538843365740312	0.14430282589865107	21089812.3	317628.925	4.36	4.489037665758286
-1.9358412298968306	-0.9999994092213419	0.1556187438142892	0.14430282589865107	21089812.3	257662.825	4.47	4.494040573483232
-1.9358412298968306	-0.9999994051141277	0.13391143580814205	0.14430282589865107	21089812.3	280976.925	4.505	4.525837676854754
-1.9358412298968306	-0.9999994149758781	0.08230767582839195	0.14430282589865107	21089812.3	228215.25	4.55	4.558437076917765
-1.9358412298968306	-0.999999351299685	0.20311532373256674	0.14430282589865107	21089812.3	874114.575	4.5600000000000005	4.585238279586544
-1.9939757143190673	-0.9999995339320333	0.0680672508715786	0.13615304237971218	27832733.4	430173.175	4.44	4.509868763698989
-1.2057922702236459	-0.9999987534266073	0.12743513936101028	0.29945465649808384	9904672.666666666	230244.5	4.3	4.30588966673959
-1.2057922702236459	-0.9999987806994807	0.11373800202462883	0.29945465649808384	9904672.666666666	175741.04166666666	4.295	4.319837374277057
-1.2057922702236459	-0.9999987559267534	0.12358596387748562	0.29945465649808384	9904672.666666666	224612.91666666666	4.32	4.3207835016452965
-1.5509661308670049	-0.999998876055665	0.13142943315057926	0.21204301353294563	11162802.5	281071.7	4.37	4.372569530355097
-1.5509661308670049	-0.999998844426938	0.13833211425129663	0.21204301353294563	11162802.5	400084.625	4.375	4.375235980415354
-1.7595720584227776	-0.9999989929288863	0.1219474961251928	0.17211850472930687	12591430.1	321406.65	4.29	4.303547673131807
-2.046004428539097	-0.9999995870479677	0.07831026875511693	0.12925030206464727	31943472.5	535587.75	4.58	4.599493272907611
-2.046004428539097	-0.9999995812083169	0.14779455728941313	0.12925030206464727	31943472.5	645421.625	4.595000000000001	4.601009544344187
-1.8381078902658956	-0.999999008306322	0.11305175679303249	0.15911821057367573	12727949.2	303222.9	4.19	4.194976072151666
-0.20060235608409813	-0.9999985637526964	0.14880930196443823	0.8182377341290158	8751210.5	287477.25	4.36	4.367943920738746
-0.20060235608409813	-0.999998537856174	0.17390890481632157	0.8182377341290158	8751210.5	360600.375	4.37	4.370479382900529
-0.20060235608409813	-0.9999985555349405	0.13631005870266386	0.8182377341290158	8751210.5	308912.875	4.365	4.365578175895766
-0.20060235608409813	-0.9999985641119461	0.14751693234654076	0.8182377341290158	8751210.5	286574.875	4.37	4.37213778566211
-2.020376237760548	-0.9999995157537969	0.11432351727466807	0.1326055644728505	30627718.2	2761696.95	4.51	4.511980893787216
-2.020376237760548	-0.999999547025037	0.12557097566622757	0.1326055644728505	30627718.2	1059797.675	4.48	4.532417505799064
-2.020376237760548	-0.9999995452900964	0.1710531281830389	0.1326055644728505	30627718.2	1117635.55	4.58	4.599559487184589
-1.482901248656757	-0.9999987404199258	0.14074965003002055	0.2269782119612855	11208615.666666666	1353423.9722222222	4.3500000000000005	4.350253415446024
-1.482901248656757	-0.9999989256658941	0.14007352701779255	0.2269782119612855	11208615.666666666	169700.80555555556	4.36	4.366246888735231
