0.0	-0.9999994424318773	0.08415645087861906	1.0	22399403.0	265452.0	5.6000000000000005	5.624413023877489
-1.4374109818338503	-0.9999992291308075	0.10623285850665695	0.23754196370430958	17700592.5	843099.5	5.42	5.428648407351867
-1.5163741066366747	-0.9999992609934056	0.10041516078641445	0.21950635238465488	17116625.555555556	311544.02777777775	5.47	5.470106653946444
-1.645414532542094	-0.9999992073738194	0.11257304938479186	0.19293256938653144	16117417.3	353303.975	5.41	5.452105876884589
-1.645414532542094	-0.9999991093323686	0.13112795192043172	0.19293256938653144	16117417.3	1715579.2	5.46	5.461244676922585
-1.835969322858158	-0.999999158750584	0.1306099491441963	0.15945885971353102	15217023.7	362692.1	5.42	5.436872828826374
-1.835969322858158	-0.9999991710051259	0.15445927908667823	0.15945885971353102	15217023.7	300989.7	5.465	5.47356869599772
-1.835969322858158	-0.9999991030933709	0.13830484159337203	0.15945885971353102	15217023.7	845977.675	5.455	5.462531719776293
-1.835969322858158	-0.9999991987814969	0.13307447797515887	0.15945885971353102	15217023.7	197235.925	5.445	5.446862929633938
-1.835969322858158	-0.9999991776899168	0.1511628980177425	0.15945885971353102	15217023.7	271877.9	5.455	5.480399092539364
-1.835969322858158	-0.9999991650832017	0.1550687655311063	0.15945885971353102	15217023.7	329372.85	5.47	5.474757745813399
-1.835969322858158	-0.9999991618502391	0.13803889245219814	0.15945885971353102	15217023.7	345981.95	5.48	5.4927077795142445
-1.794658886998034	-0.9999991296504023	0.12254643410401485	0.1661841302470468	14611036.6	333269.525	5.43	5.431881864378996
-1.794658886998034	-0.9999990664549077	0.1378699524270299	0.1661841302470468	14611036.6	839079.15	5.4350000000000005	5.436825361059921
-1.794658886998034	-0.9999991591228211	0.14682582225772964	0.1661841302470468	14611036.6	216659.575	5.44	5.446237303675498
-2.0595237940626423	-0.999999266058986	0.09521424705582374	0.12751467868582056	17093604.0	280883.0	5.22	5.24090582538663
-2.0595237940626423	-0.9999992114162974	0.13701466240470414	0.12751467868582056	17093604.0	714784.325	5.245	5.259731338290601
-1.3456142870263494	-0.9999993031982316	0.0875388896999225	0.26037971084466494	18016913.85714286	283286.46428571426	5.47	5.480142609053154
