-2.1688526173734313	-0.9999997048792009	0.06050815171462795	0.11430869751024374	46769129.3	987114.975	11.1	11.161657095864488
-0.9850303234584898	-0.9999998132127124	0.017031036402891303	0.37342790313945357	69144760.5	406508.375	10.17	10.261778839363862
-0.9850303234584898	-0.9999998018212035	0.04863442869012882	0.37342790313945357	69144760.5	893609.625	10.3	10.307143512749517
-0.9850303234584898	-0.9999998101605551	0.04113444237224794	0.37342790313945357	69144760.5	502022.875	10.305	10.315366267120604
-1.6206256061119522	-0.9999997510627898	0.056165713577744934	0.19777493116693987	56073668.55555555	1154088.888888889	10.27	10.426156140283096
-1.75874217685115	-0.9999997145018991	0.08210127525022903	0.1722614019902185	50183090.7	1668067.775	10.83	10.8977585813395
-1.75874217685115	-0.9999997228157095	0.08657025908667887	0.1722614019902185	50183090.7	1099057.425	10.780000000000001	10.784607362675912
-1.43997623384683	-0.9999997651780799	0.02773594299440279	0.2369333896104373	55871457.14285714	498740.3214285714	9.98	10.035189848728582
-1.43997623384683	-0.9999997549213983	0.05437057715159453	0.2369333896104373	55871457.14285714	884605.8571428572	10.094999999999999	10.101523074696246
-1.9617366433361623	-0.9999996808620086	0.08107360325173527	0.1406140123696777	44583217.1	1510872.25	10.51	10.524334566138313
-2.0396403052498635	-0.9999996957111046	0.08499792741767999	0.13007548993568224	46957784.6	1605156.45	10.33	10.414379975081253
-2.0396403052498635	-0.9999997057366694	0.09548245754778789	0.13007548993568224	46957784.6	1002445.525	10.475000000000001	10.596093372632728
-1.5371464084176796	-0.9999997581827126	0.049275023585159436	0.21499373121530257	57055705.375	981713.59375	10.200000000000001	10.343022658871973
-1.5371464084176796	-0.9999997583800041	0.06224313370307912	0.21499373121530257	57055705.375	970724.78125	10.355	10.381692355532369
-1.6933215309600647	-0.9999997555485386	0.06772430334302981	0.1839076534173822	58087001.8	1468059.175	10.41	10.610527858786211
-1.6933215309600647	-0.9999997597526827	0.07565209907979761	0.1839076534173822	58087001.8	1149968.925	10.665	10.743007261699466
-1.6933215309600647	-0.9999997693985313	0.06471481454814841	0.1839076534173822	58087001.8	656676.25	10.780000000000001	10.808061081056946
-2.1073032190204573	-0.9999997150668489	0.0756383621515896	0.12156535993111882	49410467.2	1301046.3	10.53	10.707118645047549
-2.1073032190204573	-0.9999997171103334	0.1029575295525434	0.12156535993111882	49410467.2	1176094.475	10.795000000000002	10.844091383668783
-2.1073032190204573	-0.9999997197860644	0.08937535670223512	0.12156535993111882	49410467.2	1030444.175	10.950000000000001	11.062826332023583
-2.1073032190204573	-0.9999997260159857	0.07831213144826854	0.12156535993111882	49410467.2	757422.75	11.030000000000001	11.091194408565192
-1.917957533481182	-0.9999997020768566	0.07688857311620372	0.14690670794812205	47696403.5	1483421.475	10.43	10.5522913078373
-1.917957533481182	-0.9999997097787571	0.0913389908852755	0.14690670794812205	47696403.5	1027365.725	10.52	10.522883466875157
