-1.94976382335822	-0.9999997194137833	0.05697935697575454	0.14230767736724725	49387966.2	1042968.6	7.98	8.121060367473381
-1.94976382335822	-0.9999997218944153	0.08432002685569956	0.14230767736724725	49387966.2	922708.025	8.16	8.210691725557119
-1.1430736400721135	-0.9999996157587446	0.08366241599558082	0.3188375224156762	37499177.8	1809806.7	8.120000000000001	8.129734641936324
-1.8224151153032702	-0.9999997248814929	0.046331742097375804	0.1616349122135369	49426702.1	804679.425	8.0	8.052403418925731
-1.8224151153032702	-0.9999997228281304	0.08324160545513913	0.1616349122135369	49426702.1	890635.3	8.05	8.060690424828266
-1.8224151153032702	-0.9999997220702876	0.08880066544425382	0.1616349122135369	49426702.1	924629.15	8.08	8.081732269635923
-1.9109281518300694	-0.999999727377087	0.040069414930010726	0.14794300927701343	49173298.8	663820.1	7.86	7.887062988018264
-1.9109281518300694	-0.999999720410715	0.08315789671685482	0.14794300927701343	49173298.8	935022.975	7.9	7.9373311111823615
-1.9109281518300694	-0.9999997061308592	0.08765327678845967	0.14794300927701343	49173298.8	1887029.65	7.930000000000001	7.935818167610785
-0.23265098586767133	-0.9999996624896235	0.08628000165127628	0.7924300945685179	42489740.5	1690826.0	8.14	8.184131366115496
-1.2855600462727101	-0.9999996541375604	0.0828407155767921	0.2764956898816496	40363403.166666664	1155662.375	8.18	8.237184841375685
-1.2855600462727101	-0.9999996601785833	0.10753707729093807	0.2764956898816496	40363403.166666664	905595.25	8.245000000000001	8.342332003552805
-1.2855600462727101	-0.9999996603275776	0.11575489786850379	0.2764956898816496	40363403.166666664	900165.4166666666	8.35	8.351634790621949
-1.2855600462727101	-0.9999996540384251	0.11148184091752669	0.2764956898816496	40363403.166666664	1160295.9583333333	8.370000000000001	8.448403367668897
-1.5817453383269804	-0.99999967596527	0.061884785627181305	0.20561591551042316	42275171.0	889684.7777777778	8.49	8.506151690853615
-1.9865129074268293	-0.9999996921337148	0.06799126777063437	0.13717292711077578	45323241.7	1147960.2	8.1	8.136981705750086
-1.9865129074268293	-0.9999997016558366	0.07687071691303073	0.13717292711077578	45323241.7	745584.15	8.145	8.161444646139033
-1.9865129074268293	-0.9999996879440357	0.07347394083000908	0.13717292711077578	45323241.7	1388017.7	8.16	8.163791713010395
-2.052855204128295	-0.9999997194450104	0.07686206743845919	0.12836786339630815	50662084.3	1488828.1	8.21	8.283751154113796
-2.052855204128295	-0.9999997070624468	0.08855074656242831	0.12836786339630815	50662084.3	2787976.6	8.325	8.344164027593237
-0.9555561556516915	-0.9999996326945658	0.08654782053058545	0.3845981886058653	38452884.5	1361302.75	8.07	8.123508199694141
-0.9555561556516915	-0.999999658031348	0.07861606605665893	0.3845981886058653	38452884.5	513846.125	8.14	8.166581763661254
-0.9555561556516915	-0.9999996415649818	0.13084498153183327	0.3845981886058653	38452884.5	967876.0625	8.165	8.20865866677387
