-2.0160946843069634	-0.9999994661637842	0.10840784512421098	0.1331745394646147	25471566.4	804232.25	7.79	7.823392534375064
-1.818095590111903	-0.999999632833903	0.08107347281451158	0.16233460837832486	37666872.6	1014592.5	7.7700000000000005	7.780335554118991
-1.863836800461721	-0.9999995639691306	0.07763874009824683	0.15507648991522321	31388470.0	878824.7	7.76	7.766513043096509
-1.863836800461721	-0.9999995671581291	0.11621671710201574	0.15507648991522321	31388470.0	795115.625	7.76	7.796350470051857
-1.863836800461721	-0.9999995665067056	0.13120388724846033	0.15507648991522321	31388470.0	811540.875	7.805	7.823661324129354
-1.863836800461721	-0.9999995609085777	0.13355904595565068	0.15507648991522321	31388470.0	967438.275	7.83	7.842349567559763
-1.9455308838114205	-0.9999995092904074	0.10242211336189717	0.14291133388200694	30169428.9	2688322.075	7.84	7.840583717588414
-1.9455308838114205	-0.9999995495768119	0.1253026316457383	0.14291133388200694	30169428.9	797318.175	7.86	7.865580276094098
-0.9554904865666053	-0.99999974383256	0.11269394471383055	0.3846234456463312	55213616.25	1388771.375	8.08	8.095128569610631
-0.9554904865666053	-0.9999997449389109	0.10818766982390866	0.3846234456463312	55213616.25	1306476.4375	8.135000000000002	8.157297515158474
-0.9554904865666053	-0.9999997251937198	0.12498862484175376	0.3846234456463312	55213616.25	3886611.4375	8.175	8.193975066865232
-2.047883520600144	-0.9999994434394752	0.11029281343137595	0.12900765689585295	24310510.0	751832.525	7.7700000000000005	7.773682819694808
-2.047883520600144	-0.9999994086024164	0.12351490985936713	0.12900765689585295	24310510.0	1753591.1	7.805	7.805926899861025
-2.047883520600144	-0.9999994413655263	0.13225015476918392	0.12900765689585295	24310510.0	790710.9	7.795	7.822822442459214
-2.047883520600144	-0.9999994362853263	0.1503142369517655	0.12900765689585295	24310510.0	894652.0	7.84	7.843382021709248
