-1.633494048945037	-0.9999996554005343	0.05743130060209716	0.19524618120454915	39868352.88888889	925983.8055555555	10.96	10.987451853832004
-1.1848937165564426	-0.9999996704192617	0.05472922102581931	0.30577867698246514	41614837.0	904780.45	10.76	10.78773626516866
-1.1848937165564426	-0.9999996497773803	0.08466140181211405	0.30577867698246514	41614837.0	2136024.1	10.765	10.77692082465694
-1.9287084514477673	-0.9999995401784092	0.07357485726032796	0.14533578554205517	29515204.6	783657.275	10.77	10.796435869898334
-1.9287084514477673	-0.9999995535718806	0.08577259403672409	0.14533578554205517	29515204.6	527769.75	10.795000000000002	10.809109798953907
-2.1493646098075976	-0.9999995833496326	0.10727229413154711	0.1165581941834301	36429860.4	3907914.7	11.06	11.075784536358942
-2.1787064436780765	-0.9999996631638217	0.10364947969650073	0.11318785084335849	42063131.7	1423150.775	11.1	11.15992197309685
-2.1787064436780765	-0.9999996707339395	0.12302580393416404	0.11318785084335849	42063131.7	1035050.425	11.15	11.201500441462267
-2.1787064436780765	-0.999999667453907	0.1229091801696747	0.11318785084335849	42063131.7	1188175.225	11.265	11.34607164903978
-0.716158306111484	-0.9999996807221926	0.08182945144977215	0.4886258056248143	44119487.666666664	1311094.0833333333	11.13	11.154115338246832
-1.8291113968733355	-0.9999996202662528	0.05910528041535598	0.16055617512434164	35733561.4	781709.05	10.790000000000001	10.793391039221278
-1.8291113968733355	-0.9999996024865873	0.08532540668517226	0.16055617512434164	35733561.4	1475591.175	10.78	10.78809342254889
-1.8291113968733355	-0.9999996266031276	0.09771419367877655	0.16055617512434164	35733561.4	623309.5	10.77	10.792196215112883
-1.5489772473862293	-0.9999996620079997	0.05749948672851628	0.2124651620427177	40778732.25	967900.1875	10.88	10.997541010480475
-2.050235925671512	-0.9999995862824053	0.0890190745495888	0.1287045353016982	33355781.3	984483.675	10.82	10.898079695451282
-2.050235925671512	-0.9999995943295373	0.1010756974155176	0.1287045353016982	33355781.3	752724.0	10.940000000000001	10.98362053431433
-2.050235925671512	-0.9999995932967422	0.1174105146164836	0.1287045353016982	33355781.3	779106.975	11.024999999999999	11.041460806362512
-2.2068220907776466	-0.999999653160238	0.10328920398397683	0.11004982174467813	43753013.4	3895312.625	11.27	11.275948536430242
-2.2068220907776466	-0.9999996654892737	0.11121750101681185	0.11004982174467813	43753013.4	2271274.875	11.285	11.311225679724558
-1.3318623555328395	-0.9999996548921233	0.06505896695849467	0.2639851689765922	40137801.166666664	1037028.9166666666	10.84	10.937034142390695
-1.8812355570335206	-0.9999995857831435	0.05450615279845491	0.1524016884026338	32435931.7	683859.8	10.77	10.785935250353644
-1.8812355570335206	-0.999999593910103	0.08443187518911642	0.1524016884026338	32435931.7	525393.225	10.774999999999999	10.788190495494666
-0.24823056588299774	-0.9999996686503654	0.07240960404999465	0.780180039639274	42413639.0	1269004.125	11.06	11.100613359981011
-0.24823056588299774	-0.9999997087620448	0.032135135142637605	0.780180039639274	42413639.0	231528.25	11.075	11.094007553946488
-0.24823056588299774	-0.9999996612964605	0.09723756026712248	0.780180039639274	42413639.0	1733493.125	11.075	11.088714876653345
