-1.7621494782077471	-0.9999997274079477	0.09666127730995785	0.1716754542985999	52947982.5	1854635.375	7.6000000000000005	7.717815530923686
-1.7621494782077471	-0.9999997437789071	0.07486210556488673	0.1716754542985999	52947982.5	779484.95	7.755	7.763563643859964
-2.0111766580198593	-0.9999995885310059	0.13683309253950704	0.1338311085390902	34594100.6	1520270.925	7.69	7.711570615602649
-2.0111766580198593	-0.9999996077632435	0.10352069372353541	0.1338311085390902	34594100.6	781582.925	7.75	7.771923196860331
-2.0111766580198593	-0.9999996054727334	0.11276735854529013	0.1338311085390902	34594100.6	846033.95	7.78	7.811787921843305
-2.0111766580198593	-0.999999606610726	0.09399340472395354	0.1338311085390902	34594100.6	813374.475	7.825	7.829340638957725
-1.7068745037333217	nan	nan	0.1814319723120737	47245679.8	nan	7.53	7.578448192646459
-1.7068745037333217	nan	nan	0.1814319723120737	47245679.8	nan	7.57	7.578497649593306
-1.7068745037333217	nan	nan	0.1814319723120737	47245679.8	nan	7.575	7.580650825269742
-1.901412504751335	-0.999999608162548	0.12154336144815724	0.14935750197449166	36205904.3	1449644.05	7.67	7.684243371070886
-1.901412504751335	-0.9999996028496321	0.09547914552530162	0.14935750197449166	36205904.3	1757121.725	7.68	7.698051177639397
-1.901412504751335	-0.999999627850212	0.10695729289560542	0.14935750197449166	36205904.3	710708.9	7.675	7.70897721812637
-2.043440054016352	-0.9999995761396336	0.13392935882693452	0.12958217358588983	33579090.7	1517910.125	7.8100000000000005	7.843584939742659
-2.043440054016352	-0.9999995683806261	0.11356970961209144	0.12958217358588983	33579090.7	1969687.775	7.795	7.796925705426794
-2.043440054016352	-0.9999995935515392	0.12118343075404234	0.12958217358588983	33579090.7	845910.25	7.8	7.801351171858146
-1.1409255963882132	nan	nan	0.3195231354416332	46540215.6	nan	7.8500000000000005	7.85487229811178
-1.1409255963882132	nan	nan	0.3195231354416332	46540215.6	nan	7.875	7.894005360374255
-0.6866661009308225	nan	nan	0.503251063635808	35492258.0	nan	8.05	8.077893649836057
-2.129776627971803	-0.9999997539657718	0.10534607521009695	0.11886384174468075	60253438.5	2742575.15	8.17	8.221661420883445
-1.5741208278330372	nan	nan	0.20718962798586327	43765758.55555555	nan	7.74	7.774989601329494
-2.102233111788846	-0.9999997510826948	0.11154311563323864	0.12218327446441622	59864392.3	2961726.325	8.18	8.197266866939316
-2.102233111788846	-0.999999766064003	0.10795973332919113	0.12218327446441622	59864392.3	1207950.25	8.27	8.287424247940796
-2.0731364562125787	-0.9999996972165724	0.12671749739689617	0.12579062554500844	48763371.9	2583719.275	7.890000000000001	8.046566694073308
-2.0731364562125787	-0.9999997180507535	0.11316302496033626	0.12579062554500844	48763371.9	935461.15	8.07	8.074701251118789
-2.0731364562125787	-0.9999997107967801	0.14252751961184773	0.12579062554500844	48763371.9	1332441.35	8.105	8.142583838623848
-2.0731364562125787	-0.9999997088998726	0.13292554196937154	0.12579062554500844	48763371.9	1461571.95	8.135000000000002	8.164271585181885
