-1.9691396504242018	-0.9999996189255934	0.06696136837640747	0.13957688949002225	36353202.3	1038485.575	8.78	8.813538316062063
-1.9691396504242018	-0.9999996325150786	0.08946573745613935	0.13957688949002225	36353202.3	633650.05	8.83	8.83040727147073
-1.9691396504242018	-0.9999996339756596	0.10073394124905911	0.13957688949002225	36353202.3	600882.825	8.815000000000001	8.81706907861235
-2.180169754453355	-0.999999727588885	0.05697634426414935	0.11302234296585224	50839431.5	1034289.475	8.18	8.180303019264455
-2.180169754453355	-0.9999997366382019	0.06233108438058909	0.11302234296585224	50839431.5	652889.1	8.155000000000001	8.17096586307486
-2.180169754453355	-0.9999997293901915	0.0931708369751917	0.11302234296585224	50839431.5	943779.425	8.16	8.180108239254398
-1.8870263191626766	-0.999999705967619	0.06229395224834449	0.1515217167891599	47897198.1	1307106.45	8.620000000000001	8.644499022029283
-1.515310694849199	-0.9999997519144909	0.05254498563122743	0.2197399021850029	56795585.125	1316070.40625	9.01	9.010490998720703
-1.515310694849199	-0.9999997593049542	0.08438905493949742	0.2197399021850029	56795585.125	864939.46875	8.975000000000001	8.98817273134951
-1.515310694849199	-0.9999997626370452	0.07671304213537494	0.2197399021850029	56795585.125	715807.46875	8.97	8.977766050412576
-1.515310694849199	-0.9999997570030683	0.07899675131625665	0.2197399021850029	56795585.125	985743.9375	8.98	8.988269606151887
-1.9295672696482162	-0.9999996748220521	0.0667840090865133	0.14521102210647815	43461639.3	1373353.275	8.64	8.66252882594709
-1.9295672696482162	-0.999999671154106	0.09546649495250527	0.14521102210647815	43461639.3	1610702.55	8.665	8.691995131605534
-1.9295672696482162	-0.9999996932780727	0.09968430190751489	0.14521102210647815	43461639.3	615774.525	8.645	8.683736604504679
-1.9295672696482162	-0.9999996830970108	0.10045090726677287	0.14521102210647815	43461639.3	958497.625	8.71	8.736734673073782
-2.129062339126635	-0.9999996819464045	0.06236098754146098	0.11894877519082829	43537808.7	1032357.55	7.91	8.024162618998247
-1.302417934569019	-0.9999997693129036	0.05578014653691073	0.2718736250147417	61659367.333333336	1504573.0833333333	9.200000000000001	9.22481059828003
-0.9691495107456661	-0.9999997296085713	0.04342770447853726	0.3794055812941227	50859383.0	938408.0625	9.040000000000001	9.050308201654692
-1.6695203809555936	-0.9999997464043474	0.05290904369692225	0.18833737417159568	55570668.7	1319125.05	8.9	8.965088254809581
-0.2372210290038766	-0.999999752633857	0.07379926060797459	0.7888169173303514	58035495.0	1716874.375	9.03	9.116859905850767
-0.2372210290038766	-0.9999997573696666	0.09520944129158049	0.7888169173303514	58035495.0	1304291.75	9.135000000000002	9.140479269066546
-2.154838919440284	-0.9999997104287354	0.06346756654116628	0.11592186186744323	50148562.8	2026016.8	7.930000000000001	7.93840627315885
-2.154838919440284	-0.9999997263827836	0.09247565213530878	0.11592186186744323	50148562.8	910281.4	8.0	8.05907120572712
-2.154838919440284	-0.9999997166879537	0.11633504509460521	0.11592186186744323	50148562.8	1480205.175	8.094999999999999	8.197283677167471
