0.0	-0.9999994849491896	0.10170327417194587	1.0	25993991.0	652277.0	12.200000000000001	12.242838461814317
0.0	-0.999999518920586	0.0885060935493789	1.0	25993991.0	269728.25	12.265	12.270551272539704
-1.6493058181218725	-0.9999995023013435	0.06111430061338324	0.1921832724710432	26390218.555555556	506041.69444444444	11.790000000000001	11.86456264493196
-1.788123546359386	-0.9999994864316853	0.07567030169545226	0.16727375680910336	26137275.0	675544.825	11.86	12.02909074240002
-2.198756333689213	-0.9999995102678357	0.08676633871221215	0.11094104624300112	28500420.5	1152647.175	11.71	11.710040119051463
-2.198756333689213	-0.9999995430567943	0.08199426962617898	0.11094104624300112	28500420.5	452739.1	11.68	11.714932736248901
-1.7230818560847778	-0.9999994795149358	0.06360180574864394	0.17851514131160995	25203481.0	497839.7	11.82	11.839342368721999
-1.7230818560847778	-0.9999994847572452	0.0495728098404561	0.17851514131160995	25203481.0	436222.925	11.84	11.846785390568007
-1.7230818560847778	-0.9999995042498746	0.06454251533036295	0.17851514131160995	25203481.0	266898.875	11.855	11.870347892463176
-2.104801809584974	-0.9999995365125058	0.11495590355958385	0.12186982530700595	30049800.2	1118731.15	11.81	11.960890747974869
-1.947543293991921	-0.9999994506125712	0.07175158619950807	0.14262402684555758	25475594.7	1197768.3	11.71	11.713756655508881
-1.947543293991921	-0.9999995004128736	0.07596457068518869	0.14262402684555758	25475594.7	336810.65	11.754999999999999	11.762978472543056
-1.0004659802940505	-0.9999995090710523	0.062019516751460654	0.3677080565353028	26625815.5	475147.9375	12.05	12.102677878208043
-2.2262896226491358	-0.999999546104369	0.09598969069115791	0.10792814227040408	29994638.0	817849.75	11.71	11.88027190537193
-2.2262896226491358	-0.999999558670082	0.09202288249586381	0.10792814227040408	29994638.0	561029.825	11.870000000000001	11.927447403792145
-2.2262896226491358	-0.9999995624612149	0.0850111606242819	0.10792814227040408	29994638.0	500726.575	11.93	11.939536934068075
-2.2262896226491358	-0.9999995473176372	0.07969356303115478	0.10792814227040408	29994638.0	788621.95	11.96	11.976797572300814
-0.7235468666817885	-0.9999995433050204	0.03991293804009276	0.48502886872013395	27709955.0	313324.3333333333	11.88	11.89016619552654
-2.069464394116277	-0.9999995519658957	0.09677984624878574	0.12625338565508268	30591073.6	896132.125	11.65	11.701847626563593
-2.069464394116277	-0.9999995653967174	0.08756841540352238	0.12625338565508268	30591073.6	594204.8	11.69	11.712413485469304
-2.069464394116277	-0.9999995771203247	0.07403569136844794	0.12625338565508268	30591073.6	415127.45	11.705000000000002	11.716970939498214
-2.069464394116277	-0.9999995560923841	0.08422500387930884	0.12625338565508268	30591073.6	789858.65	11.72	11.803723698656066
-1.899749705149169	-0.999999472910027	0.08301046135080005	0.1496060601633142	25490238.5	683955.175	11.82	11.824211939740147
