-2.0293145601270304	-0.999999185368072	0.1700779162977259	0.13142557461101664	17586753.0	1667323.0	42.4	42.795598928527255
-2.359022803549191	-0.9999990038850137	0.047398410309303876	0.09451253539952723	12177077.3	185306.0	40.0	40.22050068541903
-1.3406298321611387	-0.9999995838694281	0.004184562577276463	0.26168080168168684	25561016.6	41635.0	43.7	44.435766624384506
-1.3406298321611387	-0.9999995174188068	0.05969079997228185	0.26168080168168684	25561016.6	227581.0	44.175	44.55521739130435
-2.4742027588476168	-0.9999990570272789	0.1520121321827155	0.08423011521048325	14384402.0	777701.0	41.980000000000004	42.4822322540614
-2.5376701282655043	-0.9999990043479666	0.19575945982687093	0.07905036260801572	14794694.5	2496417.5	33.5	33.879171221290115
-2.5376701282655043	-0.9999990549164948	0.4052528801682081	0.07905036260801572	14794694.5	1181412.0	32.65	35.0914707395127
-2.5376701282655043	-0.9999991603102976	0.06571890551376375	0.07905036260801572	14794694.5	248438.0	36.4	36.58639995970325
-2.267273928234689	-0.9999991031347049	0.022747330483461402	0.10359420072984633	12857601.1	101877.5	42.800000000000004	44.07276992569407
-1.867470134236179	-0.9999993757313967	0.018854333132718462	0.1545140676194678	19538313.222222224	198223.5	41.5	41.668759963547004
-1.867470134236179	-0.999999339935343	0.10622151895550988	0.1545140676194678	19538313.222222224	398932.5	41.61	41.885623833227676
-1.7685153672543081	-0.9999994146738284	0.014177980252473823	0.1705860585696225	20781913.75	191797.0	41.0	41.02312871067009
-1.7685153672543081	-0.9999994238870138	0.040335820913340814	0.1705860585696225	20781913.75	158375.5	41.010000000000005	41.40920576550644
-1.7685153672543081	-0.999999395532471	0.05123646172882085	0.1705860585696225	20781913.75	285497.5	41.58	41.65618444099487
-2.437211774226755	-0.9999989586132177	0.46614472513884364	0.0874042147126265	14066543.7	2300673.0	42.86	45.2142737568706
-0.8100078488409459	-0.9999995234270983	0.05948150113352189	0.4448545746164384	27989745.0	621041.0	39.0	39.357538533392955
-2.0981605325391457	-0.9999991480545114	0.11375456785176323	0.12268189016948176	15723363.3	657005.0	43.42	44.665611017515936
-2.215677691414749	-0.9999990989807105	0.051772750354386596	0.10907956690853707	13839530.8	260323.5	40.35	41.03018495606204
-2.215677691414749	-0.999999076453568	0.08023375175080259	0.10907956690853707	13839530.8	355559.0	41.045	41.28831891566691
-2.215677691414749	-0.9999990972704969	0.08595727097285694	0.10907956690853707	13839530.8	266558.5	41.300000000000004	41.88842648146287
-2.215677691414749	-0.9999990366600562	0.20280097408314696	0.10907956690853707	13839530.8	616720.5	41.955	42.5489850748932
-2.398998626931766	-0.999999330254962	0.0010624028107625826	0.09080884130345179	12424397.1	4109.0	40.53	41.00559396487169
-2.398998626931766	-0.9999988769155083	0.13358564621107516	0.09080884130345179	12424397.1	1148132.0	41.075	41.495761769911994
-2.31549761627564	-0.9999990083251705	0.06394592978556787	0.09871704856779911	12606339.8	268709.5	42.38	43.12688309471141
-2.31549761627564	-0.9999990516282233	0.059503562026078524	0.09871704856779911	12606339.8	155669.5	42.68	43.57348293213387
