-1.5288462140129049	-0.999999417795173	0.1083459265316611	0.216785647318643	24229725.85714286	1337968.0	17.11	17.244937572280772
-1.98198119356316	-0.9999993455948565	0.041222854456132454	0.13779596621751303	19594437.2	370533.0	16.95	17.010254427666258
-2.1192125231058947	-0.9999992710057404	0.03309443697045353	0.12012618787224072	16882524.2	221296.5	16.9	16.92464837577792
-2.1578678174528765	-0.9999991358123916	0.4407482713428012	0.11557127758047017	17256235.7	2995509.0	16.88	17.10371514422141
-2.1578678174528765	-0.9999991949541273	0.33936949016866624	0.11557127758047017	17256235.7	1079556.0	17.29	17.319931450457336
-2.1578678174528765	-0.9999991498666535	0.320713969880952	0.11557127758047017	17256235.7	2350411.5	17.29	17.31308361760257
-2.1944609531649637	-0.9999992052019684	0.07505566360670413	0.11141860516676502	17742831.6	1331700.0	17.17	17.289450486203943
-2.261683884243837	-0.9999991780687504	0.18289395273222	0.10417491847577952	17202768.9	1382622.5	17.59	17.62749756962603
-2.261683884243837	-0.9999992923836559	0.08538931587837466	0.10417491847577952	17202768.9	193485.0	17.57	17.58322783627188
-2.031687803725604	-0.9999993252260652	0.08038038573152266	0.13111403952792428	19850573.8	656480.5	16.97	17.059806688397956
-0.26953655051423747	-0.9999994824474743	0.12975107321072557	0.7637333641650064	28771054.5	2930054.5	18.23	18.23046328560693
-0.26953655051423747	-0.999999510843371	0.21753323689027607	0.7637333641650064	28771054.5	1294391.5	18.425	18.49109415690651
-2.077050267972443	-0.999999270014683	0.046085959930269794	0.12529926688533588	17400093.2	328341.5	16.76	16.800203974809058
-2.077050267972443	-0.999999245635036	0.06285047653072974	0.12529926688533588	17400093.2	501831.0	16.830000000000002	16.87034342299471
-2.077050267972443	-0.9999992553519798	0.14842862367716902	0.12529926688533588	17400093.2	423768.5	16.76	16.86038290523648
-1.4041494697073493	-0.999999473827978	0.045210598360816465	0.24557583734190735	25251653.5	589312.5	17.21	17.265099506169026
-1.4041494697073493	-0.9999994645491224	0.08834924806892057	0.24557583734190735	25251653.5	744910.0	17.245	17.248449933608637
-1.6323164581198077	-0.9999993801399589	0.17524263264172782	0.1954762367452585	23467870.5	2077747.0	17.29	17.425556154767442
-1.7979759267514128	-0.9999993658535078	0.1937170701327633	0.1656338041120619	23395377.0	2774818.5	17.38	17.417655886370856
-1.7979759267514128	-0.9999993907100092	0.31685726743822057	0.1656338041120619	23395377.0	1551245.0	17.545	17.54556548608268
-1.7979759267514128	-0.9999994027528805	0.2771575678409472	0.1656338041120619	23395377.0	1170358.5	17.619999999999997	17.661471505314637
