-1.9988650540473802	-0.9999990795753547	0.033074569739868095	0.135488968664399	12943848.2	149317.5	11.23	11.266994425885613
-1.9988650540473802	-0.9999990144480316	0.13749733012680357	0.135488968664399	12943848.2	346914.0	11.34	11.385900841060055
-1.9988650540473802	-0.9999989561320769	0.12364377385267329	0.135488968664399	12943848.2	737976.0	11.36	11.372044543263044
-1.7336961413782435	-0.9999993902335613	0.040812731979426226	0.1766303512178955	20653578.6	294742.0	11.93	12.004697857415632
-0.730462247889223	-0.9999995042944053	0.2265948154443503	0.48168628015430015	29575949.666666668	2329032.0	13.32	13.656913063526465
-2.173868536739219	-0.9999986989148206	0.10181221646377514	0.1137367698712989	10179415.9	564833.0	11.51	11.514232815698909
-2.173868536739219	-0.9999987528718596	0.19920912284984055	0.1137367698712989	10179415.9	326124.0	11.49	11.547702016342992
-2.173868536739219	-0.999998771283798	0.08918937506875482	0.1137367698712989	10179415.9	270387.0	11.545000000000002	11.547823059943735
-1.9559183027004423	-0.9999991017525155	0.09683442679467	0.14143453732386768	14514198.6	459245.5	11.44	11.502833036908655
-1.9559183027004423	-0.9999990823869733	0.19365457733819733	0.14143453732386768	14514198.6	608295.5	11.565000000000001	11.60783550026899
-1.6602608732234896	-0.9999993707094404	0.07583607776748134	0.19008938440224665	21791102.444444444	902509.0	11.66	11.716497562120407
-2.0385594884754474	-0.9999988971985211	0.11167371509974962	0.13021615370933487	11814490.8	455447.5	11.48	11.682911348047888
-0.2560107621517483	-0.9999995371676971	0.07215726201575762	0.7741336374037374	28947841.5	658681.0	13.11	13.132880739715782
-0.2560107621517483	-0.9999994981661292	0.3830296682773239	0.7741336374037374	28947841.5	2037037.0	13.235	13.31891562704143
-1.7980072306191033	-0.9999992669988782	0.08437698737124225	0.16562861921452715	19529252.6	1647819.5	11.8	11.813429863507718
-2.229879358227057	-0.9999987028519097	0.4101728358059843	0.10754140333878769	10962097.0	1497732.0	11.620000000000001	11.819932818844316
-2.229879358227057	-0.9999987444809212	0.3978261904865713	0.10754140333878769	10962097.0	948959.0	11.84	11.885171079397322
-2.229879358227057	-0.9999986794253377	0.9892972321740605	0.10754140333878769	10962097.0	1936256.5	11.89	11.990882423943692
-2.229879358227057	-0.999998713408121	0.43791990662218494	0.10754140333878769	10962097.0	1334069.0	12.030000000000001	12.09507382828963
-2.2027099764610973	-0.9999985921682571	0.21792633943072273	0.11050329091174113	9954998.2	1220732.5	11.46	11.623740366757723
-1.478131838711906	-0.9999994590443283	0.07031461299562625	0.22806334977923542	24608893.85714286	604598.0	11.88	11.996965892059832
-1.478131838711906	-0.9999994798144615	0.07432485964848895	0.22806334977923542	24608893.85714286	362648.0	11.93	11.935322889507276
-2.110627014848813	-0.9999987188361864	0.2732898062336446	0.1211619722554168	10806069.2	1029253.0	11.57	11.665389054372064
-2.110627014848813	-0.9999988210629006	0.15255005736082924	0.1211619722554168	10806069.2	341012.0	11.66	11.680346946972074
