nan	-0.9999997361941275	0.002696726333987285	nan	43753852.0	103003.0	38.050000000000004	38.49572959036076
nan	-0.9999996811652969	0.12928229412069767	nan	43753852.0	1144233.5	38.0	38.51457194014088
nan	-0.9999988278663513	0.24217618410191732	nan	12098637.5	1441535.5	34.1	35.699358547177475
nan	-0.9999988740814887	0.42737304086679573	nan	12098637.5	824126.0	36.18000000000001	36.74676738742142
nan	-0.9999987981718282	0.8866981576527692	nan	12098637.5	2064674.0	36.36	37.266596823170325
nan	-0.9999988222992634	0.7999907340596254	nan	12098637.5	1541973.5	37.42	37.426366315023024
nan	-0.9999993767950051	0.823508986499781	nan	25955959.1	10594899.5	41.85	42.94978191845772
nan	-0.99999964482452	0.03351926016733985	nan	37196773.8	546549.5	39.910000000000004	40.52021681603773
nan	-0.999999588210755	0.25871888456293607	nan	37196773.8	4489407.0	40.82	42.943680601768364
nan	-0.9999995909787274	0.5136913968156469	nan	37196773.8	4050178.5	41.03	42.18119179833222
nan	-0.9999996357559796	0.09765551228991802	nan	37196773.8	765819.0	43.945	44.026337695979834
nan	-0.9999991757777581	0.27198420098944137	nan	17697856.2	2162912.5	37.910000000000004	38.89683297828482
nan	-0.9999992197449389	0.3199835342656937	nan	17697856.2	993352.5	39.735	40.14704971401862
nan	-0.9999991977709711	0.38914103839963066	nan	17697856.2	1465538.5	41.260000000000005	42.02266924946687
nan	-0.9999987562341283	0.14550814694843078	nan	11196025.6	1115969.0	31.2	31.37041184964363
nan	-0.9999987927252904	0.33566499964767266	nan	11196025.6	741683.0	32.394999999999996	32.70647416799674
nan	-0.9999987246749399	1.1965410082608643	nan	11196025.6	1588930.0	32.629999999999995	33.71225037213223
nan	-0.9999991127381586	0.06329986717318285	nan	14659843.5	445573.5	37.300000000000004	37.519325338174326
nan	-0.9999991879590122	0.26658116129362214	nan	17924295.25	2095414.5	28.3	28.407650840141205
nan	-0.9999992561036352	0.21234438932760927	nan	17924295.25	617736.0	28.29	28.38383686864579
nan	-0.9999994242189566	0.006531672525940564	nan	17924295.25	30346.5	28.92	29.263479249277538
nan	-0.9999983937745126	0.5295421297370227	nan	9293777.2	3041622.0	32.35	33.4200371257425
nan	-0.999999248937082	0.09198610408811679	nan	17604383.5	552383.5	37.5	38.519541519325074
nan	-0.9999996809732481	0.018100222035285718	nan	41032334.3	484276.0	42.0	43.0474608071523
nan	-0.9999996655805398	0.10382755517505639	nan	41032334.3	910737.5	43.015	43.64873385461194
