-2.1771672494599956	-0.9999993585162591	0.08012484363798766	0.11336220307548563	20646372.0	564847.0	27.75	27.824580399485342
-2.1771672494599956	-0.9999993502387693	0.07054028855244317	0.11336220307548563	20646372.0	670119.0	27.935000000000002	28.008094157187095
-2.1771672494599956	-0.9999993653710703	0.13366621870901776	0.11336220307548563	20646372.0	490305.0	27.845	28.067843096825435
-1.8802281191943258	-0.9999994489335263	0.025416892474510344	0.15255530099486464	22467287.3	238223.5	26.67	26.83159382914623
-2.074566441809629	-0.9999993912379055	0.07664833091121336	0.12561087531298684	21729160.7	555646.5	27.7	27.938607992821115
-2.074566441809629	-0.9999993862475457	0.11358536853283233	0.12561087531298684	21729160.7	619287.0	27.905	27.914743117338116
-2.074566441809629	-0.9999993100235309	0.29274664233860986	0.12561087531298684	21729160.7	3244946.0	27.965	28.099391875906065
-2.340050219750959	-0.9999993625143511	0.1287332134033421	0.09632280080195887	21654614.9	989055.0	27.7	28.05378895488133
-2.340050219750959	-0.9999994109214803	0.09301147283006965	0.09632280080195887	21654614.9	346717.5	28.160000000000004	28.177190180596664
-2.340050219750959	-0.9999994090203089	0.0956698027484485	0.09632280080195887	21654614.9	361289.5	28.18	28.210530530586798
-2.37435996070371	-0.9999994653079983	0.02938173749857157	0.09307404119465469	23056004.1	225902.0	28.22	28.25242877561127
-1.4634202559491933	-0.9999994636285542	0.13194995693840025	0.23144332404964102	26643451.333333332	1608457.0	26.25	26.749700901976116
-1.4634202559491933	-0.9999994770333774	0.1051031492245762	0.23144332404964102	26643451.333333332	1125384.0	26.895	26.92803246901799
-1.4634202559491933	-0.9999995310731732	0.058242250706010024	0.23144332404964102	26643451.333333332	266685.5	26.815	26.904616895732932
-1.4634202559491933	-0.9999994862838023	0.13140767187556648	0.23144332404964102	26643451.333333332	879555.0	26.92	27.0088253152366
-2.222395104842145	-0.9999993426272593	0.1614229654870842	0.10834928989350552	21250080.8	1166155.5	28.35	28.54706015084839
-0.28905860932848393	-0.9999996278749855	0.008304238774902188	0.7489683075867077	32659014.0	189706.0	27.75	27.783816393554993
-0.28905860932848393	-0.9999996118047925	0.0744190942129855	0.7489683075867077	32659014.0	320638.5	27.605	27.608134708407707
-1.7046697842504408	-0.9999994932912188	0.018795706635989236	0.18183242019166088	24083510.75	199450.5	26.71	26.878740954827613
-2.4369055182110597	-0.9999994291647712	0.10589434699683857	0.08743098687853854	24797829.9	1404896.5	28.330000000000002	28.458542312083296
-2.4369055182110597	-0.9999994011948273	0.6089888024074543	0.08743098687853854	24797829.9	2811049.5	28.580000000000002	28.831260754768408
-2.4369055182110597	-0.9999993999047857	0.416885988974035	0.08743098687853854	24797829.9	2902429.5	28.98	29.091812388531853
-1.951441386364178	-0.9999993620091705	0.17360808670161962	0.14206914740269397	22202924.3	1418714.0	26.41	26.775866100297115
-1.951441386364178	-0.9999993555959584	0.46338068094341994	0.14206914740269397	22202924.3	1635818.0	26.990000000000002	27.12157237798506
-1.951441386364178	-0.9999993689502925	0.2904565752389475	0.14206914740269397	22202924.3	1216086.0	27.285	27.352585089971214
-1.951441386364178	-0.9999993371498557	0.3798747518095047	0.14206914740269397	22202924.3	2463789.5	27.365000000000002	27.516396891311906
-2.016177890460636	-0.9999993959630974	0.05271266112052762	0.1331634589844072	21320601.7	391769.0	27.51	27.561142476791122
-2.40647612738053	-0.9999994125057242	0.08702883848575621	0.09013235053391998	22888193.7	691543.5	27.7	27.84954262261189
-2.40647612738053	-0.9999993889117846	0.23039238621677235	0.09013235053391998	22888193.7	1186721.0	28.115000000000002	28.21512815486573
-2.40647612738053	-0.9999994047555993	0.21481197374100922	0.09013235053391998	22888193.7	825767.0	28.43	28.479162513345496
-0.7873724336957286	-0.9999995469875692	0.05509645581236811	0.45503887064289805	30163047.0	859610.0	27.77	27.84301123234991
