-0.7232326051653433	-0.9999991955524671	0.12062514111573307	0.4851813185812452	16671017.666666666	667275.0	12.05	12.06236630877878
-2.111800612453652	-0.9999991646453379	0.14645815557933306	0.12101986026243884	16102188.4	694562.0	11.98	12.16859700464513
-2.111800612453652	-0.999999106935597	0.42566997622670855	0.12101986026243884	16102188.4	1759061.0	12.290000000000001	12.476118864232136
-2.111800612453652	-0.9999991347358277	0.34547806212469445	0.12101986026243884	16102188.4	1124271.5	12.525	12.577479716160383
-2.111800612453652	-0.9999991126398948	0.3904407893885247	0.12101986026243884	16102188.4	1604686.5	12.565000000000001	12.609521932983531
-2.1453909907659487	-0.999999215384502	0.1453158361413686	0.1170222734698049	17225138.5	740521.0	12.55	12.615081345689873
-2.1453909907659487	-0.9999992318202708	0.13267912543375912	0.1170222734698049	17225138.5	557936.5	12.535	12.541511789203561
-2.1453909907659487	-0.9999991466057265	0.3029632604748874	0.1170222734698049	17225138.5	2421346.0	12.665	12.688845688972233
-1.4675302786486557	-0.9999992130972803	0.19015320363438074	0.23049403886229147	17786594.14285714	1198185.0	12.55	12.679941839671933
-1.4675302786486557	-0.9999991801070253	0.3718796602045164	0.23049403886229147	17786594.14285714	2154573.0	12.705000000000002	12.719048252682075
-1.4675302786486557	-0.9999992010741889	0.4265483437188239	0.23049403886229147	17786594.14285714	1483876.5	12.735	12.812864658073293
-1.569625233437884	-0.999999266763807	0.08467171448698305	0.20812316534657294	17930435.5	512595.5	12.42	12.455468871617382
-1.9969002166973389	-0.9999991682076128	0.06141717773001189	0.13575544415531884	15168607.3	301682.0	12.17	12.253769518507086
-1.9969002166973389	-0.9999991124914284	0.2078582966401041	0.13575544415531884	15168607.3	702406.5	12.254999999999999	12.301553856810298
-1.9969002166973389	-0.9999990734386299	0.18256219293622963	0.13575544415531884	15168607.3	1270149.0	12.305	12.324218507700044
-1.6538850436781563	-0.9999994125665439	0.003673056648075446	0.19130523382108744	16951907.777777776	21122.0	11.84	11.899854283979392
-1.851294313367181	-0.9999991585367847	0.1642808335538149	0.15703378379619867	16281800.5	891388.0	12.22	12.32595517802418
-2.038016577977734	-0.9999991237443836	0.21910005706769875	0.1302868686203524	15918063.5	1142000.0	12.41	12.530355316918394
-0.25294118787250813	-0.999999256637115	0.16604661433125964	0.7765135488946726	18606905.0	1016302.5	12.1	12.199248215286646
-1.9527110523825646	-0.9999990615190216	0.33954143685669685	0.14188888149693943	15304106.0	1728236.0	12.32	12.481314527071714
-1.727114022438178	-0.9999992238378549	0.12434754988799374	0.17779678779894345	17351892.0	706360.0	11.790000000000001	12.068877563910405
-1.727114022438178	-0.9999991880553892	0.335098063928111	0.17779678779894345	17351892.0	1314247.0	12.21	12.317867183345573
