-2.278698890120876	-0.9999993374750871	0.04867375044920245	0.1024173763227324	19005479.6	294078.0	25.03	25.141625791430904
-2.278698890120876	-0.9999993010774036	0.1361021180560319	0.1024173763227324	19005479.6	587339.0	25.205	25.251725012778902
-2.278698890120876	-0.9999993287893981	0.09985869329864565	0.1024173763227324	19005479.6	346860.0	24.994999999999997	25.069316632750716
-2.278698890120876	-0.9999992188724676	0.5271950570809569	0.1024173763227324	19005479.6	2801605.0	25.134999999999998	25.35830162895564
-2.053474758550004	-0.9999992954067153	0.04212310744216266	0.12828835715070175	19070011.0	684607.0	24.53	24.558824608826907
-2.053474758550004	-0.9999993411559601	0.09087436442367632	0.12828835715070175	19070011.0	286118.0	24.46	24.489494455987185
-2.053474758550004	-0.9999992565630331	0.3076077516341961	0.12828835715070175	19070011.0	1435969.0	24.515	24.801720105254052
-1.075063292291732	-0.9999992973980207	0.2378552173828432	0.341276154467488	21059812.5	2667535.5	23.96	24.335076488270865
-2.3821243867416904	-0.9999994872226241	0.07595565215948114	0.0923541729839952	26197177.6	682364.0	27.18	27.38472851427341
-2.3821243867416904	-0.9999994503477243	0.3217924491677228	0.0923541729839952	26197177.6	1792887.0	27.490000000000002	27.73334057741922
-1.6865434145816542	-0.9999993510833761	0.10715064098095381	0.18515843507825258	21313685.75	1015411.0	25.0	25.128888462808376
-1.4468476355606559	-0.9999993577150726	0.07424822105098092	0.23531090586375397	21045894.666666668	742263.5	24.32	24.58042083367012
-1.4468476355606559	-0.9999993046851874	0.6185982493802954	0.23531090586375397	21045894.666666668	2265989.0	24.634999999999998	24.734514310223368
-1.4468476355606559	-0.9999993853994421	0.12633872017586645	0.23531090586375397	21045894.666666668	414495.0	24.915	24.942936520091553
-2.105982074356093	-0.9999992675453312	0.1133473429578922	0.1217260714960008	18532201.4	785437.5	25.05	25.198707015629
-2.413203195440299	-0.9999995143690025	0.08734348725986636	0.08952805891178119	28073103.8	833316.0	27.76	27.805208360369196
-2.413203195440299	-0.9999994943110386	0.2397613059542799	0.08952805891178119	28073103.8	1463378.0	28.090000000000003	28.329061980671213
-2.413203195440299	-0.9999995622463664	0.041981236002125395	0.08952805891178119	28073103.8	217314.0	28.450000000000003	28.46949414239807
-1.5775952506526374	-0.9999993832197112	0.056438472901238136	0.20647101272394064	21404874.714285713	541502.5	24.85	24.939821624189705
-1.5775952506526374	-0.9999993901143175	0.11762147392386646	0.20647101272394064	21404874.714285713	467205.5	24.975	25.080848701811504
-0.2843663978760092	-0.9999993631562066	0.10152901166829748	0.7524908831287584	21903287.5	1142777.0	23.900000000000002	24.222583828266902
-2.349293623480702	-0.9999994685450514	0.0627002908677106	0.09543655255107697	24806845.7	531638.5	27.1	27.24339722492139
-2.349293623480702	-0.9999994751077184	0.08456993568981351	0.09543655255107697	24806845.7	451766.0	27.189999999999998	27.20845348800696
-2.349293623480702	-0.9999994468984986	0.21089586248796077	0.09543655255107697	24806845.7	909547.5	27.25	27.380387400997684
-2.442986205857664	-0.9999995308620035	0.06617180596228532	0.0869009594554333	28523157.9	647773.0	28.11	28.20345942821028
-1.9960907797517866	-0.9999993434475043	0.04191892941902996	0.1358653741120601	19346192.9	328334.5	24.42	24.616353760262648
-1.9960907797517866	-0.9999994479320651	0.007533379907632547	0.1358653741120601	19346192.9	43494.5	24.475	24.533270118424543
-2.3144706182180723	-0.9999993298447031	0.5993947358289423	0.09881848286242337	22929140.9	4714177.5	25.61	26.118286553321873
-2.3144706182180723	-0.999999359040446	0.4692823721596181	0.09881848286242337	22929140.9	2413652.0	26.39	26.664213093539395
-2.3144706182180723	-0.9999993396498917	0.3762004442333863	0.09881848286242337	22929140.9	3765007.5	26.93	27.003826007204207
-2.1541240220008433	-0.9999992628837147	0.13979881214740358	0.11600476373930471	19336899.5	1549655.0	25.14	25.17029751328566
-2.1541240220008433	-0.9999992643242241	0.41138177583250635	0.11600476373930471	19336899.5	1507085.0	25.425	25.47949907298301
-2.240407818108236	-0.9999993166502371	0.05746244675584142	0.10641509752504345	18750902.8	367112.0	25.46	25.477266189926254
-2.240407818108236	-0.9999992542318917	0.2889395832710167	0.10641509752504345	18750902.8	1183308.0	25.425	25.61719562521941
