-2.2294121427027425	-0.999999494864404	0.13136208887710843	0.10759166009138739	28215761.8	1548481.0	38.25	38.832345240365335
-2.0620648208992325	-0.9999995344001634	0.025770303168756278	0.1271910717862515	28084015.6	477305.0	35.800000000000004	35.8823166739914
-2.0620648208992325	-0.9999995302617072	0.12063499949552783	0.1271910717862515	28084015.6	536132.0	36.355000000000004	36.40609761152591
-1.995220470986147	-0.999999571606221	0.014243434013016983	0.13598367040778142	29243763.4	275913.5	35.1	35.15517984953853
-1.995220470986147	-0.9999995596415528	0.08545641028506659	0.13598367040778142	29243763.4	391498.0	35.2	35.3069875069774
-0.8041928870175843	-0.999999571057768	0.03245922740288603	0.44744892269189945	30561932.333333332	493511.5	35.26	35.54807130968576
-0.8041928870175843	-0.9999995737055082	0.0742794889813605	0.44744892269189945	30561932.333333332	455149.5	35.905	36.031562506750966
-2.2768186513882913	-0.9999994925183178	0.09217944783259499	0.1026101265920594	27407715.3	1097903.0	37.7	38.42651644532317
-2.2768186513882913	-0.9999995008686104	0.14809035831021558	0.1026101265920594	27407715.3	873313.5	38.835	38.952029280112804
-2.2768186513882913	-0.9999994745159477	0.18548954126885345	0.1026101265920594	27407715.3	1798236.0	38.825	38.912988823625064
-1.7413009195908609	-0.9999995666000413	0.07568360172945733	0.17529221114949506	31997543.125	1053610.0	32.4	32.85562888913037
-1.110952390174073	-0.9999995515992097	0.0208238331959784	0.32924524177418635	28015754.0	285581.5	35.0	35.12324179707077
-1.110952390174073	-0.9999995926727832	0.01595379312859231	0.32924524177418635	28015754.0	90361.0	35.35	35.75000988041469
-1.8362622229683503	-0.9999995552574777	0.11516641911995323	0.15941216103530761	32145020.555555556	1617281.0	33.25	33.699812550559514
-1.8362622229683503	-0.9999995938952295	0.06074598916073083	0.15941216103530761	32145020.555555556	467074.5	33.96	34.04915731708471
-1.8362622229683503	-0.9999995767393651	0.1617897816121133	0.15941216103530761	32145020.555555556	810754.5	34.285000000000004	34.33115077644585
-1.8362622229683503	-0.9999995971200938	0.07407532286787229	0.15941216103530761	32145020.555555556	421081.0	34.56	34.87467277660405
-1.6285586910986343	-0.9999995543175674	0.14105460281859092	0.19621217277318959	32526761.42857143	1976040.5	32.21	33.355165662529096
