-1.3122734027943628	-0.9999997363018188	0.0632410853808318	0.2692073434500691	55206324.5	2100754.0	11.0	11.035162688858534
-1.6946114238585392	-0.9999997407695451	0.057840484282273376	0.18367058517045812	54519675.7	1373894.0	11.1	11.317982697437932
-1.6946114238585392	-0.999999745892433	0.11834395779898373	0.18367058517045812	54519675.7	1039095.5	11.335	11.3401583953557
-1.6946114238585392	-0.9999997225064131	0.40668199986777887	0.18367058517045812	54519675.7	3718608.5	11.345	11.432361946580873
-0.6902138724511797	-0.9999996628588824	0.29217007510347626	0.5014688072332957	46473697.666666664	6376910.0	9.59	10.168476030036562
-0.6902138724511797	-0.9999996605405409	0.28645113969309477	0.5014688072332957	46473697.666666664	7102349.0	10.29	10.314774073674458
-1.819041568966204	-0.9999997842245506	0.0157691872302973	0.16218111588325132	59729560.6	395604.5	10.52	10.870491616212023
-1.819041568966204	-0.9999997787195469	0.05676842522052093	0.16218111588325132	59729560.6	549620.0	10.89	10.925124442823899
-1.819041568966204	-0.9999997572481374	0.078670476052824	0.16218111588325132	59729560.6	1981692.0	10.895	10.92942937144391
-0.9659643861317627	-0.999999718920691	0.29137188352114307	0.3806159619330599	56411925.75	7696105.5	10.77	11.013529388733295
-0.9659643861317627	-0.9999997506964458	0.17067586761227552	0.3806159619330599	56411925.75	1281693.5	11.08	11.085958278295122
-2.0106166950774393	-0.9999997718087295	0.013236749170489674	0.13390606998627264	54791062.0	269100.0	12.18	12.195581270862165
-1.871440438205738	-0.9999997529722484	0.07230255334906663	0.15390181602018235	57791177.4	1584887.5	11.35	11.429910080361505
-1.871440438205738	-0.9999997233246402	0.24356005262427366	0.15390181602018235	57791177.4	8792368.5	11.450000000000001	11.64830774553748
-1.1620907318309228	-0.9999997415961144	0.08728805504672058	0.3128314500175042	56643336.8	2273561.0	10.98	11.124537024507957
-0.23036115606402258	-0.9999994599423387	0.15253177587938205	0.7942467036854626	26787540.5	1918043.0	9.05	9.078204749607147
-0.23036115606402258	-0.9999994192532653	0.40136698325973724	0.7942467036854626	26787540.5	5704560.5	9.18	9.366209383812972
-1.4320930060288073	-0.9999997233724824	0.18580186986973687	0.23880857102846229	55491800.14285714	4641549.0	11.07	11.426502787740922
-1.4320930060288073	-0.9999997451966431	0.15505064606141353	0.23880857102846229	55491800.14285714	1382627.5	11.56	11.576529095844801
