-1.7593550055682359	-0.9999994144923217	0.1929221713214529	0.1721558675967897	24623251.125	1825021.0	38.84	39.37423798051247
-1.7593550055682359	-0.9999993967068994	0.2443416282672085	0.1721558675967897	24623251.125	2827878.0	39.515	39.65974845030927
-1.7593550055682359	-0.9999994041245465	0.5073633593981374	0.1721558675967897	24623251.125	2355799.0	39.515	39.72256873426009
-1.7593550055682359	-0.9999993902636518	0.5463512993794494	0.1721558675967897	24623251.125	3314081.0	39.94	40.07099566538743
-1.337963803993156	-0.999999396581079	0.1633197543721978	0.2623793808721156	23713121.6	1637933.0	38.800000000000004	39.402209155526016
-1.337963803993156	-0.9999994223901776	0.1635431202021246	0.2623793808721156	23713121.6	888181.0	39.5	39.579013315059306
-1.6451718794391772	-0.9999994012732453	0.08928539184726952	0.19297939075359202	22749362.42857143	822950.0	38.32	38.63309049971751
-2.204367671205757	-0.9999993516579049	0.15470538613952456	0.1103202619321308	21740333.8	1322683.0	39.0	39.50868393084581
-2.204367671205757	-0.9999994225669496	0.08019510285489048	0.1103202619321308	21740333.8	283108.0	39.675	39.72974644434068
-1.857968728588273	-0.9999994561600831	0.0741210333435413	0.1559891651067982	24827347.111111112	730950.5	40.47	40.627807212804925
-2.0202544658921155	-0.9999994199065798	0.05906546571856718	0.13262171308340423	22729308.3	532384.0	39.57	39.69748832348855
-2.0202544658921155	-0.9999994656270677	0.04507999149456254	0.13262171308340423	22729308.3	188324.5	39.965	40.01125713244936
-2.550824195051299	-0.9999993275687509	0.15070437366252185	0.07801733799149291	20916773.2	1283487.0	36.980000000000004	37.33290459533308
-2.550824195051299	-0.9999993152187251	0.13323410040806286	0.07801733799149291	20916773.2	1661803.5	37.53	37.57202876275017
-2.457583136474627	-0.9999994783024012	0.0038477264731257093	0.08564168530781782	20789973.7	51331.5	37.33	37.37699471120658
-0.8100403533533851	-0.999999591403686	0.002478102935403473	0.4448401150703857	24772077.0	24878.0	38.85	39.50088896255582
-1.1182936689779583	-0.9999995355795532	0.004144361592549175	0.32683701122125614	22764040.5	39029.0	38.88	39.04710313687584
-2.423140966508288	-0.9999993324904781	0.08713707858045387	0.08864275581389117	20142385.7	690542.5	35.160000000000004	35.89278440011498
-0.3016498835625848	-0.9999994735976836	0.09122175570268433	0.7395969646187371	26145878.5	949081.5	38.68	38.9790867458594
-0.3016498835625848	-0.9999994705202728	0.16735421215503413	0.7395969646187371	26145878.5	1028602.5	39.105000000000004	39.37102057976533
-2.087916557194688	-0.9999993831630442	0.08875437713536154	0.12394509952368464	21985538.7	775677.0	39.45	39.82294629499624
-2.3865546473126704	-0.9999993083946399	0.1401974249661352	0.0919459249232327	20151633.1	1129151.0	36.01	36.847810052335504
