-1.0895076344687826	-0.9999993837179658	0.07400624726361425	0.33638207587939345	23301722.0	1724473.0	27.990000000000002	28.0152671344534
-2.2628463214559993	-0.9999994932896153	0.03766836105041123	0.1040538920304194	26098950.9	553827.0	26.490000000000002	26.60676930304688
-2.2628463214559993	-0.9999995123083585	0.07228322846512548	0.1040538920304194	26098950.9	337134.5	26.76	26.783260971779765
-2.2628463214559993	-0.9999994556304329	0.21736537043891713	0.1040538920304194	26098950.9	1479883.5	26.795	26.963055590883606
-0.7887421070698344	-0.9999994276850287	0.13195654050287584	0.4544160426504233	24690177.333333332	1370323.5	27.560000000000002	27.670812284605866
-0.7887421070698344	-0.9999994636854018	0.09622223574674062	0.4544160426504233	24690177.333333332	563375.0	27.915	28.02638327343728
-1.7088162091476404	-0.9999994856201965	0.044634951558668284	0.18108002666706305	25232294.125	433211.0	27.16	27.288804369124257
-1.883689030209439	-0.9999994492955906	0.1394187533177915	0.152028233266588	25642558.8	1357926.5	27.16	27.482885940350755
-1.883689030209439	-0.9999994782469493	0.10640731425341285	0.152028233266588	25642558.8	646340.5	27.885	27.96108120389513
-2.12960482710923	-0.9999995494733326	0.050590325212870636	0.11888426440948678	29319366.5	545334.5	25.32	25.540664751245128
-2.12960482710923	-0.999999526727512	0.165425952816495	0.11888426440948678	29319366.5	1062408.0	25.580000000000002	25.853181358162615
-2.4023223458475775	-0.999999462457064	0.08047869556829118	0.09050751927215082	26236241.2	1333217.0	25.96	25.995775211198893
-2.4023223458475775	-0.9999994441539592	0.4099812426242093	0.09050751927215082	26236241.2	2155019.5	26.005000000000003	26.44036297594866
-1.3031678680000323	-0.9999994353463677	0.19344199101084064	0.27166981432610887	25691270.6	1996026.0	28.240000000000002	28.756810148098864
-2.17734711730881	-0.9999995107994075	0.09125845832484741	0.11334181469354378	28110117.3	937981.0	26.29	26.537867257168134
-2.17734711730881	-0.999999496508419	0.17002322090224958	0.11334181469354378	28110117.3	1401714.5	26.590000000000003	26.659966650689174
-2.17734711730881	-0.9999994958254895	0.2998178473811965	0.11334181469354378	28110117.3	1428883.5	26.580000000000002	26.804849178442666
-1.5992867704407727	-0.9999994943883134	0.05006152393606023	0.2020405679234214	25991321.285714287	509667.5	27.22	27.46289942574587
