-2.264121022916221	-0.9999993535868951	0.24380647073636688	0.10392133888310011	22445793.1	2001193.5	22.650000000000002	23.03316764997832
-2.264121022916221	-0.9999994192136369	0.1194274917959109	0.10392133888310011	22445793.1	458726.0	23.35	23.422387578833302
-2.264121022916221	-0.9999993385761216	0.2677060856560757	0.10392133888310011	22445793.1	2802950.5	23.375	23.57139213901976
-1.8495140661726492	-0.9999994245424512	0.021905000389426027	0.15731359173900206	22801506.1	499467.0	23.1	23.20401787549283
-1.920243009208468	-0.9999994002411056	0.12815113244420748	0.1465713396170017	23216409.2	1114868.5	23.38	23.471378938996015
-1.920243009208468	-0.9999994369129654	0.08623865883874599	0.1465713396170017	23216409.2	475849.5	23.595	23.628917714357083
-1.7697275495393237	-0.9999994296040072	0.05126370679704305	0.17037940244910282	22651295.222222224	408483.0	22.51	22.62079500037565
-2.1859406097889384	-0.9999993752342627	0.11002058104859751	0.11237198573853577	21948901.7	902497.0	23.46	23.65524711826992
-1.5723194323988732	-0.9999994338674061	0.023419593419159786	0.20756319480548518	21341498.85714286	176683.0	21.8	21.920387459138656
-1.5723194323988732	-0.9999993884560905	0.08005311605252127	0.20756319480548518	21341498.85714286	465683.5	22.060000000000002	22.234811269549336
-1.9833242604587973	-0.9999994150153843	0.1120902230262166	0.1376110212414721	24417862.8	1597696.5	23.29	23.36793400823067
-1.9833242604587973	-0.9999993807272042	0.36310465507769496	0.1376110212414721	24417862.8	3690667.5	23.67	23.849227043366557
-2.041073039230208	-0.9999994540795728	0.08910735959813611	0.1298892598022182	24959831.0	827430.5	23.94	24.122626295853156
-2.093676920954908	-0.9999995097711937	0.01991775813519697	0.12323318308152244	24721481.1	183354.5	23.82	24.05578801170276
-0.7783714413063954	-0.9999992141046393	0.1921411699994616	0.4591531606232612	18578138.333333332	2192323.0	23.85	23.91568995525632
-2.299899274819692	-0.9999994467059955	0.04660878626641481	0.10026894282152346	23481832.6	439044.0	23.8	24.09381231584015
-2.299899274819692	-0.999999381162544	0.19247622893317057	0.10026894282152346	23481832.6	2046081.5	24.035	24.10296104272525
-2.299899274819692	-0.9999994114655237	0.2509335812239962	0.10026894282152346	23481832.6	1004366.0	23.995	24.14032821237635
-2.299899274819692	-0.9999994386554808	0.08468208721878995	0.10026894282152346	23481832.6	530405.0	24.215	24.235807889322636
-1.4447635730880888	-0.9999994033553359	0.07504627850703817	0.23580181986208806	22177915.0	558122.0	22.400000000000002	22.40961778595595
-2.365512092510215	-0.9999994026817098	0.1330945027776245	0.09390120195189111	23477934.9	1231568.5	24.1	24.20995000027495
-1.6788622384567318	-0.9999993531025745	0.21870274577251272	0.18658614585845618	22205021.125	1731278.0	22.29	22.664917376788612
-1.6788622384567318	-0.9999994020436221	0.10210327740582571	0.18658614585845618	22205021.125	583986.0	22.82	22.854750356616382
