-0.787020457451787	-0.999998872614671	0.07775376532202034	0.45519906170550484	11557150.333333334	455595.0	23.88	24.232962950238832
-1.295147071603668	-0.999998863386252	0.04119344117240545	0.27385758469536503	10505434.8	153371.0	26.5	26.837417603706086
-1.295147071603668	-0.9999987093171029	0.1134161702776237	0.27385758469536503	10505434.8	773889.0	26.91	27.247144026013654
-1.70332224614883	-0.9999990245872926	0.003256321507983403	0.18207761147117013	9492672.5	10500.5	27.88	28.3185632852995
-2.0119151161341233	-0.9999988195330147	0.11739774828033758	0.13373231635248395	10858904.0	369008.5	24.900000000000002	25.06991139630337
-2.0119151161341233	-0.9999988341133024	0.1747657800085703	0.13373231635248395	10858904.0	314975.0	25.585	25.764864311798334
-2.1204111187724317	-0.9999987827653181	0.12009360601354568	0.11998229139809176	10533146.3	370018.5	25.87	26.28712703324953
-2.1204111187724317	-0.9999987682022037	0.2299051481538115	0.11998229139809176	10533146.3	431362.5	26.29	26.474019052096544
-2.1204111187724317	-0.9999989937472987	0.018245792680121456	0.11998229139809176	10533146.3	40094.0	26.755000000000003	26.883329096194505
-2.1204111187724317	-0.9999987235231402	0.199408634723055	0.11998229139809176	10533146.3	690600.0	26.985	27.334547970576647
-1.8802024185528654	-0.9999988010772396	0.06019406961161786	0.15255922181434184	10085612.5	178414.5	24.82	25.1823915026119
-1.9483609445964518	-0.9999986455451643	0.1615312346028008	0.14250745788662095	10596894.8	1711729.5	23.35	23.72487813823249
-1.5926150267676427	-0.9999987320134643	0.11965977945437344	0.20339303745241663	10207276.142857144	417770.0	27.5	28.251620726944562
-2.304591394408868	-0.9999992085673441	0.18055415339109157	0.099799570986256	17601257.2	1121535.0	9.05	9.135797216143265
-2.304591394408868	-0.9999992467825971	0.1457756037620503	0.099799570986256	17601257.2	572387.5	9.18	9.197720002616064
-2.214698323011494	-0.9999988310182809	0.06941418927481384	0.1091864483194033	11445091.4	646353.0	28.64	29.124283335839944
-2.214698323011494	-0.999998965159909	0.06093170544177292	0.1091864483194033	11445091.4	139223.0	28.705	28.87474203793243
-2.214698323011494	-0.9999988380582648	0.16830954548150018	0.1091864483194033	11445091.4	596317.0	29.29	29.66447423279037
-1.0839343218415691	-0.9999988611976048	0.0888913303665789	0.3382620723882621	11261793.0	371370.0	25.95	26.578491423150666
-1.0839343218415691	-0.9999988755520823	0.18107378563403678	0.3382620723882621	11261793.0	315936.5	26.595	26.836286770600175
