-2.346417886943204	-0.999999631667213	0.029716049467736774	0.0957113979343053	35591609.5	493636.5	22.3	22.35927630912856
-2.346417886943204	-0.9999996260923422	0.100094719572948	0.0957113979343053	35591609.5	601976.5	22.495	22.630148205103453
-1.8295975624243073	-0.9999995049013655	0.1639812044565455	0.16047813721420925	28940431.9	1670056.0	21.02	21.046356819731947
-1.8295975624243073	-0.9999995216623266	0.19221323800799142	0.16047813721420925	28940431.9	1028177.0	21.130000000000003	21.4687523652804
-1.8295975624243073	-0.9999994848941466	0.5103643218232053	0.16047813721420925	28940431.9	2979856.0	21.689999999999998	21.99213899257147
-1.8295975624243073	-0.9999994768648738	0.4889812394029743	0.16047813721420925	28940431.9	3759348.5	22.115000000000002	22.1808034763767
-2.1642103641411103	-0.9999996042421756	0.09635479067736415	0.11484058104457466	35949886.0	1509740.0	22.2	22.340872678873104
-2.2802978368948637	-0.9999997177919148	0.0063485624629154285	0.10225374724121851	41256329.7	113875.5	23.32	23.377638972875463
-2.2802978368948637	-0.9999997094622155	0.023267384420255024	0.10225374724121851	41256329.7	160575.0	23.205	23.23941854510023
-2.2802978368948637	-0.999999649949161	0.25162418215191706	0.10225374724121851	41256329.7	1870679.5	23.2	23.443181524090996
-1.6614515825647813	-0.9999994294089264	0.15961370461537708	0.18986317789638438	24882512.375	1465546.5	20.400000000000002	20.63696149436125
-1.4309988546593606	-0.9999994192535715	0.10865083206551746	0.2390700067525346	25176985.333333332	2238785.0	19.55	19.556652489412542
-1.4309988546593606	-0.9999994259373063	0.3618484801812721	0.2390700067525346	25176985.333333332	1892042.5	19.415	19.85845086835667
-2.2049469377602233	-0.9999996205416082	0.1553049555282489	0.11025637559950797	38979210.8	2652434.0	22.23	22.676693827108373
-2.2049469377602233	-0.9999996187906999	0.28441532434040717	0.11025637559950797	38979210.8	2839780.5	23.11	23.13452530184389
-2.2049469377602233	-0.9999996320603165	0.2535646921903093	0.11025637559950797	38979210.8	1692975.0	23.055	23.25359440303004
-2.2049469377602233	-0.9999996215130511	0.2871675989764907	0.11025637559950797	38979210.8	2553874.5	23.18	23.299729215213528
-2.404677702350738	-0.9999995915076844	0.03783293493044519	0.09029459265553161	32319436.5	541576.5	22.2	22.352956361179615
-2.404677702350738	-0.9999995720748059	0.16810673313597027	0.09029459265553161	32319436.5	1014899.5	22.295	22.556602356289215
-2.3764400116602227	-0.9999995983643001	0.04277987785087239	0.09288064365434023	33305816.2	644869.5	22.42	22.645540986557364
-1.555942719081466	-0.9999994428867094	0.13812577515737648	0.21099038419470648	25165985.85714286	1227272.0	19.75	19.943735214673744
-1.555942719081466	-0.9999994650596883	0.1606058450277232	0.21099038419470648	25165985.85714286	702428.5	20.035	20.03580517035055
-1.555942719081466	-0.9999994828365333	0.08863156521171052	0.21099038419470648	25165985.85714286	449066.5	20.025	20.0889446264718
-1.555942719081466	-0.9999994189621128	0.32201859336616334	0.21099038419470648	25165985.85714286	2240906.0	20.119999999999997	20.272606804735688
-2.0208338128698156	-0.9999996183407615	0.0322806097840366	0.13254490134722402	34031614.1	437345.0	21.8	21.89772241885868
-2.0208338128698156	-0.9999995895057363	0.0567841066035101	0.13254490134722402	34031614.1	1166807.0	21.71	21.768601684252502
-1.9637898077364122	-0.9999995661032745	0.2122358165337075	0.14032560486063397	34196443.7	2779341.5	21.93	22.257406517638127
-1.9637898077364122	-0.999999635492976	0.04307729160211928	0.14032560486063397	34196443.7	259066.5	22.395000000000003	22.431589433217425
-2.120104717271494	-0.9999995797040866	0.2239890761603912	0.12001905978491892	35790401.4	3411147.0	21.990000000000002	22.30013112120423
