-2.07460493020563	-0.9999984447930111	0.058468072520704274	0.12560604084491175	8428357.2	492789.8	10.8	10.810789465166861
-0.7116721534475352	-0.9999977626881122	0.04349318276578363	0.49082277988073636	5459722.0	201812.83333333334	10.38	10.395245286471505
-0.7116721534475352	-0.9999978838759529	0.07768943597997308	0.49082277988073636	5459722.0	104134.58333333333	10.245000000000001	10.41009847307268
-0.7116721534475352	-0.9999977834924474	0.11514885082488463	0.49082277988073636	5459722.0	180143.58333333334	10.48	10.543008709825294
-2.0012380649745762	-0.9999983288789746	0.05169821609614227	0.13516783304111313	7614079.8	335724.4	10.68	10.705190457287037
-2.0012380649745762	-0.9999985126212032	0.06013352923978539	0.13516783304111313	7614079.8	82868.375	10.665	10.751169402747076
-1.4400424711689999	-0.9999980873537498	0.019358749481691886	0.23691769629692422	5380997.428571428	29493.071428571428	9.97	10.063860512703027
-1.4400424711689999	-0.9999978516118748	0.033272363961338036	0.23691769629692422	5380997.428571428	104868.39285714286	10.165	10.165880213557678
-1.8684223453729545	-0.9999983029264699	0.038969641421020704	0.15436700763068337	6737792.3	92458.775	10.32	10.480996771478065
-1.8684223453729545	-0.9999983573431672	0.0487309438913756	0.15436700763068337	6737792.3	64078.55	10.555	10.55744811177483
-1.8684223453729545	-0.9999983447003709	0.05482588733488422	0.15436700763068337	6737792.3	69776.375	10.585	10.717333217442468
-2.222849357252197	-0.9999982979500444	0.03635603777239668	0.10830008314443224	6674003.6	85774.4	10.28	10.303976666666667
-2.222849357252197	-0.9999983428565558	0.047503045840743975	0.10830008314443224	6674003.6	63561.65	10.254999999999999	10.322435314188228
-2.222849357252197	-0.9999983675070687	0.044916474132534294	0.10830008314443224	6674003.6	53919.375	10.335	10.336218383713756
-2.03920131376646	-0.9999985112045318	0.04805636122665409	0.13013260450345066	7942189.3	136528.425	10.71	10.835478238866397
-1.5375883336530418	-0.9999979816728869	0.02536819431655861	0.21489874105085516	5224529.75	37978.8125	10.23	10.25182056690355
-1.9605088462722995	-0.9999984363923873	0.049532931140650854	0.1407867638713948	7543231.8	132540.975	10.49	10.59395490721297
-1.9605088462722995	-0.999998489758931	0.059151969797144655	0.1407867638713948	7543231.8	88617.725	10.695	10.753991775081573
-1.9605088462722995	-0.999998515696229	0.05182863727784735	0.1407867638713948	7543231.8	72870.1	10.68	10.680805918651139
-1.9605088462722995	-0.9999984351853999	0.06580128461672918	0.1407867638713948	7543231.8	133753.225	10.695	10.72749637739713
-1.9169408239410042	-0.9999983373577835	0.04577477948796979	0.1470561453539544	7009205.6	115127.15	10.68	10.750127572113254
-1.7578567565573544	-0.9999980369690961	0.031219325408676987	0.17241399327511953	5530368.0	51857.975	10.48	10.494011448912834
-1.7578567565573544	-0.9999980805953299	0.034822242008106366	0.17241399327511953	5530368.0	40740.975	10.455000000000002	10.501809704571711
-1.7578567565573544	-0.999997807196612	0.06799665910172534	0.17241399327511953	5530368.0	184795.35	10.55	10.637293637628334
-1.324013919368541	-0.9999982755093827	0.009899957696227348	0.2660651915085751	5553496.166666667	14427.375	9.9	9.922468053460877
-1.324013919368541	-0.9999980050064861	0.036023707195046335	0.2660651915085751	5553496.166666667	64807.291666666664	9.88	9.897295652293064
-1.324013919368541	-0.9999980143154752	0.048488009574376725	0.2660651915085751	5553496.166666667	61542.0	9.915	10.064172646712848
-2.1687267031087587	-0.9999985716553943	0.038415840777318334	0.11432309151202243	8183692.0	119267.475	10.52	10.595605851136119
-2.1687267031087587	-0.9999986232706257	0.052531990061535826	0.11432309151202243	8183692.0	78175.875	10.635000000000002	10.686088905477552
-1.6934673275686831	-0.9999979377133733	0.03417489368553407	0.1838808422597504	5279216.9	53489.45	10.06	10.243048858267537
-1.6934673275686831	-0.9999980184805723	0.029493801487116066	0.1838808422597504	5279216.9	34920.95	10.325	10.370044161876649
-1.6934673275686831	-0.9999979183741478	0.05370798165524388	0.1838808422597504	5279216.9	59239.125	10.42	10.434056479282132
-1.6934673275686831	-0.9999977832723903	0.08307113090439944	0.1838808422597504	5279216.9	120882.9	10.455000000000002	10.482794597378813
-2.1080869222300667	-0.9999986223459411	0.045285863468252044	0.12147012609077097	8626997.3	145075.7	10.83	10.861962818849978
-2.1080869222300667	-0.9999986644275294	0.06625452391634307	0.12147012609077097	8626997.3	100908.575	10.82	10.826076700052715
