-1.8637739039335708	-0.9999992916194193	0.08457826126575853	0.15508624399478232	19942919.1	1365697.55	4.195	4.244610419016931
-1.8637739039335708	nan	nan	0.15508624399478232	19942919.1	nan	4.18	4.258005488583024
-1.6010542171090076	-0.9999982026105311	0.03244783032651183	0.20168378738296355	5961520.8	45033.075	3.88	3.889497677616584
-1.6010542171090076	-0.9999980224118491	0.08920880416362455	0.20168378738296355	5961520.8	131850.675	3.88	3.8874188802888714
-0.880530839149033	-0.9999963227952721	0.12629858985553255	0.4145627871042517	3351796.25	225310.91666666666	3.92	3.9315396627239823
-0.880530839149033	-0.999996747135907	0.12336573049907328	0.4145627871042517	3351796.25	54334.75	3.94	3.9546216590471355
-0.880530839149033	-0.9999966091369566	0.16109949452283048	0.4145627871042517	3351796.25	86290.125	3.95	3.9910564420590027
-0.880530839149033	-0.9999963734368397	0.12831879982291186	0.4145627871042517	3351796.25	190136.125	4.09	4.109328017935508
-0.19599299612341708	-0.9999963991152968	0.21904912633097087	0.8220179919705896	3174218.5	92040.5	3.89	3.925526957464102
-0.19599299612341708	-0.999996384170468	0.1298076664425017	0.8220179919705896	3174218.5	96512.0	3.93	3.930298399401646
-1.6539923650623807	-0.9999982713598303	0.054613555623258085	0.19128470378026025	6616455.2	92731.125	3.89	3.9501623854957577
-1.6539923650623807	-0.9999982986544793	0.07647309402598347	0.19128470378026025	6616455.2	77409.4	3.965	3.9658546694944645
-1.6539923650623807	-0.9999980116275702	0.12507279000123042	0.19128470378026025	6616455.2	517091.525	3.9850000000000003	3.987991494476816
-2.037904985972239	-0.9999992894973779	0.04358448555062071	0.1303014084045582	18541099.6	526232.275	3.95	4.001591819074633
-1.92869817086864	-0.9999993943094586	0.051507708092296184	0.1453372796857788	21822966.4	550158.95	3.97	4.0009897763139834
-1.92869817086864	-0.9999993517075777	0.1211018873120686	0.1453372796857788	21822966.4	1393965.375	4.0	4.07450148541266
-1.82791397862122	-0.999999317031118	0.05282437646852462	0.16074854316844403	19283716.3	524487.175	4.15	4.241681940304199
-0.6301355537777037	-0.9999952492731228	0.14273972236468863	0.5325196110692166	2564781.0	195745.16666666666	3.93	3.932373798076923
-0.6301355537777037	-0.9999958145278894	0.09893361270559783	0.5325196110692166	2564781.0	45926.5	3.93	3.932373798076923
-0.6301355537777037	-0.9999957043968898	0.1356804942839876	0.5325196110692166	2564781.0	60916.833333333336	3.935	3.9383656699163803
-1.7005737166402877	-0.9999988160621722	0.07562866552326672	0.18257874553454284	10779877.7	348956.35	4.3100000000000005	4.387571661284824
-1.3049041943088031	-0.9999975366945903	-0.010333939949865466	0.27119851616230306	3811220.714285714	-11945.583333333334	3.98	3.9937085545279363
-1.3049041943088031	-0.9999973281231882	0.03487488024188941	0.27119851616230306	3811220.714285714	26451.666666666668	3.99	3.9922149685241313
-1.3049041943088031	-0.9999971059158955	0.1681378507177416	0.27119851616230306	3811220.714285714	61696.166666666664	3.98	3.9833544823763476
-1.7454558167001621	-0.9999991985844713	0.05414787358898358	0.1745654010043794	16194638.6	433060.425	4.39	4.462293906037343
-1.7454558167001621	-0.9999991864429167	0.1574618218591689	0.1745654010043794	16194638.6	527160.875	4.515000000000001	4.722936188695385
-1.5409969302413136	-0.9999976135742576	0.0924872061998786	0.21416748492186855	5506456.2	509276.75	3.86	3.871555434049108
