-0.6650010304054964	-0.9999977615958782	0.055430232513605744	0.5142729977966354	4408397.0	19297.333333333332	6.17	6.185529536494735
-0.6650010304054964	-0.9999975931499239	0.14876358727220032	0.5142729977966354	4408397.0	40551.416666666664	6.18	6.187032726040957
-0.6650010304054964	-0.9999973890627374	0.12234760486879132	0.5142729977966354	4408397.0	99711.66666666667	6.2	6.2035425492643315
-0.6650010304054964	-0.9999976743767397	0.1644348834960843	0.5142729977966354	4408397.0	28345.833333333332	6.205	6.21046374918354
-0.6650010304054964	-0.9999977248925772	0.09841802354166064	0.5142729977966354	4408397.0	22686.666666666668	6.21	6.227261937169925
-0.6650010304054964	-0.9999972183818739	0.18571248237038043	0.5142729977966354	4408397.0	211604.08333333334	6.225	6.258484378410661
-0.6650010304054964	-0.9999972268365298	0.10760377444469682	0.5142729977966354	4408397.0	203862.41666666666	6.275	6.281202438587053
-0.9265840306144423	-0.9999976900909731	0.10937813866876107	0.3959037983840173	4766175.25	60440.5	6.2700000000000005	6.325463959791409
-1.3644130705839836	-0.9999976530125386	0.11341391173518382	0.255530610415256	4923636.571428572	104370.64285714286	4.3500000000000005	4.354269952197534
-1.7424977842287304	-0.9999981263913693	0.10727920634690533	0.17508253560232992	6264175.6	125067.075	4.25	4.280506568657468
-1.7424977842287304	-0.9999981562526356	0.1389946195077883	0.17508253560232992	6264175.6	103730.1	4.305	4.333545531297457
-1.7424977842287304	-0.999998083092505	0.14217201154809872	0.17508253560232992	6264175.6	164035.65	4.325	4.352743844445424
-1.7424977842287304	-0.9999981920178619	0.1523045114784695	0.17508253560232992	6264175.6	82909.55	4.32	4.358097815869341
-1.7424977842287304	-0.9999981816462532	0.11055415119825762	0.17508253560232992	6264175.6	88475.05	4.380000000000001	4.399355243109537
-1.7424977842287304	-0.9999981520128572	0.14582053674159018	0.17508253560232992	6264175.6	106521.975	4.38	4.404307725983505
-1.7424977842287304	-0.9999979611836722	0.14806719093851514	0.17508253560232992	6264175.6	352040.2	4.4	4.417376671973391
-1.9589252345972739	-0.9999980592239648	0.09113793826735937	0.14100989206192385	5875262.9	89550.525	4.17	4.172560142083877
-1.8253671096057953	-0.9999980513673773	0.09749634110813706	0.16115847044627135	5994757.1	118370.025	4.33	4.361109376501106
-1.1095165818261545	-0.9999977332423069	0.11598919732436659	0.32971831438036503	4885524.2	64491.2	6.3	6.352004107280769
-1.1095165818261545	-0.9999972821206704	0.13466089902835238	0.32971831438036503	4885524.2	584354.75	6.3500000000000005	6.350392236529566
-1.6967258858170544	-0.9999979133359891	0.11334280837719041	0.18328263100692074	5796881.2	179178.5	4.23	4.2300939356421585
-1.26150586092614	-0.9999975353868967	0.13003659567408718	0.2832272044327145	4618463.5	87791.0	4.39	4.420148579523097
