-1.9910521091403204	-0.9999982618255702	0.10375551457541349	0.1365516825688293	6917411.9	166651.9	6.98	7.0741276503547255
-1.9910521091403204	-0.9999983853569232	0.07811538814065107	0.1365516825688293	6917411.9	70907.9	7.055	7.055236620456855
-2.052947198738638	-0.9999982201411438	0.09918479931381409	0.1283560547879069	6720100.0	156501.85	7.015000000000001	7.053330497976712
-2.052947198738638	-0.9999981264484344	0.08282633907587206	0.1283560547879069	6720100.0	293740.05	6.99	6.992892513037825
-2.052947198738638	-0.9999981241612909	0.0933327931754752	0.1283560547879069	6720100.0	298289.675	7.01	7.010693499276613
-1.4742889811460813	-0.9999991713421076	0.03644062558125706	0.22894145087652773	14480903.25	162707.375	7.11	7.187946461472442
-1.5552669659871468	-0.9999991169515933	0.04044016143583149	0.21113300978411198	13629093.777777778	168576.27777777778	7.16	7.186970943272318
-1.5552669659871468	-0.9999989782975625	0.11753988613170754	0.21113300978411198	13629093.777777778	1115571.5555555555	7.140000000000001	7.142417277996417
-1.266867701497634	-0.9999992153735721	0.046540106292211066	0.2817126493470253	15697281.666666666	223350.5	7.11	7.123372225711431
-1.881666367185003	-0.999998529458046	0.047107441911833935	0.15233604634881373	7685377.7	80955.75	6.93	6.972757794483213
-1.839788701239977	-0.9999986520537026	0.045631360636342856	0.15885098757775082	8398283.0	82489.175	6.95	6.987795924431695
-2.1079390093326373	-0.9999980133384874	0.11284227467962907	0.12148809441791306	6030355.7	159575.0	7.0200000000000005	7.029696606534629
-2.1079390093326373	-0.9999977840802244	0.1367663208346185	0.12148809441791306	6030355.7	635891.275	7.0200000000000005	7.1165101642398305
-1.379767938081797	-0.9999991517773901	0.05290372355777858	0.2516369416359788	15156350.0	383063.53571428574	7.07	7.124707215913025
-1.379767938081797	-0.9999991003538139	0.12353017688834413	0.2516369416359788	15156350.0	835137.1785714285	7.11	7.118610974877441
-0.6741088158116368	-0.9999994005060079	0.03624789049670029	0.5096103750074453	20851718.333333332	268465.0833333333	7.03	7.123342115966503
-1.7438494559427837	-0.9999986971560563	0.08687696801211159	0.17484604135862797	10536234.7	915356.125	6.9	6.909044361685553
-1.793812745816525	-0.999998730235958	0.048478904242867646	0.1663248049903158	9071791.4	100611.775	7.0	7.007447544071434
-1.793812745816525	-0.9999987333021888	0.08764869231912321	0.1663248049903158	9071791.4	97851.675	7.015000000000001	7.026290918355932
-1.793812745816525	-0.999998661697153	0.10922793847162668	0.1663248049903158	9071791.4	187362.2	7.035	7.037963940015716
