-1.8827900623973168	-0.9999989738811704	0.05238009191055529	0.1521649632035264	11634946.1	153097.575	4.17	4.239316611896726
-1.8827900623973168	-0.9999988227429171	0.130665891127508	0.1521649632035264	11634946.1	888528.125	4.165	4.250453415689052
-1.8827900623973168	-0.9999988738512572	0.12621259120258824	0.1521649632035264	11634946.1	490253.5	4.1850000000000005	4.2757434639683085
-1.3000709515520532	-0.9999989979310221	0.09129144849191322	0.272512457166276	12436400.857142856	258364.75	3.38	3.4407508028695943
-1.3000709515520532	-0.9999989340538237	0.11963511645244404	0.272512457166276	12436400.857142856	571792.9285714285	3.43	3.4301443582529596
-1.3000709515520532	-0.9999990422057551	0.1795947599763433	0.272512457166276	12436400.857142856	148970.92857142858	3.43	3.4423663982531876
-1.3000709515520532	-0.9999990695185429	0.12419408851042534	0.272512457166276	12436400.857142856	106067.5	3.44	3.4409644874899112
-2.0262926886833457	-0.9999990473948501	0.053902686166730954	0.13182332647672648	12727502.4	184292.4	4.13	4.134833219668508
-2.0262926886833457	-0.9999990655180847	0.12694239309057498	0.13182332647672648	12727502.4	146329.175	4.125	4.140072787039211
-2.0262926886833457	-0.9999990734970766	0.12429149805183708	0.13182332647672648	12727502.4	132198.6	4.13	4.181190118187663
-1.849917188003844	-0.9999985833016947	0.09714559035423972	0.15725018797640747	8378730.3	142932.25	3.72	3.7936433539390704
-1.849917188003844	-0.9999985835819795	0.15048019608006602	0.15725018797640747	8378730.3	142596.975	3.8200000000000003	3.861277924513384
-1.849917188003844	-0.9999986413035266	0.10783790016227893	0.15725018797640747	8378730.3	87916.25	3.895	3.9673143593847997
-1.0624517041520238	-0.9999991638644511	0.08166261320767362	0.34560744357847273	14975403.2	274158.95	3.45	3.4554706876967
-1.3892976255312965	-0.9999988774771915	0.09928430680865116	0.24925031021895958	11456472.625	384673.125	3.45	3.452725448212776
-1.7787167748216801	-0.9999980302458933	0.11300414380641863	0.16885468689002894	6064467.7	154122.6	3.64	3.6718069403827114
-1.737721361692327	-0.999998238292829	0.10823024446057503	0.17592080413977593	6783237.7	154828.3	3.62	3.67704321257093
-1.737721361692327	-0.9999981391335226	0.129125730280889	0.17592080413977593	6783237.7	303366.325	3.665	3.6663853757494316
-1.737721361692327	-0.999998306835969	0.1643480877141606	0.17592080413977593	6783237.7	97258.125	3.67	3.6809723081683168
-1.19415800014142	-0.9999990824050655	0.08334813965030703	0.30295893820194564	13551008.833333334	251282.5	3.34	3.356209357883919
-1.19415800014142	-0.9999989700802825	0.10851033823211725	0.30295893820194564	13551008.833333334	1151355.2916666667	3.37	3.370249837440622
-1.9742325078394178	-0.9999989722297862	0.05810963705019941	0.13886785134102542	11790637.3	183149.925	4.0600000000000005	4.076281304401945
-1.9742325078394178	-0.9999989552665851	0.12047628777567035	0.13886785134102542	11790637.3	223701.6	4.075	4.0833586353131786
-1.5311526993800844	-0.9999988673569361	0.10533586490610274	0.21628621058845476	11401995.1	406113.6	3.5300000000000002	3.5417117217543113
-1.5311526993800844	-0.999999004572539	0.10240813642994301	0.21628621058845476	11401995.1	84952.475	3.5650000000000004	3.5838047204415346
-1.5311526993800844	-0.9999989609455068	0.16149874094288658	0.21628621058845476	11401995.1	139704.825	3.5949999999999998	3.6350653727831026
