-1.9059574078753947	-0.9999989540147776	0.07567132294139456	0.1486802268379322	12793895.5	648374.725	7.47	7.5525323584417405
-1.9059574078753947	nan	nan	0.1486802268379322	12793895.5	nan	7.71	7.724544650205092
-1.3692255349849465	-0.999996372734127	-0.05767832532545377	0.2543038327289089	2919223.714285714	-39686.857142857145	6.5200000000000005	6.563585362047442
-1.8243265490840508	-0.999997862020294	-0.007069023732557906	0.16132625286710514	3996555.9	-5137.7	6.54	6.558675410778247
-1.8243265490840508	-0.9999969140791362	0.1002636907145157	0.16132625286710514	3996555.9	227078.45	6.62	6.7359984073268055
-1.8243265490840508	-0.999997370452585	0.14735753070375776	0.16132625286710514	3996555.9	36647.7	6.605	6.613675976019885
-1.8243265490840508	-0.9999973348644559	0.13561240584778878	0.16132625286710514	3996555.9	42249.15	6.635	6.645110698793973
-1.8243265490840508	-0.9999972309795545	0.08184508260156068	0.16132625286710514	3996555.9	63993.025	6.65	6.807688869921331
-0.6678275150692702	-0.9999963182273791	0.15219129776676724	0.5128214653887746	3291732.6666666665	183396.5	6.68	6.6996327609773445
-0.6678275150692702	-0.9999971200582051	0.10710974778459441	0.5128214653887746	3291732.6666666665	13094.166666666666	6.655	6.672021956574775
-0.6678275150692702	-0.999996589778077	0.19861336387880413	0.5128214653887746	3291732.6666666665	75021.16666666667	6.71	6.757258926336638
-1.4629310943335359	-0.9999964539995813	-0.05027578731168461	0.23155656493425522	2923078.75	-31736.0	6.53	6.550106255355613
-2.070683834101334	-0.9999994008054253	0.040445366632328256	0.1260995210617516	21410794.8	372961.1	6.71	6.872592193010204
-1.6745619221750723	-0.9999978053084405	-0.0009549014922540229	0.18739025301780116	3100765.6	-901.55	6.51	6.523234269104714
-1.1165849784432746	-0.9999961695247394	0.11278752588069038	0.32739595192106447	2693048.8	30200.8	6.57	6.606645748352683
-1.7791895361517027	-0.9999967766888707	-0.027079299380029488	0.16877487779048872	3034271.6	-17682.75	6.34	6.388444465925245
-1.7791895361517027	-0.999996673122092	0.07146067886634055	0.16877487779048872	3034271.6	24212.15	6.415	6.4327864499751986
-1.7791895361517027	-0.9999962130340675	0.10255039238378774	0.16877487779048872	3034271.6	97799.325	6.4350000000000005	6.457386975713452
-1.7791895361517027	-0.9999966764799929	0.13845964532812002	0.16877487779048872	3034271.6	23966.7	6.42	6.42437074829932
-1.7791895361517027	-0.999996623366775	0.11693968374206988	0.16877487779048872	3034271.6	28158.0	6.43	6.482185966162268
-1.7791895361517027	-0.9999968359344262	0.04969028397138827	0.16877487779048872	3034271.6	14773.15	6.485	6.493134752684372
-1.7791895361517027	-0.9999964570856129	0.055538142422544165	0.16877487779048872	3034271.6	46636.7	6.5200000000000005	6.5407288701198585
-2.012566352538035	-0.9999993167861511	0.04698321426535677	0.13364525335207048	19060228.3	452349.2	6.33	6.347370243036583
-2.012566352538035	nan	nan	0.13364525335207048	19060228.3	nan	6.445	6.476366809148857
-2.012566352538035	nan	nan	0.13364525335207048	19060228.3	nan	6.43	6.439411162017436
-2.012566352538035	nan	nan	0.13364525335207048	19060228.3	nan	6.455	6.472747316845544
-2.012566352538035	nan	nan	0.13364525335207048	19060228.3	nan	6.46	6.51074665498021
-2.012566352538035	nan	nan	0.13364525335207048	19060228.3	nan	6.49	6.6034487501345005
-0.21761975739542896	-0.9999960731183821	0.125653293163318	0.8044312625582822	2844858.0	71069.0	6.46	6.460311179188393
-0.21761975739542896	-0.9999971050371471	0.04663164400494438	0.8044312625582822	2844858.0	3772.5	6.465	6.465343099460293
-0.21761975739542896	-0.9999964540793375	0.2244240749729306	0.8044312625582822	2844858.0	24043.0	6.46	6.469126358406137
-0.21761975739542896	-0.9999961035878857	0.11525591595628029	0.8044312625582822	2844858.0	65168.0	6.475	6.551815712648401
-0.21761975739542896	-0.9999958527962007	0.08207304431527895	0.8044312625582822	2844858.0	133012.5	6.585	6.706127679510033
-1.9809814845148144	-0.9999992831143709	0.04576846688277927	0.1379337909726148	17833389.8	356645.675	6.890000000000001	6.9139960103239355
-1.9809814845148144	nan	nan	0.1379337909726148	17833389.8	nan	6.95	6.981147309097481
-2.097461152128574	-0.9999994165335573	0.040773358731973755	0.12276772149107211	22038538.8	384133.425	6.62	6.661519518376598
-2.097461152128574	nan	nan	0.12276772149107211	22038538.8	nan	6.725	6.751022747519317
