-1.28378026141859	nan	nan	0.276988230901238	21055592.666666668	nan	7.96	8.17976566245755
-0.9574746481839431	nan	nan	0.3838610471793628	20144365.5	nan	7.5200000000000005	7.623721526429583
-0.6924719818285928	nan	nan	0.5003377133646638	18379255.0	nan	7.29	7.310786073196672
-0.6924719818285928	nan	nan	0.5003377133646638	18379255.0	nan	7.275	7.31347678234035
-0.6924719818285928	nan	nan	0.5003377133646638	18379255.0	nan	7.38	7.440243363068344
-1.1408537592194958	nan	nan	0.31954608990350497	21820621.6	nan	7.6000000000000005	7.724471670807071
-1.1408537592194958	nan	nan	0.31954608990350497	21820621.6	nan	7.76	7.767781803792997
-1.1408537592194958	nan	nan	0.31954608990350497	21820621.6	nan	7.785	7.814944959295479
-1.1408537592194958	nan	nan	0.31954608990350497	21820621.6	nan	7.859999999999999	7.890950558589791
-1.7088645597507066	-0.9999993058308926	0.06858285794028536	0.18107127155022976	18488829.0	374883.75	7.86	7.885731707317073
-1.7088645597507066	nan	nan	0.18107127155022976	18488829.0	nan	7.91	7.935853137831358
-1.7088645597507066	nan	nan	0.18107127155022976	18488829.0	nan	7.9	7.984731216598554
-1.7088645597507066	nan	nan	0.18107127155022976	18488829.0	nan	7.95	8.03004980211465
-1.7088645597507066	nan	nan	0.18107127155022976	18488829.0	nan	7.97	7.983800345559206
-1.8164444339991332	-0.9999992677397338	0.047811851417950385	0.162602869568868	16203593.0	142235.625	7.74	7.7999153872398495
-1.8164444339991332	-0.9999992813424073	0.03457649900429268	0.162602869568868	16203593.0	114099.525	7.83	7.831014403226438
-1.3979781845672865	nan	nan	0.24709604184065478	19176288.714285713	nan	7.95	8.020166518915154
-1.3979781845672865	nan	nan	0.24709604184065478	19176288.714285713	nan	8.0	8.00507604409753
-1.3979781845672865	nan	nan	0.24709604184065478	19176288.714285713	nan	8.01	8.01208852836613
-1.9052393532566374	-0.9999990564717096	0.04094670174927661	0.14878702570065055	12076464.2	88829.525	7.6000000000000005	7.623874156862959
-1.493579906039517	nan	nan	0.2245672850441983	19172642.125	nan	8.040000000000001	8.047304017728736
-0.23963912542893703	nan	nan	0.7869117862861166	7164591.5	nan	7.7	7.740931686331712
-1.9439879052190736	-0.9999989572100993	0.04822487786567674	0.1431320132187543	10764689.4	75003.95	7.61	7.626403274816554
-1.863009105835107	-0.9999991774382294	0.054867868543429336	0.1552048990270753	14416223.2	141241.575	7.74	7.753729961465813
-1.863009105835107	-0.999999134525529	0.06307527853376475	0.1552048990270753	14416223.2	262201.7	7.74	7.746551652635508
