-1.7257798434974203	-0.9999975493305103	0.0888143494019756	0.17803415884147153	4573035.8	73643.1	6.23	6.307717248134013
-1.6711491194404158	-0.9999976307473375	0.06047462229579302	0.18803087151624456	4521407.5	44906.35	6.13	6.203649189189189
-1.6711491194404158	-0.9999975773694003	0.09959177497526503	0.18803087151624456	4521407.5	57164.175	6.21	6.221185735987846
-1.6711491194404158	-0.9999975821508139	0.12871914993488295	0.18803087151624456	4521407.5	55941.6	6.23	6.245572295180321
-2.0041388202993535	-0.9999979757033004	0.0863134606729503	0.13477631235706863	5762844.8	116506.125	6.49	6.521301802856474
-2.0041388202993535	-0.9999979619623359	0.13795582205335408	0.13477631235706863	5762844.8	126107.1	6.49	6.494999351220426
-2.0041388202993535	-0.9999979997791224	0.14138968513334152	0.13477631235706863	5762844.8	101412.6	6.505	6.506820809248555
-2.0041388202993535	-0.9999980396903712	0.1482988083320864	0.13477631235706863	5762844.8	80575.325	6.5	6.5095214460784305
-2.0041388202993535	-0.9999981162609216	0.11482476699960718	0.13477631235706863	5762844.8	51827.525	6.51	6.512416710308988
-2.1392003814672655	-0.9999989557291324	0.06809985552743049	0.11774895963840609	11742185.5	211507.875	6.82	6.933084759400909
-2.1392003814672655	-0.9999988692828977	0.11583966845791582	0.11774895963840609	11742185.5	583668.375	6.915	6.9191616002224805
-2.1392003814672655	-0.9999988685012247	0.1324831612867313	0.11774895963840609	11742185.5	589050.275	6.975	6.975987802396872
-1.1160894658390583	-0.9999979248047919	0.06791321224386201	0.3275582209416631	5336872.8	64539.8	6.38	6.400470490523668
-1.8210406691990546	-0.9999972148846127	0.09709306951743166	0.1618572234313303	3960610.1	61743.25	6.36	6.363402965941205
-1.8210406691990546	-0.99999690199901	0.11652426275587532	0.1618572234313303	3960610.1	213196.45	6.365	6.374109019459905
-1.8210406691990546	-0.9999972168693304	0.14471801156897424	0.1618572234313303	3960610.1	61259.8	6.375	6.392379360157949
-1.460702763661435	-0.9999972402323453	0.07567167294139178	0.23207312484963	4553930.875	287157.9375	6.37	6.37540809724397
-1.460702763661435	-0.9999974264680612	0.08558928128331154	0.23207312484963	4553930.875	122967.875	6.375	6.38577599762567
-1.9017488269198732	-0.9999973063710975	0.10355450513252268	0.1493072781817011	4128229.0	67501.3	6.4	6.432802827568796
-1.9017488269198732	-0.9999973022321134	0.1320112077043547	0.1493072781817011	4128229.0	68664.6	6.43	6.458999399323449
-1.9017488269198732	-0.9999972125529571	0.16796042129445848	0.1493072781817011	4128229.0	99430.05	6.495	6.510677354657567
-2.088874043531483	-0.9999983473212818	0.11880762374552663	0.12382648058144852	7716172.1	345362.725	6.62	6.659489037222313
-2.088874043531483	-0.999998436130437	0.11523564151487811	0.12382648058144852	7716172.1	174047.05	6.775	6.912333649673152
-2.088874043531483	-0.9999984521309031	0.13301823636954618	0.12382648058144852	7716172.1	153832.225	6.83	6.845098836245724
-2.062397040941137	-0.9999980346417622	0.09624348462181319	0.1271488233813247	6008301.4	134384.075	6.51	6.5341280178535195
-2.062397040941137	-0.9999980410432626	0.1301217784757133	0.1271488233813247	6008301.4	129313.475	6.535	6.536480274968432
-1.2550465644415738	-0.9999977601755206	0.07356482352292958	0.2850625741358274	4944554.666666667	64532.166666666664	6.38	6.385482359103453
-1.2550465644415738	-0.9999977889778795	0.08483938596710636	0.2850625741358274	4944554.666666667	55966.125	6.41	6.418278982449351
-2.0340074597838695	-0.9999979632168746	0.09287792796023227	0.13081025252870435	5777986.7	129120.075	6.48	6.509635758806247
-2.0340074597838695	-0.999997836965317	0.12837073712665314	0.13081025252870435	5777986.7	267796.3	6.515000000000001	6.516506487236369
-2.0340074597838695	-0.9999980330737968	0.15366261289586275	0.13081025252870435	5777986.7	86237.625	6.545	6.5492955230989045
