-1.8309545115711965	nan	nan	0.16026052422109585	12909391.7	nan	3.88	3.8967502109637433
-1.8309545115711965	nan	nan	0.16026052422109585	12909391.7	nan	3.89	3.897829268292683
-1.8309545115711965	-0.9999990133729472	0.07278387612373884	0.16026052422109585	12909391.7	340017.425	3.9	3.900593768934969
-1.196908487637777	nan	nan	0.30212679835024764	12291015.333333334	nan	4.18	4.190874980135757
-1.196908487637777	-0.999998998858895	0.14181371357695602	0.30212679835024764	12291015.333333334	220805.2	4.16	4.169912856540571
-1.196908487637777	nan	nan	0.30212679835024764	12291015.333333334	nan	4.18	4.222949558737702
-1.196908487637777	-0.9999990240090388	0.1059534955573563	0.30212679835024764	12291015.333333334	162091.08333333334	4.26	4.270566874706881
-1.196908487637777	-0.9999989994026306	0.15117841592254375	0.30212679835024764	12291015.333333334	219334.45833333334	4.28	4.289020905646601
-1.399022639657888	nan	nan	0.24683809585183658	16642329.125	nan	4.07	4.111208676548091
-1.399022639657888	-0.9999992307358566	0.08772877687322474	0.24683809585183658	16642329.125	363067.59375	4.08	4.095411726948118
-1.752370659040307	nan	nan	0.17336247260168458	15436373.2	nan	3.98	3.993461296412838
-0.6300612757527708	-0.9999985308049812	0.11452211669864604	0.5325591670432165	8533977.666666666	278750.9166666667	4.09	4.128895357849916
-0.6300612757527708	-0.9999985409885175	0.1329033905515562	0.5325591670432165	8533977.666666666	255548.5	4.145	4.187914462653281
-0.6300612757527708	-0.9999986203058994	0.12160362504722796	0.5325591670432165	8533977.666666666	129867.625	4.1850000000000005	4.187785396635161
-0.6300612757527708	-0.999998599636907	0.14103652286009252	0.5325591670432165	8533977.666666666	154919.5	4.155	4.166456091280815
-0.8867322153283084	-0.9999985098668449	0.13114318978124068	0.41199988229338935	8931532.75	602697.9375	4.0600000000000005	4.096450458378663
-1.9302165293788756	nan	nan	0.14511677303675014	6612198.8	nan	3.74	3.742609453614976
-1.9860516463842324	nan	nan	0.1372362142329709	5027953.8	nan	3.66	3.6911357624883965
-1.9860516463842324	-0.9999979597536385	0.03483016473951867	0.1372362142329709	5027953.8	28516.25	3.7	3.7012759643916913
-1.9860516463842324	-0.9999974185048693	0.13406428044023674	0.1372362142329709	5027953.8	433495.175	3.7	3.714967107414877
-1.6052124580102944	nan	nan	0.20084687884870295	16451498.7	nan	4.0600000000000005	4.06060019309943
-1.6052124580102944	nan	nan	0.20084687884870295	16451498.7	nan	4.0600000000000005	4.06062602365787
-1.9593746636867913	nan	nan	0.140946532353436	5595413.7	nan	3.77	3.770335947172926
-1.9593746636867913	-0.9999980991524348	0.044879465893129	0.140946532353436	5595413.7	41606.2	3.7600000000000002	3.760255336223091
-1.9593746636867913	nan	nan	0.140946532353436	5595413.7	nan	3.745	3.75
-1.5449320881801663	nan	nan	0.21332635811219203	15996383.7	nan	4.1	4.117502179528084
-1.6585910700545439	nan	nan	0.1904070614139315	16261101.5	nan	4.035	4.050711899929983
-1.6585910700545439	-0.999999267079589	0.07252840882708922	0.1904070614139315	16261101.5	149954.4	4.04	4.051953190345322
-1.6585910700545439	nan	nan	0.1904070614139315	16261101.5	nan	4.055	4.056476262672542
-1.8661381919052067	nan	nan	0.15472000856714774	9181951.1	nan	3.89	3.9037572782977166
-1.8661381919052067	-0.9999987996558103	0.037975662838525596	0.15472000856714774	9181951.1	61174.475	3.91	3.912750677506775
-1.8661381919052067	-0.9999985685767857	0.09778466742776454	0.15472000856714774	9181951.1	510556.2	3.89	3.8946070039143303
-1.0625060854842465	nan	nan	0.3455886494962931	9538487.8	nan	4.05	4.062975694765739
-1.0625060854842465	-0.9999986066650504	0.12293963507743245	0.3455886494962931	9538487.8	591434.8	4.0600000000000005	4.060484612685763
-1.0625060854842465	-0.9999987061787539	0.101593255952009	0.3455886494962931	9538487.8	228912.2	4.045	4.069279916464444
-1.0625060854842465	-0.9999986560045352	0.123215443336928	0.3455886494962931	9538487.8	369417.1	4.08	4.12895289748396
