-2.1118840316871648	-0.9999974330914685	0.0869894524182907	0.12100976529951882	4445174.6	90250.6	7.0600000000000005	7.083694501548794
-2.1118840316871648	-0.9999976289071942	0.08527983291348092	0.12100976529951882	4445174.6	37793.6	7.105	7.122964491767907
-1.7446401357836507	-0.9999976505675194	0.06426772339086446	0.17470784875872128	4697285.2	62065.05	7.12	7.129445953610555
-1.7446401357836507	-0.9999971977602602	0.1385701807443099	0.17470784875872128	4697285.2	520693.75	7.1450000000000005	7.148703194391513
-1.6264560033667919	-0.9999975329515429	0.06674571986383661	0.19662517976191327	4427776.8	55465.8	7.15	7.154798543794513
-1.6264560033667919	-0.9999974057963366	0.08805036450039697	0.19662517976191327	4427776.8	97396.4	7.12	7.122907314354829
-1.6264560033667919	-0.999997109492035	0.14380317837717485	0.19662517976191327	4427776.8	361682.25	7.140000000000001	7.159100552033588
-1.7949817816164815	-0.9999977650055518	0.05858007445764274	0.16613047894804261	4993632.6	70314.05	7.15	7.246799526802871
-1.7949817816164815	-0.9999977382038824	0.11407280912665632	0.16613047894804261	4993632.6	80383.675	7.235	7.2612272178525705
-1.7949817816164815	-0.9999980040991343	0.07723474379906446	0.16613047894804261	4993632.6	21306.1	7.25	7.2518191567594075
-1.7949817816164815	-0.999997930091145	0.1273485427666184	0.16613047894804261	4993632.6	30832.725	7.1850000000000005	7.19686578581363
-1.7949817816164815	-0.9999974245107812	0.16178159021428315	0.16613047894804261	4993632.6	385017.6	7.205	7.212664580917245
-2.137386436832414	-0.9999971256738394	0.09645255389382686	0.11796274356948948	3946492.8	84414.6	7.1000000000000005	7.103182310387188
-2.137386436832414	-0.9999973792585787	0.08103976373778195	0.11796274356948948	3946492.8	31029.85	7.15	7.166116492146597
-1.883838819113979	-0.9999977889093721	0.09911284684710328	0.15200546282948985	5269746.2	114906.925	7.34	7.409572594736522
-1.883838819113979	-0.9999979634721718	0.1010928129436945	0.15200546282948985	5269746.2	45796.5	7.375	7.3750572478769705
-1.883838819113979	-0.9999980121474175	0.09101172871770043	0.15200546282948985	5269746.2	35434.825	7.37	7.377097022878261
-1.8411471850859538	-0.9999978356135163	0.076738556838162	0.15863533758888695	5315894.9	99274.2	7.28	7.354730072714302
-2.0265258121352363	-0.9999977172973972	0.08674136192832921	0.13179259894961123	5019437.5	94643.5	7.18	7.2045757230531775
-2.0265258121352363	-0.9999975001554146	0.1277624824103022	0.13179259894961123	5019437.5	281478.15	7.2	7.203954099240454
-2.0265258121352363	-0.9999976617530496	0.14659628457571494	0.13179259894961123	5019437.5	125075.95	7.2	7.214458941862131
