-1.3858671613027693	-0.999998488796106	0.09621293662635133	0.2501068227699896	7742460.142857143	120623.28571428571	7.26	7.313654393564118
-1.3858671613027693	-0.9999984776673357	0.10776002118801094	0.2501068227699896	7742460.142857143	131477.67857142858	7.255	7.277338782602529
-1.3858671613027693	-0.9999985775744985	0.14205154075643156	0.2501068227699896	7742460.142857143	60661.0	7.29	7.294511629080268
-1.693112030448157	-0.9999982121604265	0.09427978660891995	0.18394618620109493	6450363.0	101946.6	7.15	7.159719475629101
-1.693112030448157	-0.9999982200453641	0.10000519682443579	0.18394618620109493	6450363.0	96891.125	7.2	7.207916300439472
-1.693112030448157	-0.9999982625167871	0.14441821487554704	0.18394618620109493	6450363.0	73672.425	7.195	7.287854970491775
-0.22364465758360666	-0.9999990515025374	0.1390216637113561	0.7995992154107043	12801027.5	187538.0	7.2	7.200272306587447
-0.22364465758360666	-0.9999990137571095	0.11249061395422662	0.7995992154107043	12801027.5	304041.375	7.205	7.388566719375842
-0.22364465758360666	-0.9999991110026479	0.1753863411018859	0.7995992154107043	12801027.5	87559.0	7.375	7.389276413800177
-1.7491063587053293	-0.9999978110421451	0.07947433509181134	0.17392930443040472	5135100.9	76153.5	7.38	7.390293553919097
-0.6774833354006115	-0.9999988931620765	0.0973480477830757	0.5078935831173166	10785784.0	152987.0	7.390000000000001	7.4128814006442285
-0.6774833354006115	-0.9999987908735327	0.12885745047096145	0.5078935831173166	10785784.0	461102.0833333333	7.3950000000000005	7.398361322615657
-0.6774833354006115	-0.9999989446407815	0.11292129629431163	0.5078935831173166	10785784.0	87804.25	7.4350000000000005	7.441007856782776
-1.997987827895033	-0.9999975458755865	0.04881114751880912	0.1356078752774361	4311798.2	39405.625	6.96	6.987635809082554
-1.997987827895033	-0.9999975147983334	0.08460146084082842	0.1356078752774361	4311798.2	45056.2	7.01	7.02402092398852
-1.8000802228532486	-0.9999976722493126	0.09428566053648224	0.16528562800502788	4848418.2	79689.75	7.390000000000001	7.4010553092603235
-0.9436792827079388	-0.9999987664464317	0.09831293743082978	0.3891932458671518	9582822.75	136069.0625	7.38	7.39110783534444
-1.9279014509682473	-0.9999975042298787	0.09007089260861645	0.14545311892836074	4460730.3	68387.325	7.21	7.210396909398814
