-1.9209806817785324	-0.9999928012166799	0.07963831701553624	0.1464632578295947	1636046.0	130291.95	6.0600000000000005	6.096331170580403
-1.5187750846567685	-0.999996129658022	0.040764760226249135	0.21897995464488668	2901482.3333333335	75336.16666666667	5.8500000000000005	5.8635524056500445
-1.5187750846567685	-0.9999960926033012	0.07906826593384957	0.21897995464488668	2901482.3333333335	83887.38888888889	5.89	5.89114576472138
-1.5187750846567685	-0.9999962559768178	0.06764480497806222	0.21897995464488668	2901482.3333333335	52218.805555555555	5.93	5.939340972066202
-1.2344440910403038	-0.9999964137786123	0.1443494481875126	0.29099648496539865	3281270.3333333335	128972.45	5.62	5.661605611305948
-1.2344440910403038	-0.9999964881813371	0.07421525130322151	0.29099648496539865	3281270.3333333335	101034.41666666667	5.68	5.680983388704319
-0.21261980562232358	-0.9999976989690866	0.1532434612282521	0.8084634520521273	5273541.5	186200.0	5.5600000000000005	5.58370294384784
-0.21261980562232358	-0.9999977309877092	0.05964726474202406	0.8084634520521273	5273541.5	157270.75	5.59	5.598979640182673
-0.21261980562232358	-0.9999978988326398	0.1277510720827391	0.8084634520521273	5273541.5	64898.375	5.575	5.579517120418746
-2.0971120396717593	-0.9999934656475159	0.08213899127194003	0.12281058871424479	1667477.0	53952.75	5.76	5.869277514577259
-1.9872718254638777	-0.9999924521142947	0.07977910492461028	0.13706886359503087	1390803.0	36228.25	5.96	6.001663184287505
-1.884582311544889	-0.9999934784391922	0.08647938229466397	0.15189248992087445	1649483.9	46966.425	6.0	6.004940454477179
-1.884582311544889	-0.9999934622598083	0.10062173150294021	0.15189248992087445	1649483.9	48236.75	6.05	6.07780360472343
-1.884582311544889	-0.9999933764117164	0.09150049969458535	0.15189248992087445	1649483.9	55574.75	6.08	6.088508064516129
-1.8454164919969276	-0.9999939071859237	0.09430197031559376	0.1579595183122599	1783058.9	52251.675	6.08	6.1074946004319655
-1.756570250728383	-0.999994426953268	0.09822266441696965	0.1726359476246334	1982651.8	62905.9	6.05	6.056053732658005
-1.756570250728383	-0.9999942646216503	0.07822005439984427	0.1726359476246334	1982651.8	86790.0	6.105	6.105751431458403
-1.588416211136074	-0.9999960249103439	0.11695721473224456	0.20424884274441885	2881332.1	94234.61111111111	5.91	5.940163026760997
-1.588416211136074	-0.9999960253026527	0.08925111222365081	0.20424884274441885	2881332.1	94128.15	5.97	6.017206934562581
-1.588416211136074	-0.9999961888171707	0.07322115163562502	0.20424884274441885	2881332.1	58762.925	6.04	6.047573761365745
