-2.2318976942476194	-0.9999928241723908	0.005504869222120165	0.10732456754808065	1098360.4	2647.225	15.0	15.082783075975446
-1.6054913737399323	-0.9999962962186634	0.042576605739770824	0.20079086730655665	2872533.75	41739.90625	16.2	16.27363165907004
-2.2003830673201588	-0.999993378314833	0.00410682169846432	0.11076072142201629	1159457.5	2158.35	14.84	14.848519174041298
-1.2244330127595473	-0.9999923930575946	0.0727864556266835	0.29392430441813566	1417868.4	48321.05	14.94	15.218800812977529
-1.2244330127595473	-0.999992663405068	0.10474310625898828	0.29392430441813566	1417868.4	32935.15	15.225000000000001	15.240752965630936
-1.3772833344048085	-0.99999450434181	0.07036515339929411	0.25226293705966363	1951531.0	45475.333333333336	15.09	15.102060768027913
-1.3772833344048085	-0.9999942195213843	0.10809522316252845	0.25226293705966363	1951531.0	79282.33333333333	15.115	15.45641344355874
-2.0037186294025244	-0.9999956195387062	0.05194696765015796	0.13483295603637513	2705982.3	140567.575	15.610000000000001	15.610498555169622
-2.2899317805795496	-0.9999910212420153	0.016173300772556264	0.10127337042886893	975509.1	6365.85	14.790000000000001	14.94304716981132
-1.5008554300739003	-0.9999957954267038	0.06216616434628381	0.22293936951470206	2582461.4285714286	51954.78571428572	15.540000000000001	15.541468477695
-1.5008554300739003	-0.9999954619970665	0.10256376174950678	0.22293936951470206	2582461.4285714286	122910.21428571429	15.98	16.080030303744575
-1.5008554300739003	-0.9999958105380917	0.08888773680422558	0.22293936951470206	2582461.4285714286	49966.28571428572	16.255000000000003	16.273395740881757
-0.2621753639292781	-0.9999919556015727	0.07636121396120599	0.7693760910623408	1323794.0	42154.75	14.63	14.759193515704155
-1.9539344872201472	-0.9999961541258758	0.032258186393712	0.14171539584208678	2692200.2	31377.025	15.290000000000001	15.412322852414624
-1.9539344872201472	-0.9999957212610522	0.06341419648700262	0.14171539584208678	2692200.2	100630.625	15.475000000000001	15.528207682278696
