-1.7876767799805464	-0.9999869528043746	0.04602169020506018	0.16734850579613175	737211.875	15040.1875	46.0	46.22014275517488
-2.369940692528289	-0.9999853408416972	0.04553750255164681	0.09348627054799437	685383.2	23088.675	40.5	40.78675070882267
-2.369940692528289	-0.9999869399547421	0.0370760044516289	0.09348627054799437	685383.2	7715.65	40.775000000000006	41.32908681526155
-1.8870425983378456	-0.9999865471003009	0.04360399254748673	0.15151925016066783	709003.8888888889	13878.361111111111	44.7	44.736914569046526
-2.280879341861981	-0.999985882537578	0.048247053382162466	0.10219430346439223	676819.5	14113.725	39.18	40.21189665832663
-2.41002276443476	-0.9999857464958457	0.044762575272269754	0.08981325000110572	668149.7	13676.05	40.79	41.28362881660502
-0.8201808389307186	-0.999984782280586	0.06872538448349973	0.44035201451776596	673350.6666666666	28192.916666666668	47.2	47.47792689480496
-0.8201808389307186	-0.9999860737778309	0.07096175213461327	0.44035201451776596	673350.6666666666	11815.25	47.42	47.89248479094137
-0.3073087295315593	-0.9999856370403658	0.07142566471395732	0.7354235188971089	688629.0	19745.875	47.160000000000004	47.96122375340416
-1.1326932635043987	-0.9999870461534935	0.07179126321763325	0.32216441327897977	786713.0	26660.0625	47.58	49.56041314562401
