-1.9827479216466133	-0.9999953183849114	0.048571642567607425	0.13769035467326973	2232869.3	34662.225	6.65	6.6670151385318475
-1.9827479216466133	-0.9999949553820106	0.09040485858128453	0.13769035467326973	2232869.3	77960.675	6.71	6.813313941053171
-0.6755917188750351	-0.9999957904948263	0.02615591800299929	0.508855232261333	2457073.0	31039.916666666668	6.87	6.973371526019877
-1.3762683141329966	-0.9999951345159572	0.04725734532542829	0.25251911904756685	2391384.8571428573	113010.5	6.62	6.69008317558543
-1.5500820800307396	-0.9999958272214329	0.021974148256225744	0.21223055322147866	2388692.6666666665	21320.805555555555	6.62	6.624444210156387
-1.4700130887281695	-0.999995707916338	0.021529535388161835	0.2299224757742437	2329273.0	21969.03125	6.69	6.709626829660608
-1.8322799484284231	-0.9999953518681826	0.0475299903721	0.16004824972483198	2281470.9	40317.975	6.68	6.76572621172792
-1.2642022700403888	-0.9999957082346133	0.023025584146679143	0.2824645367114652	2356328.1666666665	24655.791666666668	6.6000000000000005	6.61116089025996
-1.2642022700403888	-0.9999953204000354	0.094507087711389	0.2824645367114652	2356328.1666666665	61491.666666666664	6.5600000000000005	6.62634853415938
-1.6192594947774746	-0.9999958290932951	0.0226920349452562	0.1980452983758889	2383128.4	20738.725	6.61	6.633126352015732
-1.6192594947774746	-0.9999953842492716	0.07435273764622162	0.1980452983758889	2383128.4	59868.75	6.735	6.7842327702015055
-1.6192594947774746	-0.999995345944884	0.12767166230169041	0.1980452983758889	2383128.4	65591.125	6.78	6.784358836206897
