-1.9259615888522217	-0.9999944648107891	0.0332995832561058	0.14573555177524988	1864830.5	30398.75	14.4	14.443478017207356
-1.9259615888522217	-0.9999948932642144	0.024431039861965008	0.14573555177524988	1864830.5	13672.25	14.47	14.50708971129626
-1.9259615888522217	-0.9999946268027426	0.05613918882088773	0.14573555177524988	1864830.5	22472.725	14.47	14.574956259426848
-2.181201186956321	-0.9999915816425274	0.033312800700029975	0.1129058281466713	1154251.7	16594.775	14.64	14.651511880165291
-2.181201186956321	-0.9999911705464387	0.09121197965522773	0.1129058281466713	1154251.7	26672.125	14.57	14.598752232712426
-1.868775194669524	-0.9999948586857725	0.02360660215285272	0.1543125489490461	1911875.3	18573.625	14.05	14.08335047924926
-1.868775194669524	-0.9999951588127927	0.018143562600993604	0.1543125489490461	1911875.3	10463.525	14.205000000000002	14.387537646692284
-1.868775194669524	-0.9999947758616481	0.053287058565974425	0.1543125489490461	1911875.3	21760.575	14.41	14.507681538926377
-1.80620946818039	-0.999994673800129	0.029049483005371357	0.16427565020466336	1890154.5	23559.825	13.91	13.994497363025227
-1.80620946818039	-0.9999956431487399	0.006724832846851257	0.16427565020466336	1890154.5	3770.1	13.94	13.995583759570481
-1.80620946818039	-0.9999949360766268	0.03762439694176951	0.16427565020466336	1890154.5	14350.325	13.969999999999999	14.02287438738804
-2.3509847945043933	-0.9999906331985163	0.02828392249960287	0.09527528941900489	1001660.7	11875.975	14.56	14.565971009075467
-2.3509847945043933	-0.9999900938670667	0.06671444935362461	0.09527528941900489	1001660.7	20384.6	14.545000000000002	14.579393556538218
-2.3509847945043933	-0.9999902478633887	0.08286369366814111	0.09527528941900489	1001660.7	17470.6	14.575	14.652799408014571
-1.5545241380310797	-0.9999950141791818	0.04050406628804879	0.21128990355155214	2108678.4285714286	36807.82142857143	14.530000000000001	14.560416408683038
-1.1014186899992766	-0.9999956119267496	0.04015664431007909	0.3323991776439382	2402801.5	37935.5	15.22	15.463536522200227
-2.108943251102478	-0.9999911506971685	0.07529458290910827	0.1213661522389233	1298446.0	97765.95	14.67	14.673574386818947
-2.3001145138234156	-0.9999907476484831	0.046676772900560326	0.10024736335662061	1084193.3	22726.65	14.4	14.596440126982815
-2.3001145138234156	-0.999990241318595	0.0754555910209864	0.10024736335662061	1084193.3	39350.8	14.475000000000001	14.526796218569192
-2.3262383419014703	-0.9999907813925911	0.04007796997294798	0.09766242965937186	1074981.9	20126.375	14.5	14.55976506221349
-2.3262383419014703	-0.9999908712954584	0.06028238876581312	0.09766242965937186	1074981.9	18272.225	14.465	14.483856673960613
-2.3262383419014703	-0.9999910227489275	0.08093162936232962	0.09766242965937186	1074981.9	15526.725	14.530000000000001	14.553570110701108
-1.4385327759740187	-0.9999953303206909	0.03764308904647164	0.237275639929536	2249726.0	36514.75	14.39	14.586470784641069
-2.244219270296136	-0.9999908221943634	0.042523741114059814	0.10601027344265217	1070877.1	18550.425	14.22	14.28933133380381
-2.244219270296136	-0.9999903891962971	0.09421680111880534	0.10601027344265217	1070877.1	29494.4	14.25	14.300399606137688
