0.0	-0.9999830345028099	0.0810942326704251	1.0	605556.0	28955.75	43.99	44.61297843797874
0.0	-0.999984725347888	0.08373590982286634	1.0	605556.0	10400.0	44.57	44.6505847826087
0.0	-0.9999838014392337	0.21211812152506615	1.0	605556.0	18198.25	44.53	44.58585432377933
-1.7797548833578924	-0.9999836311036616	0.07671104037042396	0.16867948835147198	602585.0	19217.9375	44.86	45.15018921419405
-1.7797548833578924	-0.9999846938599078	0.05068003682568591	0.16867948835147198	602585.0	10128.9375	46.144999999999996	46.20677004632401
-1.7797548833578924	-0.999985848978939	0.06874731947744277	0.16867948835147198	602585.0	5049.25	46.07	46.095484146573
-1.880017723786976	-0.9999842924384659	0.0725331917065749	0.15258740130632145	628930.6666666666	19514.555555555555	46.0	46.223585012392206
-2.0446751000677734	-0.9999858918266169	0.0658875643477538	0.12942223242175005	692233.0	17432.4	46.84	47.01732466464366
-2.0446751000677734	-0.9999860767011651	0.05834300125144068	0.12942223242175005	692233.0	15338.2	47.29	47.73665965699745
-0.30558741821108637	-0.9999851564235482	0.09109842733281241	0.7366905018487473	733348.5	53396.25	44.93	45.05379545821055
-0.30558741821108637	-0.9999877441117824	0.036915053810552725	0.7366905018487473	733348.5	8004.125	45.28	45.34343850884308
-1.9672494613819922	-0.9999851317849131	0.06728895104483866	0.13984096569543228	660141.8	18307.675	46.01	46.20108602484576
-1.9672494613819922	-0.999985653918224	0.056378675240017	0.13984096569543228	660141.8	12969.7	46.575	46.825512898949725
-1.9672494613819922	-0.9999871746857769	0.0555448083682341	0.13984096569543228	660141.8	4751.975	46.97	47.08047255869598
-2.2867039162952656	-0.9999882056407428	0.05351607845782151	0.10160079528142951	834104.4	18726.1	48.0	48.18597155097075
-2.233943182396423	-0.9999875623685015	0.05790808961293453	0.10710526078824002	791510.2	18853.6	47.11	48.04680491967736
-2.562618745716712	-0.9999875026887242	0.044700980875907216	0.07710256382549933	759914.4	13317.2	43.99	44.458552182518666
-2.562618745716712	-0.9999905560686798	0.004843428803439605	0.07710256382549933	759914.4	1307.425	44.35	44.437659750335186
-2.562618745716712	-0.9999878894539456	0.0759063426780604	0.07710256382549933	759914.4	9925.65	44.17	44.267398058252425
-1.6634590572865229	-0.9999824912254084	0.06645777415644172	0.189482414680305	552338.5714285715	15846.57142857143	44.88	44.92257632549238
-1.6634590572865229	-0.9999833821622259	0.05521987462724487	0.189482414680305	552338.5714285715	9687.285714285714	44.870000000000005	44.982619448290556
-1.6634590572865229	-0.9999849359640185	0.06232489960187698	0.189482414680305	552338.5714285715	4106.0	44.870000000000005	44.89445755237045
-0.8174042988023957	-0.9999846248586397	0.08163981444997066	0.4415763685040864	675066.6666666666	32183.666666666668	45.0	45.03713296071794
-0.8174042988023957	-0.9999867538798085	0.03772373889631738	0.4415763685040864	675066.6666666666	7645.583333333333	45.385000000000005	45.478557476142406
-2.4966752056324437	-0.999988576510106	0.037015421388463976	0.08235836856257546	821858.0	11949.0	45.7	46.15322228471071
-2.4604133495773506	-0.999989257955502	0.03600955793426146	0.08539964376405942	874176.3	11972.375	45.11	46.14085913773944
