-2.1112694440990363	-0.9999958681534731	0.03409642122222469	0.12108415925777427	2533273.2	35139.025	6.76	6.9905646155229615
-1.2101798966455448	-0.9999885840273022	0.110677207787709	0.2981436395645679	1019031.4	112783.55	13.73	13.76128956031027
-1.8856711868129057	-0.9999960289862135	0.030178209159684364	0.15172718795814413	2576214.8	27726.625	6.66	6.748236271500806
-2.1365506664643994	-0.999995696704351	0.05934805473516263	0.11806137454577692	2693975.1	108332.675	6.9	6.935545006556297
-2.1365506664643994	-0.9999957247351944	0.14144535404363928	0.11806137454577692	2693975.1	100453.175	7.005	7.023374369928983
-2.1365506664643994	-0.9999959131227126	0.10078257339250465	0.11806137454577692	2693975.1	60471.6	7.01	7.051819069313374
-1.5851791576648686	-0.9999926672279558	0.05158475951002523	0.20491107843771877	1360577.125	21520.375	13.48	13.691443901402465
-1.5851791576648686	-0.9999917401975068	0.14862418245111214	0.20491107843771877	1360577.125	75969.34375	13.795	13.818040775733467
-1.5851791576648686	-0.9999922684459012	0.10435824261001303	0.20491107843771877	1360577.125	37025.0	13.780000000000001	13.851625703857762
-1.9242511557463327	-0.9999964786976522	0.03003192701175465	0.14598503598991758	2930784.1	30337.625	6.65	6.725540593926251
-1.9242511557463327	-0.9999959961906256	0.12171441622900828	0.14598503598991758	2930784.1	124778.175	6.71	6.750105209842446
-1.9242511557463327	-0.9999962037181421	0.10724359720334223	0.14598503598991758	2930784.1	67918.775	6.745	6.755519221785606
-1.9948194781488813	-0.9999962160096989	0.08170785283476255	0.13603820981982606	3305074.0	270050.5	6.71	6.775686190831821
-0.7316216334264646	-0.999989710909344	0.09156527755651851	0.4811281436578119	1009350.0	32378.916666666668	13.200000000000001	13.267424111014744
-1.3616913796949182	-0.9999879409554833	0.11703692698904077	0.2562270330431594	964786.6666666666	112915.66666666667	13.790000000000001	13.795436088718688
-1.011821940776582	-0.9999893237429213	0.08386706139968976	0.36355599830073787	973117.0	32507.1875	13.34	13.361972643298122
-1.011821940776582	-0.9999885312108066	0.19050203252032522	0.36355599830073787	973117.0	70295.25	13.51	13.539284102564103
-1.011821940776582	-0.9999898673199984	0.08454780815160354	0.36355599830073787	973117.0	19153.3125	13.629999999999999	13.662193258426965
-1.9610700770177556	-0.9999965665575701	0.03603506587422279	0.1407077721793134	3065121.3	37193.55	6.7700000000000005	6.798647118688361
