-1.7692553522070378	-0.9999903120191406	0.030041668908997256	0.17045987414618083	971327.0	12211.28125	42.04	43.170828698071546
-1.7692553522070378	-0.9999925246763804	0.004898968789936953	0.17045987414618083	971327.0	1422.65625	43.035	43.28482391262992
-1.1227038005331156	-0.9999894945511363	0.00918034808420124	0.32539879070654	853514.75	7835.5625	41.56	41.60340660143008
-2.3983959179989847	-0.9999916084874263	0.0009983311789757718	0.09086358910011655	693364.3	335.425	41.22	41.25649137222679
-2.3983959179989847	-0.9999875270342455	0.030289679772796844	0.09086358910011655	693364.3	5699.5	41.15	41.185100755667506
-2.3983959179989847	-0.9999871602283983	0.06287670764150863	0.09086358910011655	693364.3	7350.35	41.160000000000004	41.1762100456621
-1.653726587090419	-0.9999892656869538	0.02507854213220582	0.19133554979747466	842110.7142857143	8428.392857142857	42.31	42.58796198457521
-1.653726587090419	-0.9999903048878642	-0.01359875910579956	0.19133554979747466	842110.7142857143	-3512.464285714286	42.32	42.32517279980099
-2.537726719928818	-0.9999874630242842	0.06826133679549498	0.07904588914309171	809553.3	25573.475	41.51	42.47972222222222
-1.5147837339198258	-0.999989386110592	0.025693585321213373	0.2198557270429857	854262.0	8663.958333333334	41.46	41.87844191731321
-1.5147837339198258	-0.9999900344368549	0.011584346310086441	0.2198557270429857	854262.0	4979.083333333333	42.59	42.60225797983827
-0.8128085146684079	-0.9999901796962045	0.024069490841812837	0.44361042864290484	937144.0	9926.25	40.94	41.21056191047771
-0.8128085146684079	-0.9999898254450255	-0.028672748738716145	0.44361042864290484	937144.0	-13834.916666666666	41.22	41.360051476864975
-2.267094415196514	-0.9999909389624214	0.010062582257529623	0.10361279890881459	924587.1	4348.075	39.800000000000004	40.82178982771639
