-1.6826857814947647	-0.9999927532960303	0.026490575555341612	0.18587408785916154	1434650.625	32743.4375	23.02	23.076109376587667
-1.6826857814947647	-0.9999939986458825	0.016288890316156743	0.18587408785916154	1434650.625	5484.40625	23.165	23.2649518194035
-1.6826857814947647	-0.9999932864741942	0.04627163680534467	0.18587408785916154	1434650.625	15237.25	23.235	23.247069692344436
-2.097736283694248	-0.999993576236677	0.026726091752979353	0.12273394886181525	1636806.5	36843.35	23.26	23.278568325412085
-2.097736283694248	-0.9999942067040074	0.04300723425711181	0.12273394886181525	1636806.5	13127.025	23.29	23.3639486294638
-1.0745688846167079	-0.9999918332691182	0.061733928139156895	0.3414449257350266	1310948.25	44629.0	23.6	23.989008415131675
-0.2837197768854256	-0.9999923599443254	0.06353070232077952	0.7529776168781825	1403868.0	45506.375	24.01	24.130277789496095
-2.1451638942353277	nan	nan	0.11704885183992882	1618109.5	nan	23.1	23.296890064667842
-2.1451638942353277	-0.9999940653557234	0.04037362727254136	0.11704885183992882	1618109.5	14806.725	23.36	23.413388945200104
-2.1451638942353277	-0.9999939739889844	0.056292329451640845	0.11704885183992882	1618109.5	17166.025	23.3	23.416290030991735
-2.3035320578886873	nan	nan	0.09990534833351176	1621861.1	nan	23.1	23.208582478823004
-1.9257719785743457	nan	nan	0.14576318735363047	1587254.2	nan	23.98	24.174511619074746
-1.7743873428013535	nan	nan	0.16958731656906248	1501210.3333333333	nan	23.14	23.516325982390345
-1.7743873428013535	-0.9999935006122095	0.054412793151896094	0.16958731656906248	1501210.3333333333	17272.833333333332	23.634999999999998	23.9090450832019
-1.8546606534409633	nan	nan	0.15650604345197608	1482679.0	nan	23.38	23.71195633782211
-1.8546606534409633	-0.9999933293815797	0.060687869697410385	0.15650604345197608	1482679.0	19738.675	23.855	23.922030845079323
-1.9889971766371577	-0.9999933094366459	0.029654263159285755	0.13683257556893447	1536644.3	29172.5	23.355	23.370265827749076
-1.9889971766371577	-0.99999419153749	0.024697563099775444	0.13683257556893447	1536644.3	7520.65	23.42	23.50516189582356
-2.2294115141297945	nan	nan	0.10759172772061561	1631609.7	nan	23.09	23.567112540682515
-2.2294115141297945	-0.9999939248164821	0.05286230272200275	0.10759172772061561	1631609.7	20176.6	23.645000000000003	23.673204429114858
-2.2294115141297945	-0.9999938152124528	0.07860799719552118	0.10759172772061561	1631609.7	24127.75	23.759999999999998	23.906486087341577
-2.2294115141297945	-0.9999939340012136	0.045649212239190086	0.10759172772061561	1631609.7	19876.475	24.1	24.30797224224946
-1.284505748200187	nan	nan	0.27678735247719255	1352907.6	nan	23.78	24.06038507365998
