-2.1973553223774425	-0.999996504121121	0.01146462323137807	0.11109658483394862	2815199.8	18798.725	23.6	23.671431961538612
-2.1973553223774425	-0.9999965639535421	0.0364203642259974	0.11109658483394862	2815199.8	15884.425	23.66	23.780159773805533
-1.579004761424601	-0.9999970484846834	0.020169240891966943	0.20618019461118717	3372392.4285714286	21028.214285714286	23.900000000000002	24.386029530148186
-1.579004761424601	-0.9999968364929015	0.060740253178049285	0.20618019461118717	3372392.4285714286	42983.17857142857	24.705	24.878784016827197
-1.579004761424601	-0.9999969086080996	0.0483949479198077	0.20618019461118717	3372392.4285714286	33703.5	25.015	25.08783259166153
-2.43605542494505	-0.9999961531513124	0.02798378807177961	0.08750534297205392	2888457.8	66932.85	25.05	25.08766579442033
-2.237794812032844	-0.9999961822408315	0.014173744811655694	0.10669352442856468	2715401.5	31783.975	23.75	24.05793235231716
-2.237794812032844	-0.9999963616738543	0.040734098435144195	0.10669352442856468	2715401.5	19525.275	23.73	24.09590862019987
-2.237794812032844	-0.9999961857811828	0.04084257344005206	0.10669352442856468	2715401.5	31479.875	24.385	24.484199930582726
-1.2898553508579296	-0.9999970710075323	0.02030688602317024	0.2753106036522989	3385099.8	20229.2	23.0	23.80067440130794
-1.2898553508579296	-0.9999969792291188	0.042202478193936195	0.2753106036522989	3385099.8	27600.1	23.94	24.223365109694537
-1.2898553508579296	-0.9999969212476555	0.04376209672480565	0.2753106036522989	3385099.8	33585.65	24.18	24.31395008609804
-2.1064081013089746	-0.9999968866956365	0.012807649777338427	0.12167422395368457	3081980.0	14692.225	24.05	24.070109682299545
-1.450785533500961	-0.9999969394166816	0.02173564895547884	0.23438609762753224	3262210.3333333335	21681.625	23.97	24.346070263837927
-1.861803103693759	-0.999996920402185	0.025620668394252068	0.15539218938123356	3317588.2	27359.0	24.11	24.555049378049468
-1.861803103693759	-0.9999969054982154	0.0418766448075252	0.15539218938123356	3317588.2	28745.825	24.785000000000004	24.8837732880603
-1.861803103693759	-0.9999969070364191	0.044829163416756745	0.15539218938123356	3317588.2	28599.5	25.005000000000003	25.013766675056633
-1.861803103693759	-0.9999970271156098	0.0203081574665109	0.15539218938123356	3317588.2	19201.7	24.93	24.968283383823476
-2.311598984941002	-0.9999968062628359	-0.006803790673011409	0.09910266113881384	2773759.9	-7034.05	24.36	24.611763934489552
-2.311598984941002	-0.9999964810859301	0.036985722572492774	0.09910266113881384	2773759.9	17336.425	24.48	24.65125765348337
-2.311598984941002	-0.9999964754696661	0.03447218879470453	0.09910266113881384	2773759.9	17608.625	24.67	24.730071684118673
-2.311598984941002	-0.9999961123362997	0.06163544624840446	0.09910266113881384	2773759.9	48214.975	24.735	24.896721301257262
