-1.4440319109581625	-0.9999957894936035	0.028223023675251566	0.23597441025507673	2284670.0	15056.291666666666	23.990000000000002	24.136193057972346
-2.139404986917356	-0.9999955747108956	0.006130690764516813	0.11772487002403881	1805403.7	2948.625	21.400000000000002	21.589991441580988
-2.139404986917356	-0.9999946518626881	0.049934059542217725	0.11772487002403881	1805403.7	15607.125	21.675	21.83350493121039
-1.9246206419734073	-0.999995996444539	0.01307333382141201	0.14593110649347688	2200410.0	6696.325	22.35	22.412422337707103
-1.9246206419734073	-0.9999955964797771	0.0306260027627364	0.14593110649347688	2200410.0	16146.975	22.415	22.439580707503573
-2.2597974560655776	-0.9999934983492722	0.01707244441110711	0.10437162245309022	1530128.6	20916.925	21.97	21.970315440319908
-2.2597974560655776	-0.9999947778285998	0.009242873683492045	0.10437162245309022	1530128.6	2952.05	21.945	21.962654851945228
-2.2597974560655776	-0.9999946483790376	-0.0059668198773684365	0.10437162245309022	1530128.6	-3598.925	21.945	22.199675536534908
-2.1824011596031374	-0.9999947947027263	0.014095545684437836	0.11277042549721454	1664939.5	5804.175	21.86	22.010011774293545
-2.2948705154470956	-0.999993274910502	0.032564895570202056	0.10077444115699291	1392107.9	11637.225	22.2	22.253167363173485
-2.2948705154470956	-0.9999930711949997	0.05878866996142087	0.10077444115699291	1392107.9	15453.325	22.18	22.18417953994842
-2.2948705154470956	-0.9999933359708443	0.039198304716158774	0.10077444115699291	1392107.9	10688.825	22.215	22.24213556704492
-1.5743048096503232	-0.9999956107950614	0.02754734398544724	0.20715151236798143	2182989.5714285714	14494.42857142857	23.98	24.005390827643545
-1.5743048096503232	-0.9999954451599519	0.033723119437167014	0.20715151236798143	2182989.5714285714	20808.571428571428	23.98	23.983134652150728
-0.7762776041232679	-0.9999929152960076	0.0688369157636777	0.4601155597856917	1428627.6666666667	24868.666666666668	23.48	23.507879457242034
-0.7762776041232679	-0.9999928002807231	0.09878199208665583	0.4601155597856917	1428627.6666666667	29310.0	23.46	23.545454887565736
-0.7762776041232679	-0.9999927816103333	0.11653207803301872	0.4601155597856917	1428627.6666666667	30102.333333333332	23.64	23.647295597484277
-0.7762776041232679	-0.9999928402485987	0.052146194383765755	0.4601155597856917	1428627.6666666667	27683.25	23.655	23.68762782863235
-1.8546100969992805	-0.999995688246646	0.016505578944842954	0.1565139560406493	2085798.6	8049.175	22.7	22.716828315960665
-0.28302230587604427	-0.999992217470338	0.08140611390153708	0.7535029801281886	1329735.0	31215.5	23.3	23.46477400549703
-0.28302230587604427	-0.9999926456310558	0.061272830703751946	0.7535029801281886	1329735.0	17664.375	23.465000000000003	23.471335082321396
-0.28302230587604427	-0.9999925199208148	0.10615628670357997	0.7535029801281886	1329735.0	20878.5	23.495	23.497797998180165
-2.0929517308084375	-0.9999958820811833	0.0043322150008075445	0.12332258298365745	2174675.8	7746.6	21.47	21.560663316851024
-2.0929517308084375	-0.9999981725743229	-0.00011429842662303766	0.12332258298365745	2174675.8	-52.2	21.410000000000004	21.675739666596304
