-1.7648477242966796	-0.9999982866168955	0.001680873766619909	0.17121285605808295	4665160.555555556	2959.777777777778	22.92	23.60384566310531
-1.7648477242966796	-0.9999980827377043	0.012152682029231527	0.17121285605808295	4665160.555555556	7663.361111111111	23.385	23.391293026075807
-1.432931409835559	-0.9999960463651302	0.04314194991305132	0.23860843692174882	2602063.0	29365.416666666668	21.66	21.680251448178556
-1.432931409835559	-0.9999952221390163	0.18894864007363954	0.23860843692174882	2602063.0	250769.95833333334	21.865000000000002	23.350579489738852
-1.9159262943866218	-0.9999974260401766	0.05374751829276046	0.14720541386542466	4844648.8	260387.85	22.68	22.733085195906444
-2.13603341093676	-0.9999979273510095	0.04655139945099284	0.11812245824093899	6054638.6	281851.9	22.580000000000002	22.61031046200584
-1.9791841743416512	-0.9999981959402272	0.006354871188064142	0.1381819236972923	5266036.7	13362.0	23.0	23.38686060474462
-0.7713836164142559	-0.9999911113768482	0.04699039598236244	0.4623728788203728	1206358.0	45380.583333333336	21.93	21.967905272546254
-0.7713836164142559	-0.999992401075013	0.04073989241074531	0.4623728788203728	1206358.0	9575.083333333334	21.950000000000003	21.950504450881716
-0.7713836164142559	-0.9999910352867818	0.11231035476706723	0.4623728788203728	1206358.0	49743.416666666664	21.98	22.08221477117332
-2.2581770973250332	-0.9999973231763177	0.03145850049423851	0.10454087901493875	4120361.3	61664.55	21.8	22.115181726190556
-2.2581770973250332	-0.9999974228629962	0.025641280072695977	0.10454087901493875	4120361.3	40892.875	22.16	22.197420578574075
-2.2581770973250332	-0.9999974420432859	0.02595123519815079	0.10454087901493875	4120361.3	37785.45	22.165	22.25226315721941
-2.180124569083683	-0.9999981439733252	0.006344955861695245	0.11302745003758194	5395503.8	22340.45	22.8	22.837865978735337
-2.180124569083683	-0.9999984994979545	0.004990799535153626	0.11302745003758194	5395503.8	3280.2	22.755000000000003	22.779324574389342
-2.0884441722318603	-0.9999982987443892	0.008703256455530358	0.12387972147412973	5867333.6	21628.95	22.88	23.26670902847883
