-2.1738360330183437	-0.9999934748495638	0.02985681686532582	0.1137404667996017	1483543.9	15999.05	22.28	22.33080708981233
-2.4060205128874923	-0.9999932130715168	0.019039208316126217	0.09017342549557819	1345424.9	9239.05	21.19	21.254938713408528
-2.4060205128874923	-0.999993267343154	0.03139393088685552	0.09017342549557819	1345424.9	8588.4	21.25	21.301554562080877
-2.4060205128874923	-0.9999933163476769	0.03706959190184547	0.09017342549557819	1345424.9	8040.35	21.315	21.39994434849357
-2.082147966058749	-0.9999939340677909	0.03801748146864713	0.12466215433572601	1658770.1	23434.025	21.92	22.438317482567115
-2.082147966058749	-0.9999945858730042	0.025863875589288977	0.12466215433572601	1658770.1	7947.925	22.47	22.494091137561664
-0.7699948818429029	-0.9999936807115484	0.0695584537067791	0.4630154380909141	1652113.3333333333	34205.833333333336	21.76	22.020145620662166
-1.66918121296326	-0.9999937563617103	0.048092462461742244	0.18840126301458776	1628620.375	26068.375	22.19	22.202224159421686
-1.66918121296326	-0.9999936426009748	0.0655902667352714	0.18840126301458776	1628620.375	31374.71875	22.12	22.137247373788885
-1.66918121296326	-0.9999938273853634	0.07442388134565837	0.18840126301458776	1628620.375	23220.78125	22.14	22.22457923887261
-1.66918121296326	-0.9999934627316922	0.09159960902136906	0.18840126301458776	1628620.375	42053.78125	22.25	22.29660562117405
-2.349395734994928	-0.9999932984737806	0.020078761019668663	0.09542680787771361	1368668.6	9624.475	20.73	21.038721011333916
-1.9114213399030546	-0.9999940412256345	0.042784053158342	0.14787006353881907	1705343.3	25892.725	22.080000000000002	22.337888289555643
-1.272430022820295	-0.9999939735038205	0.07638630861520147	0.28015002301447717	1777213.0	44817.1	22.01	22.50513808170087
-1.272430022820295	-0.9999940776925256	0.06373117440112151	0.28015002301447717	1777213.0	37241.35	22.605	22.607584046073374
-1.064231242648231	-0.9999930814937984	0.05275522721241625	0.34499296873102986	1551284.5	45823.375	21.900000000000002	22.001168212950475
-2.030850497677639	-0.9999935697248278	0.03874972324786553	0.1312238680798329	1551080.4	21457.45	21.8	21.99668077221624
-2.030850497677639	-0.9999936435587228	0.04456686669050028	0.1312238680798329	1551080.4	19135.475	22.12	22.13255145288625
-2.030850497677639	-0.9999936591782131	0.07007486438006523	0.1312238680798329	1551080.4	18677.425	21.91	22.083286248442043
-2.214394113001842	-0.9999935741169703	0.0331688256306418	0.1092196689826733	1523299.4	17827.325	21.78	21.875133697820253
-1.7610251596228121	-0.9999941277089931	0.04110249013055307	0.17186858074993008	1729380.0	25729.25	22.56	22.750738424186366
-1.840970217068958	-0.9999940057107097	0.042050851441302654	0.15866341345419738	1691952.8	25387.575	22.29	22.305369842646513
-0.27879962396597274	-0.9999941228561522	0.04477611940298507	0.7566915108692	1646061.0	15900.0	21.14	21.278350474683545
-0.27879962396597274	-0.9999941371349258	0.04078714980729963	0.7566915108692	1646061.0	15530.625	21.4	21.442563266871165
-0.27879962396597274	-0.9999937160233459	0.07925712215365813	0.7566915108692	1646061.0	31063.125	21.485	21.573148141834576
-0.27879962396597274	-0.9999933570373536	0.10387713904733684	0.7566915108692	1646061.0	56089.5	21.615000000000002	21.77055915628726
-2.3783941162908313	-0.9999931002551588	0.020908498221686018	0.09269932237655402	1337651.5	10191.975	21.0	21.060265573770494
-2.3783941162908313	-0.9999935378410977	0.020178381349418253	0.09269932237655402	1337651.5	5675.65	21.01	21.076074542046435
-2.3783941162908313	-0.999992515643721	0.03883821875898857	0.09269932237655402	1337651.5	22279.35	21.150000000000002	21.153115430557065
