-2.2504121063481004	-0.9999971677970426	0.027367327726764527	0.10535579782116984	3823807.5	50502.55	26.6	27.203986398865236
-2.2504121063481004	-0.9999976203963701	0.020806288596163604	0.10535579782116984	3823807.5	8946.65	27.125	27.13552329225768
-2.2504121063481004	-0.9999970603834901	0.04895605501526813	0.10535579782116984	3823807.5	76154.125	27.17	27.18341829637161
-1.689869806272663	-0.999997241034538	0.005832567115978801	0.1845435488414927	3252865.25	7898.40625	25.900000000000002	25.983997479933095
-1.689869806272663	-0.9999970681609835	0.034341562505129486	0.1845435488414927	3252865.25	13860.59375	26.009999999999998	26.30302549984327
-1.448019053609498	-0.9999966842427988	0.009578386879638119	0.23503541980770712	2977144.1666666665	19369.125	24.21	25.07818690617324
-1.448019053609498	-0.9999963797187679	0.052696377146676805	0.23503541980770712	2977144.1666666665	47957.875	25.11	25.391054784460856
-1.448019053609498	-0.9999966502276846	0.036814986875791364	0.23503541980770712	2977144.1666666665	21433.458333333332	25.515	25.950630992633688
-2.163778738970919	-0.9999972585579542	0.02199253994480858	0.11489015982886872	4103237.7	76785.825	25.85	25.94775587631793
-2.163778738970919	-0.9999974573660716	0.03529172332624842	0.11489015982886872	4103237.7	33962.15	25.865000000000002	26.0918865014612
-2.163778738970919	-0.9999972636221152	0.09282398733361671	0.11489015982886872	4103237.7	75206.7	26.235	26.601723197113863
-1.7833927748489253	-0.999997150256727	0.010678147650158764	0.1680669654974491	3381830.777777778	15325.666666666666	25.94	26.162591474871675
-1.7833927748489253	-0.9999966066650907	0.04937514221631731	0.1680669654974491	3381830.777777778	96343.38888888889	26.075000000000003	26.390308122491902
-2.0624301731996115	-0.9999971943318212	0.025344280498030225	0.12714461072343153	3807777.6	43622.9	26.400000000000002	26.428321966293783
-2.0624301731996115	-0.9999975738543625	0.021501543539697684	0.12714461072343153	3807777.6	10281.75	26.46	26.544625312239802
-2.0624301731996115	-0.9999971511753769	0.05909874946593127	0.12714461072343153	3807777.6	51414.275	26.665	26.77012770171821
-1.2877495442034268	-0.9999968926742958	0.0026834390722555003	0.2758909654038803	2574689.8	2981.15	24.09	24.090330748360916
-0.286788482467066	-0.9999968278517781	0.009682157971525697	0.7506704920163957	2988488.5	13093.25	25.19	25.473090079741983
-1.8654381975210077	-0.9999972206273824	0.023317740520977123	0.15482834961890798	3814392.0	40198.775	26.78	27.189806669336456
-2.1158426984994483	-0.9999973588126778	0.022230135270111535	0.12053167488234703	4012640.6	40059.075	26.71	26.929907681786307
-2.3603489363553667	-0.9999965701789724	0.013057146596365529	0.09438728229522059	2904619.4	21211.05	26.86	26.954514239057655
-2.452009727020445	-0.9999966355523413	0.013540710325147204	0.08612033410021944	2892449.8	16838.725	26.26	26.455484721849103
-2.478937725357162	-0.9999963098428265	0.01653043433095597	0.08383223116306279	2676597.8	19477.5	25.580000000000002	25.811963424196065
-2.478937725357162	-0.9999969351365838	0.009389469500596808	0.08383223116306279	2676597.8	3652.375	26.005000000000003	26.077205882011796
-2.478937725357162	-0.9999963497897542	0.02311476332140064	0.08383223116306279	2676597.8	17502.3	26.05	26.123689044756183
