-1.2974375330520311	-0.9999962594420934	0.029371426199633437	0.2732310422648346	2804355.4	35947.9	26.01	26.204649434910003
-1.6993276040407737	-0.9999961964756526	0.013933669100428918	0.1828064010224844	2553066.25	16491.3125	24.96	25.055773275616513
-1.6993276040407737	-0.9999966133789939	-0.019583480379076753	0.1828064010224844	2553066.25	-5687.875	25.07	25.11720681949847
-1.6993276040407737	-0.9999960779476766	0.031996835721475395	0.1828064010224844	2553066.25	22319.46875	25.17	25.2208213835035
-1.6993276040407737	-0.9999961653477983	0.04501538027133944	0.1828064010224844	2553066.25	17855.46875	25.3	25.318446831540633
-2.203685267216458	-0.9999954054460795	-0.01453820851353596	0.1103955706115231	2175147.4	-21890.025	23.650000000000002	23.67114964802389
-2.203685267216458	-0.9999955824822117	0.027671924680571898	0.1103955706115231	2175147.4	14893.575	23.795	23.87236072491018
-2.1132860403409	-0.9999959634313199	-0.017205099863811166	0.120840227435929	2436031.2	-18641.65	23.740000000000002	23.847918132310987
-2.1132860403409	-0.9999967694161683	0.0023788911996348075	0.120840227435929	2436031.2	2616.05	23.759999999999998	23.849305239092114
-2.1132860403409	-0.9999964139184684	0.010579578772644711	0.120840227435929	2436031.2	6220.75	23.705	23.86924788526981
-2.31667363169936	-0.9999949719496772	-0.02407961942948433	0.09860102403279249	1981623.5	-21240.3	23.82	23.947796100617577
-2.0621732353596847	-0.9999957837753733	-0.02612138737314744	0.12717728318228497	2430509.4	-28213.0	22.97	23.23871010038875
-2.0621732353596847	-0.9999962698776107	-0.028980280107580705	0.12717728318228497	2430509.4	-8655.775	23.2	23.249522565303234
-2.0621732353596847	-0.9999965893095248	0.006424106897964847	0.12717728318228497	2430509.4	3981.7	23.275	23.41356790123457
-2.0621732353596847	-0.9999960439684182	0.03343412232166795	0.12717728318228497	2430509.4	14989.5	23.54	23.597135850111854
-0.2869028196108508	-0.9999961562275205	0.07538355245271536	0.7505846674029791	2969734.0	90669.0	25.8	26.326208195989775
-0.2869028196108508	-0.9999965915410696	0.05928060955320788	0.7505846674029791	2969734.0	24888.875	26.485	26.6416523909745
-0.2869028196108508	-0.9999962149770844	0.07600075947990098	0.7505846674029791	2969734.0	76152.875	26.84	26.99295490447965
