-1.9988537250485277	-0.9999966960134338	0.023811982641758215	0.13549050362746426	3052960.9	24026.2	24.830000000000002	24.895741642419495
-1.9988537250485277	-0.9999965305749257	0.07110560257456616	0.13549050362746426	3052960.9	39814.8	24.86	24.996522373637934
-1.7835850224875542	-0.9999970421069246	0.007621812059156232	0.1680346581258082	3042948.4444444445	8107.888888888889	24.490000000000002	24.60588694205711
-1.9349290194110995	-0.9999964924163917	0.03344113386880514	0.14443452050702552	3103953.3	53495.725	24.88	24.930933999899136
-1.86361084771216	-0.9999969296628879	0.014470776888937555	0.15511153383349766	3132136.0	15012.625	24.13	24.4828467668491
-1.86361084771216	-0.9999966012864026	0.0736239781156405	0.15511153383349766	3132136.0	41990.95	24.490000000000002	24.523543270172276
-1.86361084771216	-0.9999966174506635	0.06972604519962501	0.15511153383349766	3132136.0	39917.875	24.545	24.600642202454157
-1.86361084771216	-0.9999965089675891	0.057979640512744894	0.15511153383349766	3132136.0	56070.8	24.58	24.782231540832377
-2.2783095990511826	-0.9999967585089476	0.009340541796607732	0.10245725425427399	2795258.2	8610.075	23.900000000000002	24.125084258434054
-2.2783095990511826	-0.9999962718335851	0.048102640005239915	0.10245725425427399	2795258.2	33562.275	24.189999999999998	24.23474785164784
-2.2783095990511826	-0.9999964047782999	0.04387861732372076	0.10245725425427399	2795258.2	23144.9	24.21	24.318983974503833
-2.2783095990511826	-0.9999959748629467	0.08342930354886044	0.10245725425427399	2795258.2	76978.725	24.330000000000002	24.33099173553719
-1.5827078470812508	-0.9999976978390772	0.0015992284037515405	0.20541810360484394	3264203.5714285714	1833.857142857143	24.05	24.342881495990135
-1.5827078470812508	-0.9999964986292099	0.059045621353979255	0.20541810360484394	3264203.5714285714	91966.17857142857	24.36	24.395310003081622
-1.5827078470812508	-0.9999967552527991	0.065654640257732	0.20541810360484394	3264203.5714285714	39794.75	24.345	24.37452362895486
-1.5827078470812508	-0.9999968239763088	0.03515692127874653	0.20541810360484394	3264203.5714285714	31797.928571428572	24.44	24.484206794886507
