-1.9692495754488826	-0.9999970189444642	0.04945625629072918	0.13956154734025877	3547686.2	39176.175	21.01	21.109985204187964
-1.9692495754488826	-0.9999973220496702	0.024001551166310777	0.13956154734025877	3547686.2	13365.775	21.32	21.510094641416735
-1.9692495754488826	-0.9999976826538897	-0.00495875577945235	0.13956154734025877	3547686.2	-3718.025	21.71	21.929404346288322
-0.7780623305679847	-0.999995197959937	-0.04544237119826187	0.45929511173396115	2186861.0	-36365.166666666664	23.16	23.23930009099181
-1.4382170314941738	-0.9999960252885386	0.016322231050366853	0.23735057023183742	2386038.0	13144.208333333334	21.3	21.39761563005338
-1.4382170314941738	-0.9999961705665947	0.02196440522206952	0.23735057023183742	2386038.0	9293.458333333334	21.310000000000002	21.438668015716164
-1.4382170314941738	-0.9999961306638304	-0.013189439545189738	0.23735057023183742	2386038.0	-10221.875	21.83	21.935743728355437
-1.4382170314941738	-0.9999964559902583	0.012036304383527168	0.23735057023183742	2386038.0	4702.875	22.095	22.118559915726145
-2.0260367204086474	-0.9999970291326554	0.05195650997351583	0.13185707338505434	3597954.6	43871.625	21.79	22.04112728580427
-2.077605866263241	-0.9999971667748148	0.04350286744007429	0.12522967016251665	3723453.4	38152.85	21.81	22.021951203606104
-1.2809564641919695	-0.999996176321684	0.01188352576529522	0.2777714948683045	2404664.4	9843.45	21.85	22.19243955333761
-2.2467985051351835	-0.9999969887291777	0.02791211373332682	0.10573720036327564	3282317.4	19611.975	21.41	21.783213611643156
-2.2467985051351835	-0.9999973559801372	0.011913704887817329	0.10573720036327564	3282317.4	5874.3	22.060000000000002	22.12929520838997
-2.2467985051351835	-0.9999972164024192	0.026005550180078486	0.10573720036327564	3282317.4	9288.6	22.200000000000003	22.30348200312989
-2.2467985051351835	-0.9999970391275974	0.03540915070273264	0.10573720036327564	3282317.4	16621.675	22.2	22.30229493267417
-1.9080933755086036	-0.9999968222126352	0.0366305196202745	0.1483629896105455	3225195.9	28252.9	19.6	19.72495361062615
-1.9080933755086036	-0.9999975456643736	0.002856784064255634	0.1483629896105455	3225195.9	2739.0	20.17	20.28373891123417
-1.9080933755086036	-0.9999972501230782	-0.01018753703992011	0.1483629896105455	3225195.9	-7106.4	20.240000000000002	20.51056287922947
-2.1689432743878663	-0.9999972818909311	0.032308764778012214	0.11429833509472347	3746537.0	26461.825	21.580000000000002	21.794445863600686
-1.071268973741793	-0.9999959477198331	-0.012873988179903774	0.3425735246724496	2272489.5	-9983.25	21.900000000000002	22.21373882457652
-1.071268973741793	-0.9999957151753815	0.027965522337657835	0.3425735246724496	2272489.5	16935.375	22.415	22.42372494064497
-1.071268973741793	-0.9999962261736158	-0.00733874791070446	0.3425735246724496	2272489.5	-5301.75	22.509999999999998	22.576802600097402
-1.6716454656093296	-0.9999966249463988	0.02634420059830205	0.1879375662712959	2973650.25	22838.09375	19.6	20.320400955045677
-1.6716454656093296	-0.9999968488165348	0.023116929098186287	0.1879375662712959	2973650.25	11736.1875	20.815	20.90742942082666
-1.6716454656093296	-0.9999968477340021	-0.015116120454259141	0.1879375662712959	2973650.25	-11774.03125	20.845	20.927883654896252
