0.0	-0.999999754753068	0.09443041711376872	1.0	61558290.0	3601934.0	14.96	15.584362770977924
0.0	-0.9999997676683086	0.11211103879820826	1.0	61558290.0	1626500.0	16.060000000000002	16.124166552131665
0.0	-0.9999997947731988	0.05851184411967256	1.0	61558290.0	306633.25	16.015	16.02194912616713
-1.6126588568573623	-0.9999995663537407	0.033734386161804235	0.19935684745068727	30785156.375	627730.5625	15.27	15.45027934187662
-1.6126588568573623	-0.9999995731764112	0.05137664082155854	0.19935684745068727	30785156.375	508809.5	15.48	15.50602997548315
-1.7004205778511596	-0.9999995415108666	0.03682132707998479	0.18260670756353556	29198971.111111112	651745.5	15.700000000000001	15.88310783912465
-1.8435031891151887	-0.9999994522687237	0.025221026558201038	0.15826203202173592	23357246.4	359867.65	15.72	16.01920436651869
-2.270700621487329	-0.9999993820466648	0.051250705478399446	0.10323982270035954	21361490.8	540582.55	16.89	16.918973313706704
-2.0537747219375198	-0.9999991599672099	0.043658774678817173	0.128249881111502	15158702.5	339016.55	15.77	15.953889756753535
-2.1723355738842534	-0.9999992819793759	0.06222228346953639	0.11391125782235903	18589073.3	626144.475	17.0	17.321404417911573
-2.0084172959091187	-0.9999991700013168	0.03769606298848358	0.13420090699852058	15226486.3	308032.425	15.700000000000001	15.732172093596834
-2.0084172959091187	-0.9999992161111804	0.04064023840958678	0.13420090699852058	15226486.3	152644.325	15.71	15.75381562112453
-1.5108918351812204	-0.9999995939191758	0.031649036330110035	0.2207130504956241	32936444.285714287	643615.5714285715	15.35	15.355546554633493
-0.7475715429231866	-0.9999997113339244	0.047217110070363305	0.4735150686352056	49380749.333333336	1551211.0	15.89	16.214750573691074
-0.7475715429231866	-0.9999997318919155	0.06410383522579309	0.4735150686352056	49380749.333333336	562067.0	15.975000000000001	15.99851904962985
-0.7475715429231866	-0.9999997386376294	0.08768377061906292	0.4735150686352056	49380749.333333336	402828.9166666667	15.95	15.976505363577772
-2.135472267453656	-0.9999992031849744	0.0649921945279753	0.11818876048938665	16609409.3	559402.825	16.16	16.377663340065638
-2.135472267453656	-0.999999263018274	0.0482303235951163	0.11818876048938665	16609409.3	207072.925	16.475	16.47775545504294
-2.2397301592561596	-0.9999993660159581	0.05660649536881534	0.1064872350974475	21109429.4	648903.85	16.8	17.00334724742623
-2.2073858048920223	-0.9999993103981789	0.05547948619171381	0.1099878025890552	19197055.0	561474.875	16.86	16.872513372402846
