-2.1018761550498786	-0.9999983764230995	0.041392314140409815	0.12222689639273289	7295829.8	139432.175	13.55	13.650025665536276
-2.1018761550498786	-0.9999983367347143	0.08277442830279254	0.12222689639273289	7295829.8	186259.3	13.74	13.805486198051698
-1.5859756369971234	-0.9999984477437782	0.047526253984526846	0.2047479359772167	7752419.375	168339.03125	13.540000000000001	13.759246523554852
-1.5859756369971234	-0.9999984701893075	0.05521933929660371	0.2047479359772167	7752419.375	141453.59375	13.885000000000002	13.904464558737788
-1.5859756369971234	-0.9999985180838913	0.07902944806030997	0.2047479359772167	7752419.375	97579.71428571429	13.89	13.933634361648064
-1.3639331840601614	-0.9999982316348385	0.037423591111468264	0.25565326553953505	7059906.166666667	264207.0416666667	13.34	13.348075371793943
-1.9296435425686849	-0.9999983454113459	0.03318871422001536	0.145199946860114	7018337.7	110464.875	13.6	13.643970504560102
-1.9296435425686849	-0.9999983318569075	0.05379186059418875	0.145199946860114	7018337.7	121489.525	13.66	13.778398403060239
-2.1714851978370335	-0.9999981716152843	0.03785578348524336	0.11400816642605761	6347865.6	109790.725	13.795000000000002	13.965954555733152
-2.1714851978370335	-0.9999981093418046	0.08328097884585814	0.11400816642605761	6347865.6	163021.6	13.84	13.87530616291761
-0.2596705257473912	-0.9999985912750496	0.05149211448794581	0.7713056693032089	8526288.5	164586.125	13.81	13.890792662844026
-0.2596705257473912	-0.9999985721316501	0.06451842624913699	0.7713056693032089	8526288.5	193767.125	13.88	13.949075385177013
-1.7483925394657986	-0.9999985700734778	0.03609409606679318	0.17405350283655754	8246353.7	132147.275	13.780000000000001	13.815560295074626
-1.7483925394657986	-0.9999985394773786	0.05925420008905941	0.17405350283655754	8246353.7	170072.525	13.85	14.12279688166187
-1.7483925394657986	-0.9999985973906527	0.08171780957011489	0.17405350283655754	8246353.7	105493.36111111111	14.17	14.181921870204873
-2.203133177695733	-0.9999978898563174	0.042627807468226024	0.11045653567673037	5509556.1	111965.5	13.8	13.801950626292108
-1.4857466083248525	-0.999998358665274	0.031023593769690133	0.22633329525653254	6989582.714285715	96012.57142857143	13.52	13.629997344404824
-2.0635664483386056	-0.9999983677889064	0.040180302307159514	0.12700022151168058	7268988.9	142132.825	13.47	13.51527387353601
-2.0635664483386056	-0.9999983835952109	0.05876007637274094	0.12700022151168058	7268988.9	126705.475	13.68	13.726502265604472
