-1.5755527956486917	-0.9999988416441288	0.06199818257457778	0.20689315142995432	10855985.375	289262.8125	13.07	13.17634031229206
-1.661438937980229	-0.9999988037251214	0.06449357052639529	0.18986557865256887	10492814.666666666	282741.1388888889	12.9	12.97584731401497
-1.661438937980229	-0.9999988291228832	0.06375491864759487	0.18986557865256887	10492814.666666666	216596.61111111112	13.004999999999999	13.089391785899766
-1.3529589238090642	-0.999998748513414	0.05719991140408963	0.2584743222019778	9813742.166666666	215725.5	12.700000000000001	12.711979985192627
-1.3529589238090642	-0.9999987330229697	0.07605220538206402	0.2584743222019778	9813742.166666666	251144.04166666666	12.81	12.898754131897801
-1.3529589238090642	-0.9999987465100922	0.10968334502412024	0.2584743222019778	9813742.166666666	220008.66666666666	12.91	12.980674009526645
-2.005053724515476	-0.9999986306071909	0.049737741364794426	0.13465306133069882	8850231.8	183402.475	12.280000000000001	12.370288622782963
-2.005053724515476	-0.9999986819310459	0.04094748657782701	0.13465306133069882	8850231.8	116448.825	12.455000000000002	12.464385316100904
-2.005053724515476	-0.9999986654700019	0.07571105857946606	0.13465306133069882	8850231.8	134711.725	12.445	12.467580505593062
-2.119980085158898	-0.9999988321269838	0.036983072390570165	0.1200340189460683	10300849.6	167724.55	13.275	13.455056784899577
-2.0456209754599546	-0.9999985456008663	0.05609519452994381	0.12929987299440945	8384923.5	197801.725	12.620000000000001	12.641856150948044
-2.0456209754599546	-0.9999986402221862	0.0335875449020508	0.12929987299440945	8384923.5	89466.7	12.63	12.746478521237616
-2.0456209754599546	-0.9999986096549005	0.06818641077979745	0.12929987299440945	8384923.5	115604.325	12.815000000000001	12.873779016880926
-2.154350991747712	-0.9999988753482056	0.03052990188495658	0.1159784371552253	10569944.5	145437.275	13.6	13.605532501146756
-2.154350991747712	-0.9999988172413565	0.058049381285882946	0.1159784371552253	10569944.5	268791.025	13.665	13.669648804002929
-1.4740350868401666	-0.9999988574542988	0.06264344504058426	0.2289995851869661	11031650.142857144	297795.14285714284	12.950000000000001	13.245612078326102
-0.727132305918074	-0.9999979344330449	0.08586565620683097	0.4832929410747056	6398539.0	549414.75	12.63	12.630499668068955
-0.25527871532059854	-0.9999980939531679	0.03501793492598658	0.7747005469567393	5719744.0	54289.25	12.700000000000001	12.709516487587996
-1.9614798847085695	-0.9999987836724354	0.050050193379005556	0.14065012086589973	10129127.1	224208.575	12.15	12.298722254885076
