-0.753959773819258	-0.9999996280522043	0.024812532524895025	0.4704997864577162	34391575.666666664	359283.8333333333	17.3	17.517856824857667
-0.753959773819258	-0.9999996083581895	0.0721198573326882	0.4704997864577162	34391575.666666664	707276.9166666666	18.005000000000003	18.221787462098277
-0.753959773819258	-0.9999996281508564	0.06004170218050942	0.4704997864577162	34391575.666666664	358066.9166666667	18.5	18.56084613381118
-1.2505721762910647	-0.999999650478062	0.03432542296958805	0.2863409124979948	38274613.4	645522.6	18.615000000000002	18.833792735454654
-1.8689941559656758	-0.9999996498255231	0.016092528606844864	0.15427876417222994	35999717.1	298396.6	17.0	17.351864632021837
-1.8689941559656758	-0.9999996569023866	0.024306548390478726	0.15427876417222994	35999717.1	231286.55	17.35	17.47204173777309
-2.0355373594273627	-0.9999996220282609	0.0076052186743765515	0.1306102789787315	30921069.6	119048.0	18.03	18.332011317615564
-2.0355373594273627	-0.999999614248007	0.017088878740698955	0.1306102789787315	30921069.6	151426.8	18.36	18.518538730131777
-1.0438016709070776	-0.9999996419373977	0.039842223830060586	0.35211351453129297	37830447.75	763499.125	18.22	18.856406454770674
-1.801885282391497	-0.999999656747268	0.016641836475771114	0.16498754671383603	36887699.1	315464.15	17.105	17.27469721094252
-1.9295059509811425	-0.9999996331531399	0.01828130178982289	0.1452199265257989	35731070.7	492785.4	17.75	17.75627925812242
-1.9295059509811425	-0.9999996453616898	0.032178228072568614	0.1452199265257989	35731070.7	318571.875	17.770000000000003	18.022263429792694
