-1.3630578635583124	-0.9999971441478909	0.030107598610957836	0.2558771420517827	3809749.0	53106.833333333336	13.35	13.444863916355553
-1.3630578635583124	-0.999997213312929	0.030246203604413848	0.2558771420517827	3809749.0	40804.75	13.26	13.31438996984217
-1.670092936069594	-0.9999971285929967	0.021698351455729667	0.18822957150928407	3873192.3333333335	67609.02777777778	13.01	13.012214761618834
-1.670092936069594	-0.9999972398541047	0.03523107378583084	0.18822957150928407	3873192.3333333335	43938.805555555555	13.02	13.061348557452455
-2.0558126419447413	-0.9999966379965924	0.044162670002383636	0.12798878425048346	3479899.9	120502.65	13.200000000000001	13.245783111896191
-2.0558126419447413	-0.9999966950044967	0.0789080574453017	0.12798878425048346	3479899.9	98818.825	13.265	13.293357675455454
-2.0558126419447413	-0.9999971142379598	0.032418294317547953	0.12798878425048346	3479899.9	22974.025	13.39	13.40199066481645
-2.1956681505837334	-0.9999970280588051	0.057469427068632145	0.11128418206813845	3803283.9	81074.5	13.48	13.59889479877168
-2.1956681505837334	-0.9999969321462273	0.08897682163589327	0.11128418206813845	3803283.9	116764.025	13.675	13.719615524205128
-0.7317360147840835	-0.9999968564147799	0.03690269105962336	0.4810731147147542	3767153.0	139018.08333333334	13.55	13.572910056365611
-1.8690288532817994	-0.9999973018170955	0.012700865520013566	0.15427341120604562	3722257.3	23000.875	13.055	13.080652432635214
-1.96987285150001	-0.9999971908582144	0.021922592974774557	0.13947458907246124	3752500.4	37845.95	13.11	13.177631946717373
-1.96987285150001	-0.9999970109756721	0.05261854087658174	0.13947458907246124	3752500.4	74332.35	13.245000000000001	13.330580108881804
-2.0147184560277207	-0.9999969755721273	0.02411200698949275	0.13335794420634958	3519159.2	41915.85	13.215	13.336926214292571
-2.164133579369924	-0.9999969411046685	0.03790461564670125	0.11484939939086598	3555658.7	52911.125	13.58	13.617538827028987
-2.164133579369924	-0.9999967394401966	0.0849975245736938	0.11484939939086598	3555658.7	108383.225	13.52	13.531723266466592
-1.9218976253432076	-0.9999971287299764	0.009700219523729974	0.1463290208411432	3381994.2	16490.8	12.82	12.851915334176924
