-1.6291516161595607	-0.9999994314685678	0.005267527638926797	0.1960958681420661	18895434.0	46287.46875	16.81	16.871442134159413
-1.6291516161595607	-0.99999931696197	0.04981318869858091	0.1960958681420661	18895434.0	402841.125	16.805	16.810211028759515
-1.7172226074391623	-0.9999993923170055	0.007518124208127031	0.1795641761884709	18184727.333333332	62977.555555555555	16.75	16.86947203352203
-1.7172226074391623	-0.9999993268387181	0.03818368231963722	0.1795641761884709	18184727.333333332	207160.58333333334	16.87	16.90869887844261
-2.1148650937881133	-0.9999992394696113	0.02110498201592501	0.12064956483107268	15874819.0	175128.725	16.66	16.766496308262074
-2.2250238521836634	-0.9999993161806544	0.02844229015785131	0.1080648410216529	18303387.2	272721.55	17.3	17.356360293734017
-2.2250238521836634	-0.9999992976264592	0.05145295515965534	0.1080648410216529	18303387.2	383008.425	17.28	17.28924024199512
-0.2680429621099611	-0.9999995462150875	0.026621155291744077	0.7648749197565636	28079010.0	341747.75	16.81	17.209272413403514
-0.2680429621099611	-0.9999995222529873	0.0751905159648337	0.7648749197565636	28079010.0	669751.25	17.53	17.63838520850749
-2.1537523002851753	-0.9999992687038196	0.02787885234123334	0.11604789324469775	16994505.8	249699.425	16.7	17.032122410333592
-2.190466672175368	-0.9999992822566245	0.03710043739749903	0.11186453236967403	18336115.4	519500.7	17.21	17.259869856191028
-2.190466672175368	-0.9999993287943264	0.04684093212546232	0.11186453236967403	18336115.4	221305.675	17.23	17.402794404121114
-2.190466672175368	-0.9999993545180559	0.046916747318938405	0.11186453236967403	18336115.4	138084.925	17.35	17.363099356587167
-1.400821180585844	-0.9999995304584725	0.003063361054886145	0.2463945464243321	22058130.5	31482.166666666668	17.07	17.13943015840916
-1.793561420428516	-0.9999993781496198	0.011744799629541018	0.166366611889813	18574197.1	103814.6	17.01	17.33424245671056
