-2.1721297005350815	-0.999996130867955	0.06854968724162475	0.11393471152867891	3133219.0	184026.05	18.76	18.849123344912833
-2.1721297005350815	-0.9999964007630007	0.08631017771586155	0.11393471152867891	3133219.0	78998.575	18.73	18.78002615844544
-2.1721297005350815	-0.9999964642997095	0.08067596521195577	0.11393471152867891	3133219.0	64738.275	18.810000000000002	18.895377298119293
-1.872953875391185	-0.9999967715868947	0.07036169688354103	0.153669071455474	3574421.0	102713.4	18.665	18.75606600781749
-1.872953875391185	-0.999997015474933	0.0747163073690509	0.153669071455474	3574421.0	42955.75	18.71	18.71749138051857
-1.725840029453474	-0.9999966365487063	0.06446352590110048	0.17802344400785597	3500311.4444444445	129718.15625	18.0	18.089645964748804
-1.725840029453474	-0.9999968303022663	0.0735976622912363	0.17802344400785597	3500311.4444444445	65835.47222222222	18.155	18.220547743747524
-1.725840029453474	-0.9999968259131312	0.07976039910108404	0.17802344400785597	3500311.4444444445	66854.75	18.275	18.370288911545135
-1.4065417648523393	-0.9999968473586399	0.09008618549419778	0.24498904962306542	3804537.1666666665	161835.4	18.14	18.179336860658253
-1.4065417648523393	-0.9999972976095112	0.0496968675174812	0.24498904962306542	3804537.1666666665	29182.1	18.150000000000002	18.19678987341772
-0.2712590673409229	-0.9999978319331724	0.13233074025868968	0.7624189529668293	5885981.5	348432.0	17.85	18.11629142901034
-2.276579083100392	-0.9999957788364063	0.0453569505936694	0.10263471166919302	2563048.5	49962.45	18.35	18.39489070495403
-1.934695058354739	-0.9999963986575746	0.06389577353065873	0.14446831651333883	3148747.8	84095.4	18.650000000000002	18.768567776959244
-1.934695058354739	-0.9999962829128424	0.07546195101732998	0.14446831651333883	3148747.8	121074.55	18.685000000000002	18.69070236379739
-1.934695058354739	-0.999996456553352	0.07990853053657068	0.14446831651333883	3148747.8	70080.9	18.64	18.67185326452771
-1.934695058354739	-0.9999964320375174	0.08993249221429529	0.14446831651333883	3148747.8	75705.1	18.69	18.782103381348552
-2.307035539189811	-0.9999952211928409	0.05066219844881345	0.09955594423649633	2358697.5	78570.2	18.32	18.336714426700453
-2.244189414532967	-0.9999962908308467	0.04244943071927772	0.10601343850751696	2896018.7	46249.3	18.28	18.36765127633682
-2.244189414532967	-0.9999963188141227	0.09527065862458191	0.10601343850751696	2896018.7	42649.025	18.295	18.36235851015239
-2.1322205217778416	-0.9999967409067428	0.039255210836652024	0.11857370581318787	3280011.8	43907.55	18.7	18.78502250639386
-2.1322205217778416	-0.9999963851876866	0.08385888314168828	0.11857370581318787	3280011.8	141014.775	18.795	18.80010956780167
-2.1322205217778416	-0.9999965583390573	0.08217644830950303	0.11857370581318787	3280011.8	79911.575	18.81	18.81654792933681
-0.7555499248052513	-0.9999973374222292	0.09831590518286784	0.46975221529140887	4830117.0	384831.0	18.23	18.284988991326166
-0.7555499248052513	-0.9999976375157275	0.09988479644915008	0.46975221529140887	4830117.0	90315.5	18.23	18.301097881031772
-1.9905137562355584	-0.9999966762853543	0.05034867881900661	0.13662521535530905	3291142.3	56319.725	18.81	18.832232545855916
-1.9905137562355584	-0.9999967608054898	0.08110576281166873	0.13662521535530905	3291142.3	42643.35	19.0	19.093332806456818
-1.9905137562355584	-0.9999966154759389	0.07035619881160707	0.13662521535530905	3291142.3	68798.4	19.115000000000002	19.13981667590662
-2.041785633626375	-0.99999657666656	0.06022550005960931	0.1297967344140128	3363440.6	100124.4	19.14	19.147578824696033
-2.041785633626375	-0.9999966281086587	0.0862493860276903	0.1297967344140128	3363440.6	84216.35	19.215	19.239040523868272
-2.041785633626375	-0.999996735847126	0.07955925263266764	0.1297967344140128	3363440.6	58616.25	19.195	19.21224906785981
-1.803657902098083	-0.9999968804580712	0.07147510829594604	0.1646953455944334	3693995.5	101069.52777777778	18.165	18.287569422452357
-1.803657902098083	-0.9999970896164508	0.0768803831779464	0.1646953455944334	3693995.5	46673.055555555555	18.435000000000002	18.49704627175996
-1.803657902098083	-0.9999969545291766	0.08305897489198892	0.1646953455944334	3693995.5	76875.5	18.605	18.694282705938114
