-1.6763343714576469	-0.9999986150026731	0.04522085739453415	0.18705840747485206	8484706.625	126916.9375	23.27	23.556740323570235
-2.041167927996239	-0.9999985702650684	0.046842383317568875	0.12987693535536987	8248115.8	132271.475	23.46	23.484213827507205
-2.041167927996239	-0.9999986516680649	0.04910967592020391	0.12987693535536987	8248115.8	67587.825	23.495	23.50508923431203
-2.041167927996239	-0.9999985476610618	0.08791663720135552	0.12987693535536987	8248115.8	159381.1	23.465	23.488736737996764
-2.041167927996239	-0.9999985966087059	0.04625505480838988	0.12987693535536987	8248115.8	106438.7	23.46	23.52891483409494
-1.7686541023747326	-0.999998618716223	0.04308224266758679	0.17056239393384012	8470806.0	120641.5	23.45	23.491547100777225
-2.300185996779054	-0.9999984601841717	0.03906324500296752	0.10024019763490956	7484711.4	101221.575	23.26	23.304180492542734
-2.1411244073019264	-0.9999986241390342	0.04262789620225873	0.1175226254043359	8571943.8	132428.125	23.55	23.71643895293593
-2.1411244073019264	-0.9999986067136313	0.07292852348775242	0.1175226254043359	8571943.8	153762.725	23.81	23.81408131192894
-1.2784774087684323	-0.9999985815405219	0.03250140917386136	0.2784609600572652	7972565.2	81531.8	22.5	22.56447121152492
-1.2784774087684323	-0.999998711561402	0.01854319882412393	0.2784609600572652	7972565.2	28915.3	22.665	22.731068277495247
-1.2784774087684323	-0.9999985723504796	0.04587668651888279	0.2784609600572652	7972565.2	87729.85	22.77	22.787376457962495
-1.2784774087684323	-0.9999985536285995	0.04966957966745541	0.2784609600572652	7972565.2	101852.45	22.75	22.76135901610335
-2.226626164080723	-0.9999985752898094	0.0428807234668266	0.10789182609018826	8269389.7	130806.725	23.51	23.55749936782875
-1.438472628426991	-0.9999986078943488	0.04097120946016094	0.23728991190645501	8300967.166666667	104382.125	22.79	22.91192816319567
-1.438472628426991	-0.9999986962703553	0.034221142182176534	0.23728991190645501	8300967.166666667	50121.083333333336	23.0	23.101989909182645
-1.438472628426991	-0.9999985105938148	0.09452434574482617	0.23728991190645501	8300967.166666667	234100.91666666666	23.134999999999998	23.278132327791305
-1.9201631671260166	-0.9999986363733105	0.049666317458544676	0.1465830426451752	8694684.6	140969.225	23.580000000000002	23.67114799647893
-1.8492113175255531	-0.9999986197040848	0.040492153851501456	0.15736122542622424	8427952.8	112764.85	23.51	23.59255301894322
-1.8492113175255531	-0.9999987175630161	0.03382544500478853	0.15736122542622424	8427952.8	49429.275	23.520000000000003	23.534963482463322
-2.4222052460538483	-0.9999982722254687	0.057006035983798435	0.08872573947234255	6835387.3	134591.65	22.28	22.415803735762612
-2.4222052460538483	-0.9999983232361948	0.05167795285213841	0.08872573947234255	6835387.3	94970.3	22.5	22.52997219279661
-2.4222052460538483	-0.9999983772627953	0.04274365184134985	0.08872573947234255	6835387.3	65645.35	22.590000000000003	22.593416401117587
-2.3335310579711903	-0.9999983181761979	0.04498564301597615	0.09695279601261299	7251099.2	197810.775	23.2	23.20017390493926
-2.2646589841823106	-0.9999985238544805	0.037874796657530733	0.10386544826290307	7798637.1	99898.825	23.37	23.373635859188546
-2.2646589841823106	-0.9999985882001989	0.0463738393083879	0.10386544826290307	7798637.1	60481.8	23.34	23.35958295598183
