-0.7835703264818648	-0.9999993108190441	0.005786644014417468	0.4567722704132724	16651375.666666666	96355.58333333333	25.07	25.088795314404607
-1.293954475544777	-0.9999993279928463	-0.009097030647047557	0.27418438100083004	15932301.8	-44649.5	25.1	25.168951063005643
-1.782861509191216	-0.9999994043112156	0.0025844968692345506	0.16815627742649314	15877889.333333334	12812.833333333334	22.47	22.708395107907148
-1.931565647288611	-0.9999992151328159	0.02098063802204574	0.14492112540478067	14603851.3	95041.9	22.71	22.813303655388864
-2.1020115896341873	-0.9999991370349258	0.01093037820002009	0.12221034376475305	13091369.6	80610.35	23.77	23.778755163445265
-2.1020115896341873	-0.9999991616417107	0.02564107488612622	0.12221034376475305	13091369.6	58409.925	23.945	23.95442248154723
-2.1020115896341873	-0.9999990906734579	0.04222207117783657	0.12221034376475305	13091369.6	147904.65	23.96	24.021878501120156
-1.0816297917511057	-0.9999992992443079	-0.013577513794567224	0.33904250643401646	15863623.5	-67272.6875	25.04	25.163375898231312
-1.0816297917511057	-0.9999992580818576	0.01483336185723141	0.33904250643401646	15863623.5	129249.8125	25.465	25.472112046621117
-1.0816297917511057	-0.9999992727032782	0.030242580798978	0.33904250643401646	15863623.5	102493.1875	25.32	25.477898844890728
-1.0816297917511057	-0.9999992086529238	0.07208327071699983	0.33904250643401646	15863623.5	283120.6875	25.545	25.69389535578732
-1.8619072265654049	-0.9999993132477624	0.008487535479328477	0.15537601034256243	15486649.5	41583.85	23.0	23.154125650729224
-1.993648226642268	-0.9999991463258019	0.03286938781896633	0.13619763812513022	13939701.3	147260.225	22.93	23.081228437948923
-1.993648226642268	-0.9999991991403858	-0.02094542882064633	0.13619763812513022	13939701.3	-70525.5	23.225	23.261096428336277
-1.993648226642268	-0.9999991081390236	0.0408855261306282	0.13619763812513022	13939701.3	250765.025	23.405	23.412683350515373
-2.050315724478225	-0.9999991127971695	0.03476115029755153	0.12869426524313735	13427456.3	149174.275	23.31	23.453470869251916
-2.050315724478225	-0.9999991378364528	0.014591046215591862	0.12869426524313735	13427456.3	106580.3	23.475	23.55416763274019
-2.050315724478225	-0.9999991641042321	0.031898979060276195	0.12869426524313735	13427456.3	74902.35	23.42	23.44688746384223
-2.050315724478225	-0.999999113000788	0.04078101438373459	0.12869426524313735	13427456.3	148766.975	23.54	23.705127480376124
-2.1936984887918594	-0.9999990033557281	0.01912542526645166	0.1115035902786485	11773607.1	124752.875	23.64	23.700868737203024
-1.454643569686627	-0.9999993766166119	-0.0034642268973601974	0.2334835696936505	15657922.833333334	-17341.041666666668	24.755000000000003	24.819917146284908
