-2.1454393927984947	-0.9999982157652597	0.039818624210237706	0.11701660949099092	5981125.1	43118.525	13.84	13.868651829573935
-2.1454393927984947	-0.9999982180339467	0.04015334635172443	0.11701660949099092	5981125.1	42537.375	13.940000000000001	14.087797000782773
-2.1454393927984947	-0.9999982174840073	0.05562381859327442	0.11701660949099092	5981125.1	42677.525	14.075	14.080428741564113
-2.239751403612258	-0.9999980009430776	0.03956412056607406	0.10648497286873503	5240209.2	35434.75	13.72	13.824069918699188
-2.239751403612258	-0.9999977551938317	0.0699514035921542	0.10648497286873503	5240209.2	128443.725	13.8	13.806719520034283
-2.210214087221882	-0.9999978678793257	0.053140022581706574	0.10967716552222619	5515027.2	127860.575	13.58	13.582436285676796
-2.210214087221882	-0.9999980482057373	0.0426787560778605	0.10967716552222619	5515027.2	47295.825	13.665	13.680487405332256
-1.0178394038488432	-0.9999983859602627	0.020814289035567597	0.36137488247970684	6411822.5	31222.8125	13.86	13.96279200062252
-1.7552206109844788	-0.9999987840917902	0.01699827415990374	0.17286910126209068	8405426.5	27451.9	14.4	14.4657948062168
-1.5913068952038225	-0.9999988521019664	0.013154843980066687	0.20365927640439185	8729993.875	22496.125	14.4	14.512354407111124
-2.1791163600351857	-0.999998065067452	0.03510963522904981	0.11314146280013013	5755943.0	68689.175	13.870000000000001	13.893234911459267
-1.2152238806032318	-0.9999984670404206	0.03062273583460454	0.2966435941124328	6953296.4	42578.25	13.65	13.666610632485817
-1.2152238806032318	-0.999998371335726	0.0554461122664574	0.2966435941124328	6953296.4	82832.3	13.684999999999999	13.708435665013397
-1.2152238806032318	-0.9999982926593614	0.06861250403818372	0.2966435941124328	6953296.4	143148.6	13.925	13.945381371774225
-1.2152238806032318	-0.9999982944984972	0.1004766342369878	0.2966435941124328	6953296.4	141329.65	14.030000000000001	14.086082852646543
-2.0292745798542766	-0.9999983806591136	0.05284499869169271	0.13143082914637458	7746303.3	280380.275	14.200000000000001	14.216663893852443
-2.0292745798542766	-0.9999986671961865	0.051464983325393045	0.13143082914637458	7746303.3	30463.05	14.225000000000001	14.2536704037785
-2.0292745798542766	-0.9999984897963268	0.12333312844311609	0.13143082914637458	7746303.3	120389.475	14.26	14.303725329788321
-1.9841651222966725	-0.9999987424544031	0.02115289012988592	0.13749535802044835	8160820.7	28640.275	14.040000000000001	14.076989504695268
-1.9841651222966725	-0.9999986486675803	0.03325438598623154	0.13749535802044835	8160820.7	61572.175	14.115	14.150316589278177
-1.9841651222966725	-0.999998548636717	0.09040547080139799	0.13749535802044835	8160820.7	139289.3	14.16	14.212939116608483
-2.2677075281097103	-0.9999978604107846	0.04664065358590934	0.103549292034263	4954736.6	40178.05	13.75	13.836324924623117
-2.2677075281097103	-0.9999977869980413	0.08431468903364178	0.103549292034263	4954736.6	57804.65	13.835	13.83959406372763
-1.4891023339745115	-0.9999987544837624	0.015657954096534733	0.22557505574569367	8054210.428571428	22733.75	13.91	13.948014094073697
-1.4891023339745115	-0.9999986230074746	0.074094547414597	0.22557505574569367	8054210.428571428	65550.25	13.89	13.900985322795853
-1.4891023339745115	-0.9999986763020582	0.055383372862425416	0.22557505574569367	8054210.428571428	42672.857142857145	13.97	14.009123476995818
-1.4891023339745115	-0.9999985284740602	0.09278674959736831	0.22557505574569367	8054210.428571428	140360.92857142858	13.995000000000001	14.163536762850375
-1.4891023339745115	-0.9999984468555673	0.09522289202916347	0.22557505574569367	8054210.428571428	270857.5714285714	14.23	14.325211119714657
-0.2593315851320056	-0.9999981416322353	0.04122296744938845	0.7715671404305021	6316048.5	125183.125	13.86	13.920027713302172
-1.9351292970374903	-0.9999987141680222	0.023915494784181465	0.14440559640061187	8118247.0	34155.275	13.83	13.921033966033965
-1.9351292970374903	-0.9999986555193311	0.028782899773540666	0.14440559640061187	8118247.0	54984.575	13.9	13.913967606579655
-1.9351292970374903	-0.9999985533196142	0.08761734152764265	0.14440559640061187	8118247.0	126058.425	14.06	14.066055017508754
-1.9351292970374903	-0.9999986009314298	0.0761289176207646	0.14440559640061187	8118247.0	85645.55	14.07	14.08216786735123
-1.9351292970374903	-0.9999985124479484	0.10667368793853345	0.14440559640061187	8118247.0	175660.65	14.11	14.112754150557198
