-1.6794228466376715	-0.9999981408706338	0.013319558571229725	0.18648157345344954	5165810.0	14821.611111111111	13.780000000000001	13.792401191120737
-1.7536879333184476	-0.9999980168244936	0.015875041308258408	0.17313425701998952	4903669.0	16726.95	13.38	13.476653248993674
-1.369027947407789	-0.9999978771379135	0.04462996603058501	0.2543540849715256	5060530.833333333	46294.916666666664	14.01	14.096636511486075
-1.369027947407789	-0.9999982394651464	0.011500883532513505	0.2543540849715256	5060530.833333333	7399.041666666667	14.085	14.097556027423876
-1.369027947407789	-0.9999979311826916	0.07674834909266838	0.2543540849715256	5060530.833333333	35217.041666666664	14.105	14.129795460214517
-1.369027947407789	-0.9999981075687803	0.04232055708235939	0.2543540849715256	5060530.833333333	14423.833333333334	14.18	14.182021967178224
-1.369027947407789	-0.9999976231350857	0.07550522563745832	0.2543540849715256	5060530.833333333	167408.5	14.165	14.205109799897384
-1.81917633948706	-0.999997987311099	0.016142589689827395	0.16215926012258	4832852.1	16763.65	13.4	13.40476229175132
-1.81917633948706	-0.9999980105467662	0.0257355751319206	0.16215926012258	4832852.1	14982.925	13.42	13.46233746898263
-1.81917633948706	-0.9999974988459965	0.05461622905842964	0.16215926012258	4832852.1	177673.3	13.47	13.487954980256877
-1.8779163823184282	-0.9999979268058197	0.023259852101561014	0.15290837666156726	4861329.6	23823.75	13.64	13.730263858349728
-1.8779163823184282	-0.9999976204767976	0.04590126774789251	0.15290837666156726	4861329.6	105623.6	13.745000000000001	13.756988655149668
-1.8779163823184282	-0.999998184078963	0.015796444005101034	0.15290837666156726	4861329.6	6820.2	13.735	13.75831078851864
-1.8779163823184282	-0.99999790082982	0.051679643376906836	0.15290837666156726	4861329.6	27030.5	13.77	13.802780153109444
-1.8779163823184282	-0.9999976304457758	0.0641392295439087	0.15290837666156726	4861329.6	100626.825	13.83	13.86160985155496
-0.7344088797461815	-0.9999976070696004	0.09004680403603371	0.47978898815517523	4746696.666666667	85691.0	13.99	14.1136668983138
-0.7344088797461815	-0.9999972894630195	0.10140190319996281	0.47978898815517523	4746696.666666667	386966.8333333333	14.184999999999999	14.248767795470592
-1.5927823845882678	-0.9999981625707052	0.011196321530772687	0.20335900088516057	5175964.125	13499.3125	13.75	13.765326171369402
-1.5927823845882678	-0.9999981462668425	0.02313999109487191	0.20335900088516057	5175964.125	14688.03125	13.790000000000001	13.810518585131895
-1.5927823845882678	-0.9999979466587595	0.08159639635721404	0.20335900088516057	5175964.125	41274.34375	13.82	13.903053903702283
-2.141004214732969	-0.9999970658254552	0.04534511807572188	0.11753675159950869	3435017.1	23834.7	13.530000000000001	13.545408816210452
-2.141004214732969	-0.9999971833048977	0.03515857663641164	0.11753675159950869	3435017.1	15920.025	13.55	13.568137076193949
-2.0669267501858757	-0.9999976462061615	0.007210270230470667	0.12657417864993187	3636031.9	5209.7	13.88	13.901081687612209
-2.0669267501858757	-0.9999973013137683	0.043150425956778087	0.12657417864993187	3636031.9	18259.75	13.870000000000001	13.870733399405351
-1.9805547194635726	-0.9999977878469442	0.007273280815623415	0.1379926688566052	3897411.3	5549.65	13.73	13.745197940924134
-1.9805547194635726	-0.9999974367565948	0.05223615669745112	0.1379926688566052	3897411.3	21806.6	13.695	13.756341463414634
-1.9805547194635726	-0.999997295411258	0.09506210004859852	0.1379926688566052	3897411.3	37830.4	13.81	13.835870505375015
