-1.8808453697899628	-0.9999988490053336	0.04070863561261987	0.15246116520013436	10141311.2	117311.325	13.65	13.656361841585001
-1.8808453697899628	-0.9999989514244945	0.02517017253016886	0.15246116520013436	10141311.2	41519.0	13.71	13.787037891850968
-1.75550376673558	-0.9999989351154135	0.04397945289847562	0.172820159311305	11480512.8	203906.375	13.98	14.004411579604534
-1.75550376673558	-0.9999990052706438	0.04806171755031689	0.172820159311305	11480512.8	91125.425	14.205	14.253478380546454
-1.75550376673558	-0.9999990941274605	0.0415867276281342	0.172820159311305	11480512.8	32854.725	14.085	14.149869170473128
-2.028456940288362	-0.9999988920726434	0.029379033400985737	0.13153833613746105	10181285.0	79230.1	13.99	14.006727800707548
-2.028456940288362	-0.9999989667459215	0.02612993608018422	0.13153833613746105	10181285.0	37042.725	13.94	13.959902007877798
-2.317392695207547	-0.9999978827370098	0.029486601980795335	0.09853014911937646	4858281.9	29325.9	13.86	14.027060227122089
-1.2187801414192962	-0.999999084038429	0.03364895402285087	0.2955905257251208	12551085.2	98351.35	13.86	13.95408583269999
-1.2187801414192962	-0.9999990913812495	0.041852624305499436	0.2955905257251208	12551085.2	89692.3	13.985	14.05341184177689
-1.0205198324202898	-0.9999991731138731	0.03283318646255209	0.360407539945161	14051505.75	111188.9375	13.74	14.009077282432324
-1.0205198324202898	-0.999999180304818	0.040550476131684006	0.360407539945161	14051505.75	100502.875	14.1	14.115908963585433
-1.0205198324202898	-0.9999991445764793	0.061733729945756106	0.360407539945161	14051505.75	166039.75	14.120000000000001	14.20750652422924
-1.0205198324202898	-0.9999992582805038	0.03518998945572202	0.360407539945161	14051505.75	33598.8125	14.09	14.092806705868501
-1.5928318371857184	-0.9999989657265023	0.05085732707914096	0.20334894450301097	11576265.625	158422.125	14.290000000000001	14.583073671416031
-2.265560448293667	-0.999998234124056	0.020765820649321434	0.10377185947868701	5666265.7	22156.3	13.6	13.628847666823056
-2.2919088530500473	-0.9999977611299319	0.030456275801221008	0.10107334343528644	5060918.3	83343.55	13.67	13.67401389620233
-2.2919088530500473	-0.9999978976103538	0.09060835772826104	0.10107334343528644	5060918.3	41772.7	13.735	13.79201647411211
-2.2373948604871416	-0.9999981504203386	0.03304835316924634	0.10673620520312833	6020359.9	68536.425	13.65	13.69342242147533
-2.2373948604871416	-0.9999981131252128	0.045939679385889096	0.10673620520312833	6020359.9	85789.65	13.725000000000001	13.737162852332835
-1.369336866859524	-0.999998989714016	0.046190822072219195	0.25427552218246136	11629946.333333334	126698.29166666667	13.76	14.012172445895008
-1.369336866859524	-0.9999990107766238	0.048529139385953664	0.25427552218246136	11629946.333333334	99171.375	14.065000000000001	14.164791834168499
-1.369336866859524	-0.9999989619239419	0.04687919447808831	0.25427552218246136	11629946.333333334	175038.83333333334	14.085	14.087385480257785
-1.369336866859524	-0.9999990842614787	0.05118278830717719	0.25427552218246136	11629946.333333334	42191.166666666664	14.059999999999999	14.122910178095765
-2.2080503668016567	-0.9999988904902131	-0.0012674087748495864	0.10991473316719652	6884256.6	-2074.9	13.41	13.504100766703177
-2.2080503668016567	-0.9999982154568802	0.04968680255234712	0.10991473316719652	6884256.6	216478.85	13.49	13.491291405879052
-2.2080503668016567	-0.9999985132191949	0.052212745900464645	0.10991473316719652	6884256.6	27871.075	13.49	13.520591250854409
-2.2080503668016567	-0.9999984213824936	0.07664074011943708	0.10991473316719652	6884256.6	52448.6	13.51	13.565800248138958
-1.9337961838107005	-0.9999988423277412	0.052001420005619206	0.14459823378639006	10249576.1	142292.9	13.700000000000001	13.776014157973174
-1.9337961838107005	-0.9999988706732122	0.037161147222341435	0.14459823378639006	10249576.1	106416.025	13.815000000000001	13.866900359278535
-1.9337961838107005	-0.9999989771797749	0.0490907040632178	0.14459823378639006	10249576.1	35719.275	13.97	13.99383335220197
-1.9337961838107005	-0.9999989142056508	0.08391748503963413	0.14459823378639006	10249576.1	68112.575	13.99	14.074116081885702
-1.9337961838107005	-0.9999988491157359	0.0638759792402487	0.14459823378639006	10249576.1	132729.475	14.09	14.121167771788663
-0.26263655171215705	-0.9999992326478491	0.04666819290797129	0.7690213460170319	17030821.0	473844.75	14.38	14.417386515531488
