-2.07460493020563	-0.9999984447930111	0.058468072520704274	0.12560604084491175	8428357.2	492789.8	10.8	10.810789465166861
-0.7116721534475352	-0.9999977626881122	0.04349318276578363	0.49082277988073636	5459722.0	201812.83333333334	10.38	10.395245286471505
-0.7116721534475352	-0.9999980236772743	0.09246445305034195	0.49082277988073636	5459722.0	48540.416666666664	10.245000000000001	10.279629511148483
-0.7116721534475352	-0.9999980138988921	0.059602281545863736	0.49082277988073636	5459722.0	51202.333333333336	10.365	10.462269015407742
-0.7116721534475352	-0.999997994181492	0.07655803514487809	0.49082277988073636	5459722.0	57022.083333333336	10.48	10.532199447039757
-0.7116721534475352	-0.9999978531001408	0.14846371890740134	0.49082277988073636	5459722.0	123188.16666666667	10.555	10.555330961621388
-2.0012380649745762	-0.9999983446485659	0.054195790830396245	0.13516783304111313	7614079.8	297739.6	10.68	10.695339501439031
-2.0012380649745762	-0.9999986302509114	0.06558772045610531	0.13516783304111313	7614079.8	33838.325	10.665	10.6939880304679
-2.0012380649745762	-0.9999985617119189	0.06205902688181814	0.13516783304111313	7614079.8	57023.725	10.72	10.766956010692024
-1.4400424711689999	-0.999998662932171	-0.0013761210514037319	0.23691769629692422	5380997.428571428	-1331.4285714285713	9.97	10.042613883912166
-1.4400424711689999	-0.9999981122467309	0.04415908483410943	0.23691769629692422	5380997.428571428	25795.535714285714	10.065000000000001	10.093246084116757
-1.4400424711689999	-0.9999978516118748	0.033272363961338036	0.23691769629692422	5380997.428571428	104868.39285714286	10.165	10.165880213557678
-1.4400424711689999	-0.9999980066893196	0.08723796784709575	0.23691769629692422	5380997.428571428	45523.21428571428	10.190000000000001	10.199795734454792
-1.4400424711689999	-0.9999980509380222	0.02428343872060917	0.23691769629692422	5380997.428571428	35877.642857142855	10.17	10.177838730944442
-1.4400424711689999	-0.9999979355291495	0.09136507516335587	0.23691769629692422	5380997.428571428	66762.53571428571	10.175	10.194251918158567
-1.8684223453729545	-0.9999984676250158	0.020159617017578232	0.15436700763068337	6737792.3	30478.95	10.32	10.463775238879736
-1.8684223453729545	-0.9999983578146688	0.07156248487531885	0.15436700763068337	6737792.3	63875.3	10.504999999999999	10.507612831939527
-1.8684223453729545	-0.9999983573431672	0.0487309438913756	0.15436700763068337	6737792.3	64078.55	10.555	10.55744811177483
-1.8684223453729545	-0.9999984222067955	0.07919973272888628	0.15436700763068337	6737792.3	41391.0	10.585	10.601203319502075
-1.8684223453729545	-0.999998448300004	0.04300596624298629	0.15436700763068337	6737792.3	34717.65	10.635	10.758206518795742
-2.222849357252197	-0.9999984440199337	0.024175061605053148	0.10830008314443224	6674003.6	32357.0	10.28	10.314626493370094
-2.222849357252197	-0.9999983782539159	0.047346442974344614	0.10830008314443224	6674003.6	50187.4	10.28	10.285230198559896
-2.222849357252197	-0.9999983573585245	0.0639065465610219	0.10830008314443224	6674003.6	57698.0	10.254999999999999	10.3215206185567
-2.222849357252197	-0.9999983675070687	0.044916474132534294	0.10830008314443224	6674003.6	53919.375	10.335	10.336218383713756
-2.03920131376646	-0.9999986450072688	0.027558896417317177	0.13013260450345066	7942189.3	47173.5	10.71	10.804941688611812
-1.5375883336530418	-0.9999979816728869	0.02536819431655861	0.21489874105085516	5224529.75	37978.8125	10.23	10.25182056690355
-1.9605088462722995	-0.9999985889349003	0.025823265887402847	0.1407867638713948	7543231.8	41938.825	10.49	10.496970769913831
-1.9605088462722995	-0.9999984805508123	0.08750784413505583	0.1407867638713948	7543231.8	94991.9	10.51	10.650838815210891
-1.9605088462722995	-0.9999985622446662	0.0593170949965139	0.1407867638713948	7543231.8	51292.625	10.695	10.763980227782657
-1.9605088462722995	-0.999998515696229	0.05182863727784735	0.1407867638713948	7543231.8	72870.1	10.68	10.680805918651139
-1.9605088462722995	-0.9999986354231578	0.03073713805066328	0.1407867638713948	7543231.8	29533.65	10.695	10.752844592121825
-1.9169408239410042	-0.9999984794412999	0.02636952354590493	0.1470561453539544	7009205.6	42526.6	10.68	10.752797007717026
-1.9169408239410042	-0.9999983977101897	0.08060800307146106	0.1470561453539544	7009205.6	75415.3	10.695	10.743616415233674
-1.7578567565573544	-0.9999982002126242	0.02028294087013936	0.17241399327511953	5530368.0	21024.4	10.48	10.516242192054635
-1.7578567565573544	-0.9999978276456628	0.04496127502967359	0.17241399327511953	5530368.0	165035.0	10.51	10.522666480652314
-1.7578567565573544	-0.999997927516366	0.05106682925651859	0.17241399327511953	5530368.0	94995.675	10.55	10.559469045694508
-1.7578567565573544	-0.9999979327614316	0.10581688156735215	0.17241399327511953	5530368.0	92279.675	10.61	10.705019468285535
-1.324013919368541	-0.9999982755093827	0.009899957696227348	0.2660651915085751	5553496.166666667	14427.375	9.9	9.922468053460877
-1.324013919368541	-0.9999980050064861	0.036023707195046335	0.2660651915085751	5553496.166666667	64807.291666666664	9.88	9.897295652293064
-1.324013919368541	-0.9999980484502039	0.09201718969509888	0.2660651915085751	5553496.166666667	50914.583333333336	9.915	10.050531769268336
-2.1687267031087587	-0.9999985716553943	0.038415840777318334	0.11432309151202243	8183692.0	119267.475	10.52	10.595605851136119
-2.1687267031087587	-0.9999986453181645	0.0657912588883337	0.11432309151202243	8183692.0	65269.725	10.635000000000002	10.687364623285443
-1.6934673275686831	-0.9999982156169112	0.012649769776677275	0.1838808422597504	5279216.9	12333.375	10.06	10.184251089568574
-1.6934673275686831	-0.9999979872140141	0.06599521494915002	0.1838808422597504	5279216.9	41188.3	10.275	10.306717750391936
-1.6934673275686831	-0.9999981090460378	0.0359299832605901	0.1838808422597504	5279216.9	21648.9	10.325	10.352473149967627
-1.6934673275686831	-0.9999979871843541	0.08233173605398453	0.1838808422597504	5279216.9	41194.75	10.42	10.42958878210178
-1.6934673275686831	-0.9999979353011078	0.04015402543085807	0.1838808422597504	5279216.9	54175.0	10.445	10.468796588302752
-1.6934673275686831	-0.9999978581346759	0.11039434850573938	0.1838808422597504	5279216.9	81418.625	10.455000000000002	10.47927289149825
-2.1080869222300667	-0.9999987573379254	0.02379320287230175	0.12147012609077097	8626997.3	45270.925	10.83	10.865424287856072
