-2.096350782719177	-0.9999996371424975	0.02874302931858676	0.12290411472289975	36402681.3	545241.55	18.765	18.8438998708873
-2.096350782719177	-0.9999996333441866	0.06459427329927543	0.12290411472289975	36402681.3	626092.325	18.869999999999997	18.91752367829257
-1.731967572322428	-0.9999996413638355	0.03202998976940317	0.1769359330108556	36995130.333333336	578266.3888888889	19.41	19.640971345820148
-1.731967572322428	-0.9999996415415408	0.050768038335951574	0.1769359330108556	36995130.333333336	574477.1944444445	19.57	19.670111933372876
-1.2524569964629826	-0.9999995870100541	0.03949916274749838	0.28580171967045775	32017101.6	552793.2	18.490000000000002	18.722445843809083
-2.2825862563689348	-0.9999995421549973	0.04353388076970959	0.10202001531508255	29054398.1	598636.175	18.6	18.748088267411983
-2.3131925341364106	-0.9999995361966278	0.04633719226112675	0.09894486193668194	28815882.5	637240.175	18.54	18.55226693867602
-0.7580347468943032	-0.9999996365878333	0.039166172640875706	0.4685864136151881	36602030.0	598164.6666666666	17.88	18.04642706262312
-0.7580347468943032	-0.9999996427313387	0.03719567916010857	0.4685864136151881	36602030.0	477708.5833333333	18.16	18.350785700121854
-1.942750531116222	-0.9999996086227717	0.033244986774287645	0.1433092306847403	33734419.7	541924.425	19.28	19.4582358271862
-1.8108579147221557	-0.9999996186069549	0.03671302578632345	0.1635137957183484	36268629.3	1017238.325	19.42	19.461694046906214
-1.8108579147221557	-0.9999996332689287	0.053725665323511064	0.1635137957183484	36268629.3	597692.45	19.495	19.55421093069936
-1.8108579147221557	-0.9999996713756882	0.030088693548668142	0.1635137957183484	36268629.3	150053.425	19.564999999999998	19.59096679861214
-1.5358917464473245	-0.9999996165192022	0.039905805345416434	0.21526364496357306	36288334.28571428	1105577.607142857	19.48	19.52124482869183
-1.6416277079442099	-0.9999996351716597	0.030827002098494025	0.19366455626424775	36115748.125	527575.125	19.240000000000002	19.459513078588166
-1.6416277079442099	-0.9999996326370592	0.0511007486040667	0.19366455626424775	36115748.125	578148.3125	19.25	19.320399177033845
-1.0478483515928652	-0.9999996074763865	0.04401883859641334	0.35069150272721283	34110465.25	652888.4375	18.43	18.703968038688306
-1.0478483515928652	-0.9999996204770555	0.037398309559126236	0.35069150272721283	34110465.25	419031.6875	18.595	18.63982089043405
-2.3420767779251257	-0.9999995456021287	0.039841683317004044	0.09612779470497473	29033286.6	536414.125	18.59	18.61683358608445
-1.4087488534749428	-0.9999996109876413	0.04781647273923835	0.24444893334048398	34586242.333333336	696953.7083333334	18.69	18.822506031913314
-1.4087488534749428	-0.9999996161271919	0.047362065814360615	0.24444893334048398	34586242.333333336	583451.2916666666	19.020000000000003	19.23418386447202
-1.9989175291775345	-0.9999996032566337	0.034886934650621995	0.13548185904967444	33523583.6	597349.55	19.330000000000002	19.628425501917377
-2.215691332959043	-0.999999576831969	0.03416032179961898	0.10907807890494284	31083667.2	515871.15	18.45	18.573450220495197
-2.215691332959043	-0.9999995713419381	0.04560308436447099	0.10907807890494284	31083667.2	611862.525	18.335	18.360908155200338
-2.369461064572102	-0.9999995239979317	0.03689725654484335	0.09353111993151822	27346257.5	449941.525	18.52	18.546738883115268
