-2.1153730829238135	-0.9999995632059042	0.06401666243345579	0.12058829172726475	31944474.4	1147569.675	13.55	14.138324620762983
-0.7347264853830354	-0.9999993936740061	0.02809376941933565	0.4796366286644341	20470193.0	245636.0	13.58	13.59043391525535
-0.7347264853830354	-0.9999993679987507	0.05909740814443647	0.4796366286644341	20470193.0	415478.0833333333	13.55	13.697444582596678
-0.7347264853830354	-0.9999993834388197	0.1033592944432343	0.4796366286644341	20470193.0	302889.4166666667	13.72	13.72106657201664
-1.481639750802219	-0.9999996067044957	0.03735894689692829	0.22726472516860383	32713171.14285714	386907.35714285716	11.19	11.408739223903998
-1.481639750802219	-0.999999672019407	-0.003332521756812378	0.22726472516860383	32713171.14285714	-45673.03571428572	11.440000000000001	11.454392941718806
-1.481639750802219	-0.9999996270592795	0.03240131950405907	0.22726472516860383	32713171.14285714	198802.7857142857	11.48	11.48838945866788
-2.269599590912435	-0.9999995084673756	0.057576561547345945	0.10335355550185568	28043777.8	969398.125	13.3	13.324767365703892
-2.079229528178718	-0.9999995324194438	0.06260252208024916	0.12502650449719604	29492943.0	975129.6	12.68	13.090764522749886
-2.079229528178718	-0.9999995622370196	0.04996469559543849	0.12502650449719604	29492943.0	404706.0	13.145	13.265636626960642
-1.5782552283203315	-0.9999995892031267	0.04442747915417405	0.2063347914229694	31828517.375	476895.8125	11.6	11.709319784067642
-1.9996427182767473	-0.9999996015999787	0.058685271380559255	0.13538364469864314	34440755.6	909997.075	12.540000000000001	12.913670066289702
-1.9559119318325267	-0.9999995877299381	0.05915014223670774	0.14143543838749395	32881337.4	771421.125	11.8	12.177909044703672
-1.9559119318325267	-0.9999996686129339	0.004464378935419701	0.14143543838749395	32881337.4	53983.375	12.41	12.413393784103175
-1.798326077288985	-0.9999995815749834	0.049175377113247556	0.1655758174991263	31604602.8	553576.175	11.88	11.990226233807652
-2.2137521408951204	-0.9999995321497094	0.05371755160091101	0.10928980747473453	29419802.1	949852.425	13.48	13.492420658350806
-1.7340506470513024	-0.9999995755898037	0.04784426229484991	0.17656774585398838	30951709.4	506976.075	11.51	11.663505211621766
-1.7340506470513024	-0.999999648922151	0.004208876355086276	0.17656774585398838	30951709.4	52388.4	11.805	11.882350818193947
