-2.120555036739896	-0.9999994752802002	0.02919744975274422	0.11996502503308198	24049415.6	302307.875	16.85	17.22376944106561
-2.120555036739896	-0.9999994879050612	0.027979989075110446	0.11996502503308198	24049415.6	223145.55	17.465	17.507469967707166
-2.120555036739896	-0.9999994779626677	0.07807413955441009	0.11996502503308198	24049415.6	283421.15	17.580000000000002	17.636713765318806
-1.2500900536806638	-0.9999996133092823	0.04537051563234883	0.2864789972103991	37072228.0	1681986.1	17.85	17.853983044955744
-1.8008570426107642	-0.9999995528040119	0.04625007800853215	0.1651572807213674	29922764.2	647800.825	17.29	17.443698553124683
-1.983667075398964	-0.9999994911170684	0.019477693519167304	0.1375638542127019	25136380.8	359141.725	17.14	17.14870333197494
-1.983667075398964	-0.9999995171676697	0.023400260127431568	0.1375638542127019	25136380.8	186586.825	17.185000000000002	17.33529039357653
-1.983667075398964	-0.9999995148118362	0.04966511312344674	0.1375638542127019	25136380.8	197969.725	17.345	17.384151739797137
-0.27231074373326924	-0.9999996286599344	0.05846880171754321	0.7616175564316887	37349574.5	1055360.0	18.11	18.179986497465773
-2.160083237568141	-0.9999994567627378	0.03546821373007431	0.11531552205494532	23800525.7	412227.225	17.57	17.910897056568057
-0.757456157995562	-0.999999649286722	0.07464800148202508	0.4688576109605278	40658025.333333336	1558615.8333333333	17.96	18.416651833097955
-2.2314163972453356	-0.9999995072276263	0.04076819333495873	0.10737623497340394	26792868.6	541871.2	17.7	18.234499113717117
-2.2314163972453356	-0.9999995148373454	0.05793284962105085	0.10737623497340394	26792868.6	441925.675	18.299999999999997	18.33642487651379
-2.2314163972453356	-0.9999995215716883	0.0964024252484481	0.10737623497340394	26792868.6	368967.625	18.38	18.437209109845423
-1.8688287034804816	-0.9999995395587709	0.04270969708632402	0.15430429208894536	28829210.7	581959.125	17.35	17.39141616757006
