-1.5363215105380366	-0.9999996257736318	0.029087255830411995	0.21517115225537786	34912751.85714286	472253.03571428574	18.02	18.184272236440968
-1.2553816175347743	-0.9999996625520634	0.029120337777266855	0.28496707903746504	38871063.6	497304.7	17.92	18.00635786261188
-1.2553816175347743	-0.9999996548138365	0.0591140659223313	0.28496707903746504	38871063.6	671824.1	17.935000000000002	18.046297866363265
-1.2553816175347743	-0.9999996819719567	0.04105027195939729	0.28496707903746504	38871063.6	233767.9	18.020000000000003	18.058140055904225
-1.0518926827432589	-0.9999996859892717	0.02815014320144443	0.3492760543588469	41911049.25	519445.5	18.22	18.295064211100613
-1.0518926827432589	-0.9999996851971414	0.04576305515784228	0.3492760543588469	41911049.25	536980.0625	17.975	17.977214834594655
-1.0518926827432589	-0.9999997098516694	0.030383219480764865	0.3492760543588469	41911049.25	191073.9375	17.98	18.042890841471106
-1.8752677132212956	-0.9999995649518936	0.03446897974532825	0.1533139171877659	30020720.0	469984.625	17.900000000000002	18.00870268490177
-1.9361507448346036	-0.9999995355081576	0.033728426824307794	0.1442581689298285	27878943.8	420642.925	17.78	17.81906586259601
-1.9361507448346036	-0.9999995398796235	0.030289466663675508	0.1442581689298285	27878943.8	372379.0	17.765	17.809980843698096
-2.087227959034915	-0.9999994266691646	0.02779142194034292	0.1240304772832399	23342094.6	648710.0	17.51	17.52577220155675
-2.270616019029475	-0.9999993588541869	0.04079731040384576	0.10324855741259226	19864432.7	339760.05	17.1	17.158361099631726
-2.1294068504054238	-0.9999994270919569	0.03862412767839469	0.11890780305426374	22464734.7	388568.45	17.54	17.685466931952277
-1.640473178684231	-0.9999995964679196	0.03212284994164162	0.1938882767821671	32459860.75	488255.0	18.03	18.163969573561488
-0.2746505026912806	-0.9999996652908856	0.03570990226461754	0.7598376380334667	40996589.5	910665.625	19.0	19.004400974845584
-2.329006202250329	-0.9999992829508986	0.037302266081093494	0.09739248744625525	17476560.5	276937.85	17.240000000000002	17.329044953994046
-1.7294707440404422	-0.9999995829197804	0.034718561822012425	0.17737826363450596	31557773.888888888	520279.44444444444	18.12	18.253591961950672
