-1.6422429715939262	-0.9999998813543494	0.015065949061994113	0.1935454381508201	116617589.125	1020873.0625	19.75	20.51293485394436
-1.6422429715939262	-0.9999998744701498	0.07983006638427065	0.1935454381508201	116617589.125	2278409.21875	20.715000000000003	21.298810364551514
-1.6422429715939262	nan	nan	0.1935454381508201	116617589.125	nan	21.085	21.15045222954224
-2.0588603087720885	-0.9999998896658698	0.025611248982530484	0.12759931087245913	131215254.1	1938684.9	20.740000000000002	21.942608586620803
-2.150981215322615	-0.999999885634354	0.013554518253617568	0.11636991778922494	119694430.0	881102.875	20.6	20.821639454043822
-2.2649103595026046	-0.9999998900144939	0.021166196866537167	0.10383934233390917	128876558.1	1431957.25	20.73	21.604911598196296
-2.2649103595026046	-0.9999998985642014	0.014969509893578347	0.10383934233390917	128876558.1	475772.225	21.630000000000003	21.826117236596403
-2.2649103595026046	nan	nan	0.10383934233390917	128876558.1	nan	21.945	21.999270101619217
-1.245286271148011	-0.9999998622175084	0.014740215881201226	0.2878584907538617	99234806.0	867020.3	20.47	21.16214059137415
-1.245286271148011	-0.999999849986309	0.11947992092249987	0.2878584907538617	99234806.0	2918496.6	21.405	21.59042657275963
-2.190880687966893	-0.9999998862982726	0.01881775544902571	0.1118182282727366	123033038.1	1189529.15	20.0	20.386926514149586
-2.190880687966893	-0.9999998940741885	0.01414349048836717	0.1118182282727366	123033038.1	456969.625	20.72	21.056029626025108
-2.190880687966893	nan	nan	0.1118182282727366	123033038.1	nan	21.345	21.688472158713783
-1.406103467250573	-0.9999998735176023	0.01763535186849937	0.24509645127119734	110458141.16666667	1168240.9166666667	20.85	21.605243481285356
-1.9487005325107774	-0.9999998880986846	0.01882724398558007	0.14245907229226795	126118219.5	1346196.7	20.5	20.849252000211465
-1.9487005325107774	-0.9999998880645796	0.04676050023224793	0.14245907229226795	126118219.5	1351999.525	21.48	21.51298787385986
-1.9487005325107774	nan	nan	0.14245907229226795	126118219.5	nan	21.505000000000003	21.937719544652122
-1.8149983966143317	-0.9999998782136926	0.015441524837950766	0.16283816948237484	113691425.5	1031018.725	20.8	21.397244927722227
-1.038077184080286	-0.9999998348026038	-0.012066232322241967	0.3541349640671858	79778999.0	-529284.3125	18.37	18.75111672260145
-1.038077184080286	-0.9999998110331747	0.15502355090059666	0.3541349640671858	79778999.0	3525680.0	19.770000000000003	19.94871999958998
