-1.3853860526085913	-0.9999992104663754	0.06131330371746445	0.2502271802870999	16633494.333333334	505195.6666666667	15.74	15.941881735679722
-1.3853860526085913	-0.9999992573420105	0.049375450823013436	0.2502271802870999	16633494.333333334	231652.375	15.855	15.906232349141192
-1.3853860526085913	-0.9999992486842669	0.12762611948830752	0.2502271802870999	16633494.333333334	267534.0833333333	15.915	15.923019891634848
-1.7009896142157397	-0.9999991972127849	0.059156045389393425	0.18250282726515243	16251386.777777778	463426.6388888889	16.09	16.21588509578687
-1.9058059546829926	-0.9999991673929467	0.05356118894757117	0.14870274663823854	15450632.2	386274.2	15.81	15.924990554664435
-2.0100009873406046	-0.999999146541812	0.04984003538808368	0.13398854237641122	14926107.6	340716.425	15.98	15.984370551741337
-2.0100009873406046	-0.999999155455442	0.067241687149571	0.13398854237641122	14926107.6	298271.55	16.05	16.064770818684057
-2.0100009873406046	-0.9999991689218073	0.09595490201052807	0.13398854237641122	14926107.6	243959.725	16.1	16.14069679583091
-0.7442609901127532	-0.9999991669575519	0.0927737615658748	0.475085262947977	16264441.666666666	766024.1666666666	15.65	15.837252191137404
-1.509174927888717	-0.9999992203813025	0.06245839198644297	0.2210923198335501	16813607.714285713	492968.6785714286	15.84	15.886420194524499
-1.509174927888717	-0.9999992412531868	0.07060610479867187	0.2210923198335501	16813607.714285713	347065.35714285716	15.88	15.989862159851432
-1.8455596933716578	-0.9999991526959918	0.05183989385590546	0.15793689991161763	15120842.8	366571.175	15.84	15.875960863437717
