-0.7483953979411486	-0.9999996936353035	0.0058905611381969295	0.47312512152182895	36476557.666666664	71333.08333333333	15.620000000000001	15.626820993170229
-1.2331692560501128	-0.9999996559411312	-0.006874708716548977	0.29136769403133383	32998740.6	-85263.15	14.8	14.913884260100398
-1.694034445004099	-0.999999612769073	0.011218730144657714	0.1837765897925561	30811615.555555556	151934.36111111112	15.15	15.199842877604768
-1.694034445004099	-0.9999996496247745	0.004758566243653871	0.1837765897925561	30811615.555555556	48805.88888888889	15.275	15.339655220102802
-1.6068971659208453	-0.9999996364744316	0.008005479090819225	0.20050879538900013	31960785.0	111140.84375	15.0	15.17571910562888
-2.0014049744284472	-0.9999994250067425	0.04401606317423197	0.13514527413461908	23699064.0	828026.8	16.0	16.01535395101975
-2.0014049744284472	-0.9999994778058924	0.03728296595202101	0.13514527413461908	23699064.0	236927.0	16.14	16.183735645843214
-0.26839411821478176	-0.999999720282568	-0.001229729118996745	0.7646063764121438	34592440.0	-15931.375	16.21	16.23211309353749
-1.8971298877945226	-0.9999994971721153	0.024328999055926538	0.14999851457105884	24947595.1	280503.9	15.280000000000001	15.415864781943698
-2.047766119183466	-0.9999994295311824	0.04306007201482564	0.12902280346663184	23098011.9	527916.625	16.23	16.23463545119865
-1.9515303695034025	-0.999999461713561	0.030502661419982032	0.14205650620640606	23887671.6	384003.55	15.65	15.920232463254901
-2.0902415398304015	-0.9999994316140396	0.06359863288529242	0.12365726405540202	24049147.2	863886.325	16.37	16.593009608857106
-2.0902415398304015	-0.9999994811076536	0.04636339143424388	0.12365726405540202	24049147.2	262738.525	16.695	16.70000245964232
-1.3831507361779565	-0.9999996466167983	0.003415681131961468	0.25078714282816045	32910236.833333332	112410.875	14.57	14.570165858900216
