-1.7536746173617541	-0.99999943416323	0.03433947826997037	0.1731365624836079	22693919.555555556	377396.44444444444	21.45	22.03113739766887
-1.7536746173617541	-0.9999994384229295	0.04692932576427928	0.1731365624836079	22693919.555555556	342621.6111111111	22.045	22.12707548271077
-1.833578624305724	-0.99999942868324	0.03136436465279836	0.15984053383071437	22302764.0	341785.95	21.925	21.960910531089713
-1.833578624305724	-0.999999404148675	0.05906180778249498	0.15984053383071437	22302764.0	590739.125	21.81	21.90864252390128
-1.5563420585313381	-0.9999993990034012	0.026389198589143622	0.21090614423204354	20671854.0	248627.2142857143	21.2	21.32333632260146
-2.1243429552981414	-0.9999994245805133	0.039424958900532076	0.11951146685146209	23906574.7	942515.725	22.485	22.4934593820971
-1.4282097203172013	-0.9999993573458635	0.02702964475378903	0.23973773587879668	19992176.666666668	380047.8333333333	20.56	20.604805560546204
-1.4282097203172013	-0.9999993725590204	0.03771800583420557	0.23973773587879668	19992176.666666668	280381.75	20.46	20.824320453426893
-1.4282097203172013	-0.999999364014922	0.1104398669998367	0.23973773587879668	19992176.666666668	332609.0416666667	21.055	21.1007212358539
-1.9670467726661796	-0.9999994494584611	0.03266335573654328	0.13986931275390446	23375635.2	388192.1	21.805	22.33391155035282
-0.7687496790386378	-0.9999993007639699	0.043647119963672404	0.463592345321551	18606219.666666668	446920.9166666667	21.115000000000002	21.161574787256203
-0.7687496790386378	-0.9999993264894393	0.0583175066258068	0.463592345321551	18606219.666666668	276919.4166666667	21.025	21.125637937266532
-1.6627101006138203	-0.9999993296079543	0.0374209758655434	0.1896243819561727	20189935.625	755527.09375	20.98	21.08233980041159
-2.247687843887088	-0.9999994421461715	0.03556631948693431	0.10564320597609533	23684251.0	547078.875	22.085	22.11775452002369
-1.0622941416183331	-0.999999260720012	0.039890677092725216	0.34566190265318747	17834175.5	532025.75	21.09	21.09470178100998
-1.0622941416183331	-0.9999992880708388	0.06394594939023891	0.34566190265318747	17834175.5	326657.1875	21.035	21.25094258856322
-2.1686362625199593	-0.9999994413797081	0.0284820290187051	0.11433343142729911	22946412.0	368917.625	22.439999999999998	22.680035582931374
-2.0764758518337767	-0.9999994740703486	0.028407090874312736	0.12537126148184746	24283453.9	351999.7	22.44	22.69903994360346
