-2.1202806097978324	-0.9999994496369644	0.03310321662167679	0.1199979511857614	23254128.6	361569.675	17.23	17.235413595183267
-2.1202806097978324	-0.9999994580554944	0.04319539461765787	0.1199979511857614	23254128.6	297284.2	17.205	17.340889830574344
-1.9819998598321857	-0.9999994624709135	0.03920831553231344	0.13779339410494285	24244605.2	456881.025	16.82	16.916291924406465
-1.9819998598321857	-0.9999994650698043	0.062203613823312076	0.13779339410494285	24244605.2	428981.5	16.93	17.13986426811483
-1.9819998598321857	-0.9999994852615356	0.07168674675800592	0.13779339410494285	24244605.2	262925.775	17.28	17.29194137388019
-2.03198257292691	-0.9999994724886876	0.03903176223675117	0.13107539684282907	24740543.9	465522.0	17.29	17.327571687984033
-1.7950488197710157	-0.9999994157979888	0.04163322740547667	0.16611934224061847	22392710.1	480154.975	17.990000000000002	18.325466509409146
-1.7950488197710157	-0.9999994095122813	0.08960166726668432	0.16611934224061847	22392710.1	552726.45	18.455	18.537637409969967
-2.1593185221668776	-0.9999994177287935	0.031016463197001003	0.1154037393369235	21676538.2	303040.2	17.16	17.58279655786319
-2.1593185221668776	-0.9999994147528187	0.04622819429249971	0.1154037393369235	21676538.2	323233.35	17.65	17.786546731048798
-2.1593185221668776	-0.9999994745333404	0.029860490201330556	0.1154037393369235	21676538.2	88458.325	17.78	17.782202188148624
-1.627851889439604	-0.9999994011773347	0.04068448269254771	0.19635090488469537	21781414.75	461945.71875	18.05	18.108681033129823
-1.627851889439604	-0.9999993942217641	0.0937189092717887	0.19635090488469537	21781414.75	537511.34375	17.89	17.996521919627565
-1.038386051460141	-0.9999993685772774	0.011333549768642424	0.35402560021905144	18390296.5	110419.5	16.93	17.03566290540011
-1.038386051460141	-0.9999992830686922	0.09938303639472877	0.35402560021905144	18390296.5	532095.0625	17.03	17.031526090039502
-1.038386051460141	-0.9999993239882289	0.10441786335039235	0.35402560021905144	18390296.5	250710.1875	17.095	17.12190581318987
-1.241146929998843	-0.9999993551694233	0.03128804500346737	0.28905250476056504	19688580.6	326372.85	17.060000000000002	17.390050715511915
-1.241146929998843	-0.9999993270397185	0.09931867957506482	0.28905250476056504	19688580.6	567860.45	17.36	17.375567457618423
-1.241146929998843	-0.999999364084215	0.1106163607193692	0.28905250476056504	19688580.6	273833.5	17.455	17.4587477460879
-1.522073212672241	-0.9999993988227582	0.043098691360626946	0.21825892040685216	21822379.714285713	498378.96428571426	17.490000000000002	17.929473417515712
-1.522073212672241	-0.9999993681419774	0.10818623722916935	0.21825892040685216	21822379.714285713	973491.7857142857	18.04	18.07208126453097
-2.3222745348698	-0.999999126000405	0.04025507702857586	0.09805031292413097	15248860.4	613844.05	17.05	17.0528486935128
-0.2685180782925617	-0.9999993960127292	0.03193382483650865	0.7645116016205193	21962359.5	576646.0	16.665	16.691771572612236
-0.2685180782925617	-0.999999383312745	0.12180187485477051	0.7645116016205193	21962359.5	762155.5	16.83	16.884664101293023
-1.3970539109246092	-0.9999993438119651	0.0313555124356005	0.2473245317766845	19313607.666666668	319130.4166666667	17.400000000000002	17.56748805452325
-1.3970539109246092	-0.9999993136613905	0.10284135170638913	0.2473245317766845	19313607.666666668	571301.7916666666	17.475	17.523946882079784
-1.7172243802426705	-0.9999993995197518	0.03963400736546397	0.17956385785675152	21692601.333333332	454056.27777777775	17.76	17.991660310231417
-1.7172243802426705	-0.9999993936961152	0.0908812663764745	0.17956385785675152	21692601.333333332	515197.97222222225	17.83	17.86614798562064
-0.7506527385776145	-0.9999994532192977	0.005987054903334715	0.47205832147742804	20368713.333333332	68679.41666666667	16.9	17.090303549682357
-2.0780341604176673	-0.9999994574097306	0.03414602675761068	0.12517604651099326	23702058.7	384809.55	17.38	17.556048641052747
