-2.1043152710555475	-0.999998721532606	0.07201430070407837	0.12192913409942857	9783688.2	270525.775	13.47	13.658992181865177
-1.6806821773167124	-0.9999990827036178	0.03682424802616893	0.18624687929671674	13236285.0	187510.66666666666	13.86	13.941929910259207
-2.025289712444145	-0.9999988012194951	0.06371937169915903	0.13195560846771265	10332237.4	239445.375	13.22	13.400772142319093
-2.025289712444145	-0.999998849958643	0.03960789041283058	0.13195560846771265	10332237.4	144710.925	13.440000000000001	13.443595215235282
-2.025289712444145	-0.999998856316665	0.06356876819434422	0.13195560846771265	10332237.4	135509.95	13.39	13.438903438039127
-1.9330757739099418	-0.9999990551702346	0.03851708588405329	0.1447024413172036	12800169.7	178791.525	13.16	13.230288518577835
-1.9330757739099418	-0.9999990399050556	0.04663152155023423	0.1447024413172036	12800169.7	217373.775	13.254999999999999	13.26477378486436
-1.9330757739099418	-0.9999990605258631	0.06372806313017874	0.1447024413172036	12800169.7	166945.45	13.24	13.274634933018605
-2.173429439153672	-0.9999985918332681	0.07864976529672607	0.11378672237854738	8931805.5	289951.2	13.700000000000001	13.718176269499274
-2.173429439153672	-0.9999987114649663	0.035153046413770164	0.11378672237854738	8931805.5	99601.675	13.675	13.730669901617738
-1.4928057481664745	-0.9999991329600427	0.03555905478695829	0.22474120288719066	14098715.714285715	203647.32142857142	13.950000000000001	14.083336700351609
-0.2604778394337507	-0.9999989743223675	0.042468463699611	0.7706832349637005	12066634.0	237155.75	14.25	14.359500605647744
-0.2604778394337507	-0.9999989430993488	0.10305963305214061	0.7706832349637005	12066634.0	345666.75	14.280000000000001	14.287323971740324
-0.2604778394337507	-0.9999990033188159	0.0763457770903744	0.7706832349637005	12066634.0	167139.0	14.265	14.29955180572296
-1.0199170908390804	-0.9999990782726068	0.06533555018771944	0.36062483803638606	14615024.5	708614.5625	14.3	14.355964364922661
-1.0199170908390804	-0.9999991010691522	0.08877591772060066	0.36062483803638606	14615024.5	507826.125	14.34	14.418845560144709
-1.0199170908390804	-0.9999991681407038	0.08026780182481717	0.36062483803638606	14615024.5	190544.0625	14.33	14.38333321530603
-2.0662929565521213	-0.9999987627949641	0.07065478076374246	0.12665442598599708	10088109.2	263301.675	13.5	13.579363906447828
