-1.659554953586323	-0.9999992581662234	0.06161345336547111	0.19022361960557183	17734483.75	517123.5625	20.995	21.169227088441257
-1.659554953586323	-0.9999992810668157	0.06514068670185609	0.19022361960557183	17734483.75	344519.5	21.17	21.226381531631596
-1.659554953586323	-0.99999930823482	0.07379104523416294	0.19022361960557183	17734483.75	212796.9375	21.314999999999998	21.326100541117665
-2.3039540836269428	-0.9999991076980665	0.0316004691421631	0.09986319460073134	13572067.3	181748.0	20.22	20.261618900550847
-1.8304839439499117	-0.9999992259370178	0.05625328786323247	0.16033595538110323	16776778.5	436385.325	20.875	21.035977346670606
-1.8304839439499117	-0.9999992466383207	0.06070486607461895	0.16033595538110323	16776778.5	308346.3	20.884999999999998	20.95612042613879
-2.0185199525107365	-0.9999991710871701	0.03736542769705151	0.13285194683344673	14942199.4	239372.6	20.37	20.610761597485144
-1.2665692375746875	-0.9999992393042234	0.06769094689511247	0.28179674295832324	17430135.6	573222.25	20.5	20.809007976430486
-2.1989859628317956	-0.9999991773351191	0.03623335448297624	0.11091557387038668	14989903.8	226763.525	20.595	20.845064887281385
-2.0692897812157325	-0.9999991553183466	0.04051302477691063	0.12627543304977934	14725947.9	252390.825	20.37	20.51949709708372
-2.0692897812157325	-0.9999991435939136	0.06245730404252529	0.12627543304977934	14725947.9	299955.1	20.53	20.569596574394332
-2.0692897812157325	-0.9999991700321054	0.0780619437538933	0.12627543304977934	14725947.9	203222.975	20.59	20.596217889408596
-2.1589791601192165	-0.999999202260591	0.03212160104332261	0.11544290963229252	15298407.0	199613.275	20.095	20.09600395079043
-2.1589791601192165	-0.9999991642638423	0.06920391336133365	0.11544290963229252	15298407.0	356977.875	20.205	20.375849684269106
-2.1589791601192165	-0.9999992157154033	0.057482890791170006	0.11544290963229252	15298407.0	162478.15	20.515	20.553265734466923
-1.5531452621170827	-0.9999992448860818	0.06095341807320796	0.21158144706540208	17418774.14285714	515636.25	20.75	20.871059465196737
-1.5531452621170827	-0.9999992791704918	0.05597826163531725	0.21158144706540208	17418774.14285714	283782.35714285716	20.785	20.888785677788604
-1.5531452621170827	-0.9999993088715955	0.06248966310727496	0.21158144706540208	17418774.14285714	169160.57142857142	20.869999999999997	20.878434915736943
-0.27707099801713175	-0.9999993992199793	0.08120969833651992	0.7580006786548601	22965789.0	982038.875	20.42	20.86516822200019
-0.27707099801713175	-0.9999994267356596	0.07516870110195158	0.7580006786548601	22965789.0	522022.5	20.935000000000002	20.975796908807446
-0.27707099801713175	-0.9999994567529173	0.09767844593448423	0.7580006786548601	22965789.0	261998.5	20.85	20.877734689724136
-1.9626586739520777	-0.9999991790203876	0.034584355117750674	0.14048442169771058	15020796.7	226786.3	20.47	20.614322663540975
-1.060147621719055	-0.9999992750143611	0.06666962831190429	0.34640466970258643	18392264.5	617927.25	20.650000000000002	20.775947037095783
-1.4255757444013184	-0.9999992409231023	0.06581198200321463	0.24037003166159826	17455948.0	568300.2083333334	20.88	21.086943857745446
-2.27122451020879	-0.999999120498777	0.030101007981358053	0.103185750686737	13712525.3	172849.575	20.21	20.244501633660157
