-2.3497987260719784	-0.9999991565782542	0.0444900048700548	0.09538835947332978	14993875.6	310567.8	18.48	18.585678702836898
-1.9547069062765272	-0.999999613802531	-0.0046278861166567705	0.1416059744347864	28391134.9	-57789.775	18.400000000000002	18.43520846281754
-1.9547069062765272	-0.9999995568427713	0.03192482046887524	0.1416059744347864	28391134.9	291190.575	18.345	18.351239215013933
-1.9547069062765272	-0.9999995529217798	0.09105844643310916	0.1416059744347864	28391134.9	325479.575	18.46	18.527112063806594
-0.7649464287085405	-0.9999994232553324	0.030198215245692845	0.4653588601816946	21726536.666666668	276692.0833333333	20.35	20.581601777294328
-0.7649464287085405	-0.9999994055028512	0.05862659095340503	0.4653588601816946	21726536.666666668	406915.8333333333	20.945	21.046335154633795
-0.2770028320170128	-0.9999992053158046	0.031398847858048994	0.7580523502903158	16562108.5	520031.125	20.150000000000002	20.151116755365436
-2.1468639149548	-0.9999995036344556	0.006847673465700089	0.11685003541051799	22878724.5	85493.775	18.95	18.951006959953553
-2.1468639149548	-0.9999994657145979	0.02798272249354951	0.11685003541051799	22878724.5	203569.675	19.080000000000002	19.188911266788715
-2.1468639149548	-0.9999994553427252	0.08121108306239533	0.11685003541051799	22878724.5	258089.025	19.189999999999998	19.204991964722414
-2.376853340362276	-0.9999991113314713	0.04865749014734223	0.09284226135125295	14272438.0	322372.625	18.41	18.488326448014007
-2.1047461864590753	-0.9999996327566951	0.0004431485190561284	0.12187660427617415	22781989.4	4299.7	18.490000000000002	18.870838756140415
-2.1047461864590753	-0.9999994608357442	0.0303011914645597	0.12187660427617415	22781989.4	216042.35	18.82	18.83148673434634
-2.059289463433176	-0.9999995154684826	-0.013438461674983094	0.12754456278198598	24499622.4	-143033.225	18.63	18.631015970151694
-2.2580040116819573	-0.9999993737694367	0.026975030963361787	0.1045589751062524	19750020.2	235169.55	19.055	19.2890330509559
-2.2580040116819573	-0.9999993733294665	0.038596579572616606	0.1045589751062524	19750020.2	237221.95	19.34	19.362094218686295
