-2.3261544054535905	-0.9999993564975455	0.03768939959585003	0.09767062744085031	19990089.0	386029.375	20.3	20.50668788663105
-2.2950951598078917	-0.9999993498958435	0.035705354814533845	0.10075180528967974	19657411.7	354818.7	20.17	20.216831569475314
-1.0496058173358198	-0.9999993923767787	0.08231735231170442	0.35007571569562873	22249759.0	743756.4375	18.965	19.146294414479836
-1.0496058173358198	-0.9999994007944396	0.08804924908410004	0.35007571569562873	22249759.0	616724.5	19.15	19.38325480865774
-1.0496058173358198	-0.9999994159915649	0.09834295530993908	0.35007571569562873	22249759.0	439786.5	19.42	19.50625704029822
-1.6455189715896563	-0.9999993823923207	0.06348319418133959	0.19291242074491174	21312294.75	520546.75	19.17	19.26994247322486
-1.6455189715896563	-0.9999993800984031	0.0707900440050086	0.19291242074491174	21312294.75	546627.96875	19.395000000000003	19.603477030741505
-1.6455189715896563	-0.9999994069257147	0.08140437209012459	0.19291242074491174	21312294.75	308590.59375	19.645000000000003	19.673295707658156
-1.7358254048713841	-0.9999994077335526	0.07089565298970975	0.17625465877530963	22573158.888888888	640063.75	19.650000000000002	20.044640970784428
-1.7358254048713841	-0.9999994139948634	0.06961751940874648	0.17625465877530963	22573158.888888888	555700.7777777778	20.165	20.388820217189558
-2.1884866873595357	-0.9999994221773398	0.046110984825823924	0.11208624186348046	22806258.9	528591.55	20.580000000000002	20.705577440346826
-2.1884866873595357	-0.9999994592864263	0.035848727223173005	0.11208624186348046	22806258.9	226760.425	20.665	20.718816182761902
-1.2558510263267204	-0.9999993906924393	0.0710446975886276	0.28483334437571833	22940142.8	1175967.3	19.45	19.47597403045249
-1.2558510263267204	-0.9999994249855461	0.06820466060632568	0.28483334437571833	22940142.8	535476.25	19.595	19.660800337786885
-2.3555119901584383	-0.9999993152596023	0.03895163622676855	0.09484493442845887	18745159.9	375331.75	20.54	20.903667578880963
-1.5404885179376933	-0.9999993762832066	0.06163468915401843	0.21427639799026416	21094800.42857143	517714.5714285714	19.19	19.207211086633038
-0.7591754189735646	-0.9999992876022612	0.10316341604349613	0.46805221490715343	19336777.333333332	960755.6666666666	18.650000000000002	19.088506628834637
-1.947427220156853	-0.9999994251947265	0.05512843522773053	0.14264058272416	22985896.9	547114.25	20.05	20.566738090923135
-0.27334116330676494	-0.9999993083728537	0.09719065778472277	0.760833174984424	19795993.5	883322.25	18.57	18.911719670967376
-2.004361589035972	-0.9999994741620835	0.04888441661283465	0.1347462917521891	25161828.9	557401.95	20.814999999999998	21.25958317086104
