-1.2913423929010672	-0.9999995696386194	0.060710649258165585	0.2749015094552673	31566751.833333332	794215.125	8.11	8.175930743504605
-1.2913423929010672	-0.9999995737174087	0.07464242428064796	0.2749015094552673	31566751.833333332	698265.9583333334	8.195	8.242702727313217
-1.2913423929010672	-0.9999995800558062	0.09170940758912448	0.2749015094552673	31566751.833333332	571644.4	8.235	8.289401253914237
-0.9608831716967354	-0.9999995276376112	0.08526990537570522	0.38255487509812774	29349770.75	1049397.625	8.344999999999999	8.364263934240395
-0.23121820822032985	-0.9999995368203852	0.07639583741107889	0.7935662844544631	31739862.5	2424793.375	8.565000000000001	8.573859255975405
-1.9136992618773703	-0.9999996165899595	0.0469253047853595	0.14753361042419805	35495139.1	813573.45	7.98	8.000423805575787
-1.7170151072547672	-0.9999996280379274	0.05408647846975001	0.17960143965409503	37085020.5	978934.55	8.34	8.43311444630073
-1.5829119080450076	-0.9999995914024205	0.051749531338706724	0.2053761900652533	33354380.111111112	829449.7222222222	8.094999999999999	8.148424586605273
-2.083516478980618	-0.9999995964370877	0.0308002616242601	0.12449166924877914	32473634.6	491468.2	7.15	7.152032096867022
-1.6533322522656495	-0.9999996037953899	0.05783848296126821	0.1914110149462665	34734261.4	947775.975	8.205	8.237693461466941
-1.772795136154782	-0.9999996138116636	0.06169750929456266	0.1698575496980805	37277392.2	1787079.925	8.184999999999999	8.251744509270459
-1.772795136154782	-0.9999996347692037	0.07667975754668546	0.1698575496980805	37277392.2	818190.45	8.19	8.335365010673236
-1.772795136154782	-0.9999996460232745	0.08878936897970142	0.1698575496980805	37277392.2	537845.9	8.305	8.357506797439793
