-1.6342147570894472	-0.9999998406896476	0.046600939019931294	0.19510551638681858	92618584.25	2558927.8125	17.86	18.367276860749104
-1.7235843301303737	-0.9999998356364576	0.041745753904998316	0.1784254646183472	89694198.77777778	2526778.8055555555	18.48	18.548904491409882
-2.1277232661855057	-0.9999997621360945	0.008870072331953787	0.11910816296918061	52109782.0	241598.4	17.1	17.290637837780373
-2.2367700310620755	-0.999999714233956	0.011605401035333947	0.10680291796473693	43636408.6	260354.65	17.48	17.729522795923597
-2.1661500521889363	-0.9999997276044329	0.01749669959348697	0.11461804204001395	47548890.1	421723.225	16.98	17.17763869662819
-2.1661500521889363	nan	nan	0.11461804204001395	47548890.1	nan	17.28	17.2909637906504
-2.1661500521889363	nan	nan	0.11461804204001395	47548890.1	nan	17.275	17.353255565150963
-1.2418703812316028	-0.9999998400365143	0.06649450862918364	0.2888434649938194	94720181.0	3804785.05	18.55	19.168906752802098
-1.2418703812316028	nan	nan	0.2888434649938194	94720181.0	nan	19.41	19.59441704291664
-2.20249497001465	-0.999999713172778	0.012533884960218157	0.11052705238598441	46266949.7	579904.625	17.47	17.502067537940206
-1.4007716282760256	-0.9999998504742234	0.05613204890393981	0.24640675614574142	100500475.33333333	3359864.9166666665	19.400000000000002	19.583770560426323
-1.4007716282760256	nan	nan	0.24640675614574142	100500475.33333333	nan	19.18	19.18310130626661
-1.8017922421026298	-0.9999998304886837	0.0443677162918998	0.16500289791697093	86263376.2	2241415.175	18.75	18.758348680205117
-1.8017922421026298	nan	nan	0.16500289791697093	86263376.2	nan	18.355	18.565582761928773
-1.0373571989417765	-0.9999998262722982	0.0684664354975227	0.3543900277883668	87565928.0	4043524.125	17.48	17.522094542497516
-1.0373571989417765	nan	nan	0.3543900277883668	87565928.0	nan	18.04	18.490396584362955
-1.8707167505980962	-0.999999835865235	0.04480424693201441	0.15401323316797166	89391654.3	2355533.375	18.580000000000002	18.796664027171637
-1.8707167505980962	nan	nan	0.15401323316797166	89391654.3	nan	18.82	18.855457292309858
