-1.9707926174199815	-0.999992623400818	0.08024953501565743	0.13934636407626066	1463404.1	48772.65	7.640000000000001	7.642767285626523
-1.4879479512922742	-0.9999961115650619	0.04294351289861947	0.22583560604203212	2797106.625	52910.03125	7.4	7.4194340957764355
-1.4879479512922742	-0.9999960434423142	0.0696164315184838	0.22583560604203212	2797106.625	64016.625	7.485	7.525927179574984
-1.5687717289848002	-0.9999958147016922	0.046733109937561544	0.20830087522228322	2600182.4444444445	53237.61111111111	7.5600000000000005	7.561896631404031
-1.5687717289848002	-0.9999957571206829	0.07240991692826493	0.20830087522228322	2600182.4444444445	61836.194444444445	7.505	7.533220508335079
-1.5687717289848002	-0.9999957683722759	0.1363976603571527	0.20830087522228322	2600182.4444444445	60053.28125	7.555	7.558268346593926
-1.8074962383832742	-0.9999931706430847	0.050642672404114734	0.16406440113657222	1547996.6	39018.675	7.17	7.1952665692443025
-1.8074962383832742	-0.9999930506402424	0.10405639686475901	0.16406440113657222	1547996.6	46984.075	7.315	7.422745363238901
-2.036865778570406	-0.9999935570637848	0.07817577918170802	0.1304368889766554	1712519.8	61922.55	7.5600000000000005	7.718369320367015
-1.6393312062507823	-0.9999952525380579	0.05503493979023969	0.19410981832251117	2433584.8	104124.4	7.48	7.480223982859062
-1.6393312062507823	-0.9999954946672343	0.0730858102449377	0.19410981832251117	2433584.8	57762.325	7.47	7.51088469139207
-1.6393312062507823	-0.9999955115280239	0.13626912319712736	0.19410981832251117	2433584.8	55440.13888888889	7.525	7.52830127745084
-2.0673597736631533	-0.9999937696882317	0.08017956426282705	0.12651938092416645	1777458.6	64479.7	7.78	7.816515482029135
-2.0673597736631533	-0.9999938615540662	0.09539379887333001	0.12651938092416645	1777458.6	54765.475	7.82	7.834273796294761
-1.3943756473247186	-0.9999963827390546	0.03501868441619557	0.24798781990123642	2973540.5714285714	46913.03571428572	7.38	7.4242401240541085
-2.1741712757223537	-0.999992914259151	0.08300245024328767	0.11370234252875537	1549829.9	58787.0	7.7	7.725475798435543
-2.1741712757223537	-0.9999930086269386	0.10276364898950555	0.11370234252875537	1549829.9	50788.2	7.73	7.742702841357537
-1.934030286429441	-0.9999922953848389	0.1035106537427922	0.14456438692316964	1533413.9	135179.2	7.53	7.536594093749728
-1.934030286429441	-0.9999927364712243	0.12707303437156295	0.14456438692316964	1533413.9	68732.775	7.55	7.557803643878038
