-1.3679596548986273	-0.9999936585623398	0.09662982547019822	0.25462595472753136	1755326.0	68273.41666666667	14.14	14.251850025205764
-1.5922897945276846	-0.9999937794896463	0.09327962343047558	0.20345919818379746	1786785.875	67151.40625	14.26	14.262683974862984
-1.8813459068945664	-0.999994696569422	0.05988507874567327	0.15238487182536592	2061214.4	55909.5	14.120000000000001	14.186210289053129
-1.215842898145728	-0.99999354789136	0.08829347761486155	0.29646002334643207	1696566.2	56750.05	14.0	14.004836818917392
-1.215842898145728	-0.9999935151136419	0.10372026757753951	0.29646002334643207	1696566.2	59995.35	14.145	14.170890465280225
-1.9844154655517263	-0.9999953598390966	0.059973273515659654	0.1374609412931442	2383782.8	63647.8	14.4	14.514450923835671
-1.9844154655517263	-0.9999952034183345	0.11987076729422037	0.1374609412931442	2383782.8	92410.7	14.450000000000001	14.456662680299251
-0.7349410887018211	-0.9999928527394706	0.08200465020553242	0.4795337080960542	1511416.3333333333	49141.833333333336	13.84	13.85754957544318
-0.7349410887018211	-0.9999925919503214	0.10483854727549427	0.4795337080960542	1511416.3333333333	72884.66666666667	13.934999999999999	13.942707903599244
-1.4903441955584815	-0.999993733646094	0.09420192683976611	0.2252950966208822	1776168.5714285714	68192.25	14.27	14.315745249008135
-1.4903441955584815	-0.9999938078036106	0.10356801643482996	0.2252950966208822	1776168.5714285714	59776.5	14.23	14.26698382788315
-1.934926598625162	-0.9999951535132305	0.060156542485695644	0.1444348701525049	2263492.3	58102.75	14.15	14.249274117481193
-1.934926598625162	-0.9999949634546367	0.1156055327948404	0.1444348701525049	2263492.3	89336.95	14.35	14.375074774393996
