-1.278748100714714	-0.9999903954643562	0.03125421300020147	0.2783855931190956	992160.6666666666	13755.166666666666	7.5200000000000005	7.567602170434086
-1.1373238060078361	-0.9999893474464472	0.033518950820186244	0.3206760658576122	894041.2	13680.8	7.53	7.585911140028815
-1.5672877083205194	-0.9999906061149257	0.044815898152860904	0.20861022751132133	1050583.888888889	19322.25	7.390000000000001	7.408593010465128
-1.5672877083205194	-0.9999901144358336	0.0730121599374032	0.20861022751132133	1050583.888888889	32389.305555555555	7.5	7.558057165423244
-1.9341013356433128	-0.9999907419519594	0.03469637166657349	0.14455411610199614	1042298.5	15515.35	7.5200000000000005	7.525317574474629
-1.9341013356433128	-0.9999895090579033	0.12052163389533027	0.14455411610199614	1042298.5	56087.9	7.58	7.58670135532177
-2.067592046010677	-0.9999888206055799	0.05756933160561371	0.12648999738317607	890205.2	20992.225	7.67	7.689093674156015
-2.067592046010677	-0.9999880550480443	0.11519393943431464	0.12648999738317607	890205.2	41499.4	7.695	7.707555273489388
-2.067592046010677	nan	nan	0.12648999738317607	890205.2	nan	7.79	7.79175419133926
-1.852404556216331	-0.999991118937766	0.029824815598466746	0.156859534907854	1074368.4	13925.275	7.48	7.503627602128658
-1.852404556216331	-0.999990043984884	0.09146047205404931	0.156859534907854	1074368.4	44196.7	7.550000000000001	7.566030010333846
-1.8067561385387318	-0.9999914930292386	0.02093469926901412	0.16418587011839103	1079470.4	9729.525	7.38	7.400146759675086
-1.9708600906369278	-0.9999903825303817	0.038392278749106334	0.13933696224599612	1013805.3	17157.375	7.58	7.600086771783367
-1.9708600906369278	-0.999989357302986	0.11572856043150485	0.13933696224599612	1013805.3	48513.725	7.595000000000001	7.59805584434873
