-1.3726234013225969	-0.9999950418086051	0.04100093115625167	0.25344120866672704	2127595.6666666665	38139.291666666664	14.120000000000001	14.16413938880542
-1.021690069160615	-0.9999955717125351	0.0373607358489052	0.3599860244849697	2397085.25	40739.6875	14.31	14.328191446786615
-1.021690069160615	-0.9999955556418954	0.05967661118287663	0.3599860244849697	2397085.25	42339.75	14.36	14.371910316481708
-0.7385091533799872	-0.9999961097326576	0.021259500837361937	0.4778257496752765	2603940.6666666665	25084.0	14.35	14.363246239577451
-1.2207966531686611	-0.9999952317744212	0.03669052818457281	0.29499506453601504	2207595.4	37282.75	14.15	14.18864745319498
-1.6819033256777156	-0.999994469205312	0.05549707364464552	0.1860195830347958	1940346.4444444445	45781.52777777778	13.85	13.863060386253045
-1.6819033256777156	-0.9999941794702848	0.08679627525633787	0.1860195830347958	1940346.4444444445	80324.63888888889	13.795000000000002	13.907800464410066
-1.9374142287471188	-0.9999925822276642	0.07165273096085764	0.14407601615192137	1438706.5	43130.0	14.26	14.309713878314598
-1.494387082217239	-0.9999945176704215	0.04989484059967639	0.2243860928182768	1949909.142857143	43915.46428571428	14.07	14.107451068306057
-2.0313635520582833	-0.9999924203620771	0.06990558862514958	0.13115656036720424	1392943.7	38483.425	14.19	14.290730966272346
-1.5959208919408012	-0.999994418164335	0.05883606679234849	0.2027217576849957	1937556.25	49766.65625	14.06	14.093868251609708
-2.072984998909993	-0.9999923531659056	0.07598256088861763	0.12580967889669226	1408454.2	47581.275	14.290000000000001	14.41568240190458
-1.9865681987757329	-0.999992684931554	0.0620195287787484	0.1371653428442768	1430114.4	34938.9	14.15	14.161391774906658
