-1.9230490527367625	-0.9999931803037074	0.09901955145843852	0.14616063056126924	1607057.7	57505.05	6.95	6.951175593724151
-1.3838807359074878	-0.9999942883574544	0.06949821033209352	0.2506041350876535	1914615.2857142857	56138.67857142857	7.1000000000000005	7.102534426050935
-1.4777861813767226	-0.9999938301860154	0.07583648643673849	0.22814219517493284	1773168.125	56392.96875	7.04	7.084716332767402
-0.6773274383015376	-0.9999947232695593	0.09758416760315443	0.5079727684257823	2193385.0	106286.33333333333	7.3100000000000005	7.402514896029636
-0.22467315500255983	-0.9999937705311325	0.10454795101662734	0.7987772524473071	1851368.0	102030.75	7.34	7.363813784614179
-2.0243168145826718	-0.999993115998826	0.10085335237772386	0.13208405026724526	1585364.3	54919.925	7.07	7.094895861920368
-2.0243168145826718	-0.9999929533905244	0.0840636252300878	0.13208405026724526	1585364.3	71070.6	7.11	7.13795301402938
-1.5581379574565202	-0.9999937187932986	0.07468033299557353	0.2105277180236235	1732798.7777777778	53319.02777777778	7.1000000000000005	7.100919940432494
-1.62802751646252	-0.9999940251335931	0.08423771634087884	0.19631642338785357	1838917.8	59116.85	7.09	7.113035669355559
-1.7454261390506907	-0.9999938630446563	0.09275671228238547	0.17457058177203633	1803826.3	64214.6	6.99	7.02132779741215
-1.958762702410821	-0.999993036266874	0.10537764246571485	0.14103281257060182	1574093.1	57615.5	6.8500000000000005	6.918388140682232
-1.958762702410821	-0.9999929927000334	0.07373899672792286	0.14103281257060182	1574093.1	61705.375	7.0200000000000005	7.021373918765456
