-1.752256157688928	-0.9999948102832349	0.07653587248181844	0.17338232397555875	2071608.0	46678.425	7.055	7.197792692069779
-1.8906627105531069	-0.9999956956034507	0.08494021461656484	0.15097172512130808	2520564.9	51507.95	7.055	7.071547596271496
-1.2778958162244636	-0.9999912546671127	0.054678948839765276	0.27862295797924624	1193985.5	34261.291666666664	7.3500000000000005	7.423801985076986
-1.2778958162244636	-0.9999910560561214	0.10715011178313948	0.27862295797924624	1193985.5	43430.458333333336	7.49	7.541008598009166
-1.3920575999986722	-0.9999909420229383	0.06199680704543745	0.24856333418101625	1155740.0	35194.25	7.5600000000000005	7.573850929937258
-1.802666494132318	-0.9999950499659335	0.07565111416937907	0.16485870683741843	2174619.8	47307.35	7.28	7.306043595279986
-2.029892371260136	-0.9999970036522402	0.04320549826533943	0.1313496573858527	3565980.8	43690.925	6.68	6.7471821718014215
-2.029892371260136	-0.9999969633789516	0.06058984088246392	0.1313496573858527	3565980.8	50438.625	6.845000000000001	6.848277875944778
-1.8483898730942903	-0.9999953978245998	0.07547773855891497	0.1574905420344795	2350912.5	49975.675	7.2	7.2378937701394195
-1.6981169043629223	-0.9999944683371903	0.06331537765926974	0.18302785870563326	1909065.6	38571.975	6.83	6.83130987624363
-1.6981169043629223	-0.9999943864046479	0.08844993946163807	0.18302785870563326	1909065.6	45102.8	6.745	6.919956486392631
