-2.383168044964195	-0.99999590401157	0.02773924586511119	0.09225783707160556	2574012.6	37914.9	22.14	22.147583659278574
-2.383168044964195	-0.9999958434434807	0.08336970771553327	0.09225783707160556	2574012.6	44311.8	22.245	22.577755197021407
-1.9757980789789158	-0.9999972414186094	0.029885053704671136	0.13865061393543912	3789351.6	34655.3	21.63	22.06094500390246
-1.9757980789789158	-0.9999973616836545	0.02295404729417714	0.13865061393543912	3789351.6	21970.65	22.270000000000003	22.274197829621507
-1.9757980789789158	-0.9999983045579929	0.0007828126700108705	0.13865061393543912	3789351.6	615.85	22.299999999999997	22.425417762859475
-1.9757980789789158	-0.9999974568029459	0.012440527016137806	0.13865061393543912	3789351.6	15321.35	22.38	22.392055262607244
-1.070149861853429	-0.9999971842928788	0.040930194118149237	0.34295711737809326	3703604.0	33800.625	22.53	22.8999123839393
-2.253082611411499	-0.9999962228996259	0.04058537986249439	0.10507481997299827	2926839.3	63256.3	22.19	22.23278824387062
-2.253082611411499	-0.9999963120407781	0.08075925642651911	0.10507481997299827	2926839.3	48729.675	22.44	22.49292901486802
-2.253082611411499	-0.9999964486886548	0.04227026134504368	0.10507481997299827	2926839.3	32665.9	22.509999999999998	22.54572931763285
-0.2823673856936131	-0.9999948505459603	0.10416086807945839	0.7539966260690969	2245527.5	105159.25	22.88	23.033064981467497
-2.3219667365383407	-0.9999964298875652	0.036070503522009245	0.09808049729195893	2879610.8	29158.45	22.5	22.638727240271333
-2.3219667365383407	-0.9999961855219968	0.07938115315554607	0.09808049729195893	2879610.8	58935.275	22.68	22.90789493719071
-2.175046487794911	-0.9999967163206258	0.036594116777642655	0.11360287240097383	3186486.2	35009.35	21.3	21.480907019461046
-2.175046487794911	-0.999996754400076	0.043221470831789066	0.11360287240097383	3186486.2	31008.825	21.525	21.549453958798708
-2.175046487794911	-0.9999969044147708	0.02710783915607474	0.11360287240097383	3186486.2	19225.4	21.64	21.921996948075584
-1.9135283367432665	-0.9999972562820277	0.017353600079230525	0.14755882978159418	3581185.3	18503.375	21.38	21.679252433128834
-1.9135283367432665	-0.9999972840769552	0.02937497029651574	0.14755882978159418	3581185.3	16750.175	21.79	21.898451654231668
-1.2791041162815449	-0.99999723402775	0.03705532043340733	0.27828650115455134	3809785.2	37712.0	22.68	22.98244315718605
-1.2791041162815449	-0.9999972383052229	0.07272972481322804	0.27828650115455134	3809785.2	37102.4	22.81	22.816681629525874
-2.411365965430158	-0.9999953321714328	0.046135577527982245	0.08969269373807606	2496735.3	115188.325	22.69	22.788233629629513
-1.6742961722076488	-0.9999975622030057	0.012164499918529081	0.1874400585890574	3889878.25	13130.03125	21.71	21.88513173966149
-2.084532046302734	-0.9999969109247985	0.03031630216984389	0.12436530375480843	3376079.3	33824.25	22.37	22.470137737831212
-2.084532046302734	-0.999997000652228	0.03489758244938626	0.12436530375480843	3376079.3	24984.125	22.565	22.601491530944628
-1.5677199978531464	-0.9999972810286595	0.026693612888463406	0.2085200669826997	4025272.285714286	56646.32142857143	21.78	21.78134627227956
