-1.7412770006628149	-0.9999967624636215	0.05324272385796112	0.17529640400142457	3358279.3333333335	52708.52777777778	20.0	20.164231535197853
-1.8202486627706695	-0.9999966846163354	0.050417859659003035	0.16198546617060172	3263348.3	49972.675	19.990000000000002	20.106318363273452
-1.543738236912401	-0.9999964218664217	0.07592656582215204	0.21358119014077495	3093560.1428571427	64161.32142857143	19.28	19.532255361812542
-1.543738236912401	-0.9999964951645303	0.08257270449967674	0.21358119014077495	3093560.1428571427	51143.96428571428	19.7	19.949323016502206
-1.543738236912401	-0.9999965936220842	0.06155269360320387	0.21358119014077495	3093560.1428571427	37714.82142857143	20.07	20.086268120681247
-1.543738236912401	-0.9999963271956623	0.08372041789834153	0.21358119014077495	3093560.1428571427	85993.71428571429	20.12	20.24028509390194
-1.8893599071119904	-0.999996826833608	0.05180802659484084	0.1511685397818782	3452334.9	57228.975	19.78	20.266956410834158
-1.8893599071119904	-0.9999969242946171	0.05657750047231278	0.1511685397818782	3452334.9	40877.725	20.375	20.439081851196573
-2.1062234255078036	-0.9999972529115829	0.032083345393897775	0.12169669631346174	3869442.3	41343.725	20.1	20.121346294602013
-2.1062234255078036	-0.9999972014133881	0.06151387572827323	0.12169669631346174	3869442.3	50460.675	20.244999999999997	20.276881051265292
-0.27476535426309934	-0.9999957048370044	0.09520488281479912	0.7597503744976846	2653220.0	88965.25	19.3	19.526783090365495
-0.27476535426309934	-0.9999961462535761	0.06931197583269874	0.7597503744976846	2653220.0	27578.75	19.625	19.625786740644113
-2.190082628932388	-0.9999971811929639	0.03984036788130492	0.11190750143792179	4082113.7	99377.475	20.92	21.015867859640622
-2.2282228009152605	-0.9999969985351308	0.04017289514415619	0.10771969947492033	3944567.7	138617.575	21.19	21.196754795305957
-2.2282228009152605	-0.9999972533172042	0.032916729621668604	0.10771969947492033	3944567.7	50739.325	21.155	21.24944638846817
-1.053345778148029	-0.9999950538161515	0.07164629984765215	0.3487688914965131	2189595.75	50519.9375	19.52	19.73093716688555
-1.053345778148029	-0.9999956234686107	0.04257531907652996	0.3487688914965131	2189595.75	14512.5	19.700000000000003	19.713364926011987
-2.149334743655847	-0.999997299042822	0.048071222411167236	0.11656167538012996	4160095.1	75828.2	20.17	20.882108765300256
-2.059074044082183	-0.999997234762538	0.03603930485440861	0.1275720413085201	3878676.5	45498.725	19.88	19.979687413554633
-2.059074044082183	-0.9999971953993333	0.06315949211064167	0.1275720413085201	3878676.5	53003.85	20.01	20.06634800295858
-2.059074044082183	-0.9999973330527339	0.04161576193848955	0.1275720413085201	3878676.5	31076.075	20.08	20.11609024350665
-2.059074044082183	-0.9999971967835907	0.05032184200762673	0.1275720413085201	3878676.5	52720.025	20.115000000000002	20.247513950984338
