-0.7751027636486338	-0.9999951399858552	0.06001240165344487	0.46065643983000826	2448060.6666666665	146914.0	22.95	23.031028117790328
-1.281812347406786	-0.9999967078438288	0.004954398889379452	0.27753385661809354	2375073.8	2486.7	22.68	22.969674466683898
-1.7699688508531783	-0.9999966632017456	0.03916887936860354	0.1703382946353223	3100507.888888889	31124.083333333332	23.155	23.876226481937255
-1.7699688508531783	-0.9999970274343476	0.010148941371610615	0.1703382946353223	3100507.888888889	10060.416666666666	24.439999999999998	24.530584732946622
-1.7699688508531783	-0.9999966421157842	0.04745303848291188	0.1703382946353223	3100507.888888889	33226.944444444445	24.48	24.807674056896413
-1.7699688508531783	-0.9999963358338306	0.08713154257318198	0.1703382946353223	3100507.888888889	85885.0	25.03	25.22240110507648
-1.6791151468572212	-0.9999966506118708	0.013705359971254737	0.18653896262152356	2944190.625	19171.59375	23.8	23.83491525511484
-1.0716019623343909	-0.9999962051837056	-0.0118822464934865	0.3424594705870162	2277760.5	-5673.1875	23.1	23.32285788031882
-1.9881301797540858	-0.9999966139710346	0.017844649833840345	0.13695126042772227	3017481.7	27371.125	24.85	24.991256008160388
-1.9881301797540858	-0.9999965471118517	0.05462349794789748	0.13695126042772227	3017481.7	33489.825	24.965	25.003552407789602
-1.9881301797540858	-0.9999963338948513	0.072439401048842	0.13695126042772227	3017481.7	63728.65	25.09	25.441138052053237
-2.1934189554267447	-0.9999956070056574	0.047946978672587535	0.11153476360925155	2677624.4	128384.0	24.45	24.453918791050402
-1.4400914092296258	-0.9999964728389273	0.017431314945421664	0.23690610228803588	2569205.0	8620.375	22.13	22.54921036242256
-1.4400914092296258	-0.999995917798713	0.022131700634620853	0.23690610228803588	2569205.0	35881.75	22.605	22.8724145363562
-1.4400914092296258	-0.9999961019639352	0.03599587684641548	0.23690610228803588	2569205.0	22355.083333333332	22.78	23.117782063003524
-1.4400914092296258	-0.9999955760975983	0.10698900166443655	0.23690610228803588	2569205.0	86327.25	23.150000000000002	23.25718854648579
