-0.761885630539123	-0.999993428079325	0.04068296443659971	0.46678541180864636	1695310.3333333333	68970.25	19.14	19.19274266059827
-2.1242701791234584	-0.999996252533498	0.06078934432433664	0.11952016475534659	2848273.9	43208.3	15.91	15.934402850759552
-1.5416849107050663	-0.9999947844299646	0.03649585016400899	0.21402019254921834	2017154.857142857	37070.82142857143	19.400000000000002	19.403754584255555
-1.991887849615758	-0.9999942983046787	0.07765901149062462	0.13643760847552572	2105446.9	163506.925	15.46	15.473026502067812
-2.340183324202763	-0.9999962586143758	0.039597237692406355	0.09630998066158968	3134973.1	124136.275	14.85	14.859280884050802
-1.2574775880909828	-0.999995051915756	0.014700709136074715	0.2843704219366024	1839217.6	8959.7	18.96	19.082999530963317
-1.2574775880909828	-0.9999945806668745	0.05850237027694122	0.2843704219366024	1839217.6	21317.55	19.22	19.35078513218794
-2.0393888900807027	-0.9999951292539601	0.050413647383600456	0.13010819699834167	2136004.2	32988.15	15.64	15.800544906441093
-2.0393888900807027	-0.9999949276079885	0.11261403551985508	0.13010819699834167	2136004.2	50748.175	15.895	15.903730191723877
-1.8826782772741706	-0.9999954331341798	0.027140936545583742	0.1521819739334323	2150968.7	18455.75	15.200000000000001	15.353106359051827
-0.27546034703240413	-0.9999937190106498	0.05842407618210808	0.7592225369238268	1823390.5	94153.875	19.27	19.272673289910244
-1.414939043673017	-0.9999939072161805	0.04033775275865396	0.24294042175319375	1811408.3333333333	62100.125	19.22	19.251474887826447
-1.414939043673017	-0.9999943256088086	0.07782769108442068	0.24294042175319375	1811408.3333333333	29103.25	19.16	19.365025047847812
-1.819109364686903	-0.9999948055191069	0.0537766050219442	0.1621701210703211	2110476.7	57688.525	14.66	14.819283949295086
-1.819109364686903	-0.9999950975996212	0.07211816451183611	0.1621701210703211	2110476.7	31143.775	14.93	14.997895004472902
-1.819109364686903	-0.9999948773873182	0.08044098729666692	0.1621701210703211	2110476.7	49569.675	15.02	15.041635802636725
-2.2285663960290134	-0.9999966988876061	0.046477157249472774	0.10768269387036232	3257508.7	46787.95	14.73	14.77130140889975
