-0.7698113920460402	-0.9999969107812287	0.05853268706256701	0.4631004044945894	3774478.6666666665	115865.08333333333	22.11	22.127824773486363
-0.7698113920460402	-0.9999969823046777	0.1050688485332269	0.4631004044945894	3774478.6666666665	88452.0	22.155	22.368152669433066
-0.7698113920460402	-0.9999968781128765	0.09322325529457814	0.4631004044945894	3774478.6666666665	131070.25	22.509999999999998	22.744217964712274
-1.2750265980814737	-0.9999969501348434	0.023006104347274084	0.2794235359925903	3212218.0	17975.7	22.47	22.639182541596334
-1.2750265980814737	-0.9999966735869048	0.06346480653549554	0.2794235359925903	3212218.0	43701.65	22.68	22.714249222886426
-1.2750265980814737	-0.9999965848536521	0.09172701840825452	0.2794235359925903	3212218.0	58114.9	22.58	22.643262685643563
-1.9742601012643624	-0.9999960528753412	0.02845693465369906	0.13886401955425856	2680498.1	39349.35	22.875	22.922775602275777
-1.9742601012643624	-0.9999958140360765	0.057517158619395096	0.13886401955425856	2680498.1	74641.725	23.175	23.181607835956346
-1.910749720016884	-0.9999965658156743	0.015384681842493038	0.14796940937164516	2722319.6	11485.725	21.62	21.786753572387227
-1.910749720016884	-0.9999960795956742	0.07859560902788035	0.14796940937164516	2722319.6	43155.725	21.814999999999998	22.063107618261274
-1.910749720016884	-0.9999961820267871	0.060171174635793453	0.14796940937164516	2722319.6	32653.675	22.275	22.389256473287446
-1.910749720016884	-0.9999959080607591	0.0767435602043112	0.14796940937164516	2722319.6	68840.8	22.235	22.606862162809257
-2.0318155996837772	-0.9999962014054551	0.02673370987548269	0.13109728475423174	2685984.0	26982.05	23.36	23.859330280473607
-2.132463476296594	-0.9999963892657678	0.04008918904152621	0.11854490129479092	2988974.4	48648.275	23.85	24.459024065866785
-2.132463476296594	-0.9999965707986019	0.055764726624993294	0.11854490129479092	2988974.4	28275.75	24.38	24.475985876808547
-2.132463476296594	-0.999996896556984	0.02272763066686332	0.11854490129479092	2988974.4	10678.825	24.28	24.368838272427986
-2.132463476296594	-0.9999963572802355	0.06547346534539629	0.11854490129479092	2988974.4	53528.925	24.36	24.474289603097546
-2.21953982997283	-0.9999970098467359	0.040451558540059704	0.1086590989826208	3630668.2	51856.475	23.0	23.07086957851183
-2.21953982997283	-0.999997124812352	0.04973622366695548	0.1086590989826208	3630668.2	34160.425	23.27	23.960584628359864
-2.21953982997283	-0.9999979051916328	0.0030778224374646466	0.1086590989826208	3630668.2	2008.325	24.130000000000003	24.182366695663255
-2.21953982997283	-0.9999968777298581	0.08127071126459975	0.1086590989826208	3630668.2	83777.1	24.189999999999998	24.258571002229708
-1.6706519360002268	-0.9999966487933298	0.01799100786407732	0.18812438059546335	2869845.625	15023.625	22.0	22.266588598771854
-1.6706519360002268	-0.9999962838849105	0.06913146499309236	0.18812438059546335	2869845.625	42815.40625	22.435000000000002	22.555908271302417
-0.2787169196711945	-0.999996691421402	0.05651538897237491	0.7567540950949275	3177732.0	36818.25	21.1	21.189923050017487
-0.2787169196711945	-0.9999965824528542	0.07965463208014183	0.7567540950949275	3177732.0	52053.625	21.32	21.521744027943058
-0.2787169196711945	-0.9999965971730261	0.07189767393390446	0.7567540950949275	3177732.0	49674.75	21.765	21.896549574225453
-0.2787169196711945	-0.9999962560384182	0.12276055466862812	0.7567540950949275	3177732.0	146869.5	21.92	22.023691586704366
-2.084079982256111	-0.9999961896333136	0.04075764163984152	0.12442153754696349	2807128.6	44186.15	23.12	23.535685678011617
-2.258055785057407	-0.9999972221537902	0.041757420433848974	0.10455356187530941	3970721.4	61699.875	24.02	24.31690216101264
-2.258055785057407	-0.9999972166008017	0.03580073715788617	0.10455356187530941	3970721.4	63075.45	24.85	24.905681163785516
-2.258055785057407	-0.9999977052710749	0.01332811288179517	0.10455356187530941	3970721.4	9059.95	24.8	24.878574363188168
-2.258055785057407	-0.9999971167966917	0.08221941677241916	0.10455356187530941	3970721.4	93749.95	24.935000000000002	25.07461901370689
