-2.1599321738273827	-0.999996318301358	0.021179067941140696	0.11533294336490539	2650685.5	17308.75	25.485	25.61168449784477
-1.782261610480104	-0.9999969506776728	0.011769373641175094	0.16825718442454948	3049185.4444444445	10914.611111111111	25.310000000000002	25.408923303834808
-1.782261610480104	-0.9999963159860573	0.035467477852487814	0.16825718442454948	3049185.4444444445	75601.27777777778	25.495	25.50062073527227
-1.2854519568363987	-0.9999963369617539	0.019802332070099262	0.27652557776016423	3000921.8	59425.25	24.11	24.378117505505475
-2.3540547675346635	-0.9999964045294093	0.015355824743810073	0.09498324536309473	2737048.2	18787.05	24.87	24.874716771798713
-2.3540547675346635	-0.9999969009611703	0.007736030544431672	0.09498324536309473	2737048.2	4827.15	24.810000000000002	24.87101114094653
-2.3540547675346635	-0.9999966311683887	-0.011256862500182457	0.09498324536309473	2737048.2	-10102.675	25.095	25.117646890029263
-2.3858529280896708	-0.9999964876057984	0.019056786089144656	0.09201046778906416	2752937.9	15824.9	25.01	25.31601276600464
-1.863564227789864	-0.9999968596617927	0.020003455346152967	0.15511876528971583	3134688.8	18843.625	25.72	26.01075088073502
-1.863564227789864	-0.9999968707938143	0.020015514261186244	0.15511876528971583	3134688.8	18197.375	26.14	26.315565902315985
-1.863564227789864	-0.9999968732384623	0.034445218436907385	0.15511876528971583	3134688.8	18058.45	26.18	26.371948136036625
-1.579245713613551	-0.9999966432727578	0.019731675563926448	0.2061305210266972	3078014.8571428573	30700.178571428572	25.62	25.69182543241264
-1.6891098973261476	-0.9999969265273009	0.011292777406314214	0.1846838384321856	3019643.875	10728.9375	25.66	25.912059389192823
-1.075681729785602	-0.9999967365602059	0.021160139139961336	0.34106516174743085	3004395.75	18117.0625	23.98	24.037285670424588
-1.075681729785602	-0.9999970292319272	-0.011800168936746017	0.34106516174743085	3004395.75	-7519.3125	24.130000000000003	24.321179005190746
-2.2462768017014825	-0.9999960668369026	0.02800545555442237	0.10579237821576117	2527771.4	20787.125	26.21	26.36108484521618
-1.4478595153469005	-0.9999969963349608	0.012012294175842333	0.23507291994150573	3094886.3333333335	10893.375	25.0	25.253652545691306
-1.4478595153469005	-0.9999969299596181	0.0215934816090176	0.23507291994150573	3094886.3333333335	13377.791666666666	25.235	25.359605424868693
-1.4478595153469005	-0.9999968278961557	0.037118750937791344	0.23507291994150573	3094886.3333333335	18347.458333333332	25.445	25.585087307795945
-1.4478595153469005	-0.9999965181784046	0.043838002845591396	0.23507291994150573	3094886.3333333335	47849.75	25.625	25.71598881113872
-2.4434928462778984	-0.9999965307079525	0.027770066109449126	0.0868569430679981	2903393.1	23686.875	24.28	24.447744607689902
-2.4434928462778984	-0.9999967794173654	0.025191190448611935	0.0868569430679981	2903393.1	11504.925	24.560000000000002	24.652521865889213
-2.4434928462778984	-0.9999968443382532	0.01516020818854581	0.0868569430679981	2903393.1	9528.3	24.59	24.616392982100066
