-1.0591898490533869	-0.9999954326832352	-0.011219059291414847	0.34673660556065866	1932801.25	-6819.6875	20.25	20.308289370592846
-1.6574684016713448	-0.9999950112760155	0.013312211638292179	0.19062094543967084	1775015.375	7008.78125	20.34	20.407906116961684
-1.6574684016713448	-0.9999941842049085	0.07673412304242166	0.19062094543967084	1775015.375	30427.21875	20.475	20.580850647207406
-1.6574684016713448	-0.9999939321774063	0.05526401959806719	0.19062094543967084	1775015.375	47593.78125	20.625	20.633960946470424
-2.1935770836241724	-0.9999953051267744	0.03090256193816391	0.11151712821249489	2081165.6	17513.925	19.7	19.7544805238072
-2.1935770836241724	-0.9999951021626219	0.057999300192013076	0.11151712821249489	2081165.6	26720.15	19.925	20.119966587380866
-1.2654047110079196	-0.9999957578927948	0.006382695240913334	0.2821250939015182	1949521.0	3904.25	20.28	20.33367942583732
-1.2654047110079196	-0.9999946767202049	0.07767743416838875	0.2821250939015182	1949521.0	32138.65	20.380000000000003	20.420898798521257
-1.2654047110079196	-0.9999950454943234	0.036343729910253225	0.2821250939015182	1949521.0	15659.75	20.42	20.480076873798847
-1.2654047110079196	-0.999994695389846	0.06051721983112146	0.2821250939015182	1949521.0	30989.9	20.47	20.553576959395656
-2.355379035408437	-0.9999956711172419	0.04247023606407689	0.09485754535132718	2324647.8	23460.775	18.580000000000002	18.76513585865346
-2.355379035408437	-0.9999958105023065	0.03347098275711398	0.09485754535132718	2324647.8	16967.375	18.900000000000002	18.929683262484705
-2.355379035408437	-0.9999955056191147	0.06439288857404768	0.09485754535132718	2324647.8	34469.275	19.09	19.105398017902814
-2.355379035408437	-0.9999957123674705	0.0286672288357787	0.09485754535132718	2324647.8	21315.475	19.07	19.111153383623044
-0.7669753502674211	-0.9999955004466424	-0.017038146214545306	0.46441564074035074	2080611.6666666667	-11634.583333333334	20.02	20.070624901868424
-0.7669753502674211	-0.9999948742915734	0.09621492813704677	0.46441564074035074	2080611.6666666667	42812.5	20.005000000000003	20.13352044052652
-1.958144067694345	-0.9999946312005049	0.036538307719967376	0.1411200873574434	1951967.8	35585.575	19.77	19.785095341539947
-2.0136678498729217	-0.9999951226196678	0.02144186900322725	0.1334981245075738	1923902.1	11890.775	19.75	19.803470701929893
-2.0136678498729217	-0.9999942085684869	0.05016355429213182	0.1334981245075738	1923902.1	69018.7	19.82	19.83269355566377
