-1.350647635294911	-0.9999904508975903	0.011488085942426346	0.25907242185826307	875711.3333333334	4281.35	12.21	12.342723294803488
-1.5705466574638682	-0.999989842503542	0.016162386089430898	0.20793148398512637	840649.25	5108.678571428572	12.215	12.302686189824081
-1.5705466574638682	-0.9999894133259097	0.050105973848389024	0.20793148398512637	840649.25	7328.625	12.280000000000001	12.299086993970713
-1.5705466574638682	-0.9999886453101784	0.07711702168743828	0.20793148398512637	840649.25	13978.0	12.31	12.424771683688222
-1.5705466574638682	-0.9999885053164026	0.06560564250014472	0.20793148398512637	840649.25	15723.84375	12.38	12.384204006325778
-1.9588792035654443	-0.9999942132629538	0.029339546132789395	0.14101638304214567	1655114.8	14438.375	12.58	12.626246638125034
-1.0061466615727488	-0.9999890031770986	0.017176124148645965	0.3656251460391613	818185.5	8081.375	12.33	12.419619319473565
-2.151014859036585	-0.9999933767618765	0.026051147958272264	0.1163660027388549	1423049.8	12395.85	12.370000000000001	12.401174368138882
-2.151014859036585	-0.9999928068146366	0.07207156873256867	0.1163660027388549	1423049.8	27895.625	12.405000000000001	12.421067978694593
-2.151014859036585	-0.9999930632295835	0.08648579249858214	0.1163660027388549	1423049.8	19366.85	12.4	12.432071487554559
-2.151014859036585	-0.9999927613838614	0.06511649152366208	0.1163660027388549	1423049.8	29758.725	12.530000000000001	12.640988895431985
-2.2122870171605498	-0.9999902846136959	0.03607691107879789	0.10945004792299017	948420.1	10038.35	12.68	12.687020624534084
-2.2122870171605498	-0.9999885197343029	0.0797413539501446	0.10945004792299017	948420.1	53535.275	12.82	12.847874181669395
-1.655304912949264	-0.9999892153659041	0.055166266841684394	0.19103379814537214	984010.6666666666	40626.27777777778	12.48	12.56972393314188
-1.655304912949264	-0.9999901359162304	0.08720499342659621	0.19103379814537214	984010.6666666666	16420.777777777777	12.435	12.4631368637902
-1.655304912949264	-0.9999892807468233	0.0988794299569099	0.19103379814537214	984010.6666666666	38094.805555555555	12.5	12.806218476009832
-1.730135911388699	-0.9999927177969802	0.029405311088648467	0.17726031663684036	1294528.4	12418.444444444445	12.950000000000001	13.207562101694865
-1.730135911388699	-0.9999928006578171	0.043510834193716236	0.17726031663684036	1294528.4	11155.225	13.184999999999999	13.343931605210491
-2.0823693582671177	-0.9999941255948541	0.02777158611592878	0.12463455816097933	1616517.6	13306.45	12.41	12.47587951807229
-2.0823693582671177	-0.9999935732727729	0.07756953072504347	0.12463455816097933	1616517.6	32496.475	12.41	12.445372031662268
-2.0823693582671177	-0.9999937520751553	0.08983975892229644	0.12463455816097933	1616517.6	24339.1	12.445	12.50886075949367
-2.0823693582671177	-0.999993357504746	0.07921505515965731	0.12463455816097933	1616517.6	46059.475	12.49	12.548103943796903
-1.202016931696456	-0.9999906732527576	0.009012270406219039	0.3005873359787918	876434.2	3547.5	12.33	12.37831534309946
