-1.9854264513441666	-0.9999981596695867	0.08632644465342881	0.13732204045969676	7252642.6	626094.85	7.95	7.967544277642956
-1.7113801239020252	-0.9999985630599473	0.07164470210452678	0.18061634758579148	8837173.6	327251.95	8.21	8.246527410291302
-1.2842449082950456	-0.9999989895460993	0.0708326859884367	0.2768595590807295	12894076.333333334	455370.9	8.13	8.155979037741627
-0.22784760920046432	-0.9999994182223695	0.08781350116348681	0.7962455910925886	23524965.0	878786.5	7.8	7.848208750979616
-1.7679219100023127	-0.9999983200277004	0.07205861117641765	0.17068732414859403	7461775.1	278054.35	8.11	8.16538439718792
-2.1099351162979154	-0.9999982112660176	0.036296475376134195	0.12124583305668211	6446536.6	101837.05	7.78	7.783226807714457
-2.1621326298543986	-0.9999978817260116	0.028385163423771953	0.11507943731131615	5333089.0	80574.0	7.7700000000000005	7.786006453056718
-2.1621326298543986	-0.9999976534895304	0.08805538487780264	0.11507943731131615	5333089.0	272160.025	7.805	7.833780460112865
-2.0517210162411708	-0.9999983427874052	0.06027351514550835	0.1285135392683567	7306950.1	181527.825	7.84	7.857885773928928
-1.9488811570440996	-0.9999983998042681	0.058206911282522374	0.1424333430125572	7556006.3	178275.15	7.930000000000001	7.939009906930156
-0.6824776520543914	-0.999999193608179	0.10492779167316113	0.5053633254501996	17451997.0	1293868.1666666667	8.145	8.163579943899018
-0.6824776520543914	-0.9999992351714821	0.09698479211605064	0.5053633254501996	17451997.0	626424.4166666666	8.145	8.191396267697465
-1.8188184933518845	-0.9999984753887416	0.06729718055847135	0.16221729857089556	8061522.9	217658.8	8.16	8.173725182361366
-1.8188184933518845	-0.9999984367822913	0.11179309921354016	0.16221729857089556	8061522.9	297126.125	8.275	8.288487364288969
-1.3991471298981175	-0.9999988322952366	0.09822278167497632	0.24680736883063303	11969974.0	1175724.142857143	8.15	8.151180691821159
-1.6480518860280449	-0.9999987912048994	0.07487339168274539	0.19242440839673378	10569112.4	353588.27777777775	8.06	8.156034343274442
-1.6480518860280449	-0.9999987871811913	0.10385232629118567	0.19242440839673378	10569112.4	368949.7	8.245000000000001	8.283747791349407
