-1.797924184377208	-0.9999983949182518	0.054886724286604696	0.16564237462006265	7421569.1	149077.025	9.22	9.554958050391983
-1.9410019732121346	-0.9999986285723117	0.055859365790973656	0.14356003438127407	8719778.7	156144.875	9.09	9.112766713637765
-1.9410019732121346	-0.9999986996391386	0.05208242033363504	0.14356003438127407	8719778.7	84023.1	9.145	9.155115888105158
-1.3157805542141554	-0.9999979022789511	0.026102205140412678	0.2682648462395527	5596289.5	125422.875	9.08	9.171174406144218
-1.3157805542141554	-0.9999979657988904	0.06192297924665495	0.2682648462395527	5596289.5	87901.04166666667	9.26	9.368621773317823
-1.8976094931948995	-0.9999986221155425	0.04848951791649864	0.14992659172209413	8614514.3	142885.425	9.370000000000001	9.46140227071947
-1.742378338966868	-0.9999983008456432	0.02064456362364524	0.1751034496306584	6357141.4	49106.375	8.700000000000001	8.72254159338087
-1.742378338966868	-0.999998223363463	0.05106858512128809	0.1751034496306584	6357141.4	80363.65	8.765	8.94351191259516
-1.742378338966868	nan	nan	0.1751034496306584	6357141.4	nan	8.995000000000001	9.083749273141684
-0.981117930616298	-0.9999978365879593	0.014463885832456103	0.37489176152204956	4839290.0	35219.3125	9.65	9.685335099496815
-0.981117930616298	-0.9999976007485437	0.06271283077189944	0.37489176152204956	4839290.0	110267.5	9.615	9.62802144156765
