-0.7217136738480388	-0.9999993329913305	0.05717869074056471	0.4859188356577047	19763495.0	530948.6666666666	12.450000000000001	12.63318224185664
-0.7217136738480388	-0.9999993230909838	0.09508502610467374	0.4859188356577047	19763495.0	645697.5	12.61	12.720335190215927
-0.7217136738480388	-0.9999993921685335	0.0771814751226491	0.4859188356577047	19763495.0	164862.66666666666	12.785	12.790951799212896
-1.002751121316356	-0.9999992944429171	0.05858055771207589	0.3668687511019484	18695847.25	535515.75	12.790000000000001	12.861207964796874
-1.573816888942998	-0.999999257453013	0.06260419311611773	0.20725261054236016	17670897.125	499553.21875	13.46	13.491200182699405
-1.573816888942998	-0.9999992660684274	0.07187043990948395	0.20725261054236016	17670897.125	429006.34375	13.395	13.522929064821351
-1.573816888942998	-0.9999993270970599	0.05246620857030644	0.20725261054236016	17670897.125	145916.7857142857	13.629999999999999	13.721711501859032
-1.4727705253921548	-0.9999992503764419	0.06584241510492651	0.2292893524096192	17589721.714285713	532675.6071428572	13.450000000000001	13.652712689061103
-1.9178522519511982	-0.9999992888313511	0.07007377954243936	0.14692217532530008	18710874.2	601141.4	13.81	13.989645298630316
-1.6618350782094233	-0.9999992674603888	0.05972070032666143	0.18979038015428398	17828340.333333332	469753.5	13.75	13.765788734696507
-1.1987166490678123	-0.9999992949895425	0.06532096900965091	0.3015809979228367	18808752.2	573988.85	12.68	12.905563907366764
-1.1987166490678123	-0.9999992927650929	0.09226523868900802	0.3015809979228367	18808752.2	598513.55	13.08	13.24215520392881
-1.1987166490678123	-0.9999993627820694	0.07665868729449093	0.3015809979228367	18808752.2	160374.65	13.165	13.18009142896517
-1.8634900616981152	-0.9999992856912976	0.06745759146755549	0.15513027026892867	18578644.9	580059.525	13.75	14.019574020004285
-0.2503736871064048	-0.9999992845187141	0.05682678115650264	0.7785098096302108	18230299.5	462053.5	11.9	12.179653807719195
-0.2503736871064048	-0.999999271995313	0.08900292025534393	0.7785098096302108	18230299.5	580556.125	12.195	12.350814527931302
-2.0935317730854544	-0.9999993451907672	0.04009257438305458	0.12325107141368792	19582977.9	370686.525	13.36	13.373866868310795
-2.0935317730854544	-0.9999993590698892	0.049411898023023086	0.12325107141368792	19582977.9	282466.9	13.280000000000001	13.366065131985897
-2.251604053419134	-0.9999994010490798	0.02936782589547434	0.10523029409829693	20909083.3	274720.925	13.19	13.44594470292001
-2.251604053419134	-0.9999993788775138	0.0619134093715007	0.10523029409829693	20909083.3	436742.7	13.73	14.030956046999092
-1.3499833522743012	-0.9999992390488385	0.06750638440063124	0.25924457644256477	17368120.0	549239.1666666666	13.1	13.168679691407364
-1.8034697659380967	-0.9999992843004468	0.06835084465506723	0.16472633365921757	18462304.1	547687.95	13.51	13.651763831384429
-1.8034697659380967	-0.9999992872425485	0.05787511482121138	0.16472633365921757	18462304.1	518732.125	13.525	13.634930552747555
-1.7370333268108193	-0.9999992616844537	0.061378013541774454	0.17604188543870902	17713758.6	478466.4	13.26	13.346783445698469
-1.7370333268108193	-0.9999992782582653	0.05898425007525608	0.17604188543870902	17713758.6	356737.7	13.21	13.225114253854187
-1.7370333268108193	-0.9999993270657807	0.054776576463388814	0.17604188543870902	17713758.6	150269.80555555556	13.22	13.292569908088932
-2.278709159624927	-0.9999993708963419	0.04323069300197683	0.10241632455247197	21339005.5	676335.775	14.0	14.254684449462287
-2.278709159624927	-0.9999993875837927	0.06260070974510223	0.10241632455247197	21339005.5	473710.05	14.39	14.519780301074643
-2.278709159624927	-0.9999994599534391	0.02989883370440888	0.10241632455247197	21339005.5	101118.325	14.405000000000001	14.469310114760157
-2.193638070271451	-0.9999993403916617	0.03766834970153101	0.11151032736411366	19322843.6	343006.9	13.0	13.105159660694309
-2.193638070271451	-0.9999993410791785	0.05935325238328173	0.11151032736411366	19322843.6	338480.25	13.290000000000001	13.348596899586154
-2.193638070271451	-0.9999993862377696	0.0427715758329382	0.11151032736411366	19322843.6	141439.1	13.290000000000001	13.387405432779184
-2.1296044468611397	-0.9999993291272288	0.04388648185846839	0.11888430961500979	19191816.2	390531.675	12.85	12.874457895334414
