-2.0380223390819188	-0.9999994682586966	0.01942868557900452	0.13028611802629053	23611334.2	283542.725	11.88	11.884543971544216
-1.9528144339459617	-0.9999994668563377	0.02576373047885561	0.14187421356075175	23746633.0	315011.275	12.35	12.484783979632336
-1.9528144339459617	-0.9999994638445479	0.05831276341709986	0.14187421356075175	23746633.0	338366.125	12.36	12.380537701307343
-0.724307556791218	-0.999999546123467	0.0625167477428904	0.484660052352177	30256492.333333332	920535.4166666666	12.16	12.552679350150425
-2.2028094711754047	-0.9999992734234497	0.029597918975773806	0.11049229696531068	17358821.0	300291.5	11.6	11.603950469133434
-1.7919553691694285	-0.9999995106756188	0.032853174938650566	0.16663401987429446	26846437.6	507176.575	11.88	11.932293468882346
-1.7919553691694285	-0.999999532704084	0.0385152528561272	0.16663401987429446	26846437.6	280752.025	12.17	12.309352440425416
-1.3498566853177831	-0.999999485293029	0.04611612426901877	0.2592774162438715	25625487.166666668	534782.2916666666	12.25	12.33494179786911
-1.200089644938162	-0.9999995265290008	0.045361138546152154	0.30116721258589507	28038943.4	582814.85	12.14	12.247651235166195
-1.200089644938162	-0.9999995887095555	0.01262650722272381	0.30116721258589507	28038943.4	101940.0	12.25	12.257846260332814
-1.200089644938162	-0.9999995604232673	0.04771999713997872	0.30116721258589507	28038943.4	225316.8	12.27	12.332221678166274
-1.9040970907592758	-0.9999995031496149	0.018328430392682424	0.14895707664311977	24820233.7	226825.95	12.36	12.566311132096809
-2.0755678195774534	-0.9999994295143049	0.019944181558394655	0.12548515433265436	21641221.5	230038.725	11.74	11.775815905239785
-2.0755678195774534	-0.9999994180534375	0.06037553896253192	0.12548515433265436	21641221.5	294793.7	11.765	11.767197974469578
-1.652802920290643	-0.9999995246229108	0.031106541965976977	0.19151236173752817	27193278.555555556	411292.19444444444	11.84	12.007559499461701
-1.652802920290643	-0.9999995434343748	0.03340363237158771	0.19151236173752817	27193278.555555556	246597.36111111112	12.035	12.09386374857904
-1.652802920290643	-0.9999995457847837	0.054340363596956535	0.19151236173752817	27193278.555555556	231329.08333333334	12.15	12.154046768453563
-1.7271243020207967	-0.9999995208532695	0.029538846808105982	0.1777949601315678	26904626.5	396829.225	12.120000000000001	12.347389082295413
-2.1426521913320706	-0.9999993904212563	0.016550688594178475	0.1173432133004336	19731686.6	167378.125	11.1	11.155933946532512
-2.1426521913320706	-0.9999993611754583	0.059341284774881674	0.1173432133004336	19731686.6	298069.6	11.32	11.479481970711728
-2.1426521913320706	-0.9999994052297493	0.040939608132865006	0.1173432133004336	19731686.6	124967.9	11.6	11.680662208997962
-2.1734587290235097	-0.9999993579830303	0.021507559157571108	0.11378338962906773	19020412.4	201072.85	11.72	11.79139044981204
-0.25406495698790066	-0.9999994951793458	0.04631827741141307	0.7756414170799214	26254051.5	570110.625	12.09	12.308013622298496
-2.230165535379817	-0.9999992599700728	0.02930803626114001	0.10751063184943505	16755006.4	242607.95	11.55	11.575778857847396
