-1.406203432326308	nan	nan	0.24507195141046922	12986523.285714285	nan	8.48	8.502525530204055
-1.406203432326308	-0.9999990882167185	0.04574116135167006	0.24507195141046922	12986523.285714285	138813.64285714287	8.530000000000001	8.545165467466436
-1.8764756357848413	nan	nan	0.15312883765126709	10892014.2	nan	8.63	8.645223375982198
-0.6838492907465926	-0.9999992058314782	0.07431335138936349	0.5046706247355472	17113104.666666668	798657.75	8.39	8.835852312283237
-0.9549815208366644	-0.9999990470136326	0.0846776566480158	0.3848192556251544	14303226.25	831326.9375	8.66	8.805140495584409
-0.22633011502797112	-0.9999990603592194	0.06855476654332573	0.797454806393484	14712066.0	1008582.25	8.34	8.341858553371798
-1.9193394391896674	nan	nan	0.14670383693638303	10198752.8	nan	8.5	8.56762476282776
-2.0629197897007447	nan	nan	0.12708237386133175	8316904.3	nan	8.41	8.441992277418876
-2.0629197897007447	-0.999998469959879	0.09018763666092382	0.12708237386133175	8316904.3	336110.175	8.45	8.48849009691535
-1.719907739715211	nan	nan	0.17908266936742104	13076320.7	nan	8.8	8.806139984397143
-1.5844492499726852	nan	nan	0.20506069920811695	12104273.777777778	nan	8.540000000000001	8.573166680735966
-1.5844492499726852	-0.9999989797190685	0.07092200808336677	0.20506069920811695	12104273.777777778	230903.55555555556	8.63	8.663338892630316
-1.6558665827222858	nan	nan	0.19092653036268387	12190342.6	nan	8.620000000000001	8.698123908970622
-1.6558665827222858	-0.9999989804838355	0.07509795199403638	0.19092653036268387	12190342.6	249757.9	8.78	8.793793313693799
-1.6558665827222858	nan	nan	0.19092653036268387	12190342.6	nan	8.795000000000002	8.806922174534128
-1.9959862999857176	nan	nan	0.13587957003614468	9190909.9	nan	8.55	8.601727422646746
-1.1456909289214545	nan	nan	0.3180041236219369	14146431.0	nan	8.71	8.739735285068319
