-1.8053154845537303	-0.9999987731153941	0.0833517263088616	0.16442257561087367	10395409.9	345920.925	9.93	10.205255310364738
-2.065123707537652	-0.999999002841903	0.07468912312989018	0.12680260315988498	12996610.6	424927.2	10.450000000000001	10.470013428919476
-0.7041574147878699	-0.9999986762759486	0.08206159354009387	0.49452507827942066	9500761.333333334	289636.75	9.77	9.772549879892013
-0.7041574147878699	-0.9999987000139604	0.06351957844333668	0.49452507827942066	9500761.333333334	231157.08333333334	9.700000000000001	9.731484065196579
-0.2408752587881322	-0.9999987424181234	0.1015712699655229	0.7859396593394048	10179815.5	362924.0	9.68	9.869101209469592
-2.1290025111754667	-0.9999992773159756	0.08001207945439004	0.11895589186522777	18290573.0	550346.35	10.58	10.767230659348389
-2.1290025111754667	-0.9999992739409598	0.09407768630774574	0.11895589186522777	18290573.0	585390.35	10.844999999999999	11.185851127488228
-2.1290025111754667	-0.9999993125238391	0.10187131328249377	0.11895589186522777	18290573.0	289042.625	11.545	11.59784361071018
-1.6846305027633746	-0.9999984795246518	0.07959313869928039	0.18551296582188348	8164466.5	246191.75	9.76	9.83893147094295
-1.9915136475641253	-0.9999989473032639	0.0736465237214373	0.13648867326221512	12193982.2	375706.15	10.28	10.463982079109588
-1.7482460394256836	-0.9999986049718836	0.08389095438630872	0.17407900354958736	9025875.5	294003.425	9.700000000000001	9.814954680714363
-1.7482460394256836	-0.9999986021207754	0.08774276420751387	0.17407900354958736	9025875.5	301667.45	9.96	10.014230438603581
-1.7482460394256836	-0.9999987080978033	0.0871785754444896	0.17407900354958736	9025875.5	115906.575	9.955000000000002	9.958124858287356
-1.9507684842342483	-0.9999989393121318	0.07681139699245752	0.14216477820605566	12117940.9	382066.625	10.3	10.381828057544741
-1.9507684842342483	-0.9999989502551064	0.08098581595591874	0.14216477820605566	12117940.9	334617.575	10.32	10.34590900642625
-1.9507684842342483	-0.9999990268732194	0.08141053899235076	0.14216477820605566	12117940.9	132228.3	10.305	10.334136573309719
-1.3130194268193225	-0.9999986210148119	0.07877620728259256	0.269006583199456	9049826.166666666	262911.4166666667	9.76	9.848887272477691
-1.3130194268193225	-0.9999985825709647	0.10369695743634316	0.269006583199456	9049826.166666666	372310.5833333333	9.86	9.960788699925773
-1.3130194268193225	-0.9999987081318901	0.09539604618986804	0.269006583199456	9049826.166666666	119512.16666666667	9.99	9.994407409461482
-1.906336376730084	-0.9999988938445791	0.07534328316724559	0.14862389233783713	12151563.9	687981.225	10.3	10.373676269078908
-1.906336376730084	-0.9999989485733414	0.08367432160039957	0.14862389233783713	12151563.9	353795.875	10.3	10.351214934510649
-1.906336376730084	-0.9999990383824313	0.07048139430724011	0.14862389233783713	12151563.9	118794.325	10.395	10.409876919314158
-1.4309828848643145	-0.9999985612068228	0.07919111697071488	0.2390738246820298	8635994.0	249049.07142857142	9.96	9.960427702668744
-2.0981927345759694	-0.9999990987306494	0.07906711800566689	0.12267793962634498	14586474.9	512133.6	10.49	10.546311160498947
-2.0981927345759694	-0.9999991336758594	0.07410169781572308	0.12267793962634498	14586474.9	307617.4	10.625	10.666599137215998
-1.6123491595283546	-0.9999985439450446	0.0740956343952979	0.19941859729524952	8477808.888888888	229613.16666666666	9.64	9.762211834044653
-1.6123491595283546	-0.9999985129243781	0.0871733332036184	0.19941859729524952	8477808.888888888	298683.44444444444	9.695	9.702895698611416
-1.6123491595283546	-0.9999986121311553	0.11010285877101338	0.19941859729524952	8477808.888888888	128808.11111111111	9.684999999999999	9.70529140219273
