-2.109520620324398	-0.9999988890150426	0.03378915269292712	0.1212960993831652	10735029.5	151213.75	11.82	11.82044685465574
-1.0063473519969475	-0.9999991594591807	-0.005661008502093786	0.36555177593608973	12290063.75	-30646.3125	11.96	12.0619111583518
-1.0063473519969475	-0.9999989627436836	0.09229665793566474	0.36555177593608973	12290063.75	343844.0	12.004999999999999	12.119464890182027
-1.4663013927307988	-0.9999991775669075	0.01748777891236692	0.23077746385362147	14027822.0	102430.03571428571	11.56	11.906796406858058
-1.4663013927307988	-0.9999991069634367	0.055541280277519464	0.23077746385362147	14027822.0	275778.78571428574	12.07	12.081087070869527
-1.4663013927307988	-0.9999992104912219	0.04011889022294481	0.23077746385362147	14027822.0	64542.107142857145	12.08	12.08641573966082
-1.6510976433258684	-0.9999991410573729	0.023153026420407584	0.19183922197087377	13736496.111111112	133099.80555555556	11.81	12.063103017691793
-1.8497105093373567	-0.9999991438123144	0.024607712265297677	0.15728269159434982	13859736.5	142419.0	12.3	12.367179346961123
-1.8497105093373567	-0.9999991161234927	0.04297325508484113	0.15728269159434982	13859736.5	209042.05	12.35	12.35809180979328
-1.8497105093373567	-0.999999164694757	0.06571200647037984	0.15728269159434982	13859736.5	106627.975	12.38	12.389978066133374
-2.255570511007931	-0.9999986575876493	0.045252253733815716	0.10481372928916717	9435663.2	316965.325	11.36	11.400582695775329
-2.255570511007931	-0.9999986713866649	0.07905640953464944	0.10481372928916717	9435663.2	278269.225	11.34	11.49705422963092
-2.255570511007931	-0.9999987703033104	0.0827020242099831	0.10481372928916717	9435663.2	109425.0	11.565000000000001	11.58426588619239
-1.9957600416197843	-0.9999989039547009	0.044847672211613246	0.1359103174039183	11202015.2	214896.425	11.9	11.99188045175229
-1.9957600416197843	-0.9999989042552853	0.05552368994490356	0.1359103174039183	11202015.2	214174.05	11.92	11.931838355136003
-1.9957600416197843	-0.9999989719643692	0.06642461711032394	0.1359103174039183	11202015.2	100314.025	11.995000000000001	11.998363020878449
-1.951658978683703	-0.9999990469490884	0.03643032296012138	0.14203823761036624	12783541.4	195508.8	12.01	12.081677757386972
-1.7908362258085588	-0.9999991512698367	0.02424692240930656	0.1668206116233152	13973356.7	141435.95	12.27	12.279280968799654
-1.348985242080893	-0.9999994255586195	-0.0005249989508057366	0.2595034602727007	13902932.833333334	-2939.75	11.25	11.391803859185508
-1.348985242080893	-0.9999991050569136	0.05004094349484914	0.2595034602727007	13902932.833333334	253299.95833333334	11.46	11.563440522706067
-1.7249656016549255	-0.9999990779088745	0.03181220922567878	0.17817918073642877	13358098.3	223547.55	12.15	12.16207681558399
-1.7249656016549255	-0.9999990722975384	0.0508817964684006	0.17817918073642877	13358098.3	240948.025	12.295000000000002	12.328893180410697
-1.7249656016549255	-0.9999991375049543	0.06128214667862094	0.17817918073642877	13358098.3	100839.325	12.280000000000001	12.31231586533293
