-1.3263351501416154	-0.9999965047717657	0.1207382375094334	0.2654483090386737	3519215.5	219796.375	10.75	10.901868000034304
-1.3263351501416154	-0.9999967524530408	0.10805111099488357	0.2654483090386737	3519215.5	91932.20833333333	10.870000000000001	10.91255120998973
-1.5441075403926583	-0.999996560595791	0.11137527884329351	0.21350232842678754	3552915.5	202786.21875	10.78	10.781049866635463
-1.5441075403926583	-0.9999967752081114	0.11359963524056485	0.21350232842678754	3552915.5	94599.03125	10.8	10.825795132993775
-1.5441075403926583	-0.9999969771347896	0.08025945173226795	0.21350232842678754	3552915.5	46164.34375	10.805	10.820112827259063
-1.9240805827467153	-0.9999969235906152	0.09866304560062222	0.14600993921925443	3924485.8	175136.2	10.64	10.65482898796886
-1.9240805827467153	-0.999996973168092	0.13071093373177198	0.14600993921925443	3924485.8	144170.5	10.66	10.692694729045797
-0.7111110707382413	-0.9999950090374675	0.13050359894108426	0.4910982493292005	2299326.0	96359.33333333333	10.57	10.637303864644823
-1.8765857406803734	-0.9999966761831498	0.10274530910136132	0.15311197834475768	3879816.3	398632.925	10.58	10.586809903260706
-0.24613037909069477	-0.9999943411546487	0.10918078834840536	0.7818202852623422	1922759.0	53134.25	10.59	10.617098701833918
-0.24613037909069477	-0.9999943032244142	0.10498672838655755	0.7818202852623422	1922759.0	57154.25	10.635000000000002	10.649930491541891
