-1.5438797198580407	-0.9999989891880586	0.07424299213527566	0.21355097418243246	12557647.375	325597.375	11.040000000000001	11.160227254213478
-1.5438797198580407	-0.9999989643732198	0.11813254144979751	0.21355097418243246	12557647.375	444645.96875	11.184999999999999	11.201666721762317
-1.5438797198580407	-0.9999989806334142	0.1109266297623223	0.21355097418243246	12557647.375	362523.0625	11.18	11.232485233229497
-1.9689169693205424	-0.9999988021090751	0.04383992334372901	0.1396079740866669	10111445.1	182116.675	10.120000000000001	10.132271302866874
-1.9689169693205424	-0.9999987346539031	0.1162397538007986	0.1396079740866669	10111445.1	360221.65	10.145	10.217731997925044
-2.0082592355204225	-0.9999985932798261	0.05740764238553602	0.1342221205225089	8694981.6	205130.4	10.120000000000001	10.287812061755195
-0.24479411260319303	-0.9999975873316923	0.09602528149471241	0.7828657038321284	5171974.0	262565.0	10.47	10.472999397514268
-0.24479411260319303	-0.9999976801539897	0.08911431139361949	0.7828657038321284	5171974.0	162458.375	10.545000000000002	10.604848751360114
-0.24479411260319303	-0.999997792712045	0.14602748574752014	0.7828657038321284	5171974.0	90764.625	10.57	10.595603080445416
-1.1769802657081343	-0.9999986536232067	0.10123364926677313	0.3082080411624758	9489357.2	353715.25	10.51	10.516412021523363
-1.1769802657081343	-0.9999985786809689	0.12014147227440654	0.3082080411624758	9489357.2	720285.25	10.6	10.8370038676056
-2.045399099806868	-0.9999984874683988	0.05175787299855401	0.12932856467104872	7971944.3	172441.25	10.4	10.423200343753095
-2.045399099806868	-0.9999984275873018	0.11066486224136537	0.12932856467104872	7971944.3	277946.2	10.375	10.412947009184261
-1.4452597703926837	-0.999998875062138	0.08683890041717714	0.23568484465844425	11531766.857142856	430420.89285714284	11.01	11.031311320774638
-2.0801201921914623	-0.9999981519474107	0.05574344150736075	0.12491519746494334	6543514.2	178573.0	10.32	10.329701195167694
-2.0801201921914623	-0.9999981165440686	0.10515502936712152	0.12491519746494334	6543514.2	225126.15	10.4	10.435003392699159
