-2.191564166303299	-0.999999227009609	0.06766886466473335	0.11174182904767854	16650726.1	388811.025	17.62	17.705071504533752
-1.6261040475243862	-0.9999991276727066	0.038421657208534986	0.19669439532239053	13673618.125	151427.71875	16.88	16.98952086567737
-1.6261040475243862	-0.9999991155428897	0.0676234043390326	0.19669439532239053	13673618.125	178746.375	17.01	17.085603692712628
-1.7914730990083023	-0.9999991151660067	0.046312607075416665	0.1667144018712697	13663920.0	178134.7	16.63	16.822348533168743
-1.7914730990083023	-0.9999990473634582	0.045621842491071755	0.1667144018712697	13663920.0	449885.0	16.865000000000002	16.87466786901426
-1.9754939328250685	-0.9999990637109526	0.06732294366022336	0.13869279039997573	13401359.2	281402.775	17.13	17.217944975317568
-2.3183203059974375	-0.9999992267243086	0.04862768551596645	0.0984387938675331	16164240.0	268179.05	17.26	17.314883918930544
-2.3183203059974375	-0.9999992360029956	0.06576496547838367	0.0984387938675331	16164240.0	230827.65	17.255000000000003	17.267153608081745
-2.3183203059974375	-0.9999991920429155	0.06530031066668625	0.0984387938675331	16164240.0	469775.45	17.295	17.316464894479335
-2.0254629405420284	-0.9999990969476411	0.08303023710169298	0.1319327520283987	14198136.7	370147.975	17.1	17.25745782442441
-2.0254629405420284	-0.9999991486923241	0.06017751534242845	0.1319327520283987	14198136.7	177544.6	17.305	17.305250864563497
-2.0254629405420284	-0.9999991670240835	0.04449655205016436	0.1319327520283987	14198136.7	136857.925	17.314999999999998	17.3992312305872
-2.114371437311766	-0.9999991859766214	0.07815298122907662	0.12070913897349077	15910717.1	421549.85	17.66	17.764510863648745
-2.114371437311766	-0.9999992065888615	0.08570650640084894	0.12070913897349077	15910717.1	303682.15	17.655	17.787576461683454
-2.114371437311766	-0.9999992183650772	0.07462965174919729	0.12070913897349077	15910717.1	251794.4	17.840000000000003	17.87013891322424
-1.3985467918890047	-0.9999991986106035	0.020145052696569302	0.24695558115936697	14071460.0	78960.75	16.77	16.832986185736374
-1.3985467918890047	-0.9999991526065086	0.054763940034944066	0.24695558115936697	14071460.0	150852.375	16.835	16.846159188089416
-1.5225497839740418	-0.9999991401716452	0.03563977671516534	0.21815492925059277	13779334.0	139784.17857142858	16.72	16.878344530044192
-1.5225497839740418	-0.9999991060827532	0.0513518747979337	0.21815492925059277	13779334.0	223592.35714285713	16.85	16.906266088693986
-1.5225497839740418	-0.9999991599347227	0.033498092802129426	0.21815492925059277	13779334.0	106460.64285714286	16.86	16.950065240271158
-1.5225497839740418	-0.9999991329948654	0.036894487970920785	0.21815492925059277	13779334.0	154314.32142857142	16.9	16.91130361434548
-2.071606791997454	-0.9999990989121618	0.09044274201087985	0.12598319020558993	14384403.9	425750.625	17.39	17.543129628519306
-2.071606791997454	-0.9999991310342102	0.08183695345500318	0.12598319020558993	14384403.9	268216.875	17.59	17.678708160130146
-2.071606791997454	-0.9999991560894399	0.06373964100270191	0.12598319020558993	14384403.9	187052.575	17.660000000000004	17.661304386671908
-0.26956954333083877	-0.9999991372825312	0.026628761240011106	0.7637081668658574	13476949.5	112060.125	17.09	17.190676055224476
-1.9203224810802333	-0.9999990865004655	0.06392563600629425	0.14655969178113892	13653473.9	261042.425	17.05	17.087497334334774
-1.9203224810802333	-0.9999991190324155	0.058085280843704644	0.14655969178113892	13653473.9	167420.175	17.095	17.164300202467413
-1.9203224810802333	-0.9999991350691532	0.043812905314610906	0.14655969178113892	13653473.9	134497.825	17.11	17.1678955873516
-1.8593643842502452	-0.9999990923576789	0.06813018525917726	0.15577160979677454	13843836.7	286429.75	16.98	17.108743796980853
