-2.1128360613900576	-0.9999994703790075	0.046000374427186505	0.12089461523045383	24220324.0	372349.925	16.89	16.98626934568273
-2.1128360613900576	-0.9999994937458639	0.0487994168910889	0.12089461523045383	24220324.0	211426.875	16.935000000000002	16.9600839524902
-2.1128360613900576	-0.9999994595589571	0.09296605348239702	0.12089461523045383	24220324.0	483910.425	16.97	16.98743943981099
-2.340786528050497	-0.9999996322329865	0.058392441073002586	0.09625190362858525	37066664.1	832255.825	17.97	18.100384620845777
-2.340786528050497	-0.9999996236675951	0.04971260579122773	0.09625190362858525	37066664.1	1143250.375	18.055	18.05792048559419
-1.519310137117948	-0.999999531449804	0.06863672072053151	0.2188628202205305	29175221.14285714	864627.8214285715	16.59	16.760353941367473
-1.519310137117948	-0.9999995320315703	0.06385592546142314	0.2188628202205305	29175221.14285714	850076.1785714285	16.845	16.93724409902172
-1.519310137117948	-0.9999995623589375	0.07514498218779556	0.2188628202205305	29175221.14285714	350905.39285714284	16.805	16.869962530346022
-1.519310137117948	-0.9999995539969628	0.06776495738504337	0.2188628202205305	29175221.14285714	447859.5714285714	16.865000000000002	17.034425547302565
-2.024442287001526	-0.999999502590649	0.031070622728944782	0.1320674784016439	25136976.9	269241.4	16.8	16.9923396282662
-2.024442287001526	-0.9999995105224483	0.046593437594430305	0.1320674784016439	25136976.9	220572.425	17.07	17.103640237443045
-0.7495561147263833	-0.9999995840472563	0.10842996322262251	0.4725762758405797	34818322.0	1948900.75	16.580000000000002	16.893623609719622
-2.070318024569698	-0.9999994298010091	0.057363328296623356	0.12614565790662502	24564205.8	1210427.95	16.82	16.85919912246893
-2.070318024569698	-0.9999994692970877	0.08456616478189058	0.12614565790662502	24564205.8	458765.0	16.895	16.904379689481775
-2.070318024569698	-0.9999994690763853	0.0734243891741954	0.12614565790662502	24564205.8	461258.9	16.92	16.939714951968405
-2.283541709667916	-0.9999995691373441	0.06799100066491624	0.10192258650663767	31582058.7	812221.575	17.05	17.562974880253496
-2.283541709667916	-0.9999995975045901	0.047603729014877014	0.10192258650663767	31582058.7	331582.075	17.715	17.77721237162793
-2.283541709667916	-0.9999996015019709	0.05213359435349347	0.10192258650663767	31582058.7	292255.8	17.745	17.82289611618176
-2.283541709667916	-0.9999996050602102	0.03561066576122709	0.10192258650663767	31582058.7	261191.15	17.82	17.84049990499024
-1.8586201147411117	-0.9999995309470184	0.04379698121893819	0.1558875890108775	27804653.5	461322.875	17.1	17.221191879649638
-1.711988246102713	-0.9999995626594013	0.06391200144967887	0.1805065441653501	31042195.333333332	787021.6388888889	17.3	17.347019227193737
-1.711988246102713	-0.9999995699008305	0.07106888379396499	0.1805065441653501	31042195.333333332	628581.4166666666	17.335	17.409369565856395
-1.711988246102713	-0.999999570788801	0.09784714772684927	0.1805065441653501	31042195.333333332	611491.4444444445	17.42	17.553862689724443
-2.2214286352219355	-0.9999994470963713	0.044732237188460304	0.10845405680942466	23266052.0	386111.7	15.72	16.125063321385728
-2.2529530982299497	-0.9999994864720403	0.06254529293731928	0.10508842942851658	25962333.2	616850.75	16.5	16.852817831829675
-2.2529530982299497	-0.9999995392345291	0.028460808989654227	0.10508842942851658	25962333.2	156770.825	16.995	17.157307261679843
-2.2529530982299497	-0.9999995311185211	0.04255250746314007	0.10508842942851658	25962333.2	193542.425	17.205	17.252817971800965
-2.2529530982299497	-0.9999995315494339	0.030568216231866813	0.10508842942851658	25962333.2	191389.225	17.21	17.21034990654967
-0.26822134457894586	-0.9999995667574886	0.09872430241700017	0.7647384916484661	32963813.5	1593310.875	16.55	16.6301370121145
-0.26822134457894586	-0.9999995943675446	0.07026461247166862	0.7647384916484661	32963813.5	641260.5	16.585	16.592585524129582
-0.26822134457894586	-0.9999996055519662	0.10047978957291234	0.7647384916484661	32963813.5	443524.875	16.58	16.64743548722447
-0.26822134457894586	-0.9999996233392712	0.0444192994913176	0.7647384916484661	32963813.5	246759.625	16.575000000000003	16.575933839505097
-2.1882137429773967	-0.9999994679164885	0.04278127831516073	0.11211683934902816	24091984.5	369145.075	15.8	16.047056854925614
-2.3129482444465963	-0.9999995980811246	0.05602772821030414	0.09896903609894227	34756988.3	1166465.5	17.8	17.92881342700764
-2.3129482444465963	-0.9999996318993141	0.06030667368846848	0.09896903609894227	34756988.3	360075.3	17.97	18.002004192234445
