-2.2074886092655768	-0.9999997758573496	0.023833160039261524	0.10997649594310767	59771055.2	658184.925	19.080000000000002	19.095183366942127
-2.2074886092655768	-0.9999997958250165	0.017569195046810367	0.10997649594310767	59771055.2	199535.85	19.165	19.246684503055583
-2.2074886092655768	-0.9999997821814167	0.04819751000188811	0.10997649594310767	59771055.2	451009.8	19.235	19.26112066919186
-1.8671982214077048	-0.9999997338993255	0.0375236134196319	0.15455608768927245	52837164.7	1276974.775	19.21	19.50155805317537
-1.797888949274173	-0.9999997058507207	0.04563543085862351	0.16564821114902406	46760067.4	940755.975	18.66	18.991498194877718
-2.0854543231516427	-0.9999997800366189	0.03270484045754952	0.12425065739031822	62845539.9	1008239.65	19.21	19.590062993498833
-2.2425599132168776	-0.9999997634761931	0.027822855984565176	0.1061863283689607	57072014.4	728606.25	19.150000000000002	19.257397646963327
-2.390517686742888	-0.999999703528159	0.03573931738440728	0.09158226068114556	46668508.4	1020596.3	19.0	19.004844242531107
-2.390517686742888	-0.9999997074022243	0.047029739186444305	0.09158226068114556	46668508.4	851794.5	18.884999999999998	18.89146207913661
-1.524868751551972	-0.9999996102216039	0.03582221653083239	0.21764962116567366	33514881.42857143	471358.6785714286	17.48	17.54293614476107
-1.524868751551972	-0.9999996178228394	0.05311880766959804	0.21764962116567366	33514881.42857143	365353.0714285714	17.380000000000003	17.447370914342887
-1.524868751551972	-0.9999996249903764	0.04609164173413117	0.21764962116567366	33514881.42857143	287333.71428571426	17.515	17.533304288842103
-1.04208496266393	-0.9999996168569538	0.041153118866657255	0.3527185098558619	33919539.5	440662.0	17.28	17.556209193701672
-1.6284037527156563	-0.9999996705540062	0.04715580893679718	0.19624257592520644	41343238.375	822713.28125	17.580000000000002	18.104890432156637
-1.6284037527156563	-0.9999996833164939	0.05404341827401185	0.19624257592520644	41343238.375	485395.65625	18.415	18.669673599282696
-1.6284037527156563	-0.9999996643457524	0.07016863403988019	0.19624257592520644	41343238.375	1063453.96875	18.575000000000003	18.67116709297394
-2.129108173883723	-0.9999997775357283	0.033270649978269104	0.11894332332755488	65119190.1	1956548.85	19.22	19.260621178865854
-2.129108173883723	-0.9999997995243503	0.05023154463591933	0.11894332332755488	65119190.1	467338.825	19.35	19.361362471272184
-1.7189370497868857	-0.999999694956152	0.04258348051350683	0.17925658750755105	44689125.333333336	832460.9166666666	18.5	18.81985453566436
-1.7189370497868857	-0.9999997095805668	0.04667544257960703	0.17925658750755105	44689125.333333336	433041.19444444444	18.675	18.67724514261133
-1.7189370497868857	-0.999999714025447	0.05206562793147112	0.17925658750755105	44689125.333333336	355027.25	18.520000000000003	18.63265471786415
-1.7189370497868857	-0.9999996989769248	0.0729756170019816	0.17925658750755105	44689125.333333336	695548.8333333334	18.645000000000003	18.754584626807937
-2.30665197456599	-0.999999739151842	0.026874278732380425	0.09959413769915898	52521294.3	890984.0	19.19	19.23459156958426
-1.400252641911911	-0.9999995889162627	0.04372399291211956	0.2465346710823897	31904269.5	496492.8333333333	17.04	17.257618243838557
-1.9867028495122514	-0.9999997488318437	0.033169984087253496	0.1371468746732424	55875146.0	1244266.3	19.150000000000002	19.17836062068087
-0.26993849124370933	-0.9999995716901252	0.05759162552637195	0.7634264503042144	32391262.5	1059700.25	17.36	17.416254943619368
-0.26993849124370933	-0.9999995998430228	0.05443927909042429	0.7634264503042144	32391262.5	425741.375	17.54	17.57821573220026
