-0.7590168725641463	-0.9999996567533848	0.0726851971585207	0.46812642878826394	43158245.666666664	2713965.4166666665	18.650000000000002	18.666637702484117
-0.7590168725641463	-0.9999996949714783	0.09343585394694409	0.46812642878826394	43158245.666666664	521515.3333333333	18.685000000000002	18.715877240307634
-1.0492671364595663	-0.999999638068917	0.05142490602059904	0.35019429972571364	38138610.0	988108.125	18.66	18.99568067142625
-1.6433358444530732	-0.9999995796592683	0.04906400342762883	0.19333403313489686	32240728.125	768418.625	18.8	18.82456106074832
-2.0454344905946438	-0.9999995003261428	0.025696587786369445	0.12932398771225462	24978056.7	263254.925	17.97	18.22352276416636
-2.0454344905946438	-0.9999995131099485	0.04305317675485722	0.12932398771225462	24978056.7	191293.1	18.355	18.376566279088312
-2.0454344905946438	-0.9999995099375528	0.04860734091139564	0.12932398771225462	24978056.7	207068.05	18.21	18.231559237597338
-2.0454344905946438	-0.9999994880486549	0.05710340012415632	0.12932398771225462	24978056.7	357734.7	18.305	18.374602530906525
-1.253950101103573	-0.9999996365625697	0.05883432337991037	0.28537530621570234	38386848.8	1145345.4	18.8	19.113762119127266
-1.253950101103573	-0.9999996568101078	0.08883891261822426	0.28537530621570234	38386848.8	526484.2	19.1	19.1217939476675
-0.2730231272464769	-0.9999997204460842	0.06472469363397527	0.7610751858519841	51431133.5	1754639.875	18.93	18.978244415901074
-0.2730231272464769	-0.9999997404498239	0.08884896275235953	0.7610751858519841	51431133.5	627160.75	18.78	18.877273762177847
-0.2730231272464769	-0.9999997413470331	0.09700008762556898	0.7610751858519841	51431133.5	598878.25	18.835	18.97440001195699
-1.878933337164524	-0.999999563484251	0.027674798544613282	0.15275295478882076	29379940.3	371314.225	18.25	18.3082918243033
-1.878933337164524	-0.9999995342506848	0.05428377033900999	0.15275295478882076	29379940.3	876494.7	18.26	18.27846525884238
-1.8104584870848384	-0.9999995576144247	0.05126934155257925	0.16357912069287256	32375005.7	1659845.225	18.17	18.18368654924089
-2.274522353349177	-0.9999996205150685	0.006810945660322383	0.10284602076255098	29356804.1	68902.675	16.17	16.273337229737567
-2.274522353349177	-0.9999995898366812	0.033409571175436616	0.10284602076255098	29356804.1	169579.7	16.335	16.369394492016482
