-2.214018411577957	-0.9999994562209633	0.03997271727452166	0.10926071067705516	23391126.4	334235.525	17.88	17.976609454581535
-2.3102344923254163	-0.9999993656824792	0.041222727753239805	0.09923797828675229	20532041.3	453083.325	17.88	17.922484460959087
-2.2800524077033573	-0.9999994090751034	0.038969791664922156	0.1022788463756365	21276119.4	288538.9	17.97	17.980508128877243
-1.8128829181499433	-0.9999996560030798	0.04015009088369092	0.1631830147508591	38642562.0	592982.775	18.64	18.750781921684887
-1.8128829181499433	-0.9999996758890056	0.02982397386514907	0.1631830147508591	38642562.0	274986.025	18.76	18.769120131505733
-1.6460183018503753	-0.9999996832896973	0.03845423411986432	0.19281611778105823	42104306.75	618384.75	18.76	18.785121351543122
-2.24792495916607	-0.9999994253791188	0.04253462243229974	0.10561815932742673	22196718.3	346173.35	17.97	18.0188318371593
-1.4147099239434806	-0.9999997065697761	0.03718055037699	0.2429960905740883	45822392.0	690846.75	18.92	19.169087140141553
-2.09502882286031	-0.9999994873615348	0.06308783233640623	0.12306669646864682	25865659.4	573624.45	18.650000000000002	18.743483638177814
-2.09502882286031	-0.9999995203926526	0.04688025674350589	0.12306669646864682	25865659.4	244105.6	18.695	18.72279613718854
-2.09502882286031	-0.9999995173598035	0.053463772121513826	0.12306669646864682	25865659.4	264026.075	18.8	18.810484306054146
-2.0489113492853064	-0.9999995104413838	0.04728857145422722	0.128875127246045	26681584.3	470804.1	18.75	18.80053972019098
-2.0489113492853064	-0.9999995328757986	0.047935253801484896	0.128875127246045	26681584.3	258748.0	18.755000000000003	18.770782357564965
-2.3387064409105904	-0.9999993852398208	0.03479210204065695	0.09645232434953238	20078416.8	229442.275	17.91	17.952847055631167
-2.3387064409105904	-0.999999401945509	0.042017558972534924	0.09645232434953238	20078416.8	164058.975	17.96	17.990166865303838
-0.7603568182334237	-0.9999997241108672	0.06556437050754393	0.46749958486952103	50930414.666666664	1265714.25	19.0	19.26866186003009
-0.7603568182334237	-0.9999997438988909	0.030123882268919655	0.46749958486952103	50930414.666666664	462006.1666666667	19.53	19.5333377501787
-1.9429957366074824	-0.9999996297115596	0.03632518538627417	0.14327409478236236	35414295.1	495588.925	18.53	18.669257885619906
-1.9429957366074824	-0.9999996441340715	0.03527515545447596	0.14327409478236236	35414295.1	297371.55	18.72	18.766927991235587
-0.27437015574491036	-0.9999996187978228	0.04987882704293277	0.7600506860573126	36546065.0	1122915.125	18.97	18.974815588991937
-1.9984047729586902	-0.9999995610363903	0.029637589590236577	0.13555134602886068	28953506.4	330887.15	18.66	18.70550901111439
