-2.096350782719177	-0.9999996424113984	0.029453356669047186	0.12290411472289975	36402681.3	450080.475	18.765	18.84845697810506
-2.096350782719177	-0.9999996247046614	0.05263867348441955	0.12290411472289975	36402681.3	857481.975	18.884999999999998	18.89512865706134
-2.096350782719177	-0.9999996400564569	0.07620564073574197	0.12290411472289975	36402681.3	490366.35	18.869999999999997	18.89432690319053
-1.731967572322428	-0.9999996460257159	0.03338648123399621	0.1769359330108556	36995130.333333336	486660.8333333333	19.41	19.659632375126275
-1.731967572322428	-0.9999996771425405	0.02378789429786508	0.1769359330108556	36995130.333333336	153913.69444444444	19.5	19.538116336181943
-1.731967572322428	-0.9999996473371103	0.0608962180459337	0.1769359330108556	36995130.333333336	463613.9166666667	19.57	19.69314501045234
-1.2524569964629826	-0.9999996011845229	0.03231825269363757	0.28580171967045775	32017101.6	351130.35	18.490000000000002	18.730844602745456
-2.2825862563689348	-0.9999995584082696	0.03562242182947414	0.10202001531508255	29054398.1	373315.525	18.6	18.74205023259665
-2.3131925341364106	-0.9999995513767392	0.0391425768343294	0.09894486193668194	28815882.5	411462.325	18.54	18.55057733115681
-2.3131925341364106	-0.9999995602271706	0.05166238650462738	0.09894486193668194	28815882.5	318838.2	18.560000000000002	18.632556401897148
-0.7580347468943032	-0.999999649869943	0.03190523171193991	0.4685864136151881	36602030.0	367863.8333333333	17.88	18.035195494002256
-0.7580347468943032	-0.9999996321162873	0.03560168514023694	0.4685864136151881	36602030.0	704532.1666666666	18.15	18.299862259023673
-0.7580347468943032	-0.9999996429596545	0.056099678824037685	0.4685864136151881	36602030.0	473733.0833333333	18.16	18.28614971867122
-0.7580347468943032	-0.9999996932738139	-0.007542267829792929	0.4685864136151881	36602030.0	-75115.91666666667	18.445	18.472946613320435
-1.942750531116222	-0.9999996176036983	0.031035897867871455	0.1433092306847403	33734419.7	400278.1	19.28	19.3873766318298
-1.942750531116222	-0.9999996308890345	0.04235281058547769	0.1433092306847403	33734419.7	255694.925	19.38	19.533965788196532
-1.942750531116222	-0.9999996112710839	0.07149827130498419	0.1433092306847403	33734419.7	495608.9	19.53	19.548742572577424
-1.8108579147221557	-0.9999996264010986	0.03250980400636737	0.1635137957183484	36268629.3	766752.05	19.42	19.448293459069003
-1.8108579147221557	-0.9999996404006948	0.061876610079040315	0.1635137957183484	36268629.3	461469.725	19.495	19.55678860860294
-1.8108579147221557	-0.999999652397443	0.034274141860432185	0.1635137957183484	36268629.3	298661.15	19.53	19.576701589794556
-1.5358917464473245	-0.9999996149340693	0.037216393584244355	0.21526364496357306	36288334.28571428	1171037.142857143	19.48	19.510845705030906
-1.6416277079442099	-0.9999996417407815	0.030545900562719407	0.19366455626424775	36115748.125	416148.4375	19.240000000000002	19.492287072946173
-1.0478483515928652	-0.9999996212677247	0.03594319596571855	0.35069150272721283	34110465.25	407881.375	18.43	18.68294091873213
-2.3420767779251257	-0.9999995563304224	0.037203324651297665	0.09612779470497473	29033286.6	392850.125	18.59	18.63706184632562
-2.3420767779251257	-0.9999995362677226	0.050220314090820166	0.09612779470497473	29033286.6	703392.75	18.59	18.595882182207003
-1.4087488534749428	-0.9999996204870981	0.04433120163958531	0.24444893334048398	34586242.333333336	501783.0833333333	18.69	18.79434502487249
-1.4087488534749428	-0.9999996230113649	0.04677692664046161	0.24444893334048398	34586242.333333336	459832.75	18.92	18.99076108506487
-1.4087488534749428	-0.9999996178365623	0.06638268584203207	0.24444893334048398	34586242.333333336	549957.0416666666	19.020000000000003	19.202561139695778
-1.9989175291775345	-0.9999996090580725	0.03593798342510045	0.13548185904967444	33523583.6	491772.925	19.330000000000002	19.621326947371774
-2.215691332959043	-0.999999586929232	0.03187093230557905	0.10907807890494284	31083667.2	376906.2	18.45	18.56717312174827
-2.369461064572102	-0.9999995426567356	0.028846807847025674	0.09353111993151822	27346257.5	270120.375	18.52	18.52882967454619
-2.369461064572102	-0.9999995427752058	0.04879914912082241	0.09353111993151822	27346257.5	269246.675	18.545	18.590810650487693
