-1.5363215105380366	-0.9999996351879344	0.02815925033574158	0.21517115225537786	34912751.85714286	339962.35714285716	18.02	18.15317719026587
-1.5363215105380366	-0.9999996882161678	0.0062895338714596665	0.21517115225537786	34912751.85714286	53381.142857142855	18.200000000000003	18.25658105607207
-1.2553816175347743	-0.9999996778683015	0.02108751007631978	0.28496707903746504	38871063.6	274195.9	17.92	18.0142639791187
-1.2553816175347743	-0.9999996535315345	0.03446546927343136	0.28496707903746504	38871063.6	706159.45	18.009999999999998	18.025323909593197
-1.2553816175347743	-0.9999996604243456	0.07440624271773061	0.28496707903746504	38871063.6	540183.95	17.935000000000002	18.035612039877915
-1.0518926827432589	-0.9999997024703857	0.01871052819001505	0.3492760543588469	41911049.25	260348.0	18.22	18.307355006981137
-1.8752677132212956	-0.9999995741984653	0.03518468484879872	0.1533139171877659	30020720.0	356064.025	17.900000000000002	17.99372804453737
-1.9361507448346036	-0.999999539817959	0.03983622442704361	0.1442581689298285	27878943.8	373019.725	17.78	17.83230089786433
-2.087227959034915	-0.9999994266691646	0.02779142194034292	0.1240304772832399	23342094.6	648710.0	17.51	17.52577220155675
-2.270616019029475	-0.9999993708770123	0.04256060733885813	0.10324855741259226	19864432.7	267578.3	17.1	17.12651322703187
-2.270616019029475	-0.999999408399253	0.03217764779267579	0.10324855741259226	19864432.7	126982.6	17.27	17.299592102650465
-2.1294068504054238	-0.9999994350650209	0.0427079976854288	0.11890780305426374	22464734.7	324847.575	17.54	17.721638896484503
-1.640473178684231	-0.9999996055397986	0.032021950163520586	0.1938882767821671	32459860.75	363713.03125	18.03	18.153681789354323
-0.2746505026912806	-0.9999996652908856	0.03570990226461754	0.7598376380334667	40996589.5	910665.625	19.0	19.004400974845584
-2.329006202250329	-0.9999992955734742	0.03959047971188996	0.09739248744625525	17476560.5	222114.5	17.240000000000002	17.337415917831198
-2.329006202250329	-0.9999993282130387	0.03766255223331799	0.09739248744625525	17476560.5	125557.3	17.259999999999998	17.287703159274557
-1.7294707440404422	-0.9999995882012451	0.03931248805282415	0.17737826363450596	31557773.888888888	440404.8611111111	18.12	18.240791964698513
