-2.1107017640753645	-0.99999882009216	0.04324161177809807	0.12115291583018782	10423813.9	219506.075	11.28	11.306692197734206
-2.1107017640753645	-0.9999988567647408	0.038567781110400816	0.12115291583018782	10423813.9	149771.325	11.3	11.32331797562739
-2.1107017640753645	-0.9999988837799492	0.04578498523871983	0.12115291583018782	10423813.9	113013.35	11.24	11.331393915812136
-2.1107017640753645	-0.9999989426372492	0.035221602882803474	0.12115291583018782	10423813.9	61189.825	11.27	11.27665708405717
-1.5767275053093635	-0.9999993636690925	-0.003078794495090995	0.20665025474071844	15870873.875	-24320.78125	11.65	11.88643606906947
-1.5767275053093635	-0.9999993031068741	0.03498296847824189	0.20665025474071844	15870873.875	63594.8125	11.905000000000001	11.97378778799113
-1.5767275053093635	-0.9999992376339372	0.048944577990303086	0.20665025474071844	15870873.875	179765.78125	11.95	12.028204021466385
-1.356469275640005	-0.9999990490410905	0.029730961509647012	0.257568577063929	13426164.0	350714.375	12.63	12.63719962192902
-1.9992739957028784	-0.9999991712436248	0.01073249405515792	0.1354335729088396	13542547.8	74866.325	11.33	11.4166310336962
-1.9992739957028784	-0.9999991297389763	0.02597683783597547	0.1354335729088396	13542547.8	131339.9	11.235	11.251284308471135
-1.9992739957028784	-0.9999991412728092	0.04083458103243662	0.1354335729088396	13542547.8	112346.725	11.265	11.267088432582867
-1.9992739957028784	-0.9999991801771951	0.027615833959044284	0.1354335729088396	13542547.8	66335.1	11.315000000000001	11.425552600396296
-1.6606957614606799	-0.9999993053142764	0.0071378215473782616	0.1900067347379414	15806709.666666666	58728.38888888889	11.8	11.870298908855126
-1.9089851425677977	-0.9999992130788282	0.01087193941932399	0.14823074335879688	14331305.6	79030.975	11.49	11.59037536982875
-1.9089851425677977	-0.9999991992092014	0.03090110921963338	0.14823074335879688	14331305.6	96410.2	11.635000000000002	11.658604185883759
-1.9089851425677977	-0.9999991754267581	0.042493490702671846	0.14823074335879688	14331305.6	135564.625	11.594999999999999	11.704059064892443
-1.2071705276736615	-0.999999145268802	0.023755862576538285	0.2990422151772743	14059863.4	165611.15	12.38	12.634296307769864
-1.2071705276736615	-0.999999135838669	0.05422592339320523	0.2990422151772743	14059863.4	189091.25	12.695	12.736071731459297
-1.2071705276736615	-0.9999991392845603	0.05361066923690741	0.2990422151772743	14059863.4	180148.35	12.55	12.801158606193143
-0.25777578068018975	-0.9999991262252553	0.06984513262528312	0.7727684823066548	15011789.0	497285.75	13.43	13.603833917032786
-2.1729829158829257	-0.9999986992086767	0.04544105638443418	0.11383754214325065	9474467.6	225100.175	11.370000000000001	11.388177726773174
-2.1729829158829257	-0.9999987056622307	0.0717004285692663	0.11383754214325065	9474467.6	211748.925	11.465	11.626750188441456
-2.1729829158829257	-0.9999988225945591	0.044379799320567785	0.11383754214325065	9474467.6	69931.775	11.68	11.690990876513263
-1.7987395885268844	-0.9999992750046577	0.012117091776607953	0.16550736419194728	15918568.6	102834.725	12.05	12.113898839839825
-2.0390770575361135	-0.9999991374746844	0.014381842625203239	0.13014877529497146	13325497.6	98082.95	11.43	11.46014700517659
