-1.777189327516023	-0.9999995611931632	0.04658293432944301	0.16911280060393144	29400333.7	400738.725	7.8	7.848116993672124
-1.777189327516023	-0.999999577308188	0.054020443096863054	0.16911280060393144	29400333.7	249515.5	7.99	8.064138019009535
-1.9172688132990505	-0.999999706582396	0.04513897783621219	0.1470079204123092	45424900.5	614438.325	8.16	8.16551367976138
-1.4241120991464553	-0.9999993366345278	0.04899360899634425	0.2407221057107539	19474431.85714286	407853.46428571426	7.7700000000000005	7.8770586503449564
-1.8266968183658832	-0.9999996516960267	0.054018615004744135	0.16094431902741932	38490700.5	664282.25	8.22	8.65061268157736
-1.8266968183658832	-0.9999996647318616	0.07034259175439277	0.16094431902741932	38490700.5	402199.3	8.715	8.829056801663095
-2.058911510044453	-0.9999996893195413	0.048773253483747905	0.12759277779264203	45208998.6	1258651.7	8.120000000000001	8.19529373910264
-2.058911510044453	-0.99999972761177	0.052607152104545245	0.12759277779264203	45208998.6	222881.3	8.175	8.219425249781418
-2.0272510424391137	-0.9999997115790497	0.044533189805949426	0.1316970536134005	45949642.5	569684.4	7.98	8.039351853006437
-2.0272510424391137	-0.9999997209534792	0.067425407337552	0.1316970536134005	45949642.5	370306.075	8.094999999999999	8.17178425533628
-2.0272510424391137	-0.9999997349950915	0.045817964069257394	0.1316970536134005	45949642.5	194245.025	8.184999999999999	8.2051622623079
-1.7238297267792613	-0.9999994668150282	0.04053072366901582	0.17838168497916176	25305235.5	723872.025	7.41	7.413148964912495
-1.7238297267792613	-0.9999995314491291	0.03428862894156184	0.17838168497916176	25305235.5	141037.775	7.32	7.451324986707341
-1.7238297267792613	-0.999999555224527	0.02086091535299024	0.17838168497916176	25305235.5	77275.725	7.555	7.588030790033815
-0.2447509166587172	-0.9999990756071007	0.09016673060247452	0.7828995211859842	14388346.0	597484.25	9.86	9.891697680553282
-1.956459248571181	-0.9999997024683124	0.05151723257802716	0.141358049584651	45139343.8	680364.3	8.31	8.341782266585884
-0.9773920916196503	-0.9999990075797688	0.07745849625867313	0.37629115320184825	13035041.5	415084.125	9.31	9.353175042118137
-1.5158065134874434	-0.9999993728271845	0.051344735936974494	0.2196309780514727	20583515.0	404100.375	7.7	7.737829593534763
