-2.1914802323439337	-0.999999471117195	0.03622855115386604	0.1117512083754338	23318294.8	226985.35	16.51	16.652185166415634
-2.1914802323439337	-0.9999994542801446	0.05504090978200363	0.1117512083754338	23318294.8	336130.075	16.71	16.887528037764216
-0.7528759294920295	-0.9999994754398884	0.0639046425539452	0.47101001143450644	25571429.333333332	669141.1666666666	17.48	17.831730011152114
-0.7528759294920295	-0.9999994557227728	0.07230769930303799	0.47101001143450644	25571429.333333332	1107865.5	18.14	18.14482346467317
-0.27043560133409184	-0.9999991222241583	0.01826806769595516	0.7630470376252522	12852730.0	79364.25	17.43	17.472447809277224
-2.2577938473139487	-0.9999994867942845	0.038180812860232255	0.10458095198647284	24580029.3	300922.55	16.75	16.81325692148047
-2.287893072142611	-0.9999994940290854	0.04307046111564938	0.10148004790957628	25357626.7	373330.325	16.98	17.026292999337155
-2.116499202499861	-0.9999993725217257	0.02936463958633021	0.12045257132435257	20133546.1	306618.475	16.42	16.4788470060021
-2.116499202499861	-0.9999994279254105	0.020499573676459187	0.12045257132435257	20133546.1	100496.7	16.58	16.606085869548014
-2.116499202499861	-0.9999993800603663	0.054075412900396566	0.12045257132435257	20133546.1	263439.6	16.555	16.57634938827043
-1.9804997060612244	-0.9999994326765099	0.014882348270470386	0.13800026051163758	21231834.3	170299.25	16.3	16.42711462222036
-2.2256504798737593	-0.9999995064388846	0.03898876691364765	0.10799714581200448	25541253.1	298392.8	16.9	17.043419677569
-1.7215210661171474	-0.9999994174546482	0.02428137814812315	0.17879398350368064	20939780.777777776	198464.77777777778	17.37	17.376196771490154
