-2.008405345517501	-0.9999940834373808	0.2856207326157313	0.13420251076149745	2103092.7	253489.0	10.97	11.070164570793818
-0.7099025685031938	-0.9999956195938347	0.05917533549966239	0.4916921014246593	2445337.0	44871.0	10.23	10.23089785137451
-0.7099025685031938	-0.9999949631794547	0.22542241476446181	0.4916921014246593	2445337.0	223400.0	10.27	10.389882740176919
-0.7099025685031938	-0.999995078962338	0.3402102802164114	0.4916921014246593	2445337.0	168314.5	10.395	10.477859473080901
-2.0820127917024305	-0.9999950934273542	0.03927444106651927	0.12467900660116706	2133054.1	35100.0	11.035	11.054607655502393
-2.0820127917024305	-0.9999945555847684	0.18831240064838745	0.12467900660116706	2133054.1	110550.0	11.055	11.07831942251297
-1.62819733125573	-0.9999956447746768	0.32116037419584276	0.19628308878544662	2949942.888888889	379900.0	10.86	10.943831873174801
-0.9843449066353188	-0.9999957846512376	0.39180134489371576	0.37368394464406024	3091808.25	457278.5	10.5	10.584306104480033
-0.9843449066353188	-0.9999958859073815	0.24856020399951903	0.37368394464406024	3091808.25	334363.0	10.745000000000001	10.763129041181005
-0.9843449066353188	-0.9999962424793978	0.1885429743536621	0.37368394464406024	3091808.25	111026.5	10.675	10.710089078602886
-2.229940570798417	-0.9999960440808328	0.0590065364588277	0.10753482065443525	2791404.3	62477.0	10.75	10.774162988603704
-2.229940570798417	-0.9999956308631608	0.2620153906252481	0.10753482065443525	2791404.3	198000.0	10.785	10.844253533568905
-2.229940570798417	-0.9999960555999814	0.1233002399565331	0.10753482065443525	2791404.3	60500.0	10.84	10.848426640926641
-1.7663593537308888	-0.999996705836261	0.008358437086496797	0.17095424117952693	2851329.2	12000.0	10.700000000000001	10.708666666666666
-1.7663593537308888	-0.9999960011614663	0.09906068335711897	0.17095424117952693	2851329.2	89500.0	10.67	10.680854851330203
-1.7663593537308888	-0.9999964627547128	0.043306384732478415	0.17095424117952693	2851329.2	24000.0	10.73	10.732689295039165
-1.5437150522681504	-0.9999963819963443	0.04144275073868771	0.2135861420020904	2977528.125	47700.0	10.88	10.891606833910034
-1.5437150522681504	-0.9999960062502175	0.14516004367143237	0.2135861420020904	2977528.125	146019.5	10.82	10.891075306268336
-1.5437150522681504	-0.9999961353434178	0.17080359060258557	0.2135861420020904	2977528.125	99420.5	10.875	10.888336762954788
-2.1464491093332514	-0.9999938253795061	0.1323963571687447	0.11689851551629951	1868795.0	102651.0	10.81	10.884833263488737
-1.1773834661929137	-0.9999964652248152	0.26995672043281804	0.3080837965802873	3601032.6	337337.0	10.74	10.850379259627077
-1.1773834661929137	-0.999996408636141	0.3161315739145895	0.3080837965802873	3601032.6	413584.0	10.89	10.913830103487198
-1.1773834661929137	-0.9999965678074388	0.3644090764585569	0.3080837965802873	3601032.6	233149.0	10.9	10.917972124551593
-1.9676381346890397	-0.9999935148470837	0.44238860762212645	0.13978662380613968	1979865.4	376897.0	10.68	10.83574303209068
-0.24649516583798436	-0.9999949778568292	0.16416214606364157	0.7815351395953585	2329920.0	120714.5	10.51	10.592392701320938
-1.9241572048857176	-0.999994440964215	0.07890677009398052	0.14599875205399354	2167577.0	171036.5	10.65	10.670156559057464
-2.175475273871562	-0.9999952626099236	0.11789453566547343	0.11355417151289833	2416635.9	93764.0	10.85	10.95151303373584
