-2.0405824357005753	-0.9999956113445958	0.08014859112371094	0.12995299956573658	2580252.5	82770.5	10.38	10.381827853593606
-1.4401177815739883	-0.9999956967405298	0.007651173317622038	0.2368998546011082	2024917.7142857143	6085.0	10.21	10.215792702647219
-1.5376869441532177	-0.9999940903242646	0.3809715102844146	0.21487755082331966	2136262.75	303949.5	10.3	10.34922869310692
-1.5376869441532177	-0.9999941702911882	0.3592799845052413	0.21487755082331966	2136262.75	256218.5	10.47	10.477167772061101
-1.5376869441532177	-0.9999944059409004	0.3734036541721605	0.21487755082331966	2136262.75	154875.0	10.49	10.495977087282618
-0.2440345530240505	-0.9999950001816523	0.021550708920437287	0.7834605628634946	1941382.5	16424.0	10.18	10.189588196167598
-0.2440345530240505	-0.9999938475327708	0.22953019633864036	0.7834605628634946	1941382.5	153935.0	10.27	10.299852797215962
-0.2440345530240505	-0.9999936621072374	0.6211773980123314	0.7834605628634946	1941382.5	220636.0	10.33	10.343085576529612
-2.193316532128077	-0.9999957858505532	0.10018593776664536	0.111546187952706	2762349.5	113657.5	10.08	10.15686526482322
-2.193316532128077	-0.9999958604953874	0.0917258302238991	0.111546187952706	2762349.5	92480.0	10.184999999999999	10.185498986388648
-1.1752636159775576	-0.9999934812354989	0.15736962963658924	0.3087375808002961	1937108.2	304842.0	10.370000000000001	10.37835470608416
-2.219175680134321	-0.9999951234577633	0.3097378580536838	0.10869867438121804	2630304.9	372052.5	10.18	10.357382266990037
-2.0031180071032555	-0.9999956032322838	0.09255201365502606	0.1349139640416188	2609925.0	96300.0	10.48	10.516123014872699
-2.0031180071032555	-0.9999957373988128	0.07042518857291374	0.1349139640416188	2609925.0	67850.0	10.49	10.511702686325995
-1.8706228567283643	-0.999995116142383	0.17089843854178557	0.15402769474533978	2453834.5	160199.0	10.52	10.570832232796748
-1.8706228567283643	-0.999994672177234	0.5189566290879005	0.15402769474533978	2453834.5	476200.0	10.56	10.729469114935464
-2.1375287170203032	-0.999995364008977	0.18397506512865808	0.11794596100211216	2613564.1	182856.0	9.73	9.842555844135038
-2.1375287170203032	-0.9999952119079221	0.2669848520972472	0.11794596100211216	2613564.1	272115.5	9.82	9.927981947058333
-2.1375287170203032	-0.9999960369158076	0.08157690487899814	0.11794596100211216	2613564.1	31500.0	9.945	9.954398986241854
-1.6214646216442619	-0.9999944398619934	0.39079563046894156	0.1976090645198661	2308137.5555555555	374580.0	10.56	10.660992131682901
-1.6214646216442619	-0.9999946476975893	0.3207933395391454	0.1976090645198661	2308137.5555555555	231850.0	10.64	10.68073420888055
-2.107852551652884	-0.9999951095754209	0.11226886930718825	0.1214985984507447	2570926.4	288635.0	9.57	9.574754409300647
-1.9626868021299235	-0.9999953888714171	0.19885673646884275	0.14048047018248724	2658527.5	210830.0	10.450000000000001	10.466641670204492
-1.9626868021299235	-0.9999957709309352	0.07833570033347308	0.14048047018248724	2658527.5	76350.0	10.43	10.483668386408112
-0.7086198906411825	-0.999994415996087	0.13641711526932895	0.49232318865236524	2093737.0	119542.5	10.27	10.341533432607484
-0.7086198906411825	-0.9999944658570462	0.17126290729646906	0.49232318865236524	2093737.0	107692.0	10.265	10.334667013985706
-0.7086198906411825	-0.9999944658215678	0.2702002040509124	0.49232318865236524	2093737.0	107700.0	10.375	10.398419859909353
-1.9188692025327214	-0.999995353863113	0.1902301255558011	0.1467728386805284	2620811.5	194200.0	10.6	10.606169285714286
