-2.1573048688299448	-0.9999940795645091	0.02920629046309433	0.11563635658838481	1733182.8	28600.0	8.02	8.053340611353711
-2.1573048688299448	-0.9999939823290307	0.04787372763370559	0.11563635658838481	1733182.8	33850.0	8.065000000000001	8.071745864132348
-1.6340971672336124	-0.9999899622610439	0.4920666629269458	0.19512846016531443	1259972.8	310915.0	7.73	7.858057666383314
-1.6340971672336124	-0.9999908479921413	0.2711109395712331	0.19512846016531443	1259972.8	101851.5	8.07	8.08638812400008
-1.697727908616768	-0.999989677374519	0.573065984271477	0.18309906961356975	1250089.9	402000.0	7.96	8.152254178587562
-2.1033551484355155	-0.9999938459984	0.16730547909652962	0.12204625723640762	1990784.3	209250.0	8.16	8.235783174029105
-1.9390389641207892	-0.9999932792072784	0.13503141054156678	0.14384212081245007	1751593.4	129584.5	8.21	8.22491944886709
-1.9390389641207892	-0.9999934830208778	0.23474820734273041	0.14384212081245007	1751593.4	90679.5	8.2	8.227025769006177
-1.9390389641207892	-0.9999946431206873	0.05303274379800926	0.14384212081245007	1751593.4	11884.5	8.23	8.239521996295506
-0.6789779881946658	-0.9999941085509568	0.010084788976174416	0.5071350255855125	1578760.3333333333	10950.0	7.485	7.496789297658863
-0.6789779881946658	-0.9999927301767041	0.15230293079239085	0.5071350255855125	1578760.3333333333	96500.0	7.485	7.494470432480141
-0.6789779881946658	-0.9999924657420876	0.4538704460632548	0.5071350255855125	1578760.3333333333	146500.0	7.5	7.506617045031634
-1.5634029980269284	-0.9999899972275054	0.15662211257722958	0.2094221939154936	1138797.3333333333	88532.0	7.38	7.497751087434632
-1.5634029980269284	-0.9999898516166297	0.2762181868163012	0.2094221939154936	1138797.3333333333	104500.0	7.65	7.696165960024228
-1.5634029980269284	-0.9999917520484254	0.06912986621450613	0.2094221939154936	1138797.3333333333	12000.0	7.745	7.751253753753754
-1.7544844328296254	-0.9999902978521972	0.557821349060657	0.17299641057350623	1336605.9	428457.0	8.11	8.289624244004099
-1.7544844328296254	-0.9999907079792787	0.7711543252164165	0.17299641057350623	1336605.9	247648.5	8.235	8.326217481678134
-1.7544844328296254	-0.9999912936788035	0.529452180692862	0.17299641057350623	1336605.9	113200.0	8.290000000000001	8.337453638876093
-1.38809104770879	-0.999991364364586	0.06395743641945086	0.2495512316215604	1226940.2857142857	39950.0	7.5200000000000005	7.545001423284941
-0.22709554598903745	-0.9999939003206757	0.22470533446181645	0.7968446433432547	1991740.5	188900.0	7.37	7.471028217186832
-2.0117362353694133	-0.9999937540156685	0.14971788016597617	0.1337562406312324	1919450.1	160950.0	8.3	8.367091501096418
-2.0117362353694133	-0.9999940651608973	0.13356631841549235	0.1337562406312324	1919450.1	88576.0	8.07	8.086183265633911
-2.0747196555426064	-0.9999937691902854	0.22625557321583556	0.12559163147612526	2005764.4	267676.0	7.890000000000001	8.016996693942833
-2.0747196555426064	-0.9999937917542996	0.5069985122872548	0.12559163147612526	2005764.4	255831.5	8.05	8.089080961396855
-2.0747196555426064	-0.9999946154205188	0.16137664270623128	0.12559163147612526	2005764.4	49029.5	8.085	8.114525668575205
-2.0447348370265015	-0.9999941458053433	0.0886104974308735	0.1294145013621106	1965374.4	99277.5	8.03	8.094361940799876
-1.8541117040169088	-0.9999921473958603	0.39262209906477313	0.1565919809398992	1621990.7	340050.0	8.28	8.36209222197786
-1.8541117040169088	-0.9999926818893834	0.4077730852642392	0.1565919809398992	1621990.7	142900.0	8.405000000000001	8.427534971644613
-1.8541117040169088	-0.9999925539694373	0.8069449116123434	0.1565919809398992	1621990.7	175850.0	8.495000000000001	8.51445771527644
-1.2743113267371426	-0.9999911460396553	0.15685241152302146	0.27962347113623276	1307480.3333333333	106550.0	7.55	7.5881322588291065
-1.9764666731021145	-0.9999934395926897	0.04988088091849039	0.13855794393254572	1732677.9	86427.5	8.24	8.241504296314996
-0.9453047240891964	-0.9999921938420772	0.15225099972041986	0.3885611489174528	1498582.0	120350.0	7.53	7.61360817272859
