-1.8272067368101996	-0.9999960644722726	0.0854854737131425	0.1608622714711982	2964074.1	116446.5	13.9	13.971646236581183
-2.073038873128062	-0.9999953206232073	0.054670885032827056	0.12580290118118986	2361931.0	63092.0	13.31	13.43300557601204
-1.9392443851939491	-0.9999952300861349	0.22139068722906496	0.14381257564433117	2619111.5	266447.5	13.82	13.990646590647161
-1.4964186859121031	-0.9999961863519429	0.3077521447047344	0.22393069195670318	3438134.285714286	494762.0	14.44	14.740312881925988
-2.1106816655448317	-0.9999941134487988	0.13638490522758745	0.1211553508502359	1993846.7	125100.5	13.36	13.385732534402132
-1.9878293757710483	-0.9999970288780593	0.0015243250484670036	0.13699246210884514	2513509.2	1750.0	13.86	13.881020827976343
-0.26153229003535455	-0.9999970368229132	0.052883201079519354	0.7698710158606645	3880585.5	98602.5	14.36	14.4359764439344
-0.26153229003535455	-0.9999969077548526	0.15975079392585967	0.7698710158606645	3880585.5	162708.5	14.495000000000001	14.58851131545587
-0.26153229003535455	-0.9999967879995418	0.33732801432874704	0.7698710158606645	3880585.5	258962.5	14.65	14.667156480689416
-1.3742013981004448	-0.9999961165776693	0.15196208834622357	0.2530415946338275	3156301.1666666665	210501.0	14.26	14.296777408637876
-1.3742013981004448	-0.9999961504210806	0.19879568083037458	0.2530415946338275	3156301.1666666665	189174.5	14.21	14.266689637729145
-1.3742013981004448	-0.9999961845220364	0.3067483720913435	0.2530415946338275	3156301.1666666665	169870.5	14.35	14.424211009020707
