-1.3868300778719247	-0.9999975694638451	0.12501009300121513	0.24986610667964101	5116802.333333333	251845.0	15.610000000000001	15.616113081473355
-2.044837981734277	-0.9999970820912346	0.17633001975158402	0.12940115362957152	4319911.9	298076.5	13.870000000000001	14.141393651377419
-2.044837981734277	-0.9999971269278066	0.16959845973392704	0.12940115362957152	4319911.9	245589.0	14.225000000000001	14.248309321860088
-2.044837981734277	-0.9999973314986083	0.11653104208570317	0.12940115362957152	4319911.9	101486.5	14.184999999999999	14.218958355000938
-1.900414603998373	-0.9999975331584792	0.052988817531859425	0.14950662032845707	4872099.5	165825.5	13.700000000000001	13.73205679477637
-1.900414603998373	-0.9999973708731524	0.2208270834950213	0.14950662032845707	4872099.5	365625.5	13.615	13.959113965687443
-0.7449801710192486	-0.9999976338363056	0.21818583883636627	0.47474371353053857	5462941.333333333	410943.5	15.81	15.906112367682983
-0.7449801710192486	-0.9999976668915836	0.17862895443178237	0.47474371353053857	5462941.333333333	343050.0	15.96	16.00031663717894
-0.7449801710192486	-0.9999976352946831	0.383861224020933	0.47474371353053857	5462941.333333333	407682.5	15.985	16.079062481395976
-2.0010499025516113	-0.9999972021671374	0.17444805606587244	0.1351932689410503	4509883.1	301913.5	13.83	13.966598836333997
-0.26514905584135867	-0.9999976470825535	0.20250387887218446	0.7670916019698175	5458744.0	378500.0	15.66	15.73193637274549
-0.26514905584135867	-0.999997747503152	0.10614261414303333	0.7670916019698175	5458744.0	218775.0	15.84	15.846522778451412
-0.26514905584135867	-0.9999979735346556	0.07685792264014807	0.7670916019698175	5458744.0	63700.0	15.83	15.836831717451524
-1.5102991829337837	-0.9999975081738318	0.09350798756875496	0.2208438953499576	4861314.857142857	182325.0	15.71	15.756823058446757
-2.1592380737275088	-0.9999969803195228	0.12238889513874217	0.11541302376110421	4035927.3	196262.0	14.26	14.353436938053378
-2.192626860204846	-0.999996853148299	0.08452681305213934	0.11162314476110506	3756037.5	135901.5	14.41	14.500956789106292
