-1.340359158174578	-0.9999946850691857	0.22109032705350987	0.2617516414542937	2248974.3333333335	155303.5	11.58	11.5893910717843
-1.340359158174578	-0.999994346579257	0.40627748609746955	0.2617516414542937	2248974.3333333335	332500.0	11.695	11.773970708558338
-2.1312475862681217	-0.9999937470081446	0.5503806777894241	0.11868912652144055	2100190.5	505080.0	11.77	11.87136093743625
-2.025010549943002	-0.9999917670783578	0.2808320077571108	0.13199245066765347	1538079.9	315807.5	11.38	11.420049697031358
-1.192323751181855	-0.9999947318701273	0.12026424771326837	0.3035151502788987	2153087.0	84350.0	11.56	11.597108461362073
-1.9845910208038442	-0.9999927651332674	0.1564004771630319	0.13743681142106395	1582613.3	93900.0	11.370000000000001	11.413277038553394
-0.25106996666696496	-0.999995229150111	0.10871085936965413	0.7779679378310906	2433951.0	110415.5	11.64	11.666375669171867
-0.25106996666696496	-0.9999949174412394	0.38417528166776643	0.7779679378310906	2433951.0	235789.5	11.64	11.654262985032407
-0.7201322928888941	-0.9999948809029952	0.12932017079853098	0.48668786635709216	2390553.3333333335	206379.0	11.66	11.67143363363555
-0.7201322928888941	-0.9999948896393662	0.26050735176282913	0.48668786635709216	2390553.3333333335	202113.5	11.68	11.699389696798352
-1.892725367834687	-0.9999927632329054	0.3439727066211444	0.1506606431312328	1691199.0	206655.5	11.3	11.4052389727387
-1.892725367834687	-0.9999931191222741	0.1759017486764035	0.1506606431312328	1691199.0	113201.5	11.5	11.50729896875676
-1.8406424216253299	-0.9999937623913584	0.08682851303808425	0.15871543112330974	1724174.8	46850.0	11.23	11.263582495243273
-1.6442155661458346	-0.9999940436454346	0.12316598085433816	0.19316402778166164	2023280.0	171333.5	11.47	11.476460832988957
-1.6442155661458346	-0.9999942728700084	0.1453499247289974	0.19316402778166164	2023280.0	107751.0	11.485	11.520475255444435
-2.09784519207199	-0.9999929330565921	0.335830378156315	0.1227205828344003	1737963.7	215795.5	11.46	11.574628157389956
-2.09784519207199	-0.9999924910201098	0.7307261478304901	0.1227205828344003	1737963.7	465251.0	11.65	11.681497898361535
-2.09784519207199	-0.9999929001921416	0.8215655195625221	0.1227205828344003	1737963.7	228480.0	11.695	11.732325988346817
