-1.8234565106125746	-0.999999750692542	0.046099311211677305	0.1614666739905906	57474010.2	1670609.0	17.990000000000002	18.66969252063311
-1.657220945745214	-0.9999997664183188	0.08237357984439714	0.19066812155902885	64406753.125	3416876.5	18.0	19.351515085879463
-2.3795945212811973	-0.999999551930246	0.03417439409699008	0.0925881124092237	28831933.3	407874.5	18.53	18.61527416772448
-2.3795945212811973	-0.9999995143592	0.13352841731048914	0.0925881124092237	28831933.3	1204966.5	18.54	18.70196799885474
-2.3795945212811973	-0.999999511770454	0.23722972498896389	0.0925881124092237	28831933.3	1298345.0	18.825000000000003	18.914877405455837
-2.4055331098277564	-0.9999995061827209	0.07068107555626206	0.09021738701168999	27632463.8	843560.5	18.98	19.212199576254427
-2.2247348397683364	-0.9999995677815535	0.02727424104183147	0.10809607761603292	31621851.5	862462.0	19.6	19.623175484445163
-2.2595006212329047	-0.9999995596449668	0.16563305138178847	0.10440260818477157	33396669.2	2437274.5	19.43	20.109134337921194
-2.2595006212329047	-0.999999549741899	0.34228637045574933	0.10440260818477157	33396669.2	3392645.5	20.015	20.51892648464148
-1.4277197537391286	-0.9999998184632802	0.012157874620547406	0.23985522813816973	73051470.16666667	574653.5	19.3	19.564139216096148
-1.746666442357645	-0.9999997882278799	0.007443998563694656	0.17435419552219802	60679699.11111111	380890.0	19.0	19.007447845966798
-1.746666442357645	-0.9999997740387337	0.07265659303477827	0.17435419552219802	60679699.11111111	901000.0	18.705	19.147031569020616
-2.0580640561259576	-0.9999996302293936	0.022223609616025968	0.12770095262227166	34927085.3	406365.0	18.39	18.48782228994101
-2.0580640561259576	-0.9999995929398465	0.1697873635013909	0.12770095262227166	34927085.3	1494682.0	18.810000000000002	18.938080098008328
-0.28270777243473516	-0.9999998374526659	0.06990071792773489	0.7537400192899825	94430742.0	4636476.0	19.81	19.885232712784237
-0.28270777243473516	-0.999999839931818	0.23480764308740057	0.7537400192899825	94430742.0	3668733.0	19.77	20.369748935101327
-1.0640009712506948	-0.9999998232291932	0.0910549476608095	0.3450724198913934	87613455.5	5322752.0	21.7	22.494485008547674
-1.891074154517041	-0.9999997564340337	0.008676972037858718	0.15090962149323972	51226447.6	262240.0	19.11	19.337341873194838
-1.891074154517041	-0.9999997198972558	0.1400886663390132	0.15090962149323972	51226447.6	1704305.0	19.78	20.11290866730573
-2.187458136466843	-0.9999996158254705	0.0255199690880714	0.1122015875769071	33622210.6	407092.0	20.0	20.030653807458997
-2.187458136466843	-0.9999996423487908	0.018156793537984144	0.1122015875769071	33622210.6	166878.0	19.785	19.839261581860207
-1.272046911045793	-0.9999998146142313	0.06060398943899463	0.28025737234900494	80818849.8	3212835.0	19.51	19.59177041371276
-2.1037129148488565	-0.99999964855206	0.008284723922378046	0.12200260099452867	33668000.5	137660.0	18.89	19.214103616253
-2.1037129148488565	-0.9999995694450503	0.21161922504242445	0.12200260099452867	33668000.5	1974693.5	19.61	19.97397131207563
-0.7682062914111418	-0.9999998586416664	0.0040552238683972406	0.4638443241210815	88337352.33333333	264929.0	19.72	19.85896058311691
-0.7682062914111418	-0.9999998260968576	0.2791310861948651	0.4638443241210815	88337352.33333333	4695630.5	20.945	21.692804662125567
