-2.0371377402463016	-0.9999936708403727	0.2524323765750389	0.1304014199650553	1965277.1	252344.0	12.39	12.392043530989326
-1.9028856226330673	-0.9999939935636554	0.11775868790214027	0.1491376427466016	1900761.0	90834.0	12.370000000000001	12.386950194121908
-1.9028856226330673	-0.9999939668575254	0.1582781856209393	0.1491376427466016	1900761.0	95564.0	12.355	12.364194463535702
-2.2325850860555594	-0.9999945766471162	0.21990788554915508	0.10725081886958003	2225608.2	174600.0	12.22	12.250643387815751
-2.2325850860555594	-0.9999943108564191	0.4578636739283841	0.10725081886958003	2225608.2	315464.5	12.235	12.304843807363984
-2.2325850860555594	-0.9999944024001768	0.45814354259855744	0.10725081886958003	2225608.2	257316.0	12.305	12.342518061656339
-1.0000023785731225	-0.999992515907816	0.3187824966425163	0.3678785661443319	1644449.75	221285.5	12.0	12.091025989685876
-1.0000023785731225	-0.9999928861762961	0.21650346782548635	0.3678785661443319	1644449.75	120369.0	12.065000000000001	12.094925068231666
-1.7254101402319393	-0.9999930361497394	0.17863060317739468	0.17809999081976127	1679738.1	120263.0	11.91	12.089565376698229
-0.7222800695251629	-0.9999928318045098	0.198657792390274	0.48564369125741	1720715.6666666667	227390.0	11.71	11.712841639097482
-0.7222800695251629	-0.9999928975247142	0.32785815996719414	0.48564369125741	1720715.6666666667	203076.0	11.655000000000001	11.888373048519632
-2.143901843308528	-0.9999947094325935	0.12569871079850736	0.11719666670719972	2184257.4	104396.5	11.950000000000001	11.969383681331532
-2.259210465049909	-0.9999947680456657	0.18902975987920773	0.10443290564234199	2291108.9	160648.0	12.33	12.382398584254142
-2.259210465049909	-0.9999944705914406	0.436735321423714	0.10443290564234199	2291108.9	317576.5	12.39	12.40776766772062
-2.259210465049909	-0.9999946649800655	0.3790380955308808	0.10443290564234199	2291108.9	203436.0	12.385000000000002	12.414377149622357
-1.9513601677382806	-0.9999941062046842	0.13113398309356436	0.14208068653221811	1955118.6	101018.5	12.290000000000001	12.362014268524009
-1.9513601677382806	-0.9999948582855364	0.037817487963608946	0.14208068653221811	1955118.6	23216.5	12.344999999999999	12.357824179447704
-1.5657172596241267	-0.9999926428443903	0.1980773234231847	0.20893809655454088	1675026.875	224904.0	12.280000000000001	12.281704319960955
-1.5657172596241267	-0.9999930086385108	0.19765548674609837	0.20893809655454088	1675026.875	121870.0	12.295000000000002	12.320585323110622
-1.5657172596241267	-0.999993504723498	0.18194864808710162	0.20893809655454088	1675026.875	53090.0	12.325	12.336287330160701
-2.1750623165988356	-0.9999945857196174	0.2628139145444077	0.11360107421761302	2273340.5	221571.0	12.14	12.188048932119768
-2.1750623165988356	-0.9999944134716506	0.27492103139788265	0.11360107421761302	2273340.5	327773.5	12.19	12.243809302645927
-1.849493343423914	-0.9999930922617108	0.46136599421062785	0.1573168517428143	1844541.0	341671.0	12.21	12.31603435343665
-1.849493343423914	-0.9999934006681476	0.30509065880858155	0.1573168517428143	1844541.0	193442.0	12.38	12.40576111838459
-1.3446141157840952	-0.9999928514170431	0.26355805743726746	0.26064026542139535	1686909.1666666667	172647.0	12.13	12.253252271822545
-1.3446141157840952	-0.9999925408571315	0.44654356986511057	0.26064026542139535	1686909.1666666667	291528.5	12.31	12.357052946350816
-1.3446141157840952	-0.9999930757595051	0.4407804205275076	0.26064026542139535	1686909.1666666667	118250.0	12.385000000000002	12.392327611288914
-2.111035777515524	-0.9999942706646077	0.19271017081591835	0.12111245588544481	2090301.2	158900.0	11.99	12.037326086956522
