-2.0753244132660056	-0.999998602133023	0.023424509451465295	0.12551570192880002	8133269.1	86614.0	15.71	15.766769926654291
-2.0753244132660056	-0.9999984579456599	0.13484388606249278	0.12551570192880002	8133269.1	279830.5	15.795000000000002	15.815286278985965
-2.0753244132660056	-0.9999984217424734	0.23736438124217205	0.12551570192880002	8133269.1	375641.5	15.89	15.964880296073058
-1.8012066547354673	-0.9999988536417257	0.041674057572844515	0.16509954982584277	10719297.0	217108.0	16.52	16.610865045890744
-0.7570497939055366	-0.9999986600477003	0.1799201759987094	0.4690481765738459	10175192.666666666	834236.0	18.55	18.669868684104525
-0.7570497939055366	-0.9999987206433507	0.1611898231294335	0.4690481765738459	10175192.666666666	450313.0	18.68	18.765439780686243
-2.255917391664087	-0.9999982406251051	0.2534856568245708	0.10477737773916651	7821934.5	947625.0	16.29	16.604193909985067
-2.255917391664087	-0.9999983570418636	0.19620194464897284	0.10477737773916651	7821934.5	381211.0	16.485	16.570028115719378
-2.030877756378997	-0.9999986783760006	0.08685877676095145	0.13122029113635347	9777044.6	409042.5	15.860000000000001	16.04568995083138
-2.1163900189724	-0.9999982061378807	0.23708728012460634	0.12046572347896774	7593653.0	824032.5	16.01	16.335951798966477
-2.1163900189724	-0.9999984216299732	0.08560049849407024	0.12046572347896774	7593653.0	160426.0	16.340000000000003	16.357577322922708
-0.2713566240694709	-0.9999984390149921	0.24691055189477562	0.7623445774959676	8769899.0	881764.0	18.0	18.24728970686766
-0.2713566240694709	-0.9999984752245984	0.23113230647794653	0.7623445774959676	8769899.0	641859.5	18.475	18.50562949053417
-1.8678420391326411	-0.9999987146082825	0.10115784582819945	0.1544566137654949	10818236.5	1094349.5	16.4	16.4393405649403
-2.3141154878047536	-0.9999984440289811	0.16924521529885025	0.09885358254319898	8652443.1	702885.5	16.25	16.656216177187005
-2.3141154878047536	-0.9999983865906619	0.5215873798092767	0.09885358254319898	8652443.1	1155370.5	16.835	16.98286626027477
-2.3141154878047536	-0.999998479204564	0.32880542184965533	0.09885358254319898	8652443.1	518447.5	17.025	17.065287888000228
-1.252552813061885	-0.9999988532371491	0.2153136567442964	0.2857743364336237	12251756.4	1264084.0	18.63	19.140577932951853
-1.252552813061885	-0.9999991044022648	0.019418817127958364	0.2857743364336237	12251756.4	58257.5	18.725	18.741557751006237
-1.5338092564790504	-0.9999989013174857	0.07547998829969124	0.2157123964427933	11819032.42857143	435984.5	17.05	17.178765749200686
-2.1909454259557872	-0.999998184985334	0.134993940950628	0.11181098961982697	7170159.0	448624.5	16.17	16.25153305871712
