-2.288545937387502	-0.9999968901971585	0.14708596354907527	0.10141381673561455	3992472.6	246668.0	14.17	14.349650091676125
-2.288545937387502	-0.9999969612045199	0.1511946548269905	0.10141381673561455	3992472.6	185777.0	14.32	14.371357068632307
-2.288545937387502	-0.9999969412911817	0.26322325545728614	0.10141381673561455	3992472.6	201150.0	14.39	14.445077046764036
-1.0312964531490636	-0.9999976678234563	0.08963955463294962	0.3565444176682666	5246757.25	206150.0	15.72	15.778530816866521
-1.0312964531490636	-0.9999975836721673	0.21889958707757134	0.3565444176682666	5246757.25	320578.5	15.71	15.748132618396562
-1.0312964531490636	-0.9999976615620163	0.20377037608109685	0.3565444176682666	5246757.25	213035.0	15.74	15.796221038915736
-2.165725767036425	-0.9999972310728117	0.05325089301334379	0.11466668309156974	4229082.2	121785.0	15.22	15.223719344148837
-2.004172560023368	-0.9999971857839474	0.09822902899209349	0.13477176511819777	4337066.6	199873.0	15.120000000000001	15.16099607988284
-1.5097164260568232	-0.9999976781918638	0.04558715001662889	0.22097263115590243	4957695.714285715	99788.5	15.25	15.250543571661769
-2.199635912520059	-0.9999974053193218	0.030404595541107006	0.11084350774993923	4229887.8	58407.0	15.120000000000001	15.196285051491751
-1.8406726883969298	-0.9999969965077851	0.28263646460957326	0.15871062739230365	4404721.1	556567.5	15.0	15.208448048553901
-1.8406726883969298	-0.9999971248189745	0.2532691763464567	0.15871062739230365	4404721.1	316275.0	15.295000000000002	15.32884304629658
-1.8406726883969298	-0.9999970345320889	0.5353511344729429	0.15871062739230365	4404721.1	470738.0	15.325	15.350430522425606
-1.9008608052891276	-0.999997138583075	0.2045063067100275	0.1494399251623313	4527706.8	423223.0	15.39	15.600654520065397
-2.0908562880899644	-0.9999968978102991	0.2200475775108557	0.12358126932874791	4170152.3	415235.5	15.030000000000001	15.081509307617589
