-0.7391841681682384	-0.9999990745986452	0.04097915895990229	0.47750331906299703	13795958.333333334	350387.75	14.530000000000001	14.530505810365181
-0.7391841681682384	-0.9999991273006876	0.06226048639299846	0.47750331906299703	13795958.333333334	169349.08333333334	14.635	14.776374987023868
-0.7391841681682384	-0.9999991267265689	0.0433796778641995	0.47750331906299703	13795958.333333334	170695.75	14.875	14.948424503584146
-1.0234901051902439	-0.9999990198740255	0.036845584501660505	0.3593386195216701	12626176.75	236863.5625	14.93	14.94230269541676
-1.5000404203449447	-0.9999989408504067	0.05095344348895554	0.2231211413326621	11483401.57142857	191498.42857142858	15.030000000000001	15.074759649177068
-1.5000404203449447	-0.9999989781896005	0.05222258749538374	0.2231211413326621	11483401.57142857	124723.07142857143	15.07	15.099797141439971
-1.5000404203449447	-0.9999989861888651	0.047321140031786446	0.2231211413326621	11483401.57142857	113776.53571428571	15.1	15.104484623992839
-1.5000404203449447	-0.9999989529546991	0.05510834953863318	0.2231211413326621	11483401.57142857	166647.42857142858	15.085	15.160948315361289
-1.9459184654541264	-0.9999988098794554	0.05334793428646288	0.14285595480510968	10242224.8	196708.275	14.81	14.976469169247629
-1.6904264731634207	-0.9999989240347199	0.04302165141375398	0.18444084814564035	11125425.888888888	158034.02777777778	14.93	14.998239625078218
-1.6904264731634207	-0.9999989379777382	0.03923946839850222	0.18444084814564035	11125425.888888888	135326.08333333334	14.940000000000001	14.940593052164619
-2.188621791464092	-0.9999988489950585	0.032911756651424116	0.11207109957505612	10062241.2	107117.325	13.98	14.006506360301486
-2.188621791464092	-0.9999989492701306	0.020916458530643677	0.11207109957505612	10062241.2	39052.875	13.975000000000001	13.988225929624626
-2.188621791464092	-0.9999988612503435	0.03888008462386896	0.11207109957505612	10062241.2	94689.95	14.035	14.072543865164405
-2.188621791464092	-0.9999988818785401	0.02960298149588819	0.11207109957505612	10062241.2	76941.05	14.0	14.082475993235505
-2.0400188705906914	-0.9999987630974166	0.03984114573089599	0.13002625718299615	9601117.0	143722.475	14.44	14.496761984540989
-1.2233221335085143	-0.9999990949432428	0.04476939449796262	0.29425100025550494	13353554.6	177321.4	14.98	15.049791398359435
-1.2233221335085143	-0.9999991062368795	0.048742168719061146	0.29425100025550494	13353554.6	152498.2	15.23	15.308370077327616
-1.8916810887549904	-0.9999988711804297	0.04916310819992386	0.15081805706672297	10667385.6	169659.325	14.5	14.739133154365446
-1.8916810887549904	-0.9999989389009626	0.03872472552819307	0.15081805706672297	10667385.6	82383.5	14.825	14.87556548339876
-1.8916810887549904	-0.9999989196751782	0.046457213985401605	0.15081805706672297	10667385.6	101137.025	14.865	14.883230049196506
-1.376925873019992	-0.999999000064593	0.052016946417076944	0.2523531274373111	12244239.0	207615.54166666666	15.18	15.251857035196435
-1.8326221963925848	-0.9999989096443711	0.03814964394599832	0.15999348290964613	10818505.7	132721.875	14.290000000000001	14.426151731442115
-1.8326221963925848	-0.9999989732594678	0.030533030726608682	0.15999348290964613	10818505.7	66688.2	14.46	14.46964771254308
-1.8326221963925848	-0.999998883345302	0.03384674784964273	0.15999348290964613	10818505.7	176403.55	14.475000000000001	14.490615116286945
-2.3018143582733064	-0.9999989132394985	0.02174020124641377	0.1000771031813066	10739528.3	117158.925	13.16	13.282812465638326
-2.3018143582733064	-0.9999989234710206	0.037975199311660386	0.1000771031813066	10739528.3	104967.275	13.335	13.445374717265645
-2.3018143582733064	-0.999998991303281	0.01937964842887049	0.1000771031813066	10739528.3	50660.775	13.48	13.572387278456498
-2.1555790549877623	-0.9999987986266545	0.033066301255423314	0.11583609571994774	10203474.4	210697.225	13.96	14.07396386092798
-2.1555790549877623	-0.9999988717378516	0.04227886927598097	0.11583609571994774	10203474.4	99925.875	13.99	14.250302868161002
