-2.0470501751031907	-0.9999987319572148	0.03138791628650852	0.12911520965387863	8980464.6	88221.15	15.17	15.236284350220107
-1.6955960961987662	-0.9999989431410956	0.02046962698793891	0.18348981883793689	10509189.111111112	66617.0	15.01	15.012095540636045
-1.6955960961987662	-0.999998781388132	0.04979964862328691	0.18348981883793689	10509189.111111112	364623.22222222225	15.045000000000002	15.047234731162296
-1.2278758900455053	-0.9999989636312798	0.010916258587131175	0.29291409911098065	10028434.6	32634.5	15.4	15.655891311990226
-2.2284086564989334	-0.9999988255081736	0.0322058020732652	0.1076996810276291	9800852.5	99808.75	15.01	15.13450358170705
-2.2284086564989334	-0.9999987890238342	0.06396696157041795	0.1076996810276291	9800852.5	142713.125	15.225000000000001	15.32335321552361
-0.7421898247573896	-0.999999156049208	-0.008938483563451683	0.4760702627820894	12285922.666666666	-31846.5	14.76	14.882888316773986
-0.7421898247573896	-0.9999991116845045	0.020732766050607525	0.4760702627820894	12285922.666666666	54926.833333333336	14.92	14.949826420391428
-0.7421898247573896	-0.9999990467610204	0.0468100869231898	0.4760702627820894	12285922.666666666	121955.58333333333	15.025	15.187421197134972
-1.8980055444448005	-0.9999986634535922	0.03703544478040684	0.1498672248649841	8616803.2	100382.925	15.030000000000001	15.165351447138463
-1.8980055444448005	-0.9999986382627267	0.06261198960202337	0.1498672248649841	8616803.2	124718.45	15.135000000000002	15.175297384184187
-1.8980055444448005	-0.9999986240526393	0.07576197800945708	0.1498672248649841	8616803.2	140964.1	15.17	15.182754005112544
-1.8980055444448005	-0.9999986318604438	0.061825514319739774	0.1498672248649841	8616803.2	131792.2	15.19	15.217159816536116
-1.7712715639912593	-0.9999989130985097	0.02168470996555102	0.17011653717552203	10242499.3	68362.05	15.06	15.068425659941187
-1.7712715639912593	-0.9999988826387904	0.03960000515607538	0.17011653717552203	10242499.3	93391.975	15.035	15.109965312809067
-1.7712715639912593	-0.9999988501620484	0.059342828590488644	0.17011653717552203	10242499.3	130249.45	15.17	15.250260144059922
-1.0267215339955362	-0.9999990713262237	0.007937132903507652	0.3581793164671355	10979254.25	26798.6875	15.200000000000001	15.42997812857106
-1.0267215339955362	-0.9999989938176392	0.02536434681672589	0.3581793164671355	10979254.25	62762.6875	15.565000000000001	15.599035273194042
-2.286863642467014	-0.9999989142526208	0.02977954807500326	0.10158456827132623	10571455.6	96560.0	15.15	15.247674334001426
-2.286863642467014	-0.9999988828506652	0.05744169082365826	0.10158456827132623	10571455.6	134576.375	15.24	15.264414087522802
-2.286863642467014	-0.9999988933640955	0.04954433099130607	0.10158456827132623	10571455.6	120420.375	15.31	15.372927136134132
-2.286863642467014	-0.9999988577921918	0.0668088646297408	0.10158456827132623	10571455.6	175394.575	15.36	15.43227402981673
-1.3811580256716491	-0.9999989023082289	0.016193175771697172	0.25128738725815175	9788998.0	46410.5	15.44	15.512591565643541
-1.3811580256716491	-0.9999987880151365	0.04604995186754987	0.25128738725815175	9788998.0	142075.0	15.545000000000002	15.557830525941801
-1.3811580256716491	-0.9999988067267493	0.05535400772645938	0.25128738725815175	9788998.0	118295.5	15.56	15.657113382220976
-1.3811580256716491	-0.9999987993436058	0.04648992378769942	0.25128738725815175	9788998.0	127161.75	15.705000000000002	15.751456634329358
-1.9521315716510346	-0.9999985560172294	0.050842526914068716	0.14197112719738308	8588723.2	243279.0	15.17	15.272073326545138
-0.26536968791679655	-0.9999991951602666	-0.0214344070868543	0.7669223756266901	14135311.5	-87260.125	15.1	15.33191335331504
-2.1635779655850023	-0.9999986785797134	0.03522914364388488	0.11491322903102956	8666373.3	94080.95	14.615	14.707275054204759
