-2.304743578630539	-0.9999989137966931	0.05930210887587616	0.09978438422184466	11366031.1	229995.775	14.94	15.136242551047266
-2.304743578630539	-0.9999988714745559	0.06089329240390931	0.09978438422184466	11366031.1	372075.7	15.120000000000001	15.14335595684503
-2.304743578630539	-0.99999891853431	0.08799392710875102	0.09978438422184466	11366031.1	217938.475	15.09	15.161359200327237
-2.304743578630539	-0.9999989312992894	0.07149147762989491	0.09978438422184466	11366031.1	188505.075	15.175	15.195651899961668
-1.4935189225950711	-0.9999987134651446	0.05815170108810444	0.22458098034833932	9200315.0	138208.5	14.55	14.834619228788947
-1.4935189225950711	-0.9999986251965648	0.12898666991164745	0.22458098034833932	9200315.0	311333.96428571426	14.985	15.048182845149881
-1.99185887704538	-0.9999988589857544	0.05005269854302328	0.13644156148100353	10488752.7	157599.125	14.425	14.729369940175191
-0.7373565236375019	-0.9999983956922435	0.03869245971281782	0.4783768233770361	6882991.333333333	62468.666666666664	14.200000000000001	14.20537367892933
-0.7373565236375019	-0.9999981624491396	0.07520814741667374	0.4783768233770361	6882991.333333333	311091.8333333333	14.21	14.36682376050229
-0.7373565236375019	-0.9999982545794688	0.08208814574896905	0.4783768233770361	6882991.333333333	165001.25	14.195	14.39493761804805
-2.036719350896036	-0.9999989460761253	0.05010123104414222	0.13045598994538138	11396583.6	164575.625	14.44	14.636770943157956
-2.036719350896036	-0.9999989216136574	0.08314175586114676	0.13045598994538138	11396583.6	217491.6	14.715	14.857717093740696
-2.036719350896036	-0.9999989774808973	0.0398705228564913	0.13045598994538138	11396583.6	115060.775	14.925	15.010724772762185
-2.036719350896036	-0.9999989326071851	0.07124039046297306	0.13045598994538138	11396583.6	191880.15	14.97	15.057055626972657
-2.248891438817606	-0.9999989666460196	0.05217405555066715	0.1055161308377756	11847313.4	207412.25	14.75	14.968746614372254
-2.248891438817606	-0.9999990301229179	0.037946223694796874	0.1055161308377756	11847313.4	97775.325	14.995000000000001	14.998121096359318
-2.248891438817606	-0.9999989887585736	0.05740896323633005	0.1055161308377756	11847313.4	159609.875	15.004999999999999	15.043161121460892
-1.828169544654071	-0.9999987428133488	0.047655353845996076	0.16070746655009757	9344028.4	126396.6	14.950000000000001	15.01291019079096
-1.828169544654071	-0.9999986799617405	0.10107519002957081	0.16070746655009757	9344028.4	227401.075	14.92	14.981817349951747
-1.828169544654071	-0.9999987392204078	0.058125962885990964	0.16070746655009757	9344028.4	130712.125	14.95	14.992913654106694
-1.828169544654071	-0.9999987092787465	0.07621817260796791	0.16070746655009757	9344028.4	172910.65	14.97	15.0296458626473
-1.3709867231219766	-0.9999986524617954	0.027418077723268094	0.253856350001807	8069342.333333333	52771.583333333336	14.32	14.419418500780196
-1.3709867231219766	-0.999998467154695	0.12096091410249055	0.253856350001807	8069342.333333333	235401.83333333334	14.385000000000002	14.540478720271519
-1.3709867231219766	-0.9999984142311598	0.08569898447670588	0.253856350001807	8069342.333333333	360810.75	14.635000000000002	14.650147546135093
-1.2192849919107052	-0.9999984369257966	0.03217604146605992	0.2954413343657869	7023778.0	58610.5	14.14	14.172662610679028
-1.2192849919107052	-0.9999983009502337	0.09821571232682214	0.2954413343657869	7023778.0	152320.45	14.24	14.297766144303344
-1.2192849919107052	-0.9999982992450472	0.08213934234496811	0.2954413343657869	7023778.0	154155.75	14.335	14.406874537689225
-1.9427576695171134	-0.9999988561917461	0.04362381174829278	0.1433082076896516	10330930.9	135482.35	14.36	14.568638996177784
-1.684103549737709	-0.9999987725487577	0.04588373929737919	0.18561074820162127	9534810.555555556	120995.27777777778	15.0	15.123763403902473
-2.187382565644096	-0.9999988494582256	0.03794288262970026	0.1122100670635907	10155828.9	118740.65	13.885000000000002	14.096913604710936
-2.187382565644096	-0.9999989350554943	0.022185242812754156	0.1122100670635907	10155828.9	49780.275	14.27	14.333141645656571
-2.187382565644096	-0.9999988665432356	0.038996323186737125	0.1122100670635907	10155828.9	99825.9	14.34	14.371317850862532
-2.187382565644096	-0.9999988399805918	0.05675059577294214	0.1122100670635907	10155828.9	130738.05	14.33	14.407603800121183
-2.2188227229621122	-0.9999988858605924	0.04934192091627505	0.10873704712952051	10783410.5	165085.125	14.565000000000001	14.740543788462375
-2.2188227229621122	-0.999998960258612	0.031157769731278276	0.10873704712952051	10783410.5	74009.2	14.71	14.720442984025219
-2.2188227229621122	-0.9999988373132526	0.054440139391501434	0.10873704712952051	10783410.5	278653.65	14.745000000000001	14.757675857914577
-0.26158312008041246	-0.9999982641252156	0.03466761929631134	0.7698318842767781	6312090.0	57353.0	14.200000000000001	14.255817223455443
-0.26158312008041246	-0.999998071642667	0.13129054168789267	0.7698318842767781	6312090.0	193292.5	14.26	14.272338194764227
-2.154390937976447	-0.9999988966265143	0.032640270090634936	0.11597380434657859	10503191.7	107897.175	14.045000000000002	14.07160445194354
-2.277665775167981	-0.9999989001426194	0.05860918066251261	0.10252323992086489	11209425.7	226107.35	15.0	15.016897761103035
