-1.7835492036453575	-0.9999986245490402	0.0424042886463104	0.1680406770405058	8310704.7	92130.0	8.370000000000001	8.438864895672848
-1.7835492036453575	-0.9999986892834618	0.03951166008864592	0.1680406770405058	8310704.7	53796.275	8.485	8.632630547734463
-1.7835492036453575	-0.9999986613074253	0.04583639543952082	0.1680406770405058	8310704.7	67877.775	8.67	8.73182469576849
-1.7835492036453575	-0.9999986055060697	0.07351096764464628	0.1680406770405058	8310704.7	107927.825	8.66	8.686689569324834
-0.7065892499058773	-0.9999985143014232	0.05837424701624876	0.49332393590936907	8201185.0	195728.5	9.620000000000001	9.70118190330269
-0.7065892499058773	-0.9999986116556462	0.07710094269983866	0.49332393590936907	8201185.0	88085.0	9.68	9.6852408477842
-1.924504910967471	-0.9999986481850983	0.05196950778641389	0.14594799622454274	8921020.3	172743.375	8.28	8.339605206839524
-1.924504910967471	-0.9999987501694785	0.0551620926011603	0.14594799622454274	8921020.3	69546.375	8.49	8.547722323699904
-1.924504910967471	-0.9999987279015579	0.06130642416787689	0.14594799622454274	8921020.3	84829.975	8.504999999999999	8.558232814838032
-1.425019302278974	-0.9999985241595859	0.045627946351624406	0.24050382089169345	8002610.857142857	134668.17857142858	8.315000000000001	8.390147296780707
-1.8346445836878609	-0.9999987076840876	0.04412153501006697	0.1596702410927276	8920794.2	101567.05	8.68	8.823119944219654
-2.0667309744916977	-0.9999987408343015	0.0524671061564641	0.12659896122345576	9240531.7	113023.575	8.635000000000002	8.70779058140172
-1.170531894504556	-0.999998554753322	0.04849612447908241	0.3102019026904765	8238903.6	148336.9	8.58	8.661054864232364
-1.170531894504556	-0.9999986652108029	0.03431913541969158	0.3102019026904765	8238903.6	59705.7	8.725000000000001	8.726272390616986
-2.034660891857455	-0.9999988017449429	0.0466644938284733	0.1307248048343207	9569577.7	95490.725	8.45	8.499818666856793
-2.034660891857455	-0.9999988067188708	0.07302844270602242	0.1307248048343207	9569577.7	91051.95	8.51	8.578831756387823
-2.034660891857455	-0.9999988758014349	0.036653480564195935	0.1307248048343207	9569577.7	47008.525	8.594999999999999	8.688242855186045
-1.7288934143847305	-0.9999985134348067	0.04004524233542244	0.1774806989330034	7683037.1	91246.925	7.715	7.853938327502585
-1.7288934143847305	-0.9999985922820999	0.03462372274192372	0.1774806989330034	7683037.1	49787.975	7.880000000000001	7.916809285218338
-1.7288934143847305	-0.9999985879111849	0.03562688376433259	0.1774806989330034	7683037.1	51488.375	7.92	8.0398912393498
-1.7288934143847305	-0.9999985133281194	0.0662600227973064	0.1774806989330034	7683037.1	91321.75	8.15	8.185181754944873
-0.2436901849415266	-0.9999986866433542	0.07367587959709351	0.7837304081356438	9560788.5	283997.75	9.865	9.930681694437338
