-2.1352124943653448	-0.9999982113169789	0.05031997116517034	0.11821946673685832	6705390.7	161750.825	13.27	13.306492666181628
-2.1352124943653448	-0.9999982483226115	0.06784542543965208	0.11821946673685832	6705390.7	126206.325	13.31	13.316742445545197
-2.1352124943653448	-0.9999982830539306	0.06028835229097051	0.11821946673685832	6705390.7	99985.875	13.254999999999999	13.296895912839963
-2.0604851415779333	-0.9999978903549738	0.06718628702405317	0.1273921516712598	5723008.4	175169.7	13.67	13.678193755024923
-2.0604851415779333	-0.9999979763715225	0.06793888809149527	0.1273921516712598	5723008.4	107069.5	13.73	13.85444185200897
-1.4830625079378816	-0.999998321490509	0.009780414252201244	0.22694161256906886	5806520.0	17089.85714285714	13.11	13.208599425972725
-1.4830625079378816	-0.9999980437071022	0.045032478001036165	0.22694161256906886	5806520.0	85754.35714285714	13.22	13.221950958716741
-1.4830625079378816	-0.9999980695858828	0.05335352910589704	0.22694161256906886	5806520.0	73789.71428571429	13.225000000000001	13.238040235906249
-1.4830625079378816	-0.9999980673475277	0.04948187714172594	0.22694161256906886	5806520.0	74755.03571428571	13.190000000000001	13.28599373345353
-1.9243847985306415	-0.9999979547864315	0.05742661813329263	0.14596552744685737	5993507.1	210659.275	13.9	13.981644771052414
-1.9243847985306415	-0.9999980870388362	0.05968483975963946	0.14596552744685737	5993507.1	95352.5	13.93	13.986237623762376
-1.869993905071024	-0.9999981690738774	0.05617311996886409	0.1541246011907664	6244015.6	92255.8	13.51	13.704118703101988
-1.869993905071024	-0.9999981228783469	0.057985121761806785	0.1541246011907664	6244015.6	123102.025	13.805	13.842298509147845
-1.869993905071024	-0.99999816428265	0.057401178729725486	0.1541246011907664	6244015.6	95057.5	13.780000000000001	13.904950834831197
-1.869993905071024	-0.9999981737365523	0.05033701224605905	0.1541246011907664	6244015.6	89608.575	13.950000000000001	14.025509010898539
-2.2843350672361034	-0.99999788015827	0.04156816956226382	0.10184175751864767	5280719.5	72713.025	13.36	13.446377355313755
-2.2843350672361034	-0.9999979163589545	0.054729688415941606	0.10184175751864767	5280719.5	60060.475	13.23	13.278556308527675
-2.2843350672361034	-0.9999978126717923	0.07809810202026507	0.10184175751864767	5280719.5	103845.25	13.280000000000001	13.452706335688424
-2.2001424798588065	-0.9999981531426908	0.047242900384215886	0.11078737226860202	6154213.8	86330.925	13.36	13.405930548135483
-1.5839190875283635	-0.9999980391495709	0.030249950957507023	0.20516944351316968	5816335.875	89765.28125	13.32	13.323365559846346
-2.019081247382259	-0.9999980062460531	0.06164364777087125	0.13277739864073368	5785757.1	102269.45	13.68	13.755507519143832
-0.25896052096994904	-0.9999983792022601	0.028104573351032964	0.7718534944695115	7308026.5	139361.375	13.51	13.798364143156157
-1.3627908569332636	-0.9999986845445065	0.0015700242137215233	0.2559454720657863	6050806.833333333	2861.8333333333335	13.02	13.116596733527393
-1.3627908569332636	-0.9999980563873032	0.036778218396363284	0.2559454720657863	6050806.833333333	128080.875	13.05	13.075666292053208
-1.3627908569332636	-0.9999981282262154	0.056885836469243875	0.2559454720657863	6050806.833333333	82928.125	12.97	13.185352267465314
-2.2298343508180416	-0.9999978474004241	0.0568073884267635	0.10754624360763694	5658813.6	195077.975	13.27	13.270177654251137
-2.2298343508180416	-0.9999979456872421	0.07891613254255121	0.10754624360763694	5658813.6	111855.6	13.315000000000001	13.419246101571508
-2.2298343508180416	-0.9999979754675196	0.06527607464507727	0.10754624360763694	5658813.6	94508.15	13.42	13.424572319347318
-1.7442162601287352	-0.9999981865005866	0.02845488206651288	0.17478191885967997	5972932.4	50609.25	13.200000000000001	13.352964067262604
-1.7442162601287352	-0.9999980265471632	0.06141438806353049	0.17478191885967997	5972932.4	131569.8	13.4	13.547541934141922
-1.7442162601287352	-0.9999980808104171	0.061203372483468625	0.17478191885967997	5972932.4	95147.075	13.415	13.628251152640864
