-2.109840222262287	-0.9999951913414351	0.05800680950842603	0.12125733910900323	2428860.2	118131.175	11.6	11.621519460752339
-2.109840222262287	-0.9999954829766268	0.08410733083416068	0.12125733910900323	2428860.2	58174.425	11.475000000000001	11.624533136240453
-2.109840222262287	-0.99999568621637	0.07371353145261385	0.12125733910900323	2428860.2	35509.275	11.635000000000002	11.656071684587813
-1.5703093640061567	-0.999997343685298	0.04903306089397936	0.20798083062051367	4279581.625	86500.375	11.61	11.912389729083952
-1.5703093640061567	-0.9999976542970094	0.04846535484038283	0.20798083062051367	4279581.625	22892.9375	12.0	12.082061933534742
-1.5703093640061567	-0.9999976546714424	0.01843276174208665	0.20798083062051367	4279581.625	22856.28125	12.1	12.221053671869237
-1.3530612852035628	-0.9999975411079375	0.038127978609214304	0.2584478657639973	4545015.666666667	71374.0	11.26	11.340524739016821
-1.3530612852035628	-0.9999978432900665	0.03488439047896614	0.2584478657639973	4545015.666666667	18073.916666666668	11.655000000000001	11.76075222167798
-1.3530612852035628	-0.9999977176419375	0.014812549402814306	0.2584478657639973	4545015.666666667	31994.583333333332	11.835	11.871568087402405
-1.6552769861794125	-0.9999971751664722	0.05154808678981677	0.1910391331767815	4025753.777777778	86861.72222222222	12.15	12.238356213838511
-1.6552769861794125	-0.9999974688342688	0.02552422887222023	0.1910391331767815	4025753.777777778	26630.5	12.115	12.145404914025987
-1.6552769861794125	-0.9999974723269192	0.022645974486577982	0.1910391331767815	4025753.777777778	26258.666666666668	12.125	12.199888934331698
-1.9062986821338188	-0.9999967006423942	0.052807752107630786	0.1486294947610441	3403993.9	75431.475	11.895	11.96846199228268
-2.1423831958349706	-0.9999957382400114	0.04766884593940422	0.11737478234220138	2520797.1	46305.25	11.735	11.754268719954371
-2.1423831958349706	-0.9999958854643785	0.04887789485762368	0.11737478234220138	2520797.1	31948.425	11.995000000000001	12.007146051011434
-2.1423831958349706	-0.9999956350704152	0.08540740020232995	0.11737478234220138	2520797.1	60059.15	11.99	12.04858387454459
-2.203036358175075	-0.9999957325979962	0.062195113245086	0.1104672305432958	2613278.7	69695.875	12.379999999999999	12.469386777005797
-2.203036358175075	-0.9999958469429423	0.07248763369804138	0.1104672305432958	2613278.7	51692.925	12.335	12.347195588566285
-2.1733802702484715	-0.9999955793152016	0.05990852599490555	0.1137923172846597	2487543.9	59672.75	12.094999999999999	12.096405320644534
-2.1733802702484715	-0.9999963192395814	0.03293056506938625	0.1137923172846597	2487543.9	9470.6	12.175	12.205416458053794
-2.1733802702484715	-0.9999955325657478	0.08915324507017675	0.1137923172846597	2487543.9	67031.9	12.260000000000002	12.311218119245975
-2.2578535647762044	-0.9999958266751157	0.07133179880114741	0.10457470686389325	2723820.6	86454.775	12.3	12.386413577556482
-2.2578535647762044	-0.9999963264159091	0.07519586054796844	0.10457470686389325	2723820.6	22162.1	12.43	12.435016237061092
-1.7948311069593612	-0.9999969083116007	0.04802978665740861	0.166155512486908	3605847.7	69434.775	12.200000000000001	12.294222207762887
-1.7948311069593612	-0.999997283914718	0.04552518922785685	0.166155512486908	3605847.7	17921.1	12.16	12.192911540714704
-1.7948311069593612	-0.9999972772185828	0.018259777764826002	0.166155512486908	3605847.7	18359.1	12.215	12.22479538954476
-2.0373269899427107	-0.9999959779108605	0.06919269341229141	0.13037674387096093	2799921.1	77770.65	11.52	11.665734034744311
