-1.7337037067894836	-0.9999986409787013	0.05109871245633342	0.17662901494170577	9134085.8	246080.275	9.41	9.50978597372915
-1.7337037067894836	-0.9999988287001929	0.03743847628841357	0.17662901494170577	9134085.8	44299.575	9.530000000000001	9.564129485935984
-1.5975297663565124	-0.9999984627463863	0.03910570317265536	0.20239586606518986	8105544.222222222	257886.09375	8.855	8.879813871250786
-1.5975297663565124	nan	nan	0.20239586606518986	8105544.222222222	nan	9.065000000000001	9.084669159956382
-1.5975297663565124	nan	nan	0.20239586606518986	8105544.222222222	nan	9.1	9.187560634095114
-0.9632290264985076	-0.9999986600571755	0.023340356368889963	0.38165850869121865	8887857.5	148629.83333333334	9.485	9.572532889304743
-0.236405898289356	-0.9999984442188034	0.047357399832751154	0.7894601683590194	7825357.0	193791.5	8.77	8.780166424682044
-1.7912457958476249	-0.999998591306284	0.050649364418524426	0.1667523008888656	8795115.3	240294.25	9.4	9.461687739463601
-1.7912457958476249	-0.9999986484396454	0.06526577420656866	0.1667523008888656	8795115.3	145382.325	9.425	9.45415899035156
-1.7912457958476249	nan	nan	0.1667523008888656	8795115.3	nan	9.440000000000001	9.46842888702907
-2.1354913522726653	-0.9999985044127306	0.032363277933030496	0.11818650489980768	8059153.0	171641.075	8.18	8.190407444039398
-1.9755170858717168	-0.999998546815186	0.05923892282988059	0.1386895792765036	8513519.0	236029.55	8.344999999999999	8.427904101737177
-1.9755170858717168	-0.9999986821267125	0.05936593963400011	0.1386895792765036	8513519.0	74587.325	8.545000000000002	8.596216046525125
-1.9755170858717168	nan	nan	0.1386895792765036	8513519.0	nan	8.620000000000001	8.658606798815471
-1.8436456021800693	-0.99999867108558	0.049571923088071936	0.15823949504551943	9305719.0	234802.475	9.540000000000001	9.559110888452915
-1.8436456021800693	-0.9999988341150986	0.048351751313517995	0.15823949504551943	9305719.0	51502.1	9.57	9.59953790689077
-1.4192678613269647	-0.999998572348328	0.03276202106892404	0.24189104987505836	8395656.0	160502.70833333334	9.24	9.247282109758066
-1.8913869608729115	-0.9999984668791285	0.06445433621443723	0.15086242338679337	8068612.0	235661.85	9.355	9.432681554169555
-1.6693333461962276	-0.9999986386683293	0.048818327335043814	0.18837260310146794	9104070.4	241265.97222222222	9.1	9.310433776025963
-1.6693333461962276	-0.9999987090961878	0.05477169860958722	0.18837260310146794	9104070.4	127067.19444444444	9.4	9.4437988230328
-1.6693333461962276	nan	nan	0.18837260310146794	9104070.4	nan	9.4	9.497022847742643
