-1.8321420606919983	-0.9999983474126196	0.029082775657079056	0.1600703199372761	6997338.7	105209.0	14.48	14.594988519619072
-1.8321420606919983	-0.9999983579299377	0.0735483825334866	0.1600703199372761	6997338.7	97744.3	14.65	14.702460414503946
-2.0400598582793457	-0.9999983659985845	0.045643783199839194	0.13002092781646984	7347031.7	163579.45	14.8	14.804377929190103
-2.0400598582793457	-0.9999983979350809	0.09454027339630186	0.13002092781646984	7347031.7	129367.7	14.855	14.966294109212196
-2.1907500152151265	-0.999998367065321	0.049333928226784736	0.11183284082303291	7042559.6	98718.7	14.56	14.788800891797376
-1.2264034808664819	-0.9999986433096487	0.014180737733946023	0.2933457061923146	7534743.6	27509.25	14.870000000000001	14.955635500054665
-1.0263639678221987	-0.9999985085899685	0.0459940706111194	0.3583074121746746	8061192.5	166464.5	14.96	14.986020484019313
-1.6028987253750675	-0.9999985406961628	0.021297909777582287	0.20131212284453545	7334658.875	44510.1875	14.51	14.578443576118866
-1.6028987253750675	-0.9999984274883894	0.05689643380036328	0.20131212284453545	7334658.875	102112.09375	14.625	14.660672610805786
-2.0819450688967627	-0.9999984516094219	0.046816580380834784	0.12468745049922089	7384212.6	92377.1	14.9	14.959364348380852
-1.6894298526553924	-0.9999985535030962	0.027288171266734468	0.1846247573060184	7550953.0	55404.27777777778	14.6	14.679089172204055
-1.6894298526553924	-0.9999983309191918	0.06666886494112953	0.1846247573060184	7550953.0	297493.4166666667	14.665	14.723210363486196
-1.6894298526553924	-0.9999984711482925	0.06704369105023354	0.1846247573060184	7550953.0	103184.88888888889	14.605	14.662628900737431
-1.6894298526553924	-0.9999984029613748	0.07697306247548252	0.1846247573060184	7550953.0	172673.5	14.68	14.84681732156776
-2.2524708898388326	-0.9999983676420794	0.06516655070061808	0.10513911617080038	7940675.1	425926.275	15.0	15.011232390233188
-2.2524708898388326	-0.9999985047647675	0.08251785134299552	0.10513911617080038	7940675.1	143368.025	14.93	15.026434867876436
-2.2524708898388326	-0.9999984453925361	0.0912718322493708	0.10513911617080038	7940675.1	229722.75	15.07	15.094065811189148
-2.2224632542702203	-0.9999983527833148	0.05800212872999609	0.1083419062029669	7071375.9	114471.325	14.73	14.86511475778352
-2.2224632542702203	-0.9999981825384496	0.0745644293077738	0.1083419062029669	7071375.9	381532.45	14.835	14.842524266589406
-1.9453274716863596	-0.999998413572803	0.03585959091428333	0.14294040673691258	6952284.1	61652.95	14.56	14.642911856989706
-1.9453274716863596	-0.9999984011683378	0.039303908696681975	0.14294040673691258	6952284.1	67205.95	14.63	14.686480051140313
-1.9453274716863596	-0.9999983325659099	0.09114285194811274	0.14294040673691258	6952284.1	108278.975	14.72	14.736760453514737
-1.9453274716863596	-0.9999982696768005	0.07046404435061185	0.14294040673691258	6952284.1	167659.85	14.754999999999999	14.92357374056253
