-1.3436768505391785	-0.9999977576299288	0.006079670635023349	0.2608846690011994	4135455.3333333335	10648.0	11.58	11.716152509384123
-2.014681147893511	-0.9999985100432243	0.02183669840342843	0.1333629196352414	7365240.1	58330.025	9.9	9.964565721119707
-2.145740226390368	-0.9999985291109632	0.03500449055138034	0.11698141225856923	7804372.6	96698.75	9.55	9.648164237677557
-2.145740226390368	-0.9999983765302531	0.07088937123197475	0.11698141225856923	7804372.6	318112.275	9.71	9.746240224503586
-2.145740226390368	-0.9999984125591113	0.10287365702123083	0.11698141225856923	7804372.6	240139.675	9.700000000000001	9.762661704889476
-2.145740226390368	-0.9999985336466559	0.05843404872591337	0.11698141225856923	7804372.6	93335.625	9.93	9.947781378242272
-1.9344248085045723	-0.9999983113489813	0.01442417268923448	0.14450736433032602	6719733.2	84734.025	9.71	9.717898815944787
-1.9344248085045723	-0.9999984161660675	0.027669292095756026	0.14450736433032602	6719733.2	41894.825	9.765	9.798040625457643
-1.9758881003255406	-0.9999984075210632	0.020557823865019063	0.13863813298224686	6855541.0	55121.025	9.73	9.83058288813773
-1.9758881003255406	-0.9999983355768522	0.025161340910901508	0.13863813298224686	6855541.0	90265.45	9.875	9.88106130768552
-1.9758881003255406	-0.9999984154883611	0.03315087468612395	0.13863813298224686	6855541.0	52191.0	9.8	9.896690828837666
-1.9758881003255406	-0.9999983596166843	0.047802257159860195	0.13863813298224686	6855541.0	76550.2	9.9	9.919296071711047
-2.0511248375856916	-0.9999984236479305	0.030416454275510735	0.12859017914066664	7155941.1	79242.65	9.9	9.94173661471995
-2.0511248375856916	-0.9999984954003819	0.03386673125733332	0.12859017914066664	7155941.1	47420.275	9.875	9.879549327354258
