-1.7639663005360213	-0.9999981084132717	0.004370391247251836	0.17136383366539332	5065248.25	14491.0625	39.0	39.02240797505451
-1.7639663005360213	-0.9999987446616834	0.0006473816245537538	0.17136383366539332	5065248.25	576.4375	39.095	39.176211297259
-2.3038009736494267	-0.9999963909955615	0.05741404482595349	0.09987848582280079	3035381.8	57221.725	39.15	39.45522080169242
-2.3038009736494267	-0.9999966208718132	0.03809807195451877	0.09987848582280079	3035381.8	28478.625	39.620000000000005	39.67756198330645
-2.4260603989588536	-0.999996449506391	0.04893413828616745	0.08838434666362685	3384744.9	165629.575	40.2	40.209792789807665
-0.30324133026868855	-0.9999984993440697	-0.009915286346133605	0.7384208715584882	6929719.5	-32829.875	40.9	41.30574369551129
-2.3472447348397387	-0.9999965018550916	0.06357350437243593	0.09563229187509514	3197046.0	71949.25	39.7	40.24413751353668
-1.9469926155769153	-0.9999979858266974	-0.005079669161508849	0.14270258844770664	4518016.3	-8954.9	38.15	38.21004991185842
-1.121772658510757	-0.9999985880754014	-0.010722358458885844	0.3257019243029044	7374153.0	-33246.9375	39.71	39.72721266421488
-2.0217497748421813	-0.9999975244873981	0.02201691535804865	0.13242355084266696	4192975.8	32200.375	38.47	39.008306838745014
-2.0217497748421813	-0.9999976634248643	0.021229621871036573	0.13242355084266696	4192975.8	17982.375	39.265	39.39394953314846
-2.0217497748421813	-0.9999976011303039	0.026190712270991418	0.13242355084266696	4192975.8	23350.175	39.540000000000006	39.730620359806935
