-2.0380223390819188	-0.9999995715157561	0.00391639485379044	0.13028611802629053	23611334.2	24761.475	11.88	11.94414891907593
-1.9528144339459617	-0.9999995073426244	0.02013243804608425	0.14187421356075175	23746633.0	120444.65	12.35	12.554816605315661
-0.724307556791218	-0.9999995636012651	0.07366777861184103	0.484660052352177	30256492.333333332	542472.75	12.16	12.483201573788138
-0.724307556791218	-0.9999995751080867	0.04969681576314076	0.484660052352177	30256492.333333332	382979.3333333333	12.625	12.627292906543678
-2.2028094711754047	-0.9999993048911194	0.025310558696594626	0.11049229696531068	17358821.0	173905.075	11.6	11.602259344876947
-2.2028094711754047	-0.9999993566223043	0.033039754254381014	0.11049229696531068	17358821.0	70846.025	11.58	11.586551356424266
-2.2028094711754047	-0.9999993725073911	0.03507383032224488	0.11049229696531068	17358821.0	53772.275	11.585	11.593864811133201
-1.7919553691694285	-0.9999995106756188	0.032853174938650566	0.16663401987429446	26846437.6	507176.575	11.88	11.932293468882346
-1.7919553691694285	-0.9999995554644218	0.031862963002612626	0.16663401987429446	26846437.6	152388.75	12.17	12.270901335775731
-1.7919553691694285	-0.9999995584660902	0.05440905015578662	0.16663401987429446	26846437.6	140590.325	12.370000000000001	12.375703354066196
-1.3498566853177831	-0.9999995033130955	0.05777492015253452	0.2592774162438715	25625487.166666668	337000.9166666667	12.25	12.325538901614204
-1.200089644938162	-0.9999995439532025	0.054388161108814795	0.30116721258589507	28038943.4	357563.25	12.14	12.275805322859332
-1.9040970907592758	-0.9999995578563985	0.009672731894391346	0.14895707664311977	24820233.7	58342.75	12.36	12.411181187571527
-1.9040970907592758	-0.99999952737012	0.034394273716015944	0.14895707664311977	24820233.7	124340.125	12.465	12.531879949560386
-1.9040970907592758	-0.9999995643603818	0.016880050224109856	0.14895707664311977	24820233.7	49645.2	12.56	12.665764190860571
-1.9040970907592758	-0.9999995843399219	0.014369353857068732	0.14895707664311977	24820233.7	30234.75	12.635	12.659060672037658
-1.9040970907592758	-0.9999995239542323	0.06455175049863053	0.14895707664311977	24820233.7	135341.95	12.635000000000002	12.636599141872406
-2.0755678195774534	-0.9999994805586767	0.013752212534368409	0.12548515433265436	21641221.5	76216.375	11.74	11.787020601810624
-1.652802920290643	-0.9999995492521373	0.032528961383711454	0.19151236173752817	27193278.555555556	210514.0	11.84	11.90629739502376
-1.652802920290643	-0.9999995535282364	0.04928937812454493	0.19151236173752817	27193278.555555556	187404.69444444444	11.945	12.074124778209956
-1.652802920290643	-0.9999996072555796	0.013445225735310868	0.19151236173752817	27193278.555555556	43476.916666666664	12.11	12.111476931153394
-1.652802920290643	-0.9999995703087287	0.024585828456046812	0.19151236173752817	27193278.555555556	118741.72222222222	12.035	12.077707511973117
-1.652802920290643	-0.9999995638743582	0.05391207980142052	0.19151236173752817	27193278.555555556	141446.80555555556	12.105	12.11596530068224
-1.652802920290643	-0.9999995457847837	0.054340363596956535	0.19151236173752817	27193278.555555556	231329.08333333334	12.15	12.154046768453563
-1.7271243020207967	-0.9999995429329588	0.03194353754017936	0.1777949601315678	26904626.5	219084.65	12.120000000000001	12.371243698919004
-2.1426521913320706	-0.999999415971848	0.012704120931152746	0.1173432133004336	19731686.6	101098.5	11.1	11.119633822209869
-2.1426521913320706	-0.9999993393303241	0.05161867435788701	0.1173432133004336	19731686.6	458687.675	11.405000000000001	11.420562533361368
-2.1426521913320706	-0.9999994293522998	0.05237262906914472	0.1173432133004336	19731686.6	77639.275	11.32	11.387120441577773
-2.1426521913320706	-0.9999993913210504	0.09500112170366305	0.1173432133004336	19731686.6	164432.625	11.434999999999999	11.494559009553962
-2.1426521913320706	-0.9999994443045702	0.03071046348000454	0.1173432133004336	19731686.6	57802.7	11.485	11.557026475255487
-2.1426521913320706	-0.9999994052297493	0.040939608132865006	0.1173432133004336	19731686.6	124967.9	11.6	11.680662208997962
-2.1734587290235097	-0.9999994288721991	0.011031587452575318	0.11378338962906773	19020412.4	52211.975	11.72	11.779959135218714
-0.25406495698790066	-0.9999995283628078	0.03971821916878838	0.7756414170799214	26254051.5	238561.625	12.09	12.23181270582293
-0.25406495698790066	-0.9999995235825322	0.04131363683091977	0.7756414170799214	26254051.5	270461.5	12.295000000000002	12.345523005956009
-2.230165535379817	-0.9999993266708933	0.020007125683455813	0.10751063184943505	16755006.4	79349.775	11.55	11.559789231163068
-2.230165535379817	-0.999999308810191	0.04554473755788426	0.10751063184943505	16755006.4	107031.7	11.594999999999999	11.597718473234579
