-1.938710447536837	-0.9999983290550807	0.09968893482088136	0.14388938309740493	6970394.8	114363.475	9.265	9.27734281485295
-1.938710447536837	-0.9999983605668389	0.09586734630480698	0.14388938309740493	6970394.8	91810.825	9.290000000000001	9.3359335809247
-1.938710447536837	-0.9999981915198175	0.12475619246565657	0.14388938309740493	6970394.8	298288.825	9.355	9.35507995871815
-1.938710447536837	-0.9999983580856251	0.12278024612429872	0.14388938309740493	6970394.8	93412.525	9.365	9.365513028726532
-1.938710447536837	-0.9999981788171772	0.12558641637654205	0.14388938309740493	6970394.8	325904.675	9.36	9.365235729186644
-1.8957774523088238	-0.9999982009448669	0.09529798875322511	0.15020151512660235	6432959.4	106216.975	9.27	9.272542057359367
-2.1137289703121933	-0.9999980909870873	0.09812999146969319	0.1207867155293483	6270606.0	158049.175	9.44	9.447230956548347
-2.1137289703121933	-0.9999981785645138	0.12665276889400642	0.1207867155293483	6270606.0	91262.325	9.46	9.491622711031972
-1.7972351562793	-0.999998267824753	0.08425882856271591	0.16575654619957617	6601909.5	92563.8	9.290000000000001	9.290383148117433
-1.7972351562793	-0.9999981975726789	0.0861767148596235	0.16575654619957617	6601909.5	147186.425	9.290000000000001	9.303189801573254
-1.7972351562793	-0.9999982928472193	0.10847983371777228	0.16575654619957617	6601909.5	78468.725	9.3	9.30427652070633
-1.7972351562793	-0.9999981594103893	0.12146214887364776	0.16575654619957617	6601909.5	189359.15	9.31	9.311927495902387
-1.7972351562793	-0.9999982361203164	0.10650079202208423	0.16575654619957617	6601909.5	114115.375	9.31	9.31154816680482
-1.6766191628334952	-0.9999978188795896	0.09713669276037999	0.18700514243869473	5939043.0	422424.3	9.3	9.301757970833958
-1.6766191628334952	-0.9999981183877794	0.12290486788378839	0.18700514243869473	5939043.0	71322.125	9.32	9.321971247563352
-1.6766191628334952	-0.9999980926149501	0.12752545166776008	0.18700514243869473	5939043.0	83119.1	9.32	9.333160152461286
-1.6766191628334952	-0.9999980866875445	0.12014577027575785	0.18700514243869473	5939043.0	86097.3	9.325	9.34166858190851
-1.5217555178818551	-0.9999980482465004	0.08074551375839975	0.2183282711444213	5830311.125	87493.40625	9.38	9.404984506891761
-2.016059538837426	-0.99999819931573	0.09473275307670491	0.13317922002858434	6321074.8	87750.125	9.370000000000001	9.372711170095002
-2.016059538837426	-0.9999981904626764	0.10400651604522902	0.13317922002858434	6321074.8	92800.75	9.375	9.40857421008276
-2.016059538837426	-0.9999980978210167	0.11964915155891442	0.13317922002858434	6321074.8	166676.425	9.41	9.410733823252865
-2.016059538837426	-0.9999982258234469	0.11319404999338034	0.13317922002858434	6321074.8	74212.6	9.42	9.424419050698491
-2.1705247647976567	-0.9999981043930324	0.07518230112545109	0.11411771623505897	5899666.2	71928.975	9.51	9.606258255012532
-1.3079091150113005	-0.9999978884680675	0.09851283157118648	0.27038480930118053	5399285.666666667	89389.0	9.26	9.317561147746783
-1.3079091150113005	-0.999997850477098	0.08174804558497371	0.27038480930118053	5399285.666666667	109741.08333333333	9.35	9.353238919510545
-1.3079091150113005	-0.9999979294338582	0.11512289088615385	0.27038480930118053	5399285.666666667	71651.125	9.375	9.387545229105521
