-1.3263351501416154	-0.9999967295026714	0.108906110906328	0.2654483090386737	3519215.5	99665.5	10.75	10.882737766966418
-1.3263351501416154	-0.9999967787205093	0.13738692098613725	0.2654483090386737	3519215.5	83814.79166666667	10.925	10.934160419404
-1.62851659279428	-0.9999966928712299	0.09886816798975005	0.1962204331468297	3383693.777777778	72424.30555555556	10.82	10.821664787515411
-1.5441075403926583	-0.999996818990184	0.10116628832868317	0.21350232842678754	3552915.5	80971.03125	10.78	10.787051752921537
-1.5441075403926583	-0.9999966112323392	0.10259212760181392	0.21350232842678754	3552915.5	169396.8125	10.785	10.798389467747096
-1.5441075403926583	-0.9999971042013869	0.11104283280890875	0.21350232842678754	3552915.5	29392.46875	10.8	10.830301431801056
-1.5441075403926583	-0.9999970832352849	0.11193934219922087	0.21350232842678754	3552915.5	31665.625	10.82	10.8267738791423
-1.9240805827467153	-0.9999971680454537	0.09384153293115717	0.14600993921925443	3924485.8	67100.75	10.64	10.64197395618024
-1.9240805827467153	-0.9999970947261744	0.14245021944694627	0.14600993921925443	3924485.8	89473.225	10.65	10.65722816182724
-1.9240805827467153	-0.9999974988609976	0.03832889004391397	0.14600993921925443	3924485.8	18317.825	10.665	10.665318292673112
-1.9240805827467153	-0.999997162781133	0.15932928467343435	0.14600993921925443	3924485.8	68501.475	10.66	10.696101792943898
-0.7111110707382413	-0.9999954873558539	0.10626255934636193	0.4910982493292005	2299326.0	32080.666666666668	10.57	10.627642223584713
-0.7111110707382413	-0.999995527395126	0.15653220629146158	0.4910982493292005	2299326.0	29259.0	10.615	10.62903895017647
-0.7111110707382413	-0.9999954380979261	0.14053845431691822	0.4910982493292005	2299326.0	35928.0	10.64	10.653251736773461
-1.8765857406803734	-0.9999971261788232	0.0931779174668633	0.15311197834475768	3879816.3	69555.75	10.58	10.585659025787965
-1.8765857406803734	-0.9999970614378116	0.1361206174899882	0.15311197834475768	3879816.3	89417.375	10.57	10.579482685810811
-0.24613037909069477	-0.99999466284091	0.13748799231508166	0.7818202852623422	1922759.0	28625.0	10.59	10.62044425087108
-0.24613037909069477	-0.9999950400542605	0.1130785799955941	0.7818202852623422	1922759.0	13859.25	10.61	10.614764705882353
-0.24613037909069477	-0.9999945262184596	0.11923446508648303	0.7818202852623422	1922759.0	37225.0	10.615	10.621994038748138
-0.24613037909069477	-0.9999954609313227	0.07329112119556179	0.7818202852623422	1922759.0	6169.5	10.635000000000002	10.636275151259323
-0.24613037909069477	-0.9999945393049425	0.162359445025897	0.7818202852623422	1922759.0	36300.0	10.635000000000002	10.651536169827137
-0.9864300448985277	-0.9999959614122429	0.09034685134104115	0.3729055737402302	2614295.75	38485.5	10.68	10.70764720621398
-0.9864300448985277	-0.9999955441813365	0.13058922236509718	0.3729055737402302	2614295.75	114556.0	10.65	10.654083345620267
-0.9864300448985277	-0.9999956584281534	0.06362745257700639	0.3729055737402302	2614295.75	84977.4375	10.66	10.6618691557039
