-2.1956084828167794	-0.9999991970437819	0.018641293680186802	0.11129082234488306	14313029.8	98000.325	12.52	12.538900499261587
-2.1956084828167794	-0.9999992298567886	0.03703229418417716	0.11129082234488306	14313029.8	61271.275	12.565000000000001	12.647919368027567
-2.164754113953719	-0.9999992244920953	0.02955260547845563	0.11477815347417976	14876343.3	102407.175	12.64	12.777938294545791
-2.164754113953719	-0.9999993191809423	0.01158717397954957	0.11477815347417976	14876343.3	25035.7	12.835	12.892502544749137
-2.164754113953719	-0.9999992730435217	0.031837863534582525	0.11477815347417976	14876343.3	49733.5	12.885000000000002	12.90786557029311
-1.2194655835172066	-0.9999994762666083	0.008086978357749549	0.2953879849579595	21357836.4	72099.2	14.13	14.13430766472791
-1.2194655835172066	-0.9999993993501607	0.09716226383654686	0.2953879849579595	21357836.4	372718.35	14.23	14.342738271901153
-1.2194655835172066	-0.9999995277482476	0.009432370116049008	0.2953879849579595	21357836.4	24010.2	14.425	14.447612801540677
-1.9299466163349739	-0.9999993544450433	0.03442679155246822	0.14515594723325723	18177596.3	124820.175	12.35	12.686456270259054
-2.22429357506837	-0.9999991632179009	0.028655632697439138	0.10814378712477657	13462187.9	78034.4	12.39	12.49643577850824
-2.22429357506837	-0.9999992524969477	0.012204900648662396	0.10814378712477657	13462187.9	23458.4	12.530000000000001	12.651870414066067
-2.22429357506837	-0.9999990702341683	0.04110480809681651	0.10814378712477657	13462187.9	272850.325	12.72	12.722182825798116
-2.22429357506837	-0.9999991009132049	0.0471541693773155	0.10814378712477657	13462187.9	180533.175	12.735	12.736579619871916
-1.5935223072071636	-0.9999995633797191	0.0035469446005022397	0.20320858661497243	21929583.75	14397.8125	13.18	13.280172764229478
-1.5935223072071636	-0.9999994588082047	0.027490373474175	0.20320858661497243	21929583.75	142643.5	13.375	13.400752025980925
-1.9764984144125493	-0.9999993531842369	0.04076844838286195	0.13855354599163272	18450593.4	152379.3	12.31	12.409117369138537
-1.9764984144125493	-0.9999993035002077	0.03371719660909628	0.13855354599163272	18450593.4	381105.625	12.38	12.39180822838554
-1.9764984144125493	-0.9999994000149984	0.03917270537220829	0.13855354599163272	18450593.4	64219.6	12.344999999999999	12.38472596199047
-1.9764984144125493	-0.9999993770417126	0.05625243798488811	0.13855354599163272	18450593.4	98119.35	12.465	12.481129507168026
-1.9764984144125493	-0.9999993869789355	0.03693056147839979	0.13855354599163272	18450593.4	81682.1	12.43	12.470783977110157
-1.9764984144125493	-0.9999994038656651	0.01655087324724034	0.13855354599163272	18450593.4	59815.225	12.52	12.540965114742283
-1.7535725790883678	-0.9999994624247187	0.014591993413834135	0.1731542299408668	20384315.2	57416.475	13.33	13.57577658947388
-1.3722247098690954	-0.9999995140695773	-0.005585168083541858	0.25354227365612264	21609511.5	-36340.625	14.3	14.30117265755867
-2.1318378309129216	-0.999999103700466	0.031833796567610366	0.11861909157102576	14555701.8	463363.25	12.58	12.582433982060525
-1.0210152386054983	-0.9999995189996691	0.0031125566995555886	0.36022903604029644	21664829.75	33548.9375	14.0	14.007921111865903
-2.096622369376405	-0.9999992332507309	0.04299572376882135	0.1228707401374738	15627712.1	159936.25	12.22	12.430784502790775
-2.096622369376405	-0.9999993280269142	0.016811092807825955	0.1228707401374738	15627712.1	36365.45	12.49	12.541505583724621
-2.096622369376405	-0.9999992933133596	0.03447051643670022	0.1228707401374738	15627712.1	62559.875	12.465	12.49713165207361
-2.096622369376405	-0.9999992111101288	0.054903057333806966	0.1228707401374738	15627712.1	226056.3	12.615	12.657891885979963
