-2.109520620324398	-0.9999988890150426	0.03378915269292712	0.1212960993831652	10735029.5	151213.75	11.82	11.82044685465574
-1.0063473519969475	-0.9999992153735977	0.009427555447911233	0.36555177593608973	12290063.75	15414.1875	11.96	12.086457939803612
-1.4663013927307988	-0.9999994037824259	0.0023512521534651584	0.23077746385362147	14027822.0	4287.25	11.56	11.748934159737503
-1.4663013927307988	-0.9999992128140345	0.027515517296922365	0.23077746385362147	14027822.0	62472.92857142857	11.82	11.943969395557433
-1.4663013927307988	-0.9999992859964288	0.011639310814868223	0.23077746385362147	14027822.0	22378.821428571428	11.995000000000001	12.007822988719594
-1.4663013927307988	-0.9999991775857006	0.06234553781216963	0.23077746385362147	14027822.0	102403.03571428571	12.07	12.090326353553301
-1.6510976433258684	-0.9999992654841356	0.012866071334266678	0.19183922197087377	13736496.111111112	24091.944444444445	11.81	11.946997476010438
-1.6510976433258684	-0.9999991805751297	0.03496537859018587	0.19183922197087377	13736496.111111112	77343.63888888889	12.055	12.099758815512642
-1.6510976433258684	-0.9999992735845477	0.011928266382756582	0.19183922197087377	13736496.111111112	21554.86111111111	12.165	12.201813479210026
-1.8497105093373567	-0.9999992683010158	0.012969305316971618	0.15728269159434982	13859736.5	25364.75	12.3	12.425851852676335
-1.8497105093373567	-0.9999990504269562	0.0433286398601124	0.15728269159434982	13859736.5	519608.15	12.344999999999999	12.352253493424257
-2.255570511007931	-0.9999986575876493	0.045252253733815716	0.10481372928916717	9435663.2	316965.325	11.36	11.400582695775329
-2.255570511007931	-0.9999988213655254	0.057585132078165964	0.10481372928916717	9435663.2	67587.825	11.34	11.433223631783397
-2.255570511007931	-0.9999987785187423	0.08219251188453189	0.10481372928916717	9435663.2	101262.95	11.485	11.509212454789623
-2.255570511007931	-0.9999987666265736	0.09679434178655683	0.10481372928916717	9435663.2	113287.875	11.535	11.556243553852955
-2.255570511007931	-0.9999987703033104	0.0827020242099831	0.10481372928916717	9435663.2	109425.0	11.565000000000001	11.58426588619239
-1.9957600416197843	-0.9999990711097725	0.018898528397430052	0.1359103174039183	11202015.2	33037.95	11.9	11.994820748572163
-1.951658978683703	-0.9999992884659413	0.004761386737285817	0.14203823761036624	12783541.4	8917.875	12.01	12.089618875148552
-1.951658978683703	-0.999999105202044	0.043260388079844316	0.14203823761036624	12783541.4	92844.0	12.004999999999999	12.03581064217679
-1.7908362258085588	-0.9999991512698367	0.02424692240930656	0.1668206116233152	13973356.7	141435.95	12.27	12.279280968799654
-1.348985242080893	-0.9999992823747145	-0.012224399062065962	0.2595034602727007	13902932.833333334	-21526.708333333332	11.25	11.408179839998407
-1.348985242080893	-0.9999993711303267	0.0015879603053424796	0.2595034602727007	13902932.833333334	6266.5	11.370000000000001	11.379924528804606
-1.348985242080893	-0.9999991764339841	0.056994458292530935	0.2595034602727007	13902932.833333334	93898.75	11.46	11.567539437308946
-1.7249656016549255	-0.9999990779088745	0.03181220922567878	0.17817918073642877	13358098.3	223547.55	12.15	12.16207681558399
-1.7249656016549255	-0.9999991461389968	0.0577037090315007	0.17817918073642877	13358098.3	89854.6	12.295000000000002	12.335575007244897
