-1.1666577236599749	-0.9999988520368008	0.06395887184184681	0.31140600880816555	9912437.0	87474.4	9.43	9.519191891332827
-1.1666577236599749	-0.9999989541439157	0.023331007429486808	0.31140600880816555	9912437.0	31791.4	9.52	9.555449792434953
-2.1463762972438993	-0.999998769336666	0.024081530709042644	0.11690702745133852	8631863.2	41064.25	9.11	9.12897753895926
-1.3120940951715667	-0.9999987705208392	0.07651776833650938	0.2692556187067937	9417040.0	106728.66666666667	9.63	9.678030837580033
-1.3120940951715667	-0.9999988303005454	0.04415166866376396	0.2692556187067937	9417040.0	60784.5	9.684999999999999	9.701542288557214
-1.9016783890062128	-0.9999987511649553	0.058274207384328536	0.14931779544527324	9228212.4	101164.7	9.290000000000001	9.304380157073268
-2.1990592499481725	-0.99999889356676	0.014784949682355414	0.11090744548567304	9206175.2	26528.65	8.9	8.908923298077058
-1.9840960313676195	-0.9999988601752383	0.035503873907951934	0.13750485803065293	9794035.6	70507.2	9.35	9.35149615704196
-1.5264189520139597	-0.9999987516805565	0.07624222408234121	0.2173124820065469	9272766.875	106443.09375	9.67	9.686156053757719
-1.5264189520139597	-0.999998774375102	0.06573353035973992	0.2173124820065469	9272766.875	86242.84375	9.675	9.684089487624897
-1.5264189520139597	-0.9999988095940423	0.03764483509940642	0.2173124820065469	9272766.875	62214.34375	9.68	9.687716890300113
-1.609252782015305	-0.9999987732569304	0.07366917367865228	0.20003702951129773	9389888.777777778	100606.38888888889	9.66	9.66508490348251
-1.609252782015305	-0.9999987563475009	0.08537161269407388	0.20003702951129773	9389888.777777778	117918.63888888889	9.665	9.73338380445455
-1.609252782015305	-0.9999988232533653	0.03920142436901163	0.20003702951129773	9389888.777777778	62912.75	9.754999999999999	9.756266361256545
-1.609252782015305	-0.9999987748370363	0.08888793514620609	0.20003702951129773	9389888.777777778	99124.69444444444	9.76	9.761977341588723
-1.609252782015305	-0.9999987835209958	0.1015384066344828	0.20003702951129773	9389888.777777778	91362.61111111111	9.77	9.80463393137543
-1.609252782015305	-0.999998807027687	0.09258390692660294	0.20003702951129773	9389888.777777778	73266.86111111111	9.795000000000002	9.799108612495653
