-2.065102889995298	-0.9999987138063575	0.07683230917056735	0.12680524290592332	9084310.4	118678.55	10.19	10.198198916550004
-0.9739732877910964	-0.9999991723565774	0.06136938127218017	0.37757982043211075	15499875.0	372639.5625	9.78	9.802523830206567
-1.6849414045000564	-0.9999991887759624	0.07839789576233462	0.18545529848353481	15803107.1	369482.125	9.99	10.06613607451144
-1.6849414045000564	-0.9999991887982947	0.07241682270798852	0.18545529848353481	15803107.1	369351.75	10.094999999999999	10.09988408010691
-1.6849414045000564	-0.999999255125071	0.10202922898493991	0.18545529848353481	15803107.1	129486.325	10.15	10.205761641673243
-1.749634892452932	-0.9999991853207529	0.08425947285994644	0.17383740121243166	15738166.0	370109.625	10.15	10.212425601304526
-1.749634892452932	-0.9999992375273135	0.06871019708645987	0.17383740121243166	15738166.0	162741.05	10.23	10.304450654306951
-1.749634892452932	-0.9999992515680842	0.0697113049674143	0.17383740121243166	15738166.0	130475.15	10.344999999999999	10.346151742180997
-1.5277418732554546	-0.9999992228530445	0.07727765531774071	0.21702518478575686	16658737.625	419276.0625	10.24	10.341557646145116
-2.0980396372342063	-0.999998626494555	0.08026470835936157	0.12269672273057974	8478674.5	114176.05	10.040000000000001	10.071374920432845
-2.0980396372342063	-0.9999985866432911	0.1276126134098277	0.12269672273057974	8478674.5	160073.0	10.105	10.127132896983495
-2.0980396372342063	-0.999998605702129	0.12793768597007119	0.12269672273057974	8478674.5	136187.85	10.15	10.162798685304233
-2.029900310328509	-0.999998709692658	0.0818520117906962	0.13134861459608144	9935463.8	369460.525	10.02	10.070518072551971
-2.029900310328509	-0.9999988649277515	0.09279659877438537	0.13134861459608144	9935463.8	79020.025	10.135000000000002	10.138042665493732
-2.029900310328509	-0.9999988668029717	0.0718483097980947	0.13134861459608144	9935463.8	77561.4	10.145	10.176070253299224
-2.029900310328509	-0.9999988541046806	0.07093607113227371	0.13134861459608144	9935463.8	87991.025	10.205000000000002	10.212098566295293
-1.164845302014015	-0.9999991778430237	0.07260750773821784	0.3119709195728222	15764211.8	425344.35	9.77	9.834652193747184
-1.164845302014015	-0.999999247897861	0.055286915766306996	0.3119709195728222	15764211.8	140968.3	9.85	9.93686740848023
-1.3110117620692845	-0.9999991832642672	0.0828966837880843	0.26954720074187555	15986745.0	468337.1666666667	9.86	10.082994073451864
-1.9521283133398983	-0.9999989860488157	0.08450383783633095	0.14197158978424151	12117382.2	216734.725	10.06	10.06693597733711
-1.9521283133398983	-0.9999990236924827	0.07310181803047072	0.14197158978424151	12117382.2	137349.5	10.02	10.027796334959644
-1.9521283133398983	-0.9999989537681415	0.09219368459049297	0.14197158978424151	12117382.2	320484.175	10.04	10.051492534039953
-1.9521283133398983	-0.9999990410835418	0.09918943892765175	0.14197158978424151	12117382.2	111251.45	10.065000000000001	10.091858998144712
-1.9521283133398983	-0.9999990420612047	0.0914730893790251	0.14197158978424151	12117382.2	109941.25	10.08	10.089248214285714
-1.9521283133398983	-0.9999990491545815	0.07368194491044694	0.14197158978424151	12117382.2	100886.1	10.08	10.096107178605344
-2.185614260997252	-0.9999981971398022	0.10152870422637236	0.11240866418495873	6971359.6	287329.025	9.98	9.985058470134357
-2.185614260997252	-0.999998420416662	0.10337332464985559	0.11240866418495873	6971359.6	60586.475	10.024999999999999	10.052683660824925
-1.428967342507573	-0.9999992132798815	0.08446413618163595	0.23955617403655025	16607166.714285715	472215.1785714286	10.13	10.212801307509281
-1.428967342507573	-0.999999281293095	0.06134179244203967	0.23955617403655025	16607166.714285715	152615.7857142857	10.235	10.240339472214007
-0.7007232965664034	-0.9999992121423361	0.06112783324761393	0.49622625521120667	16462710.0	429454.0	9.67	9.83774256928613
-1.8077773433097406	-0.9999991945668911	0.08339969622130436	0.16401828830673035	15957351.6	381771.175	10.27	10.342111776153931
-0.24065314439762284	-0.9999987823345001	0.032220619295466546	0.7861142472363405	9325600.0	85429.75	9.51	9.527143074982801
-1.8603194979211812	-0.999999081895519	0.0907442226158674	0.15562290123081093	13700411.3	290223.2	10.21	10.323575071445271
