-2.0454898001567363	-0.9999979594346396	0.07077697990023865	0.1293168350569332	5280252.0	47795.1	9.290000000000001	9.2939968774395
-1.669203888005857	-0.9999985532323503	0.05163787575906159	0.18839699105635707	7638094.4	62977.45	9.16	9.173934267762204
-2.1084512737495715	-0.9999980273096385	0.08229100107565593	0.12142587632747918	5545349.8	56344.525	9.28	9.364196255481167
-2.1084512737495715	-0.9999979967932393	0.10607785887923156	0.12142587632747918	5545349.8	66733.825	9.344999999999999	9.374897902510074
-2.1084512737495715	-0.9999979607285868	0.14847869604287553	0.12142587632747918	5545349.8	81508.375	9.39	9.407533923983344
-2.1084512737495715	-0.9999979119059521	0.12449711402376241	0.12142587632747918	5545349.8	106852.275	9.47	9.504046748369243
-2.1084512737495715	-0.9999980140950392	0.0836756761978895	0.12142587632747918	5545349.8	60628.55	9.49	9.524602283849918
-2.1084512737495715	-0.9999980395009149	0.08623365020393646	0.12142587632747918	5545349.8	52661.2	9.51	9.512341996391484
-2.1084512737495715	-0.9999979236461305	0.10750883304005303	0.12142587632747918	5545349.8	100117.375	9.51	9.51259436440314
-1.8417823399090154	-0.9999982228141128	0.10120111618603718	0.15853461158080054	7339703.6	462321.35	9.21	9.21048806062628
-1.8417823399090154	-0.9999982450738464	0.10345786735859419	0.15853461158080054	7339703.6	392634.825	9.245000000000001	9.275948156563105
-1.1551913328927101	-0.9999984456830094	0.06426287181466164	0.3149972617999963	7180723.2	70340.7	8.83	8.847873450750162
-1.1551913328927101	-0.9999983798808249	0.1035890531194368	0.3149972617999963	7180723.2	112827.85	8.875	8.878401744771278
-1.1551913328927101	-0.9999984231084795	0.11867238608975093	0.3149972617999963	7180723.2	82719.4	8.9	8.914408098028769
-1.1551913328927101	-0.9999983837792158	0.10749476601685064	0.3149972617999963	7180723.2	109713.2	8.955	8.99489555824874
-1.1551913328927101	-0.9999985467091551	0.03580338660280722	0.3149972617999963	7180723.2	34052.2	9.004999999999999	9.01080572014554
-2.137656595543183	-0.9999982211371193	0.11915089859890304	0.11793087921117876	6486241.8	102551.975	9.450000000000001	9.59256259837179
-2.137656595543183	-0.9999981775282931	0.1398804472821578	0.11793087921117876	6486241.8	136078.175	9.65	9.75156336353877
-2.165652725180342	-0.9999979926846034	0.10449434790594503	0.11467505886482085	6705373.2	700673.6	9.69	9.691194691740096
-1.8891634992821118	-0.9999982134678043	0.09984868773392368	0.151198233382655	7403661.1	555085.325	9.3	9.302272344408669
-1.8891634992821118	-0.999998395799933	0.13425319933619004	0.151198233382655	7403661.1	143910.475	9.31	9.314145032451323
-1.972906134621844	-0.9999981950902523	0.07733514308629748	0.1390521641465894	6588322.3	145993.925	9.290000000000001	9.295075634639
-1.972906134621844	-0.9999981066081723	0.11391337232175308	0.1390521641465894	6588322.3	261521.5	9.370000000000001	9.37757148132572
-1.972906134621844	-0.999998271642307	0.11557868671313581	0.1390521641465894	6588322.3	88165.075	9.395	9.398178277153558
-1.972906134621844	-0.9999982785846627	0.1036180169633049	0.1390521641465894	6588322.3	84223.325	9.39	9.412845241083227
-1.2994794252218376	-0.9999983187478632	0.094448477371315	0.27267370314592115	7559444.5	330819.8333333333	9.0	9.006333793358657
-1.2994794252218376	-0.9999984005116556	0.13762544723098857	0.27267370314592115	7559444.5	178302.66666666666	9.155000000000001	9.19194629615759
-1.2994794252218376	-0.9999984521128551	0.06969215207568913	0.27267370314592115	7559444.5	120711.5	9.195	9.195397401957766
-1.596983426023169	-0.9999985620739273	0.05348462413004264	0.20250647330196936	7746442.222222222	68788.83333333333	9.23	9.277507033639143
-1.4161228842291322	-0.9999986340496612	0.06827698700604294	0.2426529891999286	8306456.428571428	84642.78571428571	9.15	9.207609475621934
-1.4161228842291322	-0.9999985808233096	0.10768667545272681	0.2426529891999286	8306456.428571428	131705.25	9.225000000000001	9.281101117106823
-1.4161228842291322	-0.9999985087821457	0.13609571874667056	0.2426529891999286	8306456.428571428	239601.39285714287	9.285	9.321618143044793
-1.4161228842291322	-0.9999985139675364	0.10143382355726746	0.2426529891999286	8306456.428571428	229500.2857142857	9.35	9.355728863571166
-1.932700982396998	-0.9999984559936016	0.044928556116286426	0.14475668472846162	6964482.6	46778.75	9.28	9.285027390438247
-1.932700982396998	-0.9999982047454054	0.11017267066746453	0.14475668472846162	6964482.6	269147.725	9.265	9.291701244133158
-1.932700982396998	-0.9999983061300796	0.1379345245270845	0.14475668472846162	6964482.6	132842.575	9.375	9.382228707584543
-0.23626987468429747	-0.9999983513378479	0.08665668449128408	0.7895675608809631	7158193.0	133443.625	8.88	8.916422120888576
-0.23626987468429747	-0.9999983270687652	0.10906196331661744	0.7895675608809631	7158193.0	158761.5	8.950000000000001	8.968522049476428
-0.23626987468429747	-0.9999983976385178	0.1422186757719715	0.7895675608809631	7158193.0	95798.5	8.96	8.962410307234888
-2.077934887211537	-0.9999979204292934	0.06691934977466207	0.1251884737552971	5124749.7	42499.85	9.200000000000001	9.244960408192737
-2.077934887211537	-0.999997871138257	0.08648151798222396	0.1251884737552971	5124749.7	54713.475	9.245000000000001	9.261460974967061
-2.077934887211537	-0.9999976162066343	0.10931074869051177	0.1251884737552971	5124749.7	202063.925	9.265	9.267151764624563
-2.077934887211537	-0.9999977967015898	0.10552159685803542	0.1251884737552971	5124749.7	80124.775	9.254999999999999	9.285302300042707
