-1.7456207551640879	-0.9999980242544614	0.01792430681634915	0.17453661082965205	5391805.7	42311.425	9.540000000000001	9.5628650782752
-1.7456207551640879	-0.9999976860859842	0.08586567147353487	0.17453661082965205	5391805.7	262018.65	9.56	9.564922719936197
-1.313718065242724	-0.9999984305860465	-0.020501674024113237	0.26881871049946987	6664366.833333333	-34860.916666666664	9.66	9.663308882846813
-1.168368100870435	-0.999998476037201	-0.03668209605981857	0.3108738422999667	7272208.2	-65027.1	9.55	9.590014469261382
-1.527669980461488	-0.9999984113023521	-0.011104291898413544	0.21704078789352094	6181830.75	-18416.5625	9.35	9.466205871708954
-1.6101987055320406	-0.9999984320522716	-0.004001551831952095	0.19984789924635016	5923975.444444444	-10811.777777777777	9.46	9.460723539402174
-1.9849704158623167	-0.999998020884056	0.03122656983697633	0.13738467846407715	5290444.5	35255.425	9.78	9.808574943108432
-1.9849704158623167	-0.9999977372709836	0.0956404009138299	0.13738467846407715	5290444.5	158076.75	9.844999999999999	9.861987870676002
-1.9849704158623167	-0.9999979821786095	0.05401802200864396	0.13738467846407715	5290444.5	43267.15	9.905000000000001	9.943120040504605
-1.9849704158623167	-0.9999976922599665	0.11351869925693088	0.13738467846407715	5290444.5	200579.425	9.955000000000002	9.992629138657266
-2.123038815500611	-0.9999980442007647	0.048841975598024785	0.11966742818723214	5643266.6	62135.975	10.24	10.289013834921802
-2.123038815500611	-0.9999980204860113	0.0841287414738785	0.11966742818723214	5643266.6	71033.8	10.235	10.263895959989219
-1.9014428272253796	-0.9999976741605325	0.06541929268857807	0.14935297315417762	5298617.2	224971.4	9.66	9.67271131319562
-1.9014428272253796	-0.9999980078764343	0.04927502671251481	0.14935297315417762	5298617.2	38387.0	9.735	9.775981099229048
-1.9014428272253796	-0.9999978339981813	0.11894380080963692	0.14935297315417762	5298617.2	96452.325	9.785	9.823104645905493
-2.091738383373547	-0.9999980295116606	0.05183807556791946	0.12347230693860438	5614697.4	63810.95	10.39	10.390966155431352
-1.854320232141942	-0.9999974086822243	0.06739146155165177	0.15655933051210313	4855022.7	290948.975	9.47	9.48781396667311
-1.854320232141942	-0.9999978883666705	0.03854029677400052	0.15655933051210313	4855022.7	28338.95	9.535	9.552334709198677
-1.854320232141942	-0.9999976661631506	0.11019901365759784	0.15655933051210313	4855022.7	83351.25	9.565000000000001	9.584545931726714
-1.854320232141942	nan	nan	0.15655933051210313	4855022.7	nan	9.594999999999999	9.605118112649384
-1.854320232141942	-0.9999976234965376	0.14519247121488052	0.15655933051210313	4855022.7	102535.925	9.594999999999999	9.652603185831817
-2.022712740824054	-0.9999977537113587	0.06364225397954325	0.13229609284671315	5171247.0	110868.975	10.0	10.04600430915294
-2.022712740824054	-0.9999976868559874	0.09181489402864736	0.13229609284671315	5171247.0	156659.925	10.15	10.194270176131278
-2.022712740824054	-0.9999979030193423	0.06436545491532869	0.13229609284671315	5171247.0	51225.125	10.14	10.20941460802815
