-0.7681969520309564	-0.9999925098477807	0.05619672252233499	0.4638486561598005	1244310.6666666667	11158.833333333334	21.240000000000002	21.397404082803003
-1.0624516626900329	-0.9999926637058965	0.0573956184348644	0.3456074579080457	1278458.0	11837.875	21.400000000000002	21.41133013519407
-1.0624516626900329	-0.9999927372845114	0.06969598965071151	0.3456074579080457	1278458.0	10775.0	21.505000000000003	21.516883378016086
-1.5568532582606045	-0.9999908474753065	0.07833484174658521	0.21079835662105756	1235938.4285714286	81792.82142857143	21.56	21.60286292217711
-1.5568532582606045	-0.9999923703574223	0.09318508841885156	0.21079835662105756	1235938.4285714286	12452.642857142857	21.48	21.58837412145797
-1.5568532582606045	-0.9999919098760107	0.1301495120491906	0.21079835662105756	1235938.4285714286	22001.14285714286	21.605	21.72052515993507
-1.5568532582606045	-0.9999922996101267	0.09120014916545	0.21079835662105756	1235938.4285714286	13590.607142857143	21.755	21.814178208679593
-1.5568532582606045	-0.9999927264899577	0.03529030327214685	0.21079835662105756	1235938.4285714286	8018.333333333333	21.835	21.868662113298512
-2.077049120496988	-0.9999913737567732	0.06650540411752238	0.12529941066325173	1292259.1	69378.125	21.36	21.54892672005574
-2.077049120496988	-0.9999925305595674	0.12274917635475441	0.12529941066325173	1292259.1	15558.9	21.384999999999998	21.425826010544817
-2.077049120496988	-0.9999928022081357	0.07264586081810603	0.12529941066325173	1292259.1	10952.475	21.509999999999998	21.669245969838794
-2.077049120496988	-0.9999926123615897	0.08239643220200805	0.12529941066325173	1292259.1	13998.025	21.75	21.98224105898746
-2.077049120496988	-0.99999223615753	0.07927073473291082	0.12529941066325173	1292259.1	22762.1	22.085	22.38278044322924
-2.1688376060912207	-0.9999921554076415	0.06585260789270794	0.11431041344324035	1428303.0	73455.95	22.55	22.635661810861322
-2.1688376060912207	-0.9999932530212239	0.11502628165796368	0.11431041344324035	1428303.0	15316.175	22.575	22.626174545454546
-2.1688376060912207	-0.9999934560767243	0.07530902328271112	0.11431041344324035	1428303.0	11460.0	22.68	22.799004292869068
-2.1688376060912207	-0.9999932755592359	0.07583037376917752	0.11431041344324035	1428303.0	14830.95	22.835	22.878633395014692
-2.1688376060912207	-0.9999926445443917	0.11554140187832336	0.11431041344324035	1428303.0	36526.45	22.765	23.037939487220605
-0.278126843523417	-0.9999925973868176	0.06456761462565293	0.7572007694091447	1258615.0	11125.0	20.75	21.118467520585543
-0.278126843523417	-0.9999915673001059	0.12219997656947001	0.7572007694091447	1258615.0	40680.25	21.25	21.254220305242203
-2.3805379536943687	-0.999992516381621	0.048651677522902274	0.09250080297465373	1428824.0	44035.475	22.55	22.559759780660578
-2.3805379536943687	-0.9999933059648026	0.10973301032552073	0.09250080297465373	1428824.0	14250.225	22.495	22.716545962826448
-2.3805379536943687	-0.999993904417491	0.03765762406388863	0.09250080297465373	1428824.0	6059.3	22.92	22.949034175334322
-2.3805379536943687	-0.9999932676365461	0.07502397385902373	0.09250080297465373	1428824.0	15052.45	22.785	22.943625429553265
-1.4287679670490707	-0.9999921741796763	0.04924243218991788	0.23960394042014996	1197369.5	11734.791666666666	21.330000000000002	21.40013989071038
-1.4287679670490707	-0.9999914263748855	0.07737061643365291	0.23960394042014996	1197369.5	28731.875	21.36	21.381698159302474
-1.4287679670490707	-0.9999921872058698	0.08655829658007383	0.23960394042014996	1197369.5	11553.166666666666	21.44	21.480642533936653
-1.835585894567632	-0.999992501462195	0.058603720830426774	0.15952001247462036	1294598.1	16440.975	21.76	21.844443739812192
-1.835585894567632	-0.9999917237262098	0.0831261968918081	0.15952001247462036	1294598.1	45000.375	21.895000000000003	21.974755821880045
-1.835585894567632	-0.9999925780582455	0.10393345488966388	0.15952001247462036	1294598.1	14888.8	21.990000000000002	22.157538156687664
-2.408667762642798	-0.9999940716535153	0.018213734037676718	0.08993502960295598	1416173.6	4426.4	22.6	22.830524728737732
-2.408667762642798	-0.9999931732331071	0.08497674838835972	0.08993502960295598	1416173.6	15800.925	22.76	22.779165562913906
-2.408667762642798	-0.9999929160175128	0.06628036075940145	0.08993502960295598	1416173.6	22745.1	22.72	22.932391304347828
-2.408667762642798	-0.9999932594222942	0.10732874299611597	0.08993502960295598	1416173.6	13985.225	22.89	22.992795216741406
-2.408667762642798	-0.9999931544445082	0.09877789404417758	0.08993502960295598	1416173.6	16227.025	23.07	23.15157657261493
-2.408667762642798	-0.9999931431576654	0.08731586009974719	0.08993502960295598	1416173.6	16488.5	23.25	23.332806683841763
-2.408667762642798	-0.9999926169807396	0.1028661811178441	0.08993502960295598	1416173.6	34738.65	23.375	23.455797886053105
-2.3183173553555334	-0.9999933102476095	0.020970116021551223	0.09843908432559181	1338814.1	7755.875	22.990000000000002	23.074360841704618
-2.3183173553555334	nan	nan	0.09843908432559181	1338814.1	nan	23.18	23.442438690517623
-2.3183173553555334	-0.9999930512948891	0.09121845231759886	0.09843908432559181	1338814.1	10970.15	23.225	23.297558229422243
-2.248568877974295	-0.999992983288008	0.027076744969190745	0.10555017169975095	1316632.3	10283.875	23.265	23.286617647058822
-2.248568877974295	nan	nan	0.10555017169975095	1316632.3	nan	23.305	23.436979287160206
