-1.6627232818751623	-0.9999946305573351	0.05503727177615882	0.18962188248411044	2134410.375	94900.4375	21.415	21.426136185768712
-1.6627232818751623	-0.9999961760853341	0.02541857946888337	0.18962188248411044	2134410.375	3503.5	21.400000000000002	21.44446546917135
-1.6627232818751623	-0.999995411285801	0.07658771563531587	0.18962188248411044	2134410.375	17928.4375	21.45	21.533675353439175
-1.6627232818751623	-0.9999953397825841	0.0552917995374838	0.18962188248411044	2134410.375	20884.625	21.555	21.59184611048478
-1.6627232818751623	-0.9999950233271696	0.09728434012489069	0.18962188248411044	2134410.375	41037.34375	21.590000000000003	21.622872896336922
-1.8337411093982852	-0.9999944087184661	0.050380119492195626	0.15981456423667298	1943690.1	52454.4	21.41	21.415753798208026
-1.8337411093982852	-0.9999957808179544	0.030329925782102113	0.15981456423667298	1943690.1	3642.8	21.490000000000002	21.526530172413793
-1.8337411093982852	-0.9999950606808669	0.07094665666357032	0.15981456423667298	1943690.1	14771.25	21.53	21.550298076923077
-2.0234110817791016	-0.9999947966804228	0.056425146523490795	0.13220373731846283	1886821.7	18355.45	21.5	21.58182106434892
-2.0234110817791016	-0.9999949573190422	0.04682851520883913	0.13220373731846283	1886821.7	13555.75	21.770000000000003	21.779157203394345
-2.0234110817791016	-0.999994630894675	0.06282503606609577	0.13220373731846283	1886821.7	25097.025	21.78	21.79944130535963
-1.2691950116724486	-0.9999957355863132	0.013311421271379114	0.2810577789706561	2069769.4	6810.4	20.45	20.52582295539657
-1.2691950116724486	-0.9999950821389665	0.0638414500834532	0.2810577789706561	2069769.4	26338.85	20.795	20.842935886881722
-2.2073943124012767	-0.9999953929129755	0.10345733890720553	0.10998686687078708	2323457.6	44549.175	22.43	22.886240968319647
-2.377898069627351	-0.9999958840922768	0.08977524519362713	0.09274531697291567	2611740.4	46614.225	22.580000000000002	22.92149723946236
-2.377898069627351	-0.9999959700696064	0.04210838229181319	0.09274531697291567	2611740.4	37238.75	22.995	23.004831024001035
-2.0751039231626276	-0.9999946695478852	0.09167624957007216	0.12554337995014664	1944116.1	31665.6	21.7	22.017396351575456
-2.0751039231626276	-0.9999950863811252	0.05044823689665723	0.12554337995014664	1944116.1	14080.9	22.04	22.064072627879735
-2.0751039231626276	-0.9999953488506779	0.04539206983639077	0.12554337995014664	1944116.1	8452.825	22.075000000000003	22.108047943505788
-2.0751039231626276	-0.9999954019523731	0.058082770495487775	0.12554337995014664	1944116.1	7623.625	22.105	22.13462864918024
-2.0751039231626276	-0.9999950119229876	0.08329716372242622	0.12554337995014664	1944116.1	16274.25	22.165	22.175821044831416
-2.0751039231626276	-0.9999945664772163	0.061424583502208994	0.12554337995014664	1944116.1	38691.425	22.185000000000002	22.193800701296585
-2.1665529627444022	-0.999995010051493	0.10529184321001067	0.11457187052314949	2112250.4	37797.35	21.89	22.08265453748356
-2.1665529627444022	-0.9999952596755635	0.06770377460876659	0.11457187052314949	2112250.4	22308.15	22.005000000000003	22.00526637950578
-2.1665529627444022	-0.9999952587972871	0.04718854388164086	0.11457187052314949	2112250.4	22349.575	22.035	22.094739928340346
-2.1665529627444022	-0.9999951762440877	0.134292790469259	0.11457187052314949	2112250.4	26607.35	22.295	22.43687816258615
-1.5558830757139965	-0.9999956786478866	0.03302985885396033	0.21100296874701244	2174822.4285714286	12065.32142857143	21.150000000000002	21.336140119174107
-1.5558830757139965	-0.9999955793109306	0.06659001397535255	0.21100296874701244	2174822.4285714286	14975.142857142857	21.37	21.420440165061898
-2.1227449720635625	-0.9999949051604452	0.09992167744854623	0.1197025968424196	2053067.9	34892.35	22.0	22.22277096851718
-2.1227449720635625	-0.9999952064120161	0.06170651307591607	0.1197025968424196	2053067.9	18798.05	22.325000000000003	22.363554848966615
-0.2777249078819358	-0.9999956747886436	0.023316335576249292	0.7575051765580704	1832045.0	2761.75	20.76	20.88664461064293
-0.2777249078819358	-0.9999948448302363	0.10870967741935483	0.7575051765580704	1832045.0	12637.5	20.95	21.007375954198473
-0.2777249078819358	-0.9999943628230936	0.12838689350976687	0.7575051765580704	1832045.0	30562.5	21.055	21.19948218405537
-0.2777249078819358	-0.9999956563349258	0.04449766355140187	0.7575051765580704	1832045.0	2856.75	21.225	21.232172236503857
-0.2777249078819358	-0.9999941703020068	0.16235864448036796	0.7575051765580704	1832045.0	43488.25	21.22	21.295213913518207
-0.2777249078819358	-0.9999939601291334	0.13090300712226643	0.7575051765580704	1832045.0	63914.375	21.345	21.459807045265297
-0.2777249078819358	-0.9999941247492977	0.1076505080982608	0.7575051765580704	1832045.0	47273.375	21.535	21.60100798808255
-1.9667975909577273	-0.9999949697490319	0.03459091814489003	0.1399041699709266	1866674.1	11965.175	21.57	21.601995462632
-1.9667975909577273	-0.9999949114287882	0.04872446119387013	0.1399041699709266	1866674.1	13341.425	21.71	21.768161683277963
