-1.395634205864038	-0.9999912673431646	0.029224811593050924	0.24767590903306722	914609.6666666666	2941.375	16.91	16.92159090909091
-1.395634205864038	-0.9999900493682968	0.06055080270503376	0.24767590903306722	914609.6666666666	8962.75	16.89	16.923676794990392
-1.395634205864038	-0.9999893645588515	0.12920928392727796	0.24767590903306722	914609.6666666666	16767.833333333332	16.92	16.93864128752708
-1.395634205864038	-0.9999906577098047	0.06474798988430808	0.24767590903306722	914609.6666666666	5137.666666666667	16.915	16.9226485798237
-1.395634205864038	-0.9999899878324302	0.08617345493597987	0.24767590903306722	914609.6666666666	9481.708333333334	16.950000000000003	16.958556824963026
-1.395634205864038	-0.9999896145958446	0.12348878040953357	0.24767590903306722	914609.6666666666	13339.916666666666	16.97	16.987558751071123
-1.395634205864038	-0.9999890565550265	0.15333215277905543	0.24767590903306722	914609.6666666666	22224.166666666668	17.025	17.109915557957
-1.624928433055889	-0.9999894673202238	0.0872771149210655	0.19692576807533405	1037333.375	55596.875	17.080000000000002	17.092575153051296
-1.920263644729938	-0.9999907249878963	0.0795196698252161	0.14656831507218274	1085206.5	23511.875	17.03	17.05193675435286
-1.2407857430765497	-0.9999869810172797	0.09055927236229948	0.2891569256017266	865617.6	78389.7	16.81	16.81847482783793
-2.0254498225298447	-0.9999929643959183	0.07302853589776095	0.13193448273519895	1349723.3	13306.975	17.45	17.66792228942915
-0.7505819465430144	-0.9999882829834165	0.09228862565447195	0.4720917406293464	898008.3333333334	37121.5	16.78	16.79182152072696
-1.5207512894924913	-0.9999904414421441	0.07456997431163702	0.21854763271863037	1038772.0	20519.14285714286	17.150000000000002	17.155607283184516
-1.8592565876115141	-0.9999899598685391	0.08971932566090209	0.1557884023577949	1078240.4	50294.725	16.93	16.93900189160212
-1.9747687505684868	-0.999992854882722	0.05308383159438788	0.13879340442803426	1240703.1	7078.575	16.96	17.054210457516337
-1.9747687505684868	-0.99999201666862	0.09809344177667893	0.13879340442803426	1240703.1	20028.15	17.095	17.214962480788355
-1.9747687505684868	-0.9999916493607931	0.108697439871068	0.13879340442803426	1240703.1	31591.15	17.259999999999998	17.323646933576544
-1.9747687505684868	-0.9999930248113942	0.046020136130000215	0.13879340442803426	1240703.1	5732.825	17.41	17.41427935791864
-1.9747687505684868	-0.9999927682553835	0.059936799968974115	0.13879340442803426	1240703.1	7881.875	17.37	17.40907027027027
-1.9747687505684868	-0.9999920346564256	0.12020614026473937	0.13879340442803426	1240703.1	19586.1	17.415	17.453153343176545
-1.9747687505684868	-0.9999918127444037	0.11730327237404695	0.13879340442803426	1240703.1	25794.45	17.485	17.51031622742814
