-1.9092802810805458	-0.9999952691527249	0.0522806080573668	0.14818700121297185	2054413.9	16631.575	21.12	21.187399136377906
-2.124874904566378	-0.9999941771982566	0.03959435280295324	0.11944790972020804	1586844.3	10298.8	20.94	21.089338055691254
-2.124874904566378	-0.9999939125159608	0.07367479789434103	0.11944790972020804	1586844.3	15675.05	21.185000000000002	21.29542352660463
-2.2807843018455576	-0.9999936942979698	0.04290194004635681	0.10220401647422679	1500224.1	12834.45	20.8	20.870698164944105
-2.2807843018455576	-0.999993185486331	0.06750742276245174	0.10220401647422679	1500224.1	27536.325	20.825000000000003	20.84352974371032
-1.275185120877369	-0.9999955471019643	0.08036177651243198	0.2793792445031239	2464383.8	58316.05	22.34	22.41305984162663
-1.5631107259503276	-0.9999953880016639	0.08126081668323934	0.2094834111205996	2212341.285714286	26991.5	22.06	22.0692050067659
-1.0659476557379897	-0.9999956226013337	0.1026237263168726	0.3444013261803862	2408442.5	37899.25	21.55	21.853446057159957
-1.0659476557379897	-0.9999959613072835	0.04912087912087912	0.3444013261803862	2408442.5	16762.5	21.995	22.089567723342938
-1.0659476557379897	-0.9999958620115524	0.08418740813011988	0.3444013261803862	2408442.5	21291.4375	21.93	22.16768328445748
-1.0659476557379897	-0.9999957879354706	0.08028848504732897	0.3444013261803862	2408442.5	25450.125	22.19	22.239538493377484
-1.0659476557379897	-0.9999955622543384	0.0693590706797842	0.3444013261803862	2408442.5	43828.1875	22.225	22.24039370277078
-2.0782543814117487	-0.9999947176800869	0.024469917325496124	0.1251484831527219	1651503.2	6146.3	20.82	20.83255492826815
-2.0782543814117487	-0.9999940897872884	0.07808907492704924	0.1251484831527219	1651503.2	17338.375	20.84	20.91081253627394
-1.6699754769953172	-0.9999948289007705	0.06058344958727426	0.18825168207902324	2194015.375	84580.53125	21.52	21.552853639273394
-1.6699754769953172	-0.9999956276982972	0.0557179236834166	0.18825168207902324	2194015.375	14659.28125	21.72	21.75412814274128
-0.7727704989556446	-0.9999952319655734	0.08439978637972981	0.4617320664156072	2104155.6666666665	22757.333333333332	22.080000000000002	22.10390605686032
-2.3735240398192614	-0.9999943968013567	0.04194396808112397	0.09315187625693402	1687618.4	12784.425	20.82	20.971888988361684
-2.3442746092533384	-0.9999941737743577	0.04141444369818386	0.09591675402711881	1618631.7	12461.925	21.02	21.039039428420217
-2.3442746092533384	-0.9999940359142411	0.06290291839611575	0.09591675402711881	1618631.7	15577.675	20.96	21.034118683713032
-1.4342387663946445	-0.9999955009844194	0.08573021494822401	0.23829669444037696	2283839.8333333335	28998.416666666668	21.61	21.843595865633073
-1.4342387663946445	-0.9999955583491866	0.0745566899516389	0.23829669444037696	2283839.8333333335	25437.5	21.900000000000002	21.939802604145253
-1.4342387663946445	-0.9999956731586298	0.04102379024171758	0.23829669444037696	2283839.8333333335	19570.166666666668	22.025	22.026731585518103
-1.4342387663946445	-0.999995727463263	0.05994287398469127	0.23829669444037696	2283839.8333333335	17287.375	22.03	22.08705929959276
-1.4342387663946445	-0.9999954371517894	0.03890746333045729	0.23829669444037696	2283839.8333333335	33549.75	22.01	22.012243267914194
-2.3132984874937037	-0.999993752391071	0.048706298886680904	0.09893437895173643	1535480.1	14661.95	20.71	20.960532850491465
-0.2813113218867129	-0.9999942694081554	0.07615658427751472	0.7547933152196583	1857022.0	41848.5	22.26	22.26953896844033
-0.2813113218867129	-0.9999947944913263	0.08027483272765187	0.7547933152196583	1857022.0	15782.875	22.295	22.308836744882676
-0.2813113218867129	-0.9999951637336629	0.04271896829661472	0.7547933152196583	1857022.0	7950.0	22.134999999999998	22.178723108952116
