-0.7751027636486338	-0.9999951399858552	0.06001240165344487	0.46065643983000826	2448060.6666666665	146914.0	22.95	23.031028117790328
-1.281812347406786	-0.9999965299447542	0.011742380874284813	0.27753385661809354	2375073.8	3794.75	22.68	22.94673981771764
-1.281812347406786	-0.9999966208300722	-0.01593005736862834	0.27753385661809354	2375073.8	-3057.8	22.975	23.007685546875
-1.7699688508531783	-0.9999967579926893	0.04914511606535891	0.1703382946353223	3100507.888888889	23198.11111111111	23.155	23.65444969615125
-1.7699688508531783	-0.9999971297165118	0.0219459849515148	0.1703382946353223	3100507.888888889	7326.111111111111	23.96	24.120335569107567
-1.7699688508531783	-0.9999970274343476	0.010148941371610615	0.1703382946353223	3100507.888888889	10060.416666666666	24.439999999999998	24.530584732946622
-1.7699688508531783	-0.999997051153877	0.027131097286640322	0.1703382946353223	3100507.888888889	9347.027777777777	24.48	24.696180851509773
-1.7699688508531783	-0.9999967508639469	0.06507279673162385	0.1703382946353223	3100507.888888889	23716.583333333332	24.759999999999998	24.945812579174742
-1.7699688508531783	-0.9999966336665455	0.07651839588179914	0.1703382946353223	3100507.888888889	34108.916666666664	25.03	25.170860938066845
-1.6791151468572212	-0.9999966506118708	0.013705359971254737	0.18653896262152356	2944190.625	19171.59375	23.8	23.83491525511484
-1.0716019623343909	-0.9999965939937707	-0.007559478127398311	0.3424594705870162	2277760.5	-2339.375	23.1	23.36416082314388
-1.9881301797540858	-0.9999966139710346	0.017844649833840345	0.13695126042772227	3017481.7	27371.125	24.85	24.991256008160388
-1.9881301797540858	-0.9999965471118517	0.05462349794789748	0.13695126042772227	3017481.7	33489.825	24.965	25.003552407789602
-1.9881301797540858	-0.9999966653165064	0.06075991197990778	0.13695126042772227	3017481.7	23442.45	25.09	25.37272464925939
-1.9881301797540858	-0.9999964789920887	0.08154450324057148	0.13695126042772227	3017481.7	41132.45	25.545	25.548611308788093
-2.1934189554267447	-0.9999956070056574	0.047946978672587535	0.11153476360925155	2677624.4	128384.0	24.45	24.453918791050402
-1.4400914092296258	-0.9999965126327454	0.024025252369339056	0.23690610228803588	2569205.0	7782.5	22.13	22.513116447237945
-1.4400914092296258	-0.9999975711889908	-0.0028121417872458863	0.23690610228803588	2569205.0	-511.9166666666667	22.630000000000003	22.640292519060917
-1.4400914092296258	-0.999995917798713	0.022131700634620853	0.23690610228803588	2569205.0	35881.75	22.605	22.8724145363562
-1.4400914092296258	-0.9999967919014625	-0.012634867025480197	0.23690610228803588	2569205.0	-3797.125	22.78	22.96591030627127
-1.4400914092296258	-0.9999960383706507	0.07983901094373749	0.23690610228803588	2569205.0	26323.041666666668	23.080000000000002	23.207942945205108
-1.4400914092296258	-0.99999592265084	0.10171331844316231	0.23690610228803588	2569205.0	35437.208333333336	23.150000000000002	23.227548355231814
-1.4400914092296258	-0.9999957662794038	0.11239534848349259	0.23690610228803588	2569205.0	52959.208333333336	23.14	23.28352600547866
