-1.350647635294911	-0.9999904704772966	0.01886208544017583	0.25907242185826307	875711.3333333334	4208.55	12.21	12.342045378538138
-1.350647635294911	-0.9999882034587911	0.04399216326475931	0.25907242185826307	875711.3333333334	30648.291666666668	12.33	12.34249373079398
-1.5705466574638682	-0.9999898659554662	0.02712950668981718	0.20793148398512637	840649.25	5008.928571428572	12.215	12.308551007147498
-1.5705466574638682	-0.9999914061519215	0.007894210492614274	0.20793148398512637	840649.25	1371.53125	12.3	12.300140243902439
-1.5705466574638682	-0.9999893067683143	0.09770889077156562	0.20793148398512637	840649.25	8015.5	12.31	12.341771822200899
-1.5705466574638682	nan	nan	0.20793148398512637	840649.25	nan	12.365	12.46326723331775
-1.5705466574638682	-0.9999885053164026	0.06560564250014472	0.20793148398512637	840649.25	15723.84375	12.38	12.384204006325778
-1.9588792035654443	-0.9999945172378201	0.024540958665195848	0.14101638304214567	1655114.8	8729.7	12.58	12.650797619907976
-1.0061466615727488	-0.9999907631302417	0.0051639569832130925	0.3656251460391613	818185.5	1914.0	12.33	12.403480852331993
-2.151014859036585	-0.9999939791482677	0.015199826368618727	0.1163660027388549	1423049.8	5259.45	12.370000000000001	12.438947368421053
-2.151014859036585	-0.9999924397354658	0.06416010025892765	0.1163660027388549	1423049.8	47033.325	12.405000000000001	12.429167181569424
-2.151014859036585	-0.9999931580609065	0.1453759688523942	0.1163660027388549	1423049.8	16921.85	12.4	12.431036106750392
-2.151014859036585	-0.999993270020602	0.06551283110665969	0.1163660027388549	1423049.8	14429.45	12.44	12.508330708661417
-2.151014859036585	-0.999993061004451	0.05444990206274991	0.1163660027388549	1423049.8	19428.275	12.530000000000001	12.648836696090795
-2.2122870171605498	-0.9999908741444846	0.030379100855692655	0.10945004792299017	948420.1	5738.6	12.68	12.69153499952121
-2.2122870171605498	-0.9999903785808201	0.04051087999054106	0.10945004792299017	948420.1	9182.35	12.66	12.743714285714285
-2.2122870171605498	-0.9999901134302556	0.13048636021066914	0.10945004792299017	948420.1	11808.05	12.77	12.785403270255374
-2.2122870171605498	-0.999988901588297	0.08040381318352025	0.10945004792299017	948420.1	37269.475	12.745000000000001	12.86778972835091
-1.655304912949264	-0.9999892153659041	0.055166266841684394	0.19103379814537214	984010.6666666666	40626.27777777778	12.48	12.56972393314188
-1.655304912949264	-0.9999908405327627	0.09973861715513938	0.19103379814537214	984010.6666666666	8208.222222222223	12.435	12.445165876777251
-1.655304912949264	nan	nan	0.19103379814537214	984010.6666666666	nan	12.434999999999999	12.471844415024027
-1.655304912949264	-0.9999903124039605	0.08910833761704208	0.19103379814537214	984010.6666666666	13802.78125	12.5	12.685271403289914
-1.655304912949264	-0.9999895692354038	0.10124255038994345	0.19103379814537214	984010.6666666666	28679.8125	12.785	12.900632294501442
-2.1826682261562675	-0.9999945478530771	-0.0015386134128571273	0.11274031230967357	1090509.3	-381.075	12.8	12.813063557384545
-2.1826682261562675	-0.9999918253991347	0.03657525516476297	0.11274031230967357	1090509.3	7437.9	12.715	12.722663316582915
-2.1826682261562675	-0.9999911447230523	0.08867643353452719	0.11274031230967357	1090509.3	15626.1	12.775	12.775373950717576
-1.730135911388699	-0.9999927669688616	0.040244457466212157	0.17726031663684036	1294528.4	11652.527777777777	12.950000000000001	13.208459141496022
-1.730135911388699	-0.999994939131954	0.005058130422726524	0.17726031663684036	1294528.4	699.25	13.200000000000001	13.20187786259542
-1.730135911388699	-0.9999931176042749	0.04756809470518541	0.17726031663684036	1294528.4	7400.638888888889	13.184999999999999	13.331630005019793
-1.730135911388699	-0.9999926151745124	0.13089384299328316	0.17726031663684036	1294528.4	14182.95	13.385000000000002	13.400002216583545
-2.0823693582671177	-0.9999945346920225	0.019940717452958376	0.12463455816097933	1616517.6	6867.95	12.41	12.477574334898279
-1.202016931696456	-0.9999905279658157	0.018204253588895037	0.3005873359787918	876434.2	4029.375	12.33	12.388195178235259
