-1.7412770006628149	-0.999997001438634	0.04130478791236887	0.17529640400142457	3358279.3333333335	23622.722222222223	20.0	20.176280373831776
-1.8202486627706695	-0.9999969339979763	0.03984562630042183	0.16198546617060172	3263348.3	22145.45	19.990000000000002	20.061758402338043
-1.8202486627706695	-0.9999968811996165	0.058499998554716964	0.16198546617060172	3263348.3	26309.725	20.105	20.136042859479797
-1.543738236912401	-0.9999966575140355	0.06716694382337368	0.21358119014077495	3093560.1428571427	30950.64285714286	19.28	19.405536959553697
-1.543738236912401	-0.9999966219198536	0.0884401032725523	0.21358119014077495	3093560.1428571427	34553.53571428572	19.48	19.658176566032882
-1.543738236912401	-0.9999968472703693	0.06389422582174915	0.21358119014077495	3093560.1428571427	17207.5	19.7	19.772218656415447
-1.543738236912401	-0.9999967278040559	0.07969678986245403	0.21358119014077495	3093560.1428571427	24901.785714285714	20.07	20.103110580257578
-1.543738236912401	-0.9999964814242267	0.06520356206337573	0.21358119014077495	3093560.1428571427	53364.82142857143	20.08	20.187290923498058
-1.8893599071119904	-0.9999970232620519	0.04610694770553777	0.1511685397818782	3452334.9	29046.75	19.78	20.19148778222242
-1.8893599071119904	-0.9999970604465049	0.051932758982039876	0.1511685397818782	3452334.9	25547.225	20.225	20.359645039962388
-1.8893599071119904	-0.9999971396909799	0.05126114229292699	0.1511685397818782	3452334.9	19432.325	20.375	20.448770532603284
-2.1062234255078036	-0.9999972529115829	0.032083345393897775	0.12169669631346174	3869442.3	41343.725	20.1	20.121346294602013
-2.1062234255078036	-0.9999973532664169	0.059928760140902364	0.12169669631346174	3869442.3	28038.875	20.244999999999997	20.274990493834572
-0.27476535426309934	-0.999996171563634	0.05139511709018436	0.7597503744976846	2653220.0	25787.5	19.3	19.470639020070838
-0.27476535426309934	-0.9999958263154992	0.14721592193891886	0.7597503744976846	2653220.0	64452.75	19.35	19.611010561378215
-0.27476535426309934	-0.999996917982675	-0.017600930966508454	0.7597503744976846	2653220.0	-3558.125	19.625	19.62972532058578
-2.190082628932388	-0.9999973829779493	0.04710745270309175	0.11190750143792179	4082113.7	43606.375	20.92	20.93427999873538
-2.190082628932388	-0.9999973518362179	0.037139214622129935	0.11190750143792179	4082113.7	49517.7	20.86	20.978626822578583
-2.2282228009152605	-0.9999969985351308	0.04017289514415619	0.10771969947492033	3944567.7	138617.575	21.19	21.196754795305957
-2.2282228009152605	-0.9999973680445142	0.030809633664091375	0.10771969947492033	3944567.7	32270.075	21.155	21.22424469316866
-1.053345778148029	-0.9999955166392108	0.044303807025501976	0.3487688914965131	2189595.75	18337.3125	19.52	19.73971766133537
-2.149334743655847	-0.9999974030777333	0.05513488902608469	0.11656167538012996	4160095.1	49188.9	20.17	20.733135752183934
-2.149334743655847	-0.9999975192514857	0.04130670399276716	0.11656167538012996	4160095.1	30336.8	20.925	21.03533381712627
-2.059074044082183	-0.9999973864045935	0.034789169462048825	0.1275720413085201	3878676.5	25266.925	19.88	19.944718583212033
-2.059074044082183	-0.9999970305355936	0.0470228206421326	0.1275720413085201	3878676.5	100466.725	20.075000000000003	20.076342057997927
-2.059074044082183	-0.9999975698264829	0.031252196707036946	0.1275720413085201	3878676.5	12404.025	20.08	20.113243909959913
-2.059074044082183	-0.9999974595617624	0.0527277449008778	0.1275720413085201	3878676.5	19024.55	20.119999999999997	20.12087257583598
-2.059074044082183	-0.999997369970816	0.050060284312192796	0.1275720413085201	3878676.5	26929.975	20.115000000000002	20.20602375739863
-2.059074044082183	-0.9999973778435036	0.04980123397002017	0.1275720413085201	3878676.5	26120.05	20.255000000000003	20.284519861624716
