-1.8248535128197105	-0.9999912786647216	0.04269867939433748	0.1612412621777066	1001666.2	6221.125	10.71	10.850638130252099
-1.8248535128197105	-0.9999915815911166	0.0721214924065283	0.1612412621777066	1001666.2	4592.675	10.905000000000001	10.938045694906178
-1.8248535128197105	-0.9999917382810545	0.033271868269533135	0.1612412621777066	1001666.2	3925.425	10.925	11.013724734838107
-1.8248535128197105	-0.9999905947517065	0.10255985741409324	0.1612412621777066	1001666.2	12342.925	11.2	11.279344757443138
-0.7161603016386513	-0.9999870449275419	0.07236631279381198	0.48862483055971734	695682.0	8204.916666666666	10.92	11.02953766369168
-0.7161603016386513	-0.999987598312452	0.053235075362189854	0.48862483055971734	695682.0	5582.833333333333	11.1	11.109758879997589
-0.7161603016386513	-0.9999874042363758	-0.06853281853281853	0.48862483055971734	695682.0	-6390.0	11.120000000000001	11.141313131313131
-0.7161603016386513	-0.9999874839459348	0.06141487102902482	0.48862483055971734	695682.0	6045.25	11.09	11.160497673266681
-0.7161603016386513	-0.9999869402966622	0.118556816451558	0.48862483055971734	695682.0	8824.5	11.19	11.214172435494023
-0.7161603016386513	-0.9999853985466648	0.1132779906841663	0.48862483055971734	695682.0	25794.833333333332	11.23	11.280519699088044
-1.9695871180860551	-0.999991357531693	0.06316395463097109	0.1395144473171018	1126687.8	16937.825	10.78	10.806340264246966
-1.9695871180860551	-0.9999913925470658	0.11026422660997219	0.1395144473171018	1126687.8	16282.575	10.81	10.87657159155733
-1.9695871180860551	-0.9999916023317637	0.08266529135547464	0.1395144473171018	1126687.8	12854.8	11.094999999999999	11.235763404300988
-1.3350726134169613	-0.9999890924335469	0.03973947223859447	0.2631390673354689	801786.8333333334	6281.625	10.6	10.693835012278855
-1.452502132123212	-0.9999877437890882	0.04542892652293009	0.2339840959117809	752800.1428571428	10161.67857142857	10.5	10.500543414404888
-2.1169204530474017	-0.9999929386606324	0.07718322343890946	0.12040184129850527	1359969.3	14811.175	10.81	10.837685709070998
-2.1169204530474017	-0.9999941292020953	0.04290711249082009	0.12040184129850527	1359969.3	2932.95	10.91	10.920452629531159
-2.1169204530474017	-0.999992959175906	0.07987879779390357	0.12040184129850527	1359969.3	14403.625	10.950000000000001	10.95188399268246
-2.1169204530474017	-0.9999930449643478	0.11704071970129327	0.12040184129850527	1359969.3	12817.375	10.950000000000001	10.956980432668935
-2.1169204530474017	-0.9999935370339383	0.1002250033975742	0.12040184129850527	1359969.3	6563.525	10.955000000000002	11.045389755011136
-1.9256503346527827	-0.9999919044285601	0.03528253401108839	0.14578091963785011	1061327.2	5387.65	10.77	10.878215223097113
-1.9256503346527827	-0.9999909750674062	0.05929569719267934	0.14578091963785011	1061327.2	14448.375	10.88	10.896980352557318
-1.9256503346527827	-0.9999911337366346	0.11385356109734059	0.14578091963785011	1061327.2	12208.95	10.985	11.010366128171981
-1.6316251415524723	-0.9999883295815887	0.04612713903059048	0.19561141942787102	780301.2222222222	9012.166666666666	10.22	10.301551766138855
-1.6316251415524723	-0.9999899902401863	-0.02272194700680747	0.19561141942787102	780301.2222222222	-2465.6785714285716	10.26	10.309134639175257
-1.6316251415524723	-0.9999885683944792	0.07502404465005143	0.19561141942787102	780301.2222222222	7479.805555555556	10.200000000000001	10.246148501362397
-1.6316251415524723	-0.9999888750183662	0.08949026515196293	0.19561141942787102	780301.2222222222	5887.972222222223	10.21	10.47016355140187
-1.6316251415524723	-0.9999882533860198	0.07471572355736932	0.19561141942787102	780301.2222222222	9564.3	10.465	10.477503961512657
-2.0840525359716433	-0.9999916046609765	0.07042805959322261	0.12442495250274065	1301123.1	55456.35	10.78	10.782090466412438
-1.7676029493489227	-0.999989817438955	0.031536166246102	0.17074177537246715	897477.7	9306.925	10.4	10.414798805562667
-1.7676029493489227	-0.9999897766211923	0.08830474213036857	0.17074177537246715	897477.7	9654.225	10.49	10.557759959161057
-1.7676029493489227	-0.999990218562084	0.09618848895071412	0.17074177537246715	897477.7	6492.925	10.594999999999999	10.634114895483117
-1.5498530521897247	-0.9999885682367591	0.04422148993762504	0.21227916549344966	764535.75	6246.84375	10.3	10.40436029648727
