-1.7262940878365662	-0.9999993518007466	0.03718053968628519	0.17794262931939908	19703047.555555556	352039.22222222225	18.080000000000002	18.169821446875197
-1.7262940878365662	-0.9999993644725543	0.04967318959935701	0.17794262931939908	19703047.555555556	274257.80555555556	18.085	18.168331287734564
-1.7262940878365662	-0.999999369827204	0.08874420909706343	0.17794262931939908	19703047.555555556	246796.77777777778	18.16	18.185626974674978
-1.2513386185169304	-0.999999413031773	0.006405117970734646	0.2861215328133296	18699341.4	58448.55	17.725	17.821245704278898
-1.2513386185169304	-0.999999358827439	0.03256888767195755	0.2861215328133296	18699341.4	161054.55	17.685000000000002	17.734769854393804
-1.2513386185169304	-0.9999993325003264	0.08864552568571321	0.2861215328133296	18699341.4	263497.85	17.835	17.906435444508297
-2.0392078134373643	-0.9999992722281499	0.05483018962676657	0.1301317586870962	17849100.0	438042.075	17.63	17.6634318318511
-2.2703536152446246	-0.9999994585797867	0.06490337271944581	0.10327565377977688	24958789.7	739102.5	18.36	18.420716532840437
-2.2703536152446246	-0.9999994737030032	0.07602215261600509	0.10327565377977688	24958789.7	506730.25	18.64	18.682274919051004
-2.2703536152446246	-0.9999994980617692	0.06866244092296925	0.10327565377977688	24958789.7	275892.65	18.745	18.916932406333622
-2.3013646189959336	-0.9999995120478354	0.06894134091608824	0.10012212190795891	28032170.8	871836.575	18.900000000000002	19.13992577282649
-2.3013646189959336	-0.9999995263426903	0.07140867739547178	0.10012212190795891	28032170.8	583991.025	19.575000000000003	19.887759631088027
-1.9341352526763331	-0.9999993401487016	0.03278484576343766	0.1445492133384111	19093061.9	296137.25	17.86	17.863935959955967
-1.9341352526763331	-0.9999993335519891	0.05828647979601339	0.1445492133384111	19093061.9	335887.025	17.814999999999998	17.839982996031182
-1.9341352526763331	-0.9999993580415568	0.09414112464238245	0.1445492133384111	19093061.9	210438.25	17.82	17.823642672017385
-1.8040693404972041	-0.9999993210376923	0.03496658782093287	0.16462759754312997	19360966.1	511633.725	18.16	18.16749177838163
-1.8040693404972041	-0.9999993530417975	0.04806696069844173	0.16462759754312997	19360966.1	275331.8	18.160000000000004	18.237882805970795
-1.8040693404972041	-0.9999993591651549	0.0907996939365675	0.16462759754312997	19360966.1	244550.625	18.19	18.257157636784843
-1.6371680144553666	-0.9999993742549512	0.03224200011346664	0.19453016957519062	20193296.0	307383.59375	17.985	18.159271417273096
-2.1665662156470535	-0.9999993323202278	0.059328738908687756	0.11457035212336453	19758724.3	536326.65	17.66	17.931016306341476
-2.1665662156470535	-0.9999993550954375	0.05931472172960978	0.11457035212336453	19758724.3	341973.5	18.075000000000003	18.110565141414884
-2.331293315197353	-0.9999995099007872	0.06705538526163245	0.09716999435767217	29041262.8	1518296.25	19.53	19.69499798321304
-2.331293315197353	-0.9999995410901985	0.07333551730148716	0.09716999435767217	29041262.8	613735.0	19.775	19.790163048754774
-1.4071074801468282	-0.9999993794083633	0.017458690840601383	0.24485049476570753	19279658.5	157123.66666666666	17.91	18.09476189480808
-2.2031815317318957	-0.9999993578851529	0.05382146928565638	0.11045119478653771	20423237.2	495866.4	17.91	17.9508948095859
-2.2031815317318957	-0.9999993691884905	0.06757442907537783	0.11045119478653771	20423237.2	393647.275	17.945	18.034881446569614
-2.2031815317318957	-0.9999993942041805	0.0781295244653644	0.11045119478653771	20423237.2	236170.075	18.115000000000002	18.135777883403268
