-2.1575545976868957	-0.9999990318758335	0.06942715515094025	0.11560748245873373	13183748.6	349235.85	17.66	17.662920270783893
-2.1575545976868957	-0.999999045882144	0.06344303802336303	0.11560748245873373	13183748.6	290351.2	17.810000000000002	17.81557790997378
-1.3985932946742634	-0.9999991638851959	0.0669722303855596	0.24694409730402558	15748344.5	523044.625	17.26	17.27185077301486
-1.3985932946742634	-0.9999991681728321	0.10693277762770859	0.24694409730402558	15748344.5	488892.9166666667	17.400000000000002	17.468436122498876
-1.3985932946742634	-0.999999236553193	0.07971115245306871	0.24694409730402558	15748344.5	166544.41666666666	17.47	17.490126890057255
-2.074917794802186	-0.9999990367830937	0.0659227114773161	0.12556674930840375	13222895.7	339936.375	17.52	17.667439400983763
-2.074917794802186	-0.9999990393424824	0.07410497911989834	0.12556674930840375	13222895.7	328624.525	17.66	17.74629827418973
-2.074917794802186	-0.9999990799801567	0.0783206296991101	0.12556674930840375	13222895.7	192013.55	17.85	17.905462898207094
-1.9780217820154018	-0.9999990186759259	0.05762688655201746	0.1383426386938679	12870439.3	305611.1	17.41	17.620287256000395
-1.9780217820154018	-0.9999990243205381	0.06691742916379756	0.1383426386938679	12870439.3	284196.1	17.655	17.72018186917128
-1.9228349943388021	-0.9999990112813023	0.04822229181359371	0.14619192082054394	12554627.9	245976.5	17.05	17.29380114006744
-1.9228349943388021	-0.9999990016232502	0.06754220596606789	0.14619192082054394	12554627.9	277685.65	17.395000000000003	17.42478488994542
-1.9228349943388021	-0.9999990457689353	0.07442482997038889	0.14619192082054394	12554627.9	159533.575	17.41	17.456173928993053
-2.1178763420051423	-0.9999990140212685	0.06870778532293557	0.1202868054974017	12911034.3	337730.075	17.795	17.858098891385183
-2.2294921772758616	-0.9999990245242161	0.07609322103555424	0.10758304938338263	13185385.1	385393.925	17.8	17.807425482257898
-1.524038738294606	-0.9999991121829583	0.064237480737893	0.2178303482292557	14681226.142857144	457824.21428571426	17.45	17.500246999913866
-0.7509685914039673	-0.9999993075871316	0.09087657179608664	0.47190924406688617	19773965.333333332	883588.6666666666	17.38	17.507429773920567
-0.7509685914039673	-0.9999993205151717	0.11196822110340619	0.47190924406688617	19773965.333333332	684270.0833333334	17.445	17.50709548110587
-1.794259152502516	-0.9999990332094343	0.061311540847544886	0.16625057305537067	13250582.4	366053.7	16.91	17.0120325299477
-0.26736159091706363	-0.9999994048188631	0.10228131283757147	0.7653962610863673	23496643.0	1184413.0	16.79	17.07450162726703
-0.26736159091706363	-0.9999994219756777	0.10808537646244253	0.7653962610863673	23496643.0	791456.25	17.17	17.316681200283902
-0.26736159091706363	-0.9999994678599342	0.10792258291023875	0.7653962610863673	23496643.0	269278.5	17.369999999999997	17.391396628323218
