-0.7652150076518253	-0.9999994637710438	0.05112281429439563	0.4652338913735253	26317531.0	1345426.25	19.79	19.801967135461094
-1.264878494036398	-0.9999996098487627	0.04141583416021459	0.28227359198169966	34656466.4	745091.2	21.265	21.375627857898213
-1.7473254555894293	-0.9999996605671845	0.026765093010246353	0.1742393316528937	38803262.777777776	524971.2777777778	18.814999999999998	18.995687454169047
-1.7473254555894293	-0.9999996728685648	0.032033145710899186	0.1742393316528937	38803262.777777776	325710.4166666667	19.064999999999998	19.169121317990236
-1.7473254555894293	-0.9999996801222272	0.053608078270880266	0.1742393316528937	38803262.777777776	245805.83333333334	19.215	19.246346728123353
-2.063385473558323	-0.9999995871186937	0.030755575360775448	0.12702320742873743	31672613.6	477838.45	20.705000000000002	20.852894982946225
-2.063385473558323	-0.9999996122522776	0.02409470781357173	0.12702320742873743	31672613.6	215556.675	20.79	20.981947032711197
-1.056077379837363	-0.999999591419738	0.04274971167238452	0.34781749381465427	33190943.25	775422.25	20.25	21.182123469763233
-1.056077379837363	-0.9999996005264628	0.06844109213652994	0.34781749381465427	33190943.25	573149.4375	21.115000000000002	21.424569642548857
-0.2767857799253502	-0.9999995285711567	0.051419682451440074	0.7582169049963616	28480645.5	677792.375	20.11	20.17896399424917
-1.8244995404769615	-0.9999996512359003	0.030422123416465937	0.16129834722769593	38110554.4	592195.15	19.55	20.01535068750426
-1.9554672450259827	-0.9999996268036295	0.031513215937132195	0.141498346847167	35566336.8	581418.5	20.2	20.587581383127407
-2.012023107606028	-0.9999996184143827	0.03573351092744028	0.13371787518257533	35052599.5	644072.3	20.6	20.826568156646683
-2.1542425239666767	-0.9999995241126359	0.02785303678979921	0.11599101776123437	26976626.6	376183.775	20.005000000000003	20.100968941276285
-1.425529489268742	-0.9999996429382035	0.03991660280172556	0.24038115026642437	37965818.666666664	771538.7083333334	21.485	21.791004483257094
