-1.4029177141607592	-0.9999990491772635	0.05719301410634182	0.2458785131146739	13431940.833333334	352001.9166666667	17.650000000000002	17.79861442723169
-1.6321126396420957	-0.9999991474089335	0.08193252694781247	0.19551608247477084	15668109.375	633166.375	17.84	18.147898685401678
-1.6321126396420957	-0.9999992003704256	0.059507720530875656	0.19551608247477084	15668109.375	276144.625	18.3	18.325424334970158
-1.6321126396420957	-0.9999992204789175	0.11295929679909561	0.19551608247477084	15668109.375	201514.5	18.285	18.293402734673755
-1.2470397864336225	-0.9999989951089135	0.04930765344008448	0.28735416878759495	12450397.6	271383.95	17.6	17.620411919213296
-1.2470397864336225	-0.999999019982265	0.04906739480769487	0.28735416878759495	12450397.6	199108.55	17.625	17.627102861898493
-1.2470397864336225	-0.9999990249412164	0.11873712244933947	0.28735416878759495	12450397.6	187187.15	17.615000000000002	17.635936464742734
-1.5279029240341622	-0.9999990761540943	0.0630250026221641	0.2169902355251263	14022226.0	422681.28571428574	17.650000000000002	17.83747274950869
-1.5279029240341622	-0.9999991262219855	0.049626016792335775	0.2169902355251263	14022226.0	209464.17857142858	17.855	17.879770384551925
-1.9862229611619902	-0.999999311762685	0.07491835867705644	0.1372127056551701	19478490.5	663857.3	18.01	18.46034925872968
-1.9862229611619902	-0.9999993270184501	0.07661097148940263	0.1372127056551701	19478490.5	493196.375	18.675	18.79473761758322
-1.9862229611619902	-0.9999993714470857	0.08075598660639742	0.1372127056551701	19478490.5	207576.9	18.785	18.84707224337657
-1.0434585678408843	-0.9999989818910804	0.04358879057860495	0.35223434648549845	12736918.0	428295.0	17.400000000000002	17.400168132758765
-1.0434585678408843	-0.9999990491591649	0.04260826596531161	0.35223434648549845	12736918.0	181820.6875	17.395000000000003	17.46588830355425
-1.0434585678408843	-0.9999990487222067	0.12020831686240838	0.35223434648549845	12736918.0	182835.4375	17.53	17.592770168191485
