-2.158442153722254	-0.9999992959290832	0.015415089269449294	0.11550491986170379	17078716.6	166811.825	17.07	17.08088410940907
-2.158442153722254	-0.9999992522977614	0.06688596088467143	0.11550491986170379	17078716.6	351439.125	17.08	17.113631634589872
-2.158442153722254	-0.9999992892739455	0.10543060573624993	0.11550491986170379	17078716.6	186891.5	17.160000000000004	17.16365081807458
-1.4038803137960791	-0.999999320460123	-0.013873775041922755	0.24564194442635018	17470341.333333332	-143169.8	17.47	17.54556302832169
-2.261201767146211	-0.9999990070838631	0.05657775672977043	0.10422515509411384	12819419.4	337258.65	16.93	16.9671711152446
-1.9267049444925528	-0.9999994253295185	-0.003720739573935102	0.145627258685967	18347111.0	-37930.725	16.85	16.900669987787843
-1.9267049444925528	-0.9999993201380942	0.049688206152133874	0.145627258685967	18347111.0	261319.225	16.875	16.890626792381497
-1.9267049444925528	-0.999999344674156	0.07709905428109591	0.145627258685967	18347111.0	166596.5	16.939999999999998	16.95639291450866
-2.195147000059034	-0.9999991707614242	0.016158600576388547	0.11134219299291298	14351086.3	147335.5	17.17	17.224736846111423
-2.291182738985753	-0.9999989706398457	0.05944303729401755	0.10114676086296776	12379820.1	342247.9	16.78	16.84511546795329
-2.291182738985753	-0.9999990029541806	0.05469853123703277	0.10114676086296776	12379820.1	229404.825	16.92	16.94687575808563
-2.291182738985753	-0.9999990074560048	0.10355043176363879	0.10114676086296776	12379820.1	216969.375	16.97	17.011402593466986
-2.346841630426528	-0.9999988520770768	0.058356705814692864	0.0956708494448366	11032612.6	316344.075	16.72	16.730459222584592
-2.346841630426528	-0.9999989021749658	0.04420051526746058	0.0956708494448366	11032612.6	182020.175	16.590000000000003	16.629794088110337
-2.346841630426528	-0.9999988799003942	0.11453908088144463	0.0956708494448366	11032612.6	232726.85	16.810000000000002	16.838686900926458
-2.2290800045174826	-0.9999990246975283	0.04278067597683545	0.10762740132530499	12897097.1	290270.125	16.84	16.924588808568267
-2.119147784207982	-0.9999993430145876	0.02097684400067108	0.12013396496099144	18604705.1	203417.325	17.0	17.150849094503894
-2.119147784207982	-0.9999993195332926	0.059238815518323336	0.12013396496099144	18604705.1	314858.7	17.175	17.18222087744999
-2.119147784207982	-0.9999993476009129	0.10626027301559417	0.12013396496099144	18604705.1	186780.1	17.17	17.193587787318453
-0.7539537915414933	-0.9999993946348315	0.006106272614151171	0.4705026011265461	18654678.666666668	80248.25	17.995	18.101865406035863
-0.7539537915414933	-0.9999993263468225	0.04955526117177706	0.4705026011265461	18654678.666666668	286868.75	17.995	18.12249325012431
-0.7539537915414933	-0.9999993399391298	0.0712146574237151	0.4705026011265461	18654678.666666668	222619.41666666666	18.175	18.201033169911177
-1.9812090856205116	-0.9999993274370447	0.024972495895025655	0.13790240066164677	19469366.5	486198.675	17.005000000000003	17.009057219493336
-1.5286766691379012	-0.9999993815835505	0.0064258508894948115	0.21682240533009844	17954346.85714286	66386.45833333333	17.630000000000003	17.77322661463797
-2.030900177329135	-0.9999994003516774	0.010312909677389813	0.1312173490857308	19243916.9	102700.55	17.05	17.263942320364713
-2.030900177329135	-0.9999993440217214	0.05676939041404484	0.1312173490857308	19243916.9	303637.0	17.29	17.340038120308478
-2.030900177329135	-0.9999993729157456	0.10454094798719518	0.1312173490857308	19243916.9	174128.975	17.345	17.374722095783024
-1.798593633818845	-0.9999994458832353	-0.006855646387824955	0.1655315225339353	20383651.8	-80411.36111111111	16.9	16.9573460353207
-1.798593633818845	-0.9999993871388603	0.04895435915901713	0.1655315225339353	20383651.8	266290.825	17.03	17.119820496339667
