0.0	-0.9999989422518974	0.05360853795218311	1.0	12064156.0	348305.5	18.75	18.846406777871458
-1.727622198164904	-0.9999990242923272	0.05356591358998846	0.17770645874055557	12992486.222222222	320252.6111111111	18.1	18.32418086297281
-1.8739798673672978	-0.999998982135001	0.062278645043110634	0.15351148907413684	12580971.2	364298.0	18.3	18.45591214125081
-2.3031592462568664	-0.9999990665869884	0.0454328615851127	0.09994260115316231	13297588.1	245766.625	17.91	17.953575324073366
-2.2054910945598403	-0.9999990914773327	0.07413569238479256	0.11019639516388531	14383889.2	473585.275	18.1	18.26175836630155
-2.2054910945598403	-0.9999991564293778	0.03822922616674954	0.11019639516388531	14383889.2	186059.35	18.25	18.2964961147641
-1.0484960914905872	-0.9999990098466417	0.030980048821212795	0.3504644194025088	12132159.0	164833.625	18.26	18.301632088052774
-1.0484960914905872	-0.9999990449547622	0.030190621488389642	0.3504644194025088	12132159.0	107661.9375	18.235	18.28153247598436
-2.3318241518679743	-0.9999991081221908	0.05200298864084537	0.09711842664960929	14088952.3	286536.275	17.95	18.180148374002968
-2.3318241518679743	-0.999999129303464	0.03989740757637665	0.09711842664960929	14088952.3	212606.275	18.310000000000002	18.360098499554617
-2.3318241518679743	-0.9999991363446277	0.09400029040724049	0.09711842664960929	14088952.3	192527.475	18.37	18.398809325381794
-1.5342690438630944	-0.9999989986903076	0.041497467820148695	0.21561323740211175	12267882.285714285	216196.89285714287	17.95	18.04852042795759
-2.1685952281595196	-0.9999990840026313	0.06463602248030417	0.11433812312279437	14092114.7	403663.75	17.900000000000002	17.959893719642743
-2.1685952281595196	-0.9999991291749315	0.044370520468766626	0.11433812312279437	14092114.7	213579.0	17.995	18.028072659801293
-1.9908867255435534	-0.9999989538116578	0.06845101830184641	0.13657426784480273	12276475.6	378322.775	18.07	18.109347691048903
