-2.1809534834627735	-0.999999220646207	0.060401198687963314	0.11293379877881365	16385359.7	351508.575	16.97	17.245869042089037
-1.0342501884183724	-0.9999991612911565	0.06491190923885132	0.35549283366165896	15371608.25	397242.125	16.2	16.500173492849765
-2.1046158975797793	-0.9999990937340724	0.052664770523067964	0.12189248447684209	13636843.7	232955.45	16.0	16.0590137935397
-2.1046158975797793	-0.9999990366385352	0.08397223448997311	0.12189248447684209	13636843.7	507477.55	16.14	16.66914918507076
-1.51525991497546	-0.9999991607701446	0.062349160333747176	0.21975106083280618	15376860.57142857	402205.3214285714	16.48	16.870556447169058
-2.3352902837785874	-0.9999993061649983	0.06797576067462809	0.09678238409224271	19107708.3	572401.0	17.11	17.18050037318905
-2.3352902837785874	-0.9999993067305384	0.07863564518628936	0.09678238409224271	19107708.3	566248.825	17.26	17.461818257662046
-2.1439135601376544	-0.9999991367661359	0.06088484047555313	0.1171952935419264	14535667.5	281440.65	16.630000000000003	16.678476599855706
-2.1439135601376544	-0.9999990881843249	0.08683614515325096	0.1171952935419264	14535667.5	570260.025	16.86	16.96014442029573
-1.2363162676992365	-0.9999991370793272	0.06359625446345372	0.2904521977982592	14864728.4	372159.85	16.41	16.554246113929487
-1.2363162676992365	-0.9999991315662947	0.08411582530402906	0.2904521977982592	14864728.4	403942.85	16.46	16.51890914259793
-1.2363162676992365	-0.999999227703369	0.036602867881177406	0.2904521977982592	14864728.4	96758.1	16.564999999999998	16.576566491916065
-2.247974607665657	-0.9999992327810432	0.054370346628153494	0.10561291567445776	16740362.9	378329.625	17.14	17.262436847780794
-2.0630230169929105	-0.9999989813123115	0.04745302269793881	0.12706925616905976	12108570.8	227486.825	15.97	16.032994449925624
-2.0630230169929105	-0.9999989985065928	0.04377171856058052	0.12706925616905976	12108570.8	184729.6	16.055	16.057490534185906
-2.0630230169929105	-0.9999990453498233	0.04935037881928376	0.12706925616905976	12108570.8	104761.3	16.05	16.052941939372904
-1.3913844705186529	-0.999999164128306	0.05935916531826233	0.24873070581397586	15296855.166666666	357255.125	16.57	16.744561543621455
-1.7859905641231408	-0.9999991254459533	0.058565107884379464	0.16763092954710346	14533226.6	331071.325	16.305	16.359109782233837
