-0.7536142551567506	-0.9999992486619174	0.05146195305698954	0.4706623810027503	17288721.0	437867.75	17.04	17.105834219529083
-2.1504999045128255	-0.9999990861187636	0.02286417137841785	0.11642594136988718	12949490.9	137900.75	15.99	16.087467158130774
-2.186317347690676	-0.9999990747316568	0.01940387761714104	0.11232965892597245	12586694.2	114240.475	15.99	16.045345123825445
-2.186317347690676	-0.9999990879648318	0.02313592690926009	0.11232965892597245	12586694.2	96712.45	16.045	16.109023517090726
-1.6270609135321874	-0.9999991679620409	0.04436390252360435	0.1965062751588299	15216415.875	315095.9375	17.26	17.389698094945118
-1.3970880830351164	-0.9999991137085504	0.051843795505437835	0.24731608031985639	14398925.5	348586.5	16.75	16.989055901759315
-1.3970880830351164	-0.9999991126605619	0.0697108416694428	0.24731608031985639	14398925.5	353886.5416666667	17.335	17.380215096411742
-1.3970880830351164	-0.9999992625998229	0.028718897492772254	0.24731608031985639	14398925.5	40853.416666666664	17.52	17.523803430339704
-1.9768374399968203	-0.999998950223669	0.03946680029055011	0.13850658075640804	12304178.2	407026.1	16.3	16.336144638110735
-1.9768374399968203	-0.9999989810020481	0.06905106834488232	0.13850658075640804	12304178.2	278710.475	16.340000000000003	16.44156319969914
-2.219990869759619	-0.9999990550715027	0.026747389591589916	0.10861010045675598	12806802.5	180143.15	16.17	16.200557659787858
-2.219990869759619	-0.9999990670385737	0.03477420162838511	0.10861010045675598	12806802.5	154545.875	16.33	16.486190632213233
-1.243352952820723	-0.9999990881314623	0.05112078821627151	0.28841555116374035	13973960.4	341947.3	16.655	16.79057549816484
-1.243352952820723	-0.9999991044226313	0.05765045708693803	0.28841555116374035	13973960.4	272327.05	16.85	16.972259920007478
-2.311298341571414	-0.9999990110028114	0.05181755159158019	0.0991324601760107	12660639.1	274123.175	16.86	16.94868520402595
-0.27126647425717904	-0.9999993143487433	0.06928486362435786	0.7624133058144066	19532084.0	654872.875	17.47	17.55108037175542
-2.2518765666142575	-0.999999001820887	0.04153520538794414	0.10520162136165549	12236568.1	201648.575	16.6	16.70858163362142
-2.2518765666142575	-0.9999990180030589	0.0370814034751558	0.10520162136165549	12236568.1	165423.875	16.799999999999997	16.899868236289752
-2.2518765666142575	-0.9999990425658536	0.06932846504282013	0.10520162136165549	12236568.1	122479.625	16.905	16.914184933761
-2.338802216135426	-0.9999990253584027	0.05446235725134134	0.09644308704884115	12858118.2	277077.7	16.97	17.010240529387175
-2.3645246503820236	-0.9999989966518678	0.06552076788563853	0.09399396974846373	12687281.7	337647.4	16.57	16.637279220273534
-2.3645246503820236	-0.9999990232236957	0.050650070165766566	0.09399396974846373	12687281.7	241019.225	16.71	16.733953433510905
-2.3645246503820236	-0.9999990667633825	0.09712893058906447	0.09399396974846373	12687281.7	138722.2	16.634999999999998	16.73170179313479
-2.1119367785392917	-0.9999991629630495	0.017111433196556794	0.12100338258365814	13884875.7	111540.725	15.540000000000001	15.553202360994785
-2.1119367785392917	-0.9999991653921554	0.022422031122722473	0.12100338258365814	13884875.7	107841.4	15.92	15.93362118289933
