-1.5286750743357411	-0.999999263814082	0.05369801550892877	0.2168227511192146	18777588.714285713	1008319.25	17.795	17.810956067328885
-1.9863290034946885	-0.999999252124954	0.05093428286372124	0.13719815607123606	17241420.2	398086.825	17.85	17.92328332247375
-1.7225542875605742	-0.9999992656842306	0.04326127803275969	0.17860934512855905	17307000.666666668	330644.97222222225	17.98	18.041128516702297
-2.036418760374842	-0.9999991477105845	0.05495953772820866	0.1304952096736359	16063692.7	882853.125	17.8	17.853235773124485
-1.2477782669270765	-0.9999993085791252	0.04478216472001189	0.28714204167474044	19807980.6	887044.25	17.295	17.331018236286074
-1.4029307814965313	-0.9999993544405794	0.03221089917748608	0.2458753001585763	19384535.0	272083.8333333333	17.54	17.70362375215897
-1.8005645486531114	-0.999999301159659	0.04487688703457713	0.16520559529355647	18317733.4	362640.875	18.21	18.366012565195554
-2.3530627138969016	-0.9999992020008884	0.019538548458231168	0.09507752059249386	14768469.8	131297.125	16.655	16.821967480577005
-2.2677309087866604	-0.9999991558970794	0.021564806556811048	0.1035468710100203	13985421.0	133937.325	17.16	17.173907322772138
-2.2677309087866604	-0.999999143300708	0.03249797043574273	0.1035468710100203	13985421.0	159738.6	17.189999999999998	17.23574927813082
-2.2677309087866604	-0.999999178519851	0.05038301612240618	0.1035468710100203	13985421.0	97610.025	17.21	17.263971355383532
-2.2017784478561815	-0.9999992213197749	0.037873599355002584	0.11060627584742246	16044933.1	266696.975	17.340000000000003	17.343924465754455
