-1.434405794220371	-0.9999961489847905	0.027638518623495974	0.23825689558547736	2623758.3333333335	24442.833333333332	21.46	21.461621545693767
-1.0664396544922918	-0.999996631496764	0.03558581344475006	0.34423192283346055	2978388.25	22757.875	21.8	21.81083322780803
-1.0664396544922918	-0.9999966927720939	0.029781601003645873	0.34423192283346055	2978388.25	18961.3125	21.94	22.044869159411075
-1.0664396544922918	-0.999996770030046	0.04953534792180823	0.34423192283346055	2978388.25	15063.625	22.22	22.35386907069089
-0.7722447171457315	-0.9999966417826246	0.034355506616482547	0.4619749005704787	3012774.0	24773.0	22.11	22.17316018276183
-1.969649597438244	-0.9999957411322848	0.01943313820756387	0.1395057308171159	2445572.7	33367.6	21.330000000000002	21.39028499218017
-1.969649597438244	-0.99999666456534	0.01254495857712692	0.1395057308171159	2445572.7	3486.875	21.585	21.601913043478262
-1.969649597438244	-0.9999966187848617	0.014177816941729201	0.1395057308171159	2445572.7	3900.075	21.615000000000002	21.6949471493788
-1.969649597438244	-0.9999960664689794	0.06238449004517033	0.1395057308171159	2445572.7	15058.075	21.645000000000003	21.8223303530833
-1.7590673108787418	-0.9999962605253118	0.020722712422054684	0.17220540305086435	2514589.111111111	12126.638888888889	20.81	20.86472552177859
-1.907318368777068	-0.9999961310880886	0.023520121420630244	0.1484780164937513	2443083.8	12733.575	21.34	21.450600916363896
-1.5615337345998368	-0.9999957525697453	0.02386324749325246	0.209814025267316	2478559.714285714	37327.392857142855	21.35	21.611352612437162
-1.8373556762072158	-0.999995962707054	0.01661196095104257	0.15923794655656018	2554853.7	30171.7	21.01	21.060646218896192
-1.8373556762072158	-0.9999970804504287	0.006469076586825008	0.15923794655656018	2554853.7	1734.45	21.18	21.199458437915254
-1.8373556762072158	-0.9999978424524518	-0.000862616367542407	0.15923794655656018	2554853.7	-246.7	21.18	21.353405005590435
-0.2804234687924955	-0.9999967434702216	0.0288354964424899	0.7554637583835478	3089191.0	23388.5	22.02	22.43590157512741
-2.2814339426609442	-0.9999952535613829	0.03798195130683983	0.10213764213570281	2326299.0	62418.65	20.75	20.847573727829495
-2.2814339426609442	-0.9999961353200699	0.033304882963354016	0.10213764213570281	2326299.0	8024.675	20.759999999999998	20.829982739415346
-2.2814339426609442	-0.9999957918847373	0.06511932418548035	0.10213764213570281	2326299.0	17841.425	20.91	21.044165410475102
-2.2814339426609442	-0.9999957726570038	0.07405415135086647	0.10213764213570281	2326299.0	18657.625	21.04	21.049280723473004
-2.169316279423503	-0.9999968259715196	0.005173815166249026	0.11425570919050089	2500784.8	2799.525	21.71	21.811078142831402
-2.0781424311613037	-0.9999968222081139	0.005103758806450413	0.12516249434101706	2493187.8	2758.575	21.77	22.011586364383035
-2.0781424311613037	-0.9999962887054237	0.03295735081566234	0.12516249434101706	2493187.8	10434.35	22.035	22.21883174778853
-2.2465904359627102	-0.9999963069536771	0.017906312552380947	0.10575920330404229	2452945.9	8593.2	20.490000000000002	20.530882090441505
-2.2465904359627102	-0.9999960979805949	0.044155798593351565	0.10575920330404229	2452945.9	14348.1	20.71	20.77195991496645
-2.2465904359627102	-0.999996377171341	0.03453224358851949	0.10575920330404229	2452945.9	7233.4	20.915	21.001634983588623
