-2.2504121063481004	-0.9999975030143987	0.011708067454320407	0.10535579782116984	3823807.5	14015.525	26.6	27.12521243399325
-2.2504121063481004	-0.9999972332263048	0.058630901572311336	0.10535579782116984	3823807.5	39323.775	27.26	27.419890136342215
-2.2504121063481004	-0.9999976203963701	0.020806288596163604	0.10535579782116984	3823807.5	8946.65	27.125	27.13552329225768
-2.2504121063481004	-0.9999970603834901	0.04895605501526813	0.10535579782116984	3823807.5	76154.125	27.17	27.18341829637161
-1.689869806272663	-0.9999974357898372	0.0047798983757076745	0.1845435488414927	3252865.25	4191.40625	25.900000000000002	25.971488569492593
-1.689869806272663	-0.9999972584667105	0.014940598960275352	0.1845435488414927	3252865.25	7462.9375	25.95	25.998908006669048
-1.689869806272663	-0.9999970681609835	0.034341562505129486	0.1845435488414927	3252865.25	13860.59375	26.009999999999998	26.30302549984327
-1.448019053609498	-0.9999970753386788	0.007715535946766961	0.23503541980770712	2977144.1666666665	6044.916666666667	24.21	24.85816977885888
-1.448019053609498	-0.999996742039288	0.012940161765991477	0.23503541980770712	2977144.1666666665	16307.125	24.98	25.15099707334092
-1.448019053609498	-0.9999967334237688	0.032734352989053875	0.23503541980770712	2977144.1666666665	16730.833333333332	25.11	25.361946299148073
-1.448019053609498	-0.9999963576386244	0.05315523618821992	0.23503541980770712	2977144.1666666665	51216.416666666664	25.505000000000003	25.800394238719758
-2.163778738970919	-0.9999972692293141	0.02215148307377149	0.11489015982886872	4103237.7	73496.1	25.85	25.941738240530107
-2.163778738970919	-0.9999975522017168	0.038780418099901605	0.11489015982886872	4103237.7	23013.925	25.865000000000002	26.080664077888454
-2.163778738970919	-0.9999977074361088	0.03173254507968919	0.11489015982886872	4103237.7	12171.5	26.1	26.10575544354168
-2.163778738970919	-0.9999972636221152	0.09282398733361671	0.11489015982886872	4103237.7	75206.7	26.235	26.601723197113863
-1.7833927748489253	-0.999997150256727	0.010678147650158764	0.1680669654974491	3381830.777777778	15325.666666666666	25.94	26.162591474871675
-1.7833927748489253	-0.9999966066650907	0.04937514221631731	0.1680669654974491	3381830.777777778	96343.38888888889	26.075000000000003	26.390308122491902
-2.0624301731996115	-0.9999971943318212	0.025344280498030225	0.12714461072343153	3807777.6	43622.9	26.400000000000002	26.428321966293783
-2.0624301731996115	-0.9999975738543625	0.021501543539697684	0.12714461072343153	3807777.6	10281.75	26.46	26.544625312239802
-2.0624301731996115	-0.9999972463055786	0.07494465551987375	0.12714461072343153	3807777.6	35790.15	26.665	26.78028454185642
-2.0624301731996115	-0.9999974674684571	0.03830802059738786	0.12714461072343153	3807777.6	15417.4	26.745	26.749619253370202
-1.2877495442034268	-0.9999968926742958	0.0026834390722555003	0.2758909654038803	2574689.8	2981.15	24.09	24.090330748360916
-0.286788482467066	-0.9999965690921977	0.030455027500010733	0.7506704920163957	2988488.5	28373.0	25.19	25.48014674320036
-1.8654381975210077	-0.9999975176221374	0.012216743850938147	0.15482834961890798	3814392.0	12947.85	26.78	26.967251941404065
-1.8654381975210077	-0.9999972800313337	0.04651126761524095	0.15482834961890798	3814392.0	32048.175	27.12	27.5297899001664
-2.1158426984994483	-0.9999976740152398	0.010130486844974439	0.12053167488234703	4012640.6	11307.85	26.71	26.976694865839274
-2.3603489363553667	-0.9999965701789724	0.013057146596365529	0.09438728229522059	2904619.4	21211.05	26.86	26.954514239057655
-2.452009727020445	-0.9999967091466694	0.01520104413096291	0.08612033410021944	2892449.8	13609.925	26.26	26.407628869041353
-2.452009727020445	-0.9999970693883087	0.013089973568224276	0.08612033410021944	2892449.8	4800.325	26.520000000000003	26.545743978693842
-2.478937725357162	-0.9999963906027591	0.018788074468952573	0.08383223116306279	2676597.8	15690.975	25.580000000000002	25.808058494287263
-2.478937725357162	-0.999996580040035	0.012584462282602718	0.08383223116306279	2676597.8	9449.825	25.935000000000002	25.981954081234893
-2.478937725357162	-0.9999966578115487	0.017776161130776756	0.08383223116306279	2676597.8	7673.775	26.05	26.138946693715607
