-2.38231213571105	-0.999994469486524	0.04845887623705987	0.09233683521082676	2035258.3	77343.4	22.580000000000002	22.586995755993595
-2.38231213571105	-0.9999955209457002	0.07216116504392389	0.09233683521082676	2035258.3	9099.025	22.52	22.570875392072995
-2.38231213571105	-0.9999955671075152	0.06509653274317087	0.09233683521082676	2035258.3	8283.0	22.625	22.70857954474742
-1.9719062046306362	-0.9999957257547559	0.039266282993254374	0.13919127611538573	2315109.2	19836.8	22.48	22.545365186649562
-1.9719062046306362	-0.9999963215309469	0.02242601535900173	0.13919127611538573	2315109.2	4993.325	22.634999999999998	22.66469068218675
-1.0635219866409513	-0.999994354486467	0.03915744226638959	0.345237743860426	1628453.25	9831.5625	21.55	21.77505289349946
-1.0635219866409513	-0.9999940232313881	0.06599430158731712	0.345237743860426	1628453.25	16862.1875	21.89	21.914280938682012
-0.7691979825767342	-0.9999937990619054	0.050783381633578026	0.46338456181143023	1627608.3333333333	24164.916666666668	21.56	21.59132485293621
-0.7691979825767342	-0.9999941205215693	0.07242985927176045	0.46338456181143023	1627608.3333333333	14320.083333333334	21.655	21.78927973300325
-0.7691979825767342	-0.9999939927489885	0.10382421413400651	0.46338456181143023	1627608.3333333333	17630.666666666668	21.795	21.821944197091124
-0.27842817320475904	-0.9999941953274335	0.056796161974510734	0.7569726367158888	1651358.5	14552.625	21.11	21.25057182234158
-0.27842817320475904	-0.9999944805609517	0.035782502874966524	0.7569726367158888	1651358.5	9085.75	21.29	21.35722135773238
-0.27842817320475904	-0.9999941216244809	0.10563889478047934	0.7569726367158888	1651358.5	16436.25	21.425	21.42820014114072
-0.27842817320475904	-0.999993748335906	0.07407422050345666	0.7569726367158888	1651358.5	30445.875	21.495	21.55323592809667
-0.27842817320475904	-0.9999936035381118	0.09118578482463298	0.7569726367158888	1651358.5	38670.25	21.580000000000002	21.59890666296935
-2.321137746642837	-0.9999990863463383	2.0186331465058413e-05	0.09816183874412256	2578795.4	9.55	22.25	22.397908974987743
-2.321137746642837	-0.9999959789771204	0.08370781145424994	0.09816183874412256	2578795.4	31868.2	22.405	22.435944149459193
-2.321137746642837	-0.9999964228592646	0.012662031474783661	0.09816183874412256	2578795.4	10143.775	22.384999999999998	22.388900537778973
-2.321137746642837	-0.9999972329223346	-0.00874301979535879	0.09816183874412256	2578795.4	-1255.05	22.330000000000002	22.37565982404692
-2.321137746642837	-0.9999973111730419	-0.005241895705430533	0.09816183874412256	2578795.4	-1025.525	22.41	22.41384481255449
-2.321137746642837	-0.9999960316880377	0.09836512073697129	0.09816183874412256	2578795.4	27817.725	22.380000000000003	22.463270381551
-1.8379170336202948	-0.9999953147370757	0.023929918895415455	0.15914858223982473	1843966.6	5649.325	21.81	21.825412000597254
-1.8379170336202948	-0.9999941997313572	0.07453081686738407	0.15914858223982473	1843966.6	44155.775	21.85	21.882687284373553
-1.8379170336202948	-0.9999944935778394	0.12540611642834334	0.15914858223982473	1843966.6	25683.9	22.025	22.04469964664311
-1.8379170336202948	-0.9999945626706539	0.07466796113940019	0.15914858223982473	1843966.6	22611.4	22.04	22.276472070973746
-1.8379170336202948	-0.9999947410755667	0.07705322313486054	0.15914858223982473	1843966.6	16272.3	22.325000000000003	22.333838247227483
-2.3526552406536654	-0.9999962633956769	0.010153363800803714	0.09511627003231234	2257692.2	4609.55	22.55	22.70736124958458
-2.172380305958071	-0.999996767290135	0.011448123490266927	0.1139061624495296	2550608.7	3808.975	22.0	22.150104743083006
-2.172380305958071	-0.9999959443717851	0.1045263024073082	0.1139061624495296	2550608.7	31079.025	22.05	22.055944577296387
-2.172380305958071	-0.999997028666932	0.008512485501213892	0.1139061624495296	2550608.7	1955.1	22.080000000000002	22.088448338619937
-2.172380305958071	-0.9999957852307093	0.05901709801333235	0.1139061624495296	2550608.7	46639.625	22.150000000000002	22.476251503337576
-2.172380305958071	-0.9999956060650379	0.10011702073725169	0.1139061624495296	2550608.7	73658.525	22.68	23.015184250002896
-1.9085351017762036	-0.9999945086786998	0.07983613394860105	0.14829746825321255	2199064.4	175564.8	22.3	22.343746543114552
-1.2716289380352046	-0.9999935075387462	0.06630487912584143	0.28037453685075936	1679801.6	54503.95	21.81	21.818116102297523
-1.2716289380352046	-0.9999939765843876	0.11211527188780014	0.28037453685075936	1679801.6	24787.7	21.935000000000002	21.98546462039794
-2.0292278561020334	-0.9999964046859247	0.020478493321483236	0.13143697023133888	2422599.3	6062.275	22.55	22.643678573375794
-2.0292278561020334	-0.9999957284508848	0.09833490808949827	0.13143697023133888	2422599.3	31201.45	22.715	22.891444035057123
-1.5599236120634252	-0.9999948114054552	0.02637268111152247	0.2101521236747436	1697551.142857143	6685.892857142857	21.67	21.724942762655814
-1.5599236120634252	-0.9999933334877641	0.06971429762449491	0.2101521236747436	1697551.142857143	82185.42857142857	21.78	21.785552036696455
-1.5599236120634252	-0.9999940256434194	0.12007081375671101	0.2101521236747436	1697551.142857143	25380.5	21.85	21.85185611847233
-2.2879404925594384	-0.9999981471709255	0.0003594626541891358	0.10147523579750188	2762582.1	166.1	22.580000000000002	22.806415648677902
-1.7585692672988467	-0.999993397724659	0.06372494288073713	0.1722911902073751	1708839.2222222222	79396.88888888889	21.7	21.714587156947747
-1.7585692672988467	-0.9999940960390685	0.11893780281479839	0.1722911902073751	1708839.2222222222	24073.777777777777	21.765	21.787091849868713
-1.7585692672988467	-0.9999943706168011	0.062208139524742245	0.1722911902073751	1708839.2222222222	15057.694444444445	21.8	21.850395693919115
-1.7585692672988467	-0.9999944777413173	0.06477602653309807	0.1722911902073751	1708839.2222222222	12538.666666666666	21.865000000000002	21.878548387096775
