-1.4597794783699927	-0.9999965443531769	0.01789389279646781	0.23228749349882474	2744682.1666666665	13155.25	25.92	26.210369977330817
-1.2974375330520311	-0.9999962594420934	0.029371426199633437	0.2732310422648346	2804355.4	35947.9	26.01	26.204649434910003
-1.6993276040407737	-0.9999961964756526	0.013933669100428918	0.1828064010224844	2553066.25	16491.3125	24.96	25.055773275616513
-1.6993276040407737	-0.9999966133789939	-0.019583480379076753	0.1828064010224844	2553066.25	-5687.875	25.07	25.11720681949847
-1.6993276040407737	-0.9999961580150943	0.048220704356431644	0.1828064010224844	2553066.25	18192.90625	25.17	25.172772407732865
-1.6993276040407737	-0.9999970899180103	0.005079543766602249	0.1828064010224844	2553066.25	1684.1875	25.215	25.258758121026904
-1.6993276040407737	-0.9999961653477983	0.04501538027133944	0.1828064010224844	2553066.25	17855.46875	25.3	25.318446831540633
-2.203685267216458	-0.9999954054460795	-0.01453820851353596	0.1103955706115231	2175147.4	-21890.025	23.650000000000002	23.67114964802389
-2.203685267216458	-0.9999955824822117	0.027671924680571898	0.1103955706115231	2175147.4	14893.575	23.795	23.87236072491018
-2.1132860403409	-0.999995937384015	-0.028757645506774433	0.120840227435929	2436031.2	-19862.9	23.740000000000002	23.897112755585745
-2.1132860403409	-0.9999966948908946	0.007686064616820759	0.120840227435929	2436031.2	3137.025	23.695	23.72169064959549
-2.1132860403409	-0.9999966319428373	-0.021453939506645772	0.120840227435929	2436031.2	-3657.075	23.759999999999998	23.820674277559757
-2.1132860403409	-0.9999963075348312	-0.0263276584849043	0.120840227435929	2436031.2	-8061.35	23.705	23.82212491513917
-2.1132860403409	-0.9999960922002311	0.04741373909338858	0.120840227435929	2436031.2	13622.1	23.82	23.89372342475908
-2.31667363169936	-0.9999949719496772	-0.02407961942948433	0.09860102403279249	1981623.5	-21240.3	23.82	23.947796100617577
-2.0621732353596847	-0.9999958491341713	-0.036187576086386175	0.12717728318228497	2430509.4	-24068.925	22.97	23.21597783933518
-2.0621732353596847	-0.9999963544770143	-0.012502359655497395	0.12717728318228497	2430509.4	-7046.85	23.255000000000003	23.260748438031648
-2.0621732353596847	-0.9999963338261271	-0.02318695293936884	0.12717728318228497	2430509.4	-7409.625	23.275	23.318077268643307
-2.0621732353596847	-0.9999961842413442	0.03482867532861341	0.12717728318228497	2430509.4	10658.825	23.29	23.455412391475928
-2.0621732353596847	-0.9999965067099092	0.019381738017861458	0.12717728318228497	2430509.4	4867.175	23.54	23.60835710982659
-0.2869028196108508	-0.9999963149224085	0.0789946688198893	0.7505846674029791	2969734.0	56595.375	25.8	26.22117253970544
-0.2869028196108508	-0.9999965018561222	0.06457494707338164	0.7505846674029791	2969734.0	32484.75	26.384999999999998	26.454987690204145
-0.2869028196108508	-0.9999969036525655	0.05370774263904035	0.7505846674029791	2969734.0	9850.0	26.485	26.514776444929115
-0.2869028196108508	-0.9999962230555134	0.12438734972867299	0.7505846674029791	2969734.0	74347.625	26.84	26.99811389934729
