-1.6826857814947647	-0.9999928652868677	0.02512322747005402	0.18587408785916154	1434650.625	27883.34375	23.02	23.058329365110495
-1.6826857814947647	-0.9999944122618944	0.01740451672532746	0.18587408785916154	1434650.625	3029.40625	23.165	23.209876245756213
-1.6826857814947647	-0.9999947074687331	0.011539860343322664	0.18587408785916154	1434650.625	1983.125	23.245	23.31266293298554
-1.6826857814947647	-0.9999932864741942	0.04627163680534467	0.18587408785916154	1434650.625	15237.25	23.235	23.247069692344436
-2.097736283694248	-0.999993576236677	0.026726091752979353	0.12273394886181525	1636806.5	36843.35	23.26	23.278568325412085
-2.097736283694248	-0.9999942067040074	0.04300723425711181	0.12273394886181525	1636806.5	13127.025	23.29	23.3639486294638
-2.097736283694248	-0.9999945834606039	0.03933643894638653	0.12273394886181525	1636806.5	7084.65	23.505000000000003	23.56854126016925
-1.0745688846167079	-0.9999921623449909	0.0519880236192126	0.3414449257350266	1310948.25	28990.5625	23.6	23.952391304347827
-0.2837197768854256	-0.9999925666212804	0.0663595467073128	0.7529776168781825	1403868.0	34045.5	24.01	24.18603201586627
-0.2837197768854256	-0.9999927326324147	0.08951272944534802	0.7529776168781825	1403868.0	26967.5	24.02	24.030290268988818
-2.1451638942353277	nan	nan	0.11704885183992882	1618109.5	nan	23.1	23.296890064667842
-2.1451638942353277	-0.9999952566523235	0.011757766664537206	0.11704885183992882	1618109.5	2153.375	23.36	23.453196878422784
-2.1451638942353277	-0.9999945148648954	0.05709894156794166	0.11704885183992882	1618109.5	7153.875	23.3	23.344243041412085
-2.1451638942353277	-0.9999942618981097	0.058580571838736696	0.11704885183992882	1618109.5	10772.85	23.445	23.480188223938224
-2.3035320578886873	nan	nan	0.09990534833351176	1621861.1	nan	23.1	23.219778944381385
-1.9257719785743457	nan	nan	0.14576318735363047	1587254.2	nan	23.98	24.213299657813263
-1.7743873428013535	nan	nan	0.16958731656906248	1501210.3333333333	nan	23.14	23.45243978153808
-1.7743873428013535	-0.9999939613511287	0.04011216256876458	0.16958731656906248	1501210.3333333333	8648.71875	23.515	23.596689232782357
-1.7743873428013535	-0.9999947187549653	0.02005862438358517	0.16958731656906248	1501210.3333333333	2773.59375	23.634999999999998	23.734297377411576
-1.7743873428013535	-0.9999944227256821	0.025550260553892753	0.16958731656906248	1501210.3333333333	4326.138888888889	23.875	23.903310502283105
-1.8546606534409633	nan	nan	0.15650604345197608	1482679.0	nan	23.38	23.711146080760095
-1.8546606534409633	-0.9999938808722959	0.0418493815577902	0.15650604345197608	1482679.0	8713.138888888889	23.67	23.712055548840272
-1.8546606534409633	-0.9999944017615379	0.02790188888546513	0.15650604345197608	1482679.0	4024.4444444444443	23.855	23.871789761625635
-1.9889971766371577	-0.9999933094366459	0.029654263159285755	0.13683257556893447	1536644.3	29172.5	23.355	23.370265827749076
-1.9889971766371577	-0.9999943879429296	0.039224257411426475	0.13683257556893447	1536644.3	5561.125	23.42	23.525169960474308
-2.2294115141297945	nan	nan	0.10759172772061561	1631609.7	nan	23.09	23.502452747509565
-2.2294115141297945	-0.9999949909115683	0.016277435383517565	0.10759172772061561	1631609.7	3542.525	23.585	23.684636075949367
-2.2294115141297945	-0.9999939248164821	0.05286230272200275	0.10759172772061561	1631609.7	20176.6	23.645000000000003	23.673204429114858
-2.2294115141297945	-0.9999942937925982	0.07334847611891557	0.10759172772061561	1631609.7	11050.3	23.759999999999998	23.870411008387684
-2.2294115141297945	-0.9999941648334916	0.08495043128148655	0.10759172772061561	1631609.7	13638.35	23.905	23.958664972992768
-2.2294115141297945	-0.9999939340012136	0.045649212239190086	0.10759172772061561	1631609.7	19876.475	24.1	24.30797224224946
-1.284505748200187	nan	nan	0.27678735247719255	1352907.6	nan	23.78	23.93721343919943
-1.284505748200187	-0.9999929034821521	0.058043127108117265	0.27678735247719255	1352907.6	14777.5625	23.990000000000002	24.177805015497324
