-2.2370237730343687	-0.9999956472842862	-0.006843211519708594	0.10677582101964747	1784913.3	-2365.625	20.82	20.94850567658791
-2.2370237730343687	-0.9999948950382676	0.031297566100798084	0.10677582101964747	1784913.3	9061.625	20.985	21.2624753050552
-1.8978756545961188	-0.9999934095952248	0.06863811276560147	0.1498866923604318	1553214.2	27897.0	20.35	20.609416004824844
-1.8978756545961188	-0.9999937927499563	0.04074575959654226	0.1498866923604318	1553214.2	15384.625	20.650000000000002	20.73119723802963
-1.8978756545961188	-0.9999933512439102	0.04910797618590162	0.1498866923604318	1553214.2	30543.575	20.87	20.87798937849637
-1.8283863316729823	-0.9999934424236879	0.06645855619073046	0.16067263103358775	1631200.9	44209.8	20.46	20.49554322924621
-2.1155817324925366	-0.9999945683572667	0.034576330720003844	0.12056313365690434	1801112.7	17728.775	20.82	20.957275810097965
-2.1155817324925366	-0.9999951401078453	0.03052797481369737	0.12056313365690434	1801112.7	6330.0	20.97	21.091659942718117
-2.2721887539861574	-0.999995293157701	0.05089739038425692	0.10308630242261453	2175667.9	28014.85	21.1	21.60376226223007
-1.551882776254519	-0.999992081165068	0.08322244115709694	0.21184873433880302	1278979.2857142857	25033.89285714286	20.32	20.462770460959547
-1.060329356150639	-0.9999925818752831	0.06938909409020218	0.34634172176691697	1428404.75	39977.0	20.26	20.26769436281058
-1.060329356150639	-0.9999931314059426	0.13443150192601877	0.34634172176691697	1428404.75	18234.625	20.3	20.446143031784842
-1.658120863983474	-0.9999934213334442	0.08512825053602391	0.19049661302238796	1620127.625	42542.375	21.13	21.50495411156858
-2.3951972364867724	-0.9999958346020807	0.056316310363715406	0.09115469811701123	2517135.2	35769.175	21.41	21.562025202520253
-2.3951972364867724	-0.9999962435082536	0.031479084644335735	0.09115469811701123	2517135.2	12778.5	21.56	21.56500625782228
-2.3951972364867724	-0.9999956507921332	0.07913772132461017	0.09115469811701123	2517135.2	56813.35	21.564999999999998	21.586917221269236
-2.3951972364867724	-0.9999960686512431	0.08643261922360113	0.09115469811701123	2517135.2	19844.575	21.61	21.652935370798133
-2.337059968360247	-0.9999959914204921	0.035226363519787446	0.09661126126071658	2515875.5	23981.675	21.54	21.747541447287208
-2.337059968360247	-0.9999962386526838	0.03262148586440286	0.09661126126071658	2515875.5	12874.5	21.67	21.732141182599634
-2.337059968360247	-0.9999961688467432	0.058411798334859634	0.09661126126071658	2515875.5	15346.45	21.715	21.772101108609696
-2.337059968360247	-0.9999960761304701	0.09300199121064551	0.09661126126071658	2515875.5	19378.425	21.855	21.88430681494997
-1.4247991709285595	-0.9999908137959945	0.07509093423709806	0.2405567691501382	1246047.0	93566.83333333333	20.27	20.272724883405424
-0.2786357102733668	-0.9999937836425269	0.11290464040101919	0.7568155531347452	1776265.5	62435.25	20.63	20.679897120301906
