-2.1715180622776336	-0.9999957136441768	0.03475953226603108	0.114004419673012	2231182.8	14236.625	22.0	22.30537121003607
-2.1715180622776336	-0.9999953155899498	0.09774160328457092	0.114004419673012	2231182.8	34604.75	22.415	22.419522957520478
-2.1715180622776336	-0.9999956667719138	0.05535641740446038	0.114004419673012	2231182.8	15806.25	22.45	22.578976801097287
-2.1715180622776336	-0.9999956673322479	0.0767072234477799	0.114004419673012	2231182.8	15786.5	22.82	22.841200355700273
-2.1715180622776336	-0.9999955715371663	0.0702135362715702	0.114004419673012	2231182.8	19548.6	22.915	22.950288434612155
-2.1715180622776336	-0.9999956547668911	0.07814729956414693	0.114004419673012	2231182.8	16235.375	22.85	22.88990179087233
-1.6671883190687093	-0.9999937794215978	0.026420059543915603	0.18877710111971693	1452772.875	8408.25	21.6	21.799346764497788
-1.2716029512742197	-0.9999923088756727	0.050273294132930725	0.28038182297150566	1456379.6	73217.0	21.77	21.822899291677448
-1.8377376376844878	-0.999993692444973	0.045327673993648766	0.15917713540975278	1608931.8	25549.85	21.88	22.124859549591626
-1.8377376376844878	-0.9999942116113519	0.06087719413900096	0.15917713540975278	1608931.8	11081.5	22.285	22.297206487856936
-2.080520706422687	-0.9999954577009924	0.023831046956469995	0.12486517716825143	2018988.8	9611.8	22.330000000000002	22.463487690237532
-2.080520706422687	-0.9999948536436315	0.10541671309264379	0.12486517716825143	2018988.8	32545.85	22.5	22.58217758985201
-0.27949265081908514	-0.9999904659270389	0.06457164131665849	0.7561672850049275	1119700.0	43272.75	21.31	21.432643559406767
-0.27949265081908514	-0.9999908539918361	0.11839892595558053	0.7561672850049275	1119700.0	28022.125	21.42	21.44761565970085
-1.7583948565444592	-0.9999936230097364	0.03223836498785099	0.1723212422644583	1443784.7777777778	9965.666666666666	21.61	21.807581533248623
-1.7583948565444592	-0.9999931281823646	0.062419782052434945	0.1723212422644583	1443784.7777777778	20361.0	21.805	21.817287504672922
-1.7583948565444592	-0.9999939752611837	0.04387678727601847	0.1723212422644583	1443784.7777777778	5992.472222222223	21.805	21.820876623376623
-1.7583948565444592	-0.9999938185508579	0.050900478463857805	0.1723212422644583	1443784.7777777778	7514.194444444444	21.82	21.846373486297004
-1.97111181845899	-0.9999945654650817	0.057856193268052754	0.13930189167026225	1949609.1	39942.4	21.87	22.12901331888323
-1.97111181845899	-0.9999945994778481	0.049470417353211706	0.13930189167026225	1949609.1	37379.6	22.295	22.330062263934607
-1.97111181845899	-0.9999950025260359	0.04548321641447346	0.13930189167026225	1949609.1	17035.625	22.35	22.385170735282443
-1.97111181845899	-0.9999949254433299	0.09771745975965362	0.13930189167026225	1949609.1	19798.3	22.435000000000002	22.446228458703988
-1.97111181845899	-0.9999948149511636	0.0758837870784234	0.13930189167026225	1949609.1	24557.625	22.43	22.499790266619666
-2.2126268427011255	-0.9999949758816196	0.06466284655714849	0.10941286032029522	2315238.1	112647.8	22.85	22.862492134033538
-2.2126268427011255	-0.9999957426750883	0.0911215109444931	0.10941286032029522	2315238.1	19085.2	22.840000000000003	22.901474640449823
-2.2126268427011255	-0.9999956563425306	0.07680555152806082	0.10941286032029522	2315238.1	23308.15	22.925	23.00151373424415
-2.2126268427011255	-0.9999957754980209	0.08218280205859765	0.10941286032029522	2315238.1	17688.525	22.945	22.968468899175207
-2.2126268427011255	-0.9999954920413255	0.09107228089593834	0.10941286032029522	2315238.1	34097.125	22.995	23.003409567721114
-0.7694591329200846	-0.9999925877536094	0.044291492624335356	0.46326356457393275	1323429.3333333333	18206.416666666668	21.2	21.24254454668541
-0.7694591329200846	-0.9999929615183385	0.07221872865460302	0.46326356457393275	1323429.3333333333	11101.583333333334	21.39	21.44953389460827
-2.286685291877467	-0.9999964957912258	0.015412460455201437	0.10160268755471072	2519680.4	6831.775	22.61	22.974662205818216
-2.286685291877467	-0.9999958467947596	0.09202838134655071	0.10160268755471072	2519680.4	35056.675	22.86	22.863468224719707
-2.286685291877467	-0.9999961601736688	0.047377488372093025	0.10160268755471072	2519680.4	15915.875	22.915	22.934565615319627
-2.286685291877467	-0.9999961003568804	0.08551830444762702	0.10160268755471072	2519680.4	18505.075	22.865000000000002	22.91763868765897
-2.286685291877467	-0.9999959508382498	0.08422475088917965	0.10160268755471072	2519680.4	26972.05	22.965	22.988039170574112
-2.286685291877467	-0.9999961297399564	0.07894813008458769	0.10160268755471072	2519680.4	17184.45	22.990000000000002	23.000646678424456
-2.286685291877467	-0.9999957739675014	0.09321840611943757	0.10160268755471072	2519680.4	42117.875	22.995	23.043875880320517
-1.063467213979657	-0.9999936029165417	0.03248550508679571	0.34525665396831023	1429233.25	9347.0625	21.59	21.74266053827399
-1.063467213979657	-0.9999932729106819	0.07291172355052625	0.34525665396831023	1429233.25	14980.625	21.880000000000003	21.917379372343902
-1.063467213979657	-0.9999935063635353	0.07436564933771106	0.34525665396831023	1429233.25	10730.3125	21.865000000000002	21.88466655172414
-1.9085848105639673	-0.9999947740393348	0.0247686921794482	0.148290096749053	1756023.6	9670.225	22.28	22.28463480992308
-1.9085848105639673	-0.9999942233120439	0.09325246475220135	0.148290096749053	1756023.6	25437.025	22.285	22.401696947323497
