-0.7701888084502502	-0.9999937589293191	-0.043865807123057696	0.4629256557837262	1681112.6666666667	-36023.083333333336	20.740000000000002	20.865465997243156
-0.7701888084502502	-0.999995066543977	0.02778215353822703	0.4629256557837262	1681112.6666666667	3997.5833333333335	21.035	21.052089985486212
-1.2708412579377766	-0.9999953512115747	0.0029663017530854392	0.28059546929388346	1400820.2	672.25	20.150000000000002	20.531659994662398
-1.2708412579377766	-0.9999936611836349	-0.03562217923920052	0.28059546929388346	1400820.2	-7182.5	20.51	20.55213603818616
-1.7509078721658446	-0.9999933436155131	0.03444598926940814	0.17361625051738108	1340789.111111111	7515.138888888889	20.22	20.706983240223465
-1.7509078721658446	-0.9999940164706953	0.01701871272111439	0.17361625051738108	1340789.111111111	3048.25	20.69	20.71386567164179
-1.7509078721658446	-0.9999942634777668	-0.011193177459362241	0.17361625051738108	1340789.111111111	-2188.5833333333335	20.755000000000003	20.76699655765921
-1.7509078721658446	-0.9999948791082548	-0.00716961726844088	0.17361625051738108	1340789.111111111	-958.1388888888889	20.795	20.79631533717521
-1.7509078721658446	-0.9999929899949155	0.10179171248672232	0.17361625051738108	1340789.111111111	12074.555555555555	20.805	20.827170540054603
-1.8996069634158332	-0.9999917653301741	0.05537931868061268	0.14962741671585883	1120560.5	10171.525	20.53	20.732938316621087
-1.8996069634158332	-0.999992223189252	0.04198314854652766	0.14962741671585883	1120560.5	6088.9	20.744999999999997	20.764398074243
-1.8996069634158332	-0.9999943623748502	-0.0035761695171920597	0.14962741671585883	1120560.5	-553.075	20.77	20.849541412655036
-1.8996069634158332	-0.9999930941110848	-0.019883556443140802	0.14962741671585883	1120560.5	-2293.95	20.765	20.830109957993574
-1.6608662873590443	-0.9999936784770372	0.02789786389668019	0.1899743364312586	1378770.0	6098.28125	19.990000000000002	20.15378627034678
-1.6608662873590443	-0.9999947966855866	0.007059685183744304	0.1899743364312586	1378770.0	1304.28125	20.22	20.348353580834253
-2.069701489826333	-0.9999903722798835	0.07264489378841273	0.12622345506731103	1027861.0	19848.975	20.89	20.91407057340895
-2.069701489826333	-0.9999914434663875	0.026714886713182544	0.12622345506731103	1027861.0	6599.675	21.0	21.003291387235326
-2.069701489826333	-0.9999934431946096	-0.007733205442857418	0.12622345506731103	1027861.0	-844.125	21.04	21.048498481848185
-2.069701489826333	-0.999990952826456	0.09425634970671767	0.12622345506731103	1027861.0	10928.675	21.064999999999998	21.10465715042761
-2.069701489826333	-0.99999116257397	0.06578135769529181	0.12622345506731103	1027861.0	8809.025	21.1	21.122830802603037
-1.0634631900636533	-0.999995832559699	-0.0015079906322194557	0.3452580432548806	1410772.5	-356.5625	20.7	20.71703028521023
-1.8299200154248307	-0.9999930509528417	0.03358775510396667	0.1604263988993818	1276519.8	7118.525	20.77	20.960230498729434
-1.8299200154248307	-0.9999937212963825	0.01778639914616111	0.1604263988993818	1276519.8	3024.675	20.925	20.935104460756634
-1.9620560564445286	-0.9999907582446328	0.05382856442668374	0.14056910558319674	991434.6	9532.775	20.900000000000002	20.980426989984185
-1.9620560564445286	-0.9999906204325564	0.10048589841785334	0.14056910558319674	991434.6	10928.575	20.990000000000002	20.995716218527903
-2.116953511744784	-0.9999910083732686	0.05490452646780612	0.12039786103626106	1011425.1	8903.9	21.16	21.172991124260356
-2.116953511744784	-0.999990650936674	0.1080915550902604	0.12039786103626106	1011425.1	12782.075	21.165	21.19011622103387
-2.116953511744784	-0.9999911471300864	0.04922259357693467	0.12039786103626106	1011425.1	7737.9	21.195	21.36613654550815
-2.0185396950956487	-0.999990304472158	0.06764593613201021	0.13284932401849628	961001.1	11129.15	20.95	21.00251951738822
-2.160611343224275	-0.9999908158740247	0.0567818829690751	0.11525463935317255	1005209.4	10217.65	21.1	21.19564702308627
-2.160611343224275	-0.9999900405949346	0.07974018349674782	0.11525463935317255	1005209.4	22275.5	21.34	21.3697492331701
-2.160611343224275	-0.9999915271602431	0.06185864629269555	0.11525463935317255	1005209.4	4997.925	21.330000000000002	21.396495201535508
