-1.6752526970626012	nan	nan	0.18726085323505434	3480016.75	nan	24.11	24.15083047175485
-1.6752526970626012	nan	nan	0.18726085323505434	3480016.75	nan	24.185000000000002	24.2530654756396
-1.6752526970626012	nan	nan	0.18726085323505434	3480016.75	nan	24.270000000000003	24.34394874571377
-1.6752526970626012	nan	nan	0.18726085323505434	3480016.75	nan	24.495	24.544395994422615
-1.6752526970626012	nan	nan	0.18726085323505434	3480016.75	nan	24.64	24.665029988778393
-1.6752526970626012	nan	nan	0.18726085323505434	3480016.75	nan	24.58	24.599676894613825
-1.9870273274777173	nan	nan	0.13710238075341713	5685741.3	nan	25.2	25.240487635629574
-1.2757396126247074	-0.9999908399297979	0.02905146170814834	0.27922437395885663	1112533.8	26658.15	22.01	22.012508517273346
-1.2757396126247074	-0.9999920406076831	0.05800423714786984	0.27922437395885663	1112533.8	7009.0	21.945	21.984163424124514
-1.2757396126247074	-0.9999919147653908	0.09991362452319993	0.27922437395885663	1112533.8	8062.45	22.035	22.098640316205532
-1.2757396126247074	-0.999992147604332	0.04522349007922088	0.27922437395885663	1112533.8	6222.3	22.150000000000002	22.16252996795506
-1.2757396126247074	-0.9999908673627936	0.12961737589079111	0.27922437395885663	1112533.8	25856.8	22.16	22.260012805210852
-0.7723980498392978	-0.9999915887140347	0.029727426303539	0.46190407014506296	983460.3333333334	3912.4166666666665	21.97	22.102506643046944
-0.7723980498392978	-0.999992686478583	0.008779756004071005	0.46190407014506296	983460.3333333334	1328.5	22.03	22.089493793638482
-0.7723980498392978	-0.9999908568079748	0.027884236199692616	0.46190407014506296	983460.3333333334	8037.25	22.165	22.35448425078732
-0.7723980498392978	-0.9999912892777576	0.05459411703565118	0.46190407014506296	983460.3333333334	5252.5	22.3	22.354234717685486
-1.9217394390610774	nan	nan	0.14635216991580252	5110886.6	nan	24.96	25.52967931409388
-1.9217394390610774	nan	nan	0.14635216991580252	5110886.6	nan	25.5	25.508787727830043
-2.0450375148293687	nan	nan	0.1293753363926616	5932386.4	nan	24.95	25.30881684270723
