-2.1973553223774425	-0.9999966068045832	0.010407882806877737	0.11109658483394862	2815199.8	14079.175	23.6	23.663119515571047
-2.1973553223774425	-0.9999968151420415	0.04143983490316436	0.11109658483394862	2815199.8	7831.3	23.66	23.729660265878877
-2.1973553223774425	-0.9999968175618856	0.03048555839450532	0.11109658483394862	2815199.8	7778.125	23.77	23.79327143166473
-1.579004761424601	-0.9999971523893924	0.021423783614909122	0.20618019461118717	3372392.4285714286	14812.0	23.900000000000002	24.269227712676134
-1.579004761424601	-0.9999968517963418	0.053203740362730734	0.20618019461118717	3372392.4285714286	40821.07142857143	24.59	24.745534942546513
-1.579004761424601	-0.9999969780457577	0.07407884726883528	0.20618019461118717	3372392.4285714286	26666.89285714286	25.015	25.07232112485095
-1.579004761424601	-0.9999974493623895	0.015463694605304994	0.20618019461118717	3372392.4285714286	5440.178571428572	24.96	25.09770976250295
-2.43605542494505	-0.999996249780619	0.02453773636706536	0.08750534297205392	2888457.8	50631.575	25.05	25.08295425951167
-2.237794812032844	-0.9999963219050076	0.011141211596229108	0.10669352442856468	2715401.5	21751.95	23.75	23.907694930262068
-2.237794812032844	-0.9999963616738543	0.040734098435144195	0.10669352442856468	2715401.5	19525.275	23.73	24.09590862019987
-2.237794812032844	-0.9999966147224701	0.032977199534877634	0.10669352442856468	2715401.5	9821.075	24.385	24.509649443682367
-2.237794812032844	-0.9999963285786779	0.04414246900089519	0.10669352442856468	2715401.5	21361.3	24.425	24.44835351308854
-1.2898553508579296	-0.9999972219267766	0.018454502159525724	0.2753106036522989	3385099.8	12136.5	23.0	23.769540615730598
-1.2898553508579296	-0.9999969315898279	0.04677341378573289	0.2753106036522989	3385099.8	32430.15	24.020000000000003	24.04368056206089
-1.2898553508579296	-0.9999969361594016	0.08215449156209656	0.2753106036522989	3385099.8	31932.35	24.18	24.288403266157054
-2.1537996224454936	-0.999996979323141	-0.010441415127878165	0.116042401737625	2929486.9	-6966.65	23.54	23.643313738297408
-2.1064081013089746	-0.9999968866956365	0.012807649777338427	0.12167422395368457	3081980.0	14692.225	24.05	24.070109682299545
-1.450785533500961	-0.9999970819973042	0.020404209446380082	0.23438609762753224	3262210.3333333335	13616.875	23.97	24.40623391045027
-1.861803103693759	-0.9999970842162577	0.02294315519143075	0.15539218938123356	3317588.2	15887.8	24.11	24.314850784562616
-1.861803103693759	-0.9999971937308477	0.028007338855982177	0.15539218938123356	3317588.2	11047.45	24.655	24.774279768656836
-1.861803103693759	-0.9999969624272086	0.06798929010980724	0.15539218938123356	3317588.2	23798.4	24.785000000000004	24.792897263810012
-1.861803103693759	-0.9999969869088979	0.0671279108649755	0.15539218938123356	3317588.2	21941.825	25.005000000000003	25.053494367417677
-2.311598984941002	-0.9999966990871766	-0.015753180363998233	0.09910266113881384	2773759.9	-9469.525	24.36	24.64783993183356
-2.311598984941002	-0.9999959035933695	0.03932542230074113	0.09910266113881384	2773759.9	86028.75	24.71	24.7793262450527
