-3.0501751666332546	-0.9999999995339071	0.016482774598615902	4161.067	4187.636853577134	0.04735062941432353	42765105840.0	453504100.0
-3.0501751666332546	-0.9999999995406658	0.03966839724723036	4309.809	4373.081007400135	0.04735062941432353	42765105840.0	339668000.0
-3.0501751666332546	-0.9999999995089849	0.11860652032180258	4415.315500000001	4442.318330616522	0.04735062941432353	42765105840.0	1316594950.0
-0.8941595452835854	-0.9999999995196246	0.01557125553174697	5091.272	5100.436264067133	0.4089511591776025	41945193200.0	563365500.0
-0.8941595452835854	-0.9999999994846406	0.13807726001829249	5077.244000000001	5110.1329028634755	0.4089511591776025	41945193200.0	2443876850.0
-2.7897620898045967	-0.9999999995315735	0.023805758832931227	4641.425	4662.67442663773	0.06143582838640147	42071971100.0	362171050.0
-2.847790114270844	-0.9999999995292007	0.005186599339500825	4811.595	4827.184152210383	0.05797229156227072	40714085700.0	211167650.0
-0.3456932896084139	-0.9999999995025156	0.08082223509364929	4862.756	4900.751858741752	0.7077295218201738	42269130000.0	1356578800.0
-0.3456932896084139	-0.999999999509696	0.13870983397760597	4936.851500000001	4961.50497038567	0.7077295218201738	42269130000.0	1001460200.0
-0.3456932896084139	-0.9999999995026181	0.16557352480520302	4986.144	5008.864993212939	0.7077295218201738	42269130000.0	1350715800.0
-0.3456932896084139	-0.9999999995119219	0.08740745052269284	5049.272000000001	5061.796191412766	0.7077295218201738	42269130000.0	911532400.0
-1.8638306624037615	-0.999999999562388	0.027980317212806482	5259.408	5268.088866114505	0.1550774417866279	47695082385.71429	1160292600.0
-1.8638306624037615	-0.999999999557663	0.15690808722846084	5273.85	5290.356961563305	0.1550774417866279	47695082385.71429	1453581300.0
-1.8638306624037615	-0.999999999556998	0.13933882707677328	5299.3325	5345.35736842769	0.1550774417866279	47695082385.71429	1500425350.0
