-2.2392602680831226	-0.9999999988366981	0.02797084378804555	3527.875	3528.542998661544	0.10653728426717161	16207566690.0	154282200.0
-2.2392602680831226	-0.9999999987687829	0.1397532218817757	3521.9345000000003	3531.080484452868	0.10653728426717161	16207566690.0	463832350.0
-2.2392602680831226	-0.9999999988149314	0.06955240586694732	3538.1575000000003	3540.6195303934333	0.10653728426717161	16207566690.0	219547300.0
-2.2392602680831226	-0.9999999987093546	0.28114166224411036	3542.0845	3557.525805589046	0.10653728426717161	16207566690.0	1215256050.0
-1.4929942066514927	-0.9999999987000024	0.01805714047048144	3422.4770000000003	3434.7783962344606	0.2246988524913445	14036557420.0	84097750.0
-2.7229665738294604	-0.9999999991022895	0.008954865310915208	3575.8050000000003	3584.7191027661097	0.06567962168484812	19987130690.0	62000750.0
-2.128823013890909	-0.9999999987977602	0.0262975618196094	3548.953	3550.851230695149	0.11897724604125073	16019239566.666666	231239900.0
-1.2387524917510906	-0.9999999985222504	0.18929034412060358	3351.139	3379.4062884442014	0.28974545241267824	13909852125.0	845364700.0
-1.2387524917510906	-0.9999999984969539	0.3968693913096254	3409.2920000000004	3437.374101418834	0.28974545241267824	13909852125.0	1201876050.0
-2.0043012362054267	-0.9999999987014088	0.09692262086108051	3508.518	3519.8284237978473	0.13475442431771095	15426560212.5	501340450.0
-0.8933907149424913	-0.9999999982641314	0.06733898333163627	3302.36	3314.514509051552	0.409265694133319	11166453900.0	261905950.0
-0.8933907149424913	-0.9999999981985452	0.16655471052302348	3317.9415	3321.760268227787	0.409265694133319	11166453900.0	544762950.0
-0.8933907149424913	-0.9999999982640918	0.11600809668990975	3326.6100000000006	3334.7043514632733	0.409265694133319	11166453900.0	262021850.0
-0.8933907149424913	-0.999999998383461	0.02333614734049642	3330.42	3340.614272165976	0.409265694133319	11166453900.0	69096050.0
-2.4284951143015987	-0.9999999989586047	0.05063532335636359	3453.201	3474.547533653367	0.08816941769035282	18764971820.0	306814550.0
-2.4284951143015987	-0.9999999989824716	0.05247864063660007	3479.1015	3493.181268484579	0.08816941769035282	18764971820.0	196052200.0
-2.4284951143015987	-0.9999999989030552	0.09627198363380074	3488.8320000000003	3490.4136217587397	0.08816941769035282	18764971820.0	870115900.0
-1.8616136552331806	-0.9999999986766335	0.05476504541402562	3403.389	3418.4526022409977	0.1554216309810425	14645144400.0	261225250.0
-1.8616136552331806	-0.9999999986474947	0.13013179184969723	3424.9265000000005	3438.2249881355756	0.1554216309810425	14645144400.0	400264500.0
-1.8616136552331806	-0.9999999987773553	0.019732826367896257	3459.652	3464.324610507774	0.1554216309810425	14645144400.0	59757600.0
-1.8616136552331806	-0.9999999985708927	0.31716568368806697	3459.004	3477.655961580395	0.1554216309810425	14645144400.0	1229020350.0
-2.510892473857426	-0.9999999990389596	0.0070876755776376026	3536.8430000000003	3546.4614626664397	0.08119574181776967	19504391600.0	138240800.0
