-2.128236303302609	-0.9999999981752681	0.005250680328123772	3058.443	3069.297443432703	0.11904707173300316	9118622744.444445	16836200.0
-2.8947796786177777	-0.9999999978850527	0.013334619861420304	3107.398	3110.4756905694862	0.05531120999458346	8216463860.0	35229300.0
-2.8947796786177777	-0.9999999976095565	0.07986119931884181	3111.0185	3114.469156295772	0.05531120999458346	8216463860.0	338824550.0
-2.8947796786177777	-0.9999999979207053	0.015883554886487194	3114.3235	3116.7240286748724	0.05531120999458346	8216463860.0	26283450.0
-2.8947796786177777	-0.999999997562201	0.22190255994001765	3112.5215	3130.0111022896554	0.05531120999458346	8216463860.0	499984100.0
-0.34530397028704296	-0.9999999985886403	0.010836408050777496	3172.962	3173.4191416840495	0.708005108239401	12600579650.0	52901950.0
-2.9950585732252946	-0.9999999979057642	0.01358199492039528	3152.833	3155.580756612338	0.050033696365786716	8346947110.0	39054750.0
-2.4275000312683535	-0.9999999976261097	0.1144032280596181	3096.09	3120.3785961914323	0.08825719724867902	8244353990.0	315980700.0
-2.840401284006735	-0.9999999976019966	0.07411316060780901	3065.128	3088.0946627557473	0.05840222538264632	7959012060.0	194460100.0
-2.840401284006735	-0.9999999977446473	0.037052830304911515	3099.2885000000006	3099.739007536269	0.05840222538264632	7959012060.0	62481400.0
-2.840401284006735	-0.9999999975482623	0.18511085680591816	3104.0285000000003	3111.3445157570277	0.05840222538264632	7959012060.0	298240200.0
-2.840401284006735	-0.9999999975085792	0.1955742557673123	3114.0115000000005	3116.134445060242	0.05840222538264632	7959012060.0	409009350.0
-2.003864162070736	-0.9999999980225255	0.025028305000603386	3134.045	3136.227402902176	0.13481333486431568	9429957375.0	125460400.0
-0.8933397774754289	-0.9999999983315613	0.03413968649030808	3158.0260000000003	3164.082684371477	0.4092865416220884	11267167333.333334	145921250.0
-2.6558929870965144	-0.9999999978111924	0.009472428052231497	3100.4500000000003	3106.7974886931015	0.07023609073011843	7782860370.0	25019950.0
-2.6558929870965144	-0.9999999975117054	0.16681586854679184	3106.952	3117.2299510683893	0.07023609073011843	7782860370.0	257376200.0
-2.6558929870965144	-0.9999999974239709	0.14049779244563934	3121.474	3123.7797982122597	0.07023609073011843	7782860370.0	509466500.0
-2.5855949179543423	-0.9999999975578112	0.08416191670787883	3124.898	3138.290203989955	0.0753512384594087	7884926750.0	230665600.0
-2.946234046948866	-0.9999999978265757	0.028535455928502974	3142.484	3149.0576993447153	0.05253718644148147	8379767970.0	81229700.0
-2.23852824059911	-0.9999999978277552	0.1176224502980273	3043.958	3073.589363075017	0.10661530103905395	9080693040.0	368698200.0
-2.23852824059911	-0.9999999977728088	0.34081507076332834	3086.8540000000003	3107.8662830410412	0.10661530103905395	9080693040.0	607243350.0
-1.2386477727285174	-0.9999999981559563	0.06758341887919554	3172.9460000000004	3178.7689139882054	0.2897757958619903	10987670075.0	630323550.0
-1.2386477727285174	-0.9999999982173868	0.15972451482018962	3175.4775	3183.9534170467095	0.2897757958619903	10987670075.0	320940050.0
