-2.723070094088823	-0.9999999985010549	0.020357332498070903	3427.732	3433.6763323660675	0.0656728228652903	12240587330.0	92986800.0
-2.723070094088823	-0.9999999983962268	0.1400153028734037	3434.0775000000003	3440.4918207936075	0.0656728228652903	12240587330.0	335497850.0
-2.5111132514076417	-0.9999999986131773	0.02932610089539026	3444.523	3452.6172165821763	0.08117781759950846	13590331000.0	153218950.0
-2.5111132514076417	-0.9999999986761708	0.02440933121319308	3453.124	3458.4536900352527	0.08117781759950846	13590331000.0	65089700.0
-2.5870399621088427	-0.9999999984842752	0.10326627382501997	3461.389	3467.820315391145	0.07524243122729976	13231590060.0	512826550.0
-2.3387244363762765	-0.9999999986026773	0.059895127202296845	3474.889	3477.7118222323093	0.09645058866065644	14036656490.0	329715050.0
-2.3387244363762765	-0.999999998678021	0.02917278259472794	3482.8650000000002	3484.1832142483877	0.09645058866065644	14036656490.0	114509050.0
-2.3387244363762765	-0.9999999986430991	0.07455893517948949	3483.2735000000002	3483.912893844213	0.09645058866065644	14036656490.0	186950100.0
-2.0045896568652517	-0.9999999985935252	0.07880325849714873	3500.284	3505.631323369326	0.13471556396206907	14145953475.0	437211550.0
-2.0045896568652517	-0.9999999987266905	0.023349885573681	3512.275	3512.717479415408	0.13471556396206907	14145953475.0	66464400.0
-1.2389578947855353	-0.9999999984823881	0.02439103298099912	3514.452	3514.872849368647	0.2896859439293568	12800917900.0	273503850.0
-1.2389578947855353	-0.9999999985211149	0.06974489125712627	3519.245	3521.068478452137	0.2896859439293568	12800917900.0	166596750.0
-2.7845101110262327	-0.9999999982529734	0.13760796084846436	3440.253	3448.2726342778246	0.061759336839464773	11541742250.0	571475150.0
-2.7845101110262327	-0.9999999984693573	0.0200912366529666	3455.9880000000003	3456.7712883510785	0.061759336839464773	11541742250.0	47029400.0
-0.34539420667126974	-0.9999999982912733	0.11638064222410208	3476.4230000000002	3484.9759936781597	0.7079412233008356	11748825400.0	523230050.0
-0.34539420667126974	-0.999999998361918	0.03937651722048895	3496.8925	3498.443165043024	0.7079412233008356	11748825400.0	228155800.0
-0.34539420667126974	-0.9999999983838981	0.08780919801034628	3495.7870000000003	3496.521008660931	0.7079412233008356	11748825400.0	176229750.0
