-1.7872913425129942	-0.9999984863164464	0.0808921897911585	0.1674130206128195	8186802.5	240920.95	6.5200000000000005	6.62127643877247
-1.7872913425129942	-0.9999984580868295	0.11579855453329299	0.1674130206128195	8186802.5	303560.225	6.620000000000001	6.667110493318407
-1.7872913425129942	-0.9999985080714942	0.09889773219637964	0.1674130206128195	8186802.5	201615.775	6.66	6.695463910226911
-1.6195865068867523	-0.9999984202062706	0.07989610832826832	0.19798054575315732	8050595.5	333793.325	6.72	6.727231504162918
-1.6195865068867523	-0.9999984349506985	0.13522096609740236	0.19798054575315732	8050595.5	296432.7	6.785	6.833478149341028
-1.6195865068867523	-0.9999984736148613	0.12243315926831118	0.19798054575315732	8050595.5	217141.55	6.825	6.825841016818229
-1.9499735572690327	-0.9999982825304555	0.06473174400954355	0.14227783375125294	6979640.0	160702.95	6.65	6.652104657257065
-1.9499735572690327	-0.999998205513172	0.1180561399720221	0.14227783375125294	6979640.0	275094.075	6.635	6.65086113739328
-1.470344051056197	-0.99999849559978	0.08012953288649949	0.22984639268740797	8352699.375	286587.53125	6.73	6.736514890093529
-1.470344051056197	-0.9999985042935565	0.13020457890333495	0.22984639268740797	8352699.375	266514.125	6.73	6.742270379303888
-1.6813087939587958	-0.9999983747874459	0.10059742447576707	0.1861302104597482	7718404.7	280420.25	6.8	6.816241326079976
-1.6813087939587958	-0.9999983699232801	0.12882412638045887	0.1861302104597482	7718404.7	291148.4	6.865	6.865094181794293
-1.6813087939587958	-0.999998401949107	0.1198310517099172	0.1861302104597482	7718404.7	227384.825	6.875	6.91186276743314
-2.0731584498254514	-0.9999980101595796	0.05946514829841195	0.1257878589851106	5968322.6	143774.675	6.640000000000001	6.653839741914828
-0.9369073571394597	-0.99999850893805	0.09194447639779674	0.3918377777401368	9149622.5	841257.25	6.87	6.896699907234465
-1.12192628082884	-0.9999986428322902	0.07193802143210191	0.325651893061345	9290532.0	299181.8	6.93	6.9704614144734
-1.12192628082884	-0.9999986413258468	0.13964855706517487	0.325651893061345	9290532.0	303398.5	6.92	6.931076504114644
-1.12192628082884	-0.9999986577738164	0.12542885426478673	0.325651893061345	9290532.0	260404.5	6.93	6.934559759062282
-1.5500796384112965	-0.9999984318594626	0.08102019384339379	0.21223107140835643	7993187.666666667	277739.25	6.69	6.719414778105188
