-1.9059574078753947	-0.9999989540147776	0.07567132294139456	0.1486802268379322	12793895.5	648374.725	7.47	7.5525323584417405
-1.3692255349849465	-0.9999965306983293	-0.021486632682098737	0.2543038327289089	2919223.714285714	-25024.928571428572	6.5200000000000005	6.559883589357168
-1.8243265490840508	-0.9999973301886897	0.030987317300436915	0.16132625286710514	3996555.9	43046.1	6.54	6.5743487622048775
-1.8243265490840508	-0.9999970326245834	0.10639506468263688	0.16132625286710514	3996555.9	141389.625	6.605	6.762850617640905
-0.6678275150692702	-0.9999963182273791	0.15219129776676724	0.5128214653887746	3291732.6666666665	183396.5	6.68	6.6996327609773445
-0.6678275150692702	-0.9999963307249888	0.14519399089372698	0.5128214653887746	3291732.6666666665	176004.83333333334	6.655	6.75328885895871
-1.4629310943335359	-0.9999966577036514	-0.01604345284489478	0.23155656493425522	2923078.75	-17496.1875	6.53	6.532656905961376
-1.4629310943335359	-0.9999960836023171	0.11537663594495579	0.23155656493425522	2923078.75	93707.0	6.525	6.543924322722464
-2.070683834101334	-0.999999374718597	0.04832143636010243	0.1260995210617516	21410794.8	651980.725	6.71	6.8434143839503925
-2.070683834101334	nan	nan	0.1260995210617516	21410794.8	nan	6.735	6.757068734496513
-1.6745619221750723	-0.9999968416059313	0.014827827091693812	0.18739025301780116	3100765.6	17914.825	6.51	6.522196117493414
-1.6745619221750723	-0.9999963355414073	0.104136346962188	0.18739025301780116	3100765.6	86044.125	6.51	6.514780423455677
-1.7791895361517027	-0.9999967719024584	0.014010387464449759	0.16877487779048872	3034271.6	17941.45	6.34	6.407990638453612
-1.7791895361517027	-0.9999963423519813	0.09428992793966597	0.16877487779048872	3034271.6	66057.6	6.42	6.482388152163934
-1.7791895361517027	-0.9999964570856129	0.055538142422544165	0.16877487779048872	3034271.6	46636.7	6.5200000000000005	6.5407288701198585
-2.012566352538035	-0.9999992999410979	0.05177827805671154	0.13364525335207048	19060228.3	623610.275	6.33	6.367582228126841
-2.012566352538035	nan	nan	0.13364525335207048	19060228.3	nan	6.43	6.482744190105766
-2.012566352538035	nan	nan	0.13364525335207048	19060228.3	nan	6.49	6.6034487501345005
-0.21761975739542896	-0.9999959719373634	0.14116414300140903	0.8044312625582822	2844858.0	94774.5	6.46	6.46209077410811
-0.21761975739542896	-0.999995982731062	0.12268338067575071	0.8044312625582822	2844858.0	91908.5	6.465	6.533089744560872
-0.21761975739542896	-0.9999958527962007	0.08207304431527895	0.8044312625582822	2844858.0	133012.5	6.585	6.706127679510033
-1.9809814845148144	-0.9999992534986901	0.05322789017820897	0.1379337909726148	17833389.8	604796.425	6.890000000000001	6.920346548919822
-2.097461152128574	-0.9999993900283333	0.04950394493960209	0.12276772149107211	22038538.8	688921.625	6.62	6.7083306001482805
-2.097461152128574	nan	nan	0.12276772149107211	22038538.8	nan	6.68	6.693102659273962
