-1.8309545115711965	nan	nan	0.16026052422109585	12909391.7	nan	3.88	3.896865817707936
-1.8309545115711965	-0.9999990133729472	0.07278387612373884	0.16026052422109585	12909391.7	340017.425	3.9	3.900593768934969
-1.196908487637777	nan	nan	0.30212679835024764	12291015.333333334	nan	4.18	4.202101211067243
-1.196908487637777	-0.9999989493315081	0.10240302043464006	0.30212679835024764	12291015.333333334	405866.7083333333	4.26	4.281309874846786
-1.196908487637777	-0.9999989288663059	0.1544495451638262	0.30212679835024764	12291015.333333334	521945.65	4.27	4.2898739408423525
-1.399022639657888	nan	nan	0.24683809585183658	16642329.125	nan	4.07	4.106996837190698
-0.6300612757527708	-0.9999984374458005	0.12372939542573683	0.5325591670432165	8533977.666666666	618344.5	4.09	4.170746491450066
-0.6300612757527708	-0.9999985176718664	0.1482163947559141	0.5325591670432165	8533977.666666666	311810.8333333333	4.155	4.170204234398299
-0.8867322153283084	-0.9999985098668449	0.13114318978124068	0.41199988229338935	8931532.75	602697.9375	4.0600000000000005	4.096450458378663
-1.9860516463842324	nan	nan	0.1372362142329709	5027953.8	nan	3.66	3.692691905359006
-1.9860516463842324	-0.9999976106352755	0.15270758628975237	0.1372362142329709	5027953.8	164984.925	3.67	3.675007199424046
-1.9860516463842324	-0.9999976099542588	0.13398700943537403	0.1372362142329709	5027953.8	165550.825	3.67	3.7228378807004407
-1.6052124580102944	nan	nan	0.20084687884870295	16451498.7	nan	4.0600000000000005	4.060606537840339
-1.5449320881801663	nan	nan	0.21332635811219203	15996383.7	nan	4.1	4.118883009323837
-1.6585910700545439	nan	nan	0.1904070614139315	16261101.5	nan	4.035	4.052255340321028
-1.8661381919052067	nan	nan	0.15472000856714774	9181951.1	nan	3.89	3.9054941748960204
-1.8661381919052067	-0.9999986681113524	0.09127220260646127	0.15472000856714774	9181951.1	204706.3	3.89	3.8913331007117327
-1.8661381919052067	-0.999998698217692	0.0982250956876383	0.15472000856714774	9181951.1	155266.0	3.89	3.89966376454724
-1.0625060854842465	nan	nan	0.3455886494962931	9538487.8	nan	4.05	4.058698739056258
-1.0625060854842465	-0.9999986851062496	0.08955307981891376	0.3455886494962931	9538487.8	279873.9	4.045	4.070855945290095
-1.0625060854842465	-0.9999986515894432	0.14227064475941434	0.3455886494962931	9538487.8	385306.75	4.065	4.135305678857372
