-2.1118840316871648	-0.9999972753919608	0.09643503707456275	0.12100976529951882	4445174.6	181925.575	7.0600000000000005	7.1102358969669455
-1.7446401357836507	-0.9999974655056747	0.07839541228178364	0.17470784875872128	4697285.2	148039.725	7.12	7.133423313061315
-1.7446401357836507	-0.9999972467519882	0.15805488461076275	0.17470784875872128	4697285.2	413655.475	7.125	7.1503780227805835
-1.6264560033667919	-0.9999970322690566	0.11498427382337792	0.19662517976191327	4427776.8	509124.7	7.15	7.152739034861248
-1.7949817816164815	-0.999997593100045	0.07726996622524641	0.16613047894804261	4993632.6	165904.575	7.15	7.251720261550924
-1.7949817816164815	-0.9999977247305855	0.11076705886475556	0.16613047894804261	4993632.6	85978.1	7.1850000000000005	7.19045078865825
-1.7949817816164815	-0.9999974558546849	0.17862668753467928	0.16613047894804261	4993632.6	329233.975	7.18	7.230468223886721
-2.137386436832414	-0.9999969599968116	0.09749683630996588	0.11796274356948948	3946492.8	162323.175	7.1000000000000005	7.126946514935989
-1.883838819113979	-0.999997687955131	0.09842469665703342	0.15200546282948985	5269746.2	195611.25	7.34	7.3998594788357845
-1.8411471850859538	-0.9999977171044372	0.08398246249640734	0.15863533758888695	5315894.9	186395.775	7.28	7.337467831233475
-1.8411471850859538	-0.999997548585935	0.16280260825502874	0.15863533758888695	5315894.9	456551.75	7.285	7.313478617995031
-2.0265258121352363	-0.9999975694137955	0.09846117771271685	0.13179259894961123	5019437.5	198823.05	7.18	7.195426886715071
-2.0265258121352363	-0.9999976171885129	0.1433398355156787	0.13179259894961123	5019437.5	156430.475	7.2	7.216306749405081
