-1.7257798434974203	-0.9999973374813876	0.10792450194989472	0.17803415884147153	4573035.8	194033.825	6.23	6.325628072117069
-1.6711491194404158	-0.9999973549067381	0.09100736142372678	0.18803087151624456	4521407.5	156300.875	6.13	6.215594417480313
-2.0041388202993535	-0.9999977968014244	0.11244246332407477	0.13477631235706863	5762844.8	326664.325	6.49	6.510410370557734
-2.1392003814672655	-0.9999988693250651	0.088222302446082	0.11774895963840609	11742185.5	583379.45	6.82	6.922509806256562
-2.1392003814672655	-0.9999988685012247	0.1324831612867313	0.11774895963840609	11742185.5	589050.275	6.975	6.975987802396872
-1.1160894658390583	-0.9999977488294975	0.07727541757091878	0.3275582209416631	5336872.8	165083.15	6.38	6.387243872192718
-1.1160894658390583	-0.999997815344003	0.06716704921065342	0.3275582209416631	5336872.8	115754.0	6.36	6.380129604241998
-1.8210406691990546	-0.9999969440910801	0.1191069621641301	0.1618572234313303	3960610.1	180458.875	6.36	6.362427167368826
-1.8210406691990546	-0.9999969884155403	0.12470312696516873	0.1618572234313303	3960610.1	151403.725	6.375	6.386888430198874
-1.8210406691990546	-0.9999971356883621	0.11488733557618802	0.1618572234313303	3960610.1	84491.8	6.38	6.3933828607042695
-1.460702763661435	-0.9999971890830711	0.07959669430643257	0.23207312484963	4553930.875	362477.84375	6.37	6.376639560667597
-1.9017488269198732	-0.9999970131134008	0.13176739017605038	0.1493072781817011	4128229.0	226510.7	6.4	6.487788974711839
-2.088874043531483	-0.9999982997339496	0.11506711813577948	0.12382648058144852	7716172.1	498592.025	6.62	6.7819744464720895
-2.088874043531483	-0.9999984149382318	0.1189746900733501	0.12382648058144852	7716172.1	204967.05	6.83	6.839829863735591
-2.062397040941137	-0.999997879385425	0.11134106097886713	0.1271488233813247	6008301.4	341563.4	6.51	6.528964961043132
-2.062397040941137	-0.9999979892521496	0.1221780566719513	0.1271488233813247	6008301.4	176517.175	6.505	6.51411652875255
-1.2550465644415738	-0.9999975660879562	0.08384889762415201	0.2850625741358274	4944554.666666667	168485.54166666666	6.38	6.401523321865749
-1.2550465644415738	-0.9999976473422745	0.0715911121026723	0.2850625741358274	4944554.666666667	112739.58333333333	6.3950000000000005	6.408993014727982
-1.2550465644415738	-0.9999976921426468	0.10677549496734362	0.2850625741358274	4944554.666666667	90338.20833333333	6.42	6.424557791621314
-2.0340074597838695	-0.9999977968090452	0.11345248714085317	0.13081025252870435	5777986.7	337731.025	6.48	6.510361081648457
