-1.6782642411891828	-0.9999995326391978	0.10089048625160302	0.18669775723216414	29556824.1	998191.1	4.25	4.330405644263721
-1.6782642411891828	-0.9999995573400972	0.07538258056570873	0.18669775723216414	29556824.1	480998.2	4.475	4.49095129301665
-0.6533780430813358	-0.9999991775529006	0.04285379203269972	0.5202852588634708	15705580.333333334	407178.3333333333	5.18	5.202707284630031
-1.8116043287912014	-0.999999645373094	0.09855052488556192	0.16339179225895478	39289504.7	1124798.65	4.08	4.100087935144064
-1.8116043287912014	-0.9999996614384948	0.07548055731051549	0.16339179225895478	39289504.7	598338.65	4.13	4.16287975855307
-1.3409948734536725	-0.9999992353982217	0.05638918959184216	0.26158529481664494	17073541.0	467174.28571428574	4.6000000000000005	4.6402820881917695
-1.7713486001346477	-0.9999996189394933	0.09430249049100178	0.1701034325583425	36452783.0	1078104.575	4.2700000000000005	4.286780492753314
-1.9159928404294742	-0.999999714471264	0.08645965452771474	0.14719561825357863	49783230.3	1490380.7	4.08	4.089182480976708
-1.9159928404294742	-0.9999997275813107	0.0862206294238699	0.14719561825357863	49783230.3	775979.25	4.13	4.17776906605525
-1.9159928404294742	-0.9999997392061043	0.11794821733272391	0.14719561825357863	49783230.3	435025.65	4.1850000000000005	4.20614986732946
-1.626688079947614	-0.9999994626899774	0.09435654798028803	0.19657955295715177	25437960.0	862913.475	3.95	4.133429197831773
-1.626688079947614	-0.999999492986551	0.06948473620175434	0.19657955295715177	25437960.0	399266.875	4.16	4.2085754550483365
-1.626688079947614	-0.9999995063574623	0.10950407410667394	0.19657955295715177	25437960.0	284149.45	4.225	4.253220236034406
-1.8486645719666446	-0.9999996894106535	0.0909443691107822	0.15744728550170867	45096973.3	1210614.5	4.2	4.37302378567793
