-1.6517421565522525	-0.9999990916885811	0.09581086429717492	0.1917156188911629	14924844.1	771741.575	5.87	5.886469332355098
-1.23702158191293	-0.99999909177196	0.10130511289728479	0.29024740996312864	15064426.333333334	874959.8333333334	5.83	5.972149300111768
-1.098430768168374	-0.9999989612670803	0.08388798134686648	0.3333938456585262	12804545.6	597495.1	5.75	5.878434549451035
-1.44277416229356	-0.9999990772720422	0.08855110579275863	0.2362713934804324	14618601.75	721430.375	5.65	5.666548192771084
-1.5217450009207918	-0.9999990444030559	0.09205751990713514	0.2183305673064223	14111771.777777778	718675.0555555555	5.7	5.73610547801776
-1.5217450009207918	-0.9999990950627454	0.08812455002366687	0.2183305673064223	14111771.777777778	351605.52777777775	5.755	5.779196564710673
-1.5217450009207918	-0.9999991221263299	0.138456784710291	0.2183305673064223	14111771.777777778	239989.08333333334	5.72	5.730491012713722
-1.8832487349524767	-0.9999991020011787	0.06646388992229856	0.15209518531487265	14783305.1	582677.325	5.88	5.882761333773648
-0.6550084881743842	-0.999998904527122	0.05108404170517579	0.5194376534909511	11541715.666666666	309784.8333333333	5.71	5.717578495156481
-0.6550084881743842	-0.9999988588294997	0.1491341203841321	0.5194376534909511	11541715.666666666	524952.75	5.79	5.800674166236038
-1.590157768714668	-0.9999989946475807	0.09642482918234935	0.2038934411903817	14043513.6	1354143.4	5.8	5.803642915916745
-1.7068737504768396	-0.9999991368765168	0.09176320794596343	0.18143210897693426	15699635.0	767368.45	5.8100000000000005	5.817061416371479
-1.7068737504768396	-0.9999991750302414	0.09517912782872257	0.18143210897693426	15699635.0	421561.825	5.82	5.849734256361923
-0.9161458988787281	-0.9999988516195032	0.06049339365802663	0.40005793739369266	11161015.5	368460.875	5.8100000000000005	5.851067712603945
-0.9161458988787281	-0.9999988240740698	0.1463903323449956	0.40005793739369266	11161015.5	501082.25	5.825	5.839249631904839
-1.9196982258142725	-0.999999083052801	0.06559365541333993	0.14665121100321699	14209951.2	455783.3	5.89	5.902254581168023
