-1.7540777920725783	-0.9999991200796033	0.07136457378107854	0.17306677226986544	14894262.7	491768.575	7.11	7.177752550311594
-2.0013130610684686	-0.9999992387150503	0.08241447569678259	0.1351576963617256	17603139.9	660666.175	7.53	7.619635603941714
-2.0013130610684686	-0.9999992386359059	0.10936658730162666	0.1351576963617256	17603139.9	661587.25	7.6899999999999995	7.759063883328794
-0.678934863515211	-0.9999988835205846	0.06746914520457456	0.507156896092507	11300304.0	301508.5	7.45	7.463151365766931
-0.678934863515211	-0.9999988514275271	0.13000218013843878	0.507156896092507	11300304.0	433313.0833333333	7.525	7.535557728287607
-0.678934863515211	-0.999998879877826	0.1403012242869887	0.507156896092507	11300304.0	314178.9166666667	7.555	7.601424671812217
-2.0642188125593925	-0.9999993960310422	0.06897764382010181	0.12691739812957725	22621270.6	858158.475	7.94	8.141128390538924
-2.0642188125593925	-0.9999994147755282	0.09363248276578542	0.12691739812957725	22621270.6	561585.525	8.235	8.260864902323448
-1.6351903021968532	-0.999999021899655	0.08036351062496916	0.19491527496451141	13388766.6	486773.975	7.55	7.6223195993738395
-1.9305154577961816	-0.999999142947474	0.07521382582715397	0.14507339999250243	15411202.1	544818.425	7.4	7.510483155380587
-1.132009338534399	-0.9999990382253405	0.09182469394904474	0.3223848249295909	13831451.4	598832.85	7.46	7.610848571485881
-1.8037162885388014	-0.9999990792731008	0.07181321962132756	0.16468572990011712	14839208.7	858427.45	7.09	7.092330092233535
-1.8037162885388014	-0.99999912727221	0.08748860511432076	0.16468572990011712	14839208.7	421083.925	7.1850000000000005	7.192933151501163
-1.8913575115945527	-0.9999991128366584	0.06739729802436334	0.15086686624171267	14727268.3	472357.05	7.38	7.495982506570568
-1.8913575115945527	-0.999999111334662	0.09929121070932263	0.15086686624171267	14727268.3	482922.175	7.515000000000001	7.521872864148492
-1.8488914815385638	-0.9999991551571471	0.07336374576253049	0.15741156325856834	15675340.4	564218.875	7.19	7.354721321231517
-1.8488914815385638	-0.9999991709375702	0.08854324754573877	0.15741156325856834	15675340.4	440573.925	7.405	7.429535362198095
-1.8488914815385638	-0.9999992332056473	0.10158110398944648	0.15741156325856834	15675340.4	166002.225	7.41	7.43898346621905
-2.0336549685911405	-0.9999993300698401	0.06996800582147146	0.13085637011818396	20248090.0	778251.4	7.73	8.165786045034485
-1.5641110376416423	-0.9999990206188124	0.07484778271725585	0.2092739671873913	13251392.666666666	432856.8611111111	7.43	7.464140944592108
-1.5641110376416423	-0.9999990094598518	0.1101808927404785	0.2092739671873913	13251392.666666666	501838.9166666667	7.515000000000001	7.620104872550747
