-1.565312534620733	-0.999998948334953	0.05066986093872477	0.20902267614096015	11727039.375	227047.15625	11.4	11.49432656648822
-1.565312534620733	-0.999998972010079	0.044495547231872316	0.20902267614096015	11727039.375	172003.90625	11.235	11.264670366408486
-1.3464437192530927	-0.9999987839155271	0.06149242287153689	0.2601638330616717	10238356.166666666	255429.58333333334	11.950000000000001	11.983135899212503
-1.9824495120892258	-0.999998922387436	0.033762544247596615	0.13773144892221773	11021630.6	143924.0	10.44	10.797250215498709
-1.9824495120892258	-0.9999989292803642	0.0346687782344438	0.13773144892221773	11021630.6	133394.85	10.875	10.925116615586445
-1.9824495120892258	-0.9999989617487124	0.04943388987992892	0.13773144892221773	11021630.6	93266.05	10.85	10.867848730095176
-2.094415103546085	-0.9999985921746539	0.04564849761858374	0.12314224805857109	8519224.8	161712.35	10.96	11.046583642640606
-1.8420950734642034	-0.9999989730688601	0.043689833722585864	0.15848504023981536	11818451.2	186601.425	10.450000000000001	10.464790609881929
-1.8420950734642034	-0.9999989775321879	0.04043449626144978	0.15848504023981536	11818451.2	177013.325	10.36	10.61399900989539
-1.8420950734642034	-0.999999012170297	0.057959091450340915	0.15848504023981536	11818451.2	117548.775	10.73	10.734394311160697
-2.0220708104956597	-0.9999988613008021	0.04281031732265575	0.1323810449847993	10603234.0	175235.9	10.88	10.986596207954085
-2.0220708104956597	-0.9999988885924106	0.03617471816657721	0.1323810449847993	10603234.0	131203.8	11.004999999999999	11.019389218750081
-2.0220708104956597	-0.9999989228940587	0.047700463642816986	0.1323810449847993	10603234.0	91198.65	11.040000000000001	11.07861843821971
-2.1274468040204737	-0.9999988808250628	0.032792653169837635	0.11914109642200511	10768782.0	171466.825	10.5	10.583573838933548
-0.7216845760670886	-0.9999987683368784	0.055611390816843555	0.4859329750232552	9915615.333333334	201328.41666666666	12.030000000000001	12.089572917476238
-0.7216845760670886	-0.9999987272307341	0.09098776111995914	0.4859329750232552	9915615.333333334	302636.3333333333	12.225000000000001	12.276725833928145
-0.7216845760670886	-0.9999987580198618	0.1254372673047985	0.4859329750232552	9915615.333333334	223014.66666666666	12.25	12.25384950445681
-0.25152213451360483	-0.99999862869047	0.03973905407492732	0.7776162452619146	8672840.5	146260.125	11.9	11.902184106261396
-0.25152213451360483	-0.9999985235712348	0.09591922343432502	0.7776162452619146	8672840.5	363970.625	12.015	12.02829979274854
-1.0009779559156566	-0.9999987359712341	0.08875547307410167	0.36751984715790614	10123446.25	360888.5625	12.120000000000001	12.34078720433017
-1.0009779559156566	-0.9999987685719022	0.0845191829841631	0.36751984715790614	10123446.25	259443.0	12.33	12.33063018276009
