-1.9224162736544583	-0.9999990683009443	0.06999273408271671	0.14625314721916072	14122750.4	518218.0	5.83	5.836032360567023
-1.9557586550777082	-0.9999990057419335	0.0701815353215279	0.14145711881401657	13165451.5	484006.825	5.78	5.824295271320709
-1.9557586550777082	-0.999999037158851	0.09692311978610048	0.14145711881401657	13165451.5	320050.9	5.815	5.827036511488293
-1.4463735497919312	-0.9999993109356405	0.052876446356962925	0.23542248986355285	19033911.25	496623.6875	5.75	5.869901301249977
-1.4463735497919312	-0.9999993284288574	0.06009821298428524	0.23542248986355285	19033911.25	355977.46875	5.98	5.998209067717926
-1.2435307014225323	-0.9999993309459995	0.03905427511330453	0.2883642902586929	19158251.666666668	368760.3333333333	5.66	5.700748703775079
-1.2435307014225323	-0.9999993020487574	0.07621778784453927	0.2883642902586929	19158251.666666668	641474.0416666666	5.7700000000000005	5.777628096328074
-1.847997447454132	-0.9999990327817986	0.0714772682527534	0.1575523574894478	13506671.3	471604.6	5.6000000000000005	5.669793481496232
-1.847997447454132	-0.9999990238983938	0.09307697138995201	0.1575523574894478	13506671.3	531724.975	5.66	5.700050236899122
-1.761994528344082	-0.9999990728823531	0.07275816971665339	0.17170205744786204	14146391.8	496514.25	5.69	5.711157090587312
-1.761994528344082	-0.9999990908155978	0.08993372475548644	0.17170205744786204	14146391.8	385260.95	5.6850000000000005	5.767255108697004
-1.1074859078018406	-0.999999377595077	0.038142434811987654	0.3303885450764345	20698510.6	393506.3	5.71	5.740599477498212
-1.1074859078018406	-0.9999993861986175	0.05482382765835393	0.3303885450764345	20698510.6	329315.45	5.6899999999999995	5.708706338524642
-2.0448432938637366	-0.9999989038966891	0.09263811638333919	0.129400466235717	12157430.9	612802.9	5.91	5.944838949403993
-0.21887083927458637	-0.9999994449352367	0.037915273844248906	0.8034254824704767	23288252.0	411056.375	6.25	6.284598288395905
-1.5952835656438504	-0.9999992511713925	0.06563863341511514	0.20285099877212956	18724948.8	1229080.05	5.86	5.890704420717238
-1.8072046313414452	-0.9999990567180944	0.07119831956879542	0.164112250447516	13872395.9	481941.475	5.7700000000000005	5.805721407985672
-1.8072046313414452	-0.999999076398877	0.08779810312211939	0.164112250447516	13872395.9	366794.75	5.71	5.732804694742963
-2.0166233799185274	-0.9999989201653209	0.0817515638385046	0.1331041492791584	12198311.6	525527.6	5.79	5.805856534984197
-1.3546095958378739	-0.999999295787873	0.05131050183428065	0.2580480178093185	18549741.0	471158.78571428574	5.8	5.830527151240072
-1.886019857141726	-0.9999990751987637	0.07756825479546074	0.15167429441136884	14347679.7	578821.95	5.71	5.891689783797645
