-1.9796444483012758	-0.9999996432647952	0.03181913402423633	0.13811833679094473	36737885.8	491734.975	8.63	8.796161812302762
-1.9796444483012758	-0.9999996425996521	0.040729646887665776	0.13811833679094473	36737885.8	503899.025	8.93	8.986966950308489
-1.9796444483012758	-0.9999996420627287	0.08185981769220958	0.13811833679094473	36737885.8	513937.35	9.04	9.127813962643016
-1.5214739578552179	-0.9999995208166932	0.060810008954252925	0.21838975231317406	28567780.75	881343.3125	9.48	9.63407102115158
-1.1641424479833753	-0.9999995351434642	0.05302707565827923	0.3121902666665509	29037678.2	728216.1	9.0	9.098218024421781
-1.6765917976840068	-0.999999564092855	0.06359377366713745	0.18701025993239284	31618880.4	967910.45	9.75	9.878969679499898
-1.8979245901789952	-0.9999996149769546	0.043541793950057785	0.14987935774723907	34819919.1	664287.15	9.24	9.36346541824441
-1.8979245901789952	-0.9999996210366119	0.047549299011116035	0.14987935774723907	34819919.1	537924.05	9.165	9.29703113131929
-1.307733247779792	-0.9999995254957643	0.055332631650282	0.27043236531068354	28644428.666666668	799627.6666666666	9.28	9.307108119087784
-1.307733247779792	-0.9999995486826827	0.04745450294641673	0.27043236531068354	28644428.666666668	411565.8333333333	9.215	9.264572678153241
-1.6036696974989912	-0.9999995424505461	0.06102969950847434	0.2011569766240049	29888811.888888888	869443.3055555555	9.58	9.591777999547967
-1.6036696974989912	-0.999999552296455	0.06972689463291883	0.2011569766240049	29888811.888888888	647792.3611111111	9.55	9.689068316657487
-1.6036696974989912	-0.999999572863191	0.07899530716023426	0.2011569766240049	29888811.888888888	350322.30555555556	9.74	9.80536122895993
-1.798504003326101	-0.9999995900415586	0.038063486119796736	0.1655463598707937	33530391.5	932911.825	9.25	9.276393471267145
-1.798504003326101	-0.9999996064594402	0.04799689358176471	0.1655463598707937	33530391.5	537974.9	9.26	9.435215823018005
-1.798504003326101	-0.9999996151024609	0.07837240091940953	0.1655463598707937	33530391.5	402625.725	9.54	9.598739065087605
-2.0165833646493194	-0.9999996442729026	0.027778973207305407	0.13310947558409042	36540806.3	441773.55	9.15	9.305023247321673
-2.0509793193266814	-0.999999647588817	0.03229360481702688	0.12860889272121181	37413633.8	532309.875	9.3	9.3936052594597
-2.083256758496424	-0.999999616372918	0.029120870885172845	0.12452400648453414	36146542.6	1052618.8	9.38	9.394165615033591
