-1.3117105788127594	-0.9999992839685833	0.048440380850803835	0.26935890244550437	18316549.833333332	496442.5833333333	9.5	9.636274213096806
-1.3117105788127594	-0.9999993254178129	0.051382142488184505	0.26935890244550437	18316549.833333332	232353.20833333334	9.585	9.77137521396412
-0.9731853773309674	-0.9999992037263449	0.08108740520530208	0.3778774367542727	17076558.25	804207.1875	9.73	10.169296024339129
-0.7022160619993091	-0.9999988847419067	0.04987852173300221	0.4954860584180717	11154218.666666666	252667.25	9.5	9.514209801214463
-0.7022160619993091	-0.9999989253406448	0.0448724358734431	0.4954860584180717	11154218.666666666	160649.33333333334	9.485	9.534740498299685
-0.7022160619993091	-0.9999988999880607	0.13689217102732293	0.4954860584180717	11154218.666666666	213153.75	9.52	9.552531061180066
-1.7975240697488328	-0.9999993008034143	0.049250250699884965	0.1657086638179815	18857712.4	532451.05	9.0	9.011608529855666
-1.7975240697488328	-0.9999993390763376	0.04705347190522578	0.1657086638179815	18857712.4	258720.725	9.15	9.240877382340424
-1.7975240697488328	-0.9999995340158074	0.002387027143484888	0.1657086638179815	18857712.4	6550.15	9.274999999999999	9.275803613716597
-1.6078179133908137	-0.9999992959511426	0.045846140284295143	0.20032426239012216	18640969.888888888	500894.8888888889	8.86	8.862659648408641
-1.7416914951823368	-0.9999992885964115	0.045956932344990216	0.17522375965905504	18243445.9	432981.625	9.0	9.076921943458501
-1.8489700569264387	-0.999999345743318	0.04451481784682361	0.15739919506985328	19894381.2	449562.25	9.25	9.254059967014394
-1.8489700569264387	-0.9999993682189563	0.050806222230611146	0.15739919506985328	19894381.2	287474.5	9.285	9.318057217270578
-2.0156187204812435	-0.9999992301924634	0.05133530378032059	0.13323794081508444	16535372.9	337409.2	8.88	8.916656885049123
-2.0156187204812435	-0.9999992367853044	0.050358400311470666	0.13323794081508444	16535372.9	302560.425	8.925	8.971526400772824
-2.081525383517131	-0.9999991093933238	0.054168755071312746	0.12473979098171835	14237087.8	321143.175	8.96	8.982560697435442
-2.081525383517131	-0.9999991023716424	0.07118107284001665	0.12473979098171835	14237087.8	354906.95	8.98	9.12293248099728
-1.9792480542644801	-0.9999992061382601	0.04641549757501163	0.1381730969285998	15955371.5	316904.525	9.040000000000001	9.079071836644117
-1.8959731131102409	-0.9999993037110071	0.030786807811020788	0.1501721294526846	17866305.3	252737.775	9.200000000000001	9.242844210920902
-1.8959731131102409	-0.9999992969285744	0.05045422401684642	0.1501721294526846	17866305.3	285296.775	9.33	9.334929634773829
-1.8959731131102409	-0.9999994832856423	-0.0035731413224100485	0.1501721294526846	17866305.3	-10215.675	9.29	9.305816440849767
-2.0495508942936405	-0.9999991621093562	0.05067002308844597	0.12879273215221035	15133737.8	321391.15	8.8	8.865115626309576
