-2.20233432799934	-0.9999961575147893	0.030347906129522467	0.11054480910062489	2757365.0	39939.025	23.97	24.780204088917852
-2.20233432799934	-0.9999960606379416	0.0632428815268834	0.11054480910062489	2757365.0	52168.8	24.705	24.717525477039214
-2.20233432799934	-0.9999962555586365	0.06667452026337331	0.11054480910062489	2757365.0	30477.95	24.695	24.704177545691905
-2.1117978185177657	-0.9999962671640372	0.030799928565273287	0.12102019838464179	2835361.7	39494.425	23.26	23.404317990166756
-2.1117978185177657	-0.9999961761566384	0.059061296307849426	0.12102019838464179	2835361.7	51121.45	23.560000000000002	23.70846498802852
-2.1117978185177657	-0.9999963491775564	0.06013297691462666	0.12102019838464179	2835361.7	31299.9	23.785	23.786588161603508
-1.8694170631017226	-0.9999955307450054	0.035738268064212916	0.15421353237638924	2340374.2	34881.1	25.53	25.579494243593306
-2.242950074686178	-0.9999963778299873	0.040804573023385055	0.10614490663617221	3047151.3	62148.625	24.85	25.55338933830336
-2.242950074686178	-0.9999964775675777	0.054581872600621556	0.10614490663617221	3047151.3	45860.65	25.965	26.112526288661314
-2.383708977318799	-0.9999968320701446	0.029544486205164713	0.0922079453178163	3436961.4	53531.95	25.14	25.296778827977317
-2.383708977318799	-0.9999970208852859	0.033554028282537514	0.0922079453178163	3436961.4	27975.0	25.155	25.207730434353092
-1.2926167435459837	-0.9999936650924962	0.041654418133699814	0.27455141166045877	1564503.8	20149.55	25.51	25.619046827021496
-2.2818268047414234	-0.9999964791066033	0.04088813842560955	0.10209752401007918	3156986.6	67197.975	25.400000000000002	25.45131443428257
-1.5852273738696085	-0.999995103288983	0.047854354032275136	0.20490119864139245	2186058.285714286	44554.71428571428	25.48	25.774189941758753
-1.5852273738696085	-0.9999950959231466	0.067217923238414	0.20490119864139245	2186058.285714286	45277.96428571428	25.830000000000002	25.972827224433377
-2.4135971771561655	-0.9999967938351219	0.028433586603564077	0.08949279344094442	3429390.0	59585.825	25.19	25.201931621115424
-2.4135971771561655	-0.9999969032029622	0.048918634086995955	0.08949279344094442	3429390.0	40949.725	25.310000000000002	25.43547493583421
-2.4135971771561655	-0.9999969370126749	0.07107416931636436	0.08949279344094442	3429390.0	36466.55	25.415	25.517513791721885
-0.2863948452471613	-0.9999919575429758	0.06996358646177257	0.7509660420278637	1249708.5	23171.625	25.465	25.482880307576988
-0.2863948452471613	-0.999991172727842	0.11780791229742613	0.7509660420278637	1249708.5	61790.25	25.52	25.550015204836612
-0.2863948452471613	-0.9999913176827366	0.15963188550301446	0.7509660420278637	1249708.5	51552.0	25.53	25.648235304234497
-2.1589071335690595	-0.9999961153860866	0.03193990287167589	0.1154512248862693	2734272.7	41009.925	23.75	23.944508704691767
