-1.9353077124892348	-0.9999956146035368	0.05840043674775278	0.1443798345091237	2499095.7	57498.15	25.855	25.882765034605157
-1.782050533128604	-0.9999957620390719	0.05217979201807033	0.16829270345390812	2576305.3333333335	55174.88888888889	25.080000000000002	25.09725991161712
-1.782050533128604	-0.9999956451908283	0.0862182026945435	0.16829270345390812	2576305.3333333335	74555.91666666667	25.2	25.332414913157066
-1.286831646797951	-0.9999952235290717	0.04975964975419702	0.2761443212647741	2372132.2	83317.05	24.88	24.90112483611222
-1.286831646797951	-0.9999953271225082	0.08262912220913916	0.2761443212647741	2372132.2	65164.35	24.915	24.981316514002796
-1.286831646797951	-0.9999954461037591	0.13124449472749136	0.2761443212647741	2372132.2	49139.75	24.939999999999998	24.944861080985152
-2.3533522566897487	-0.9999937310356969	0.0612738757249398	0.09504999556667328	1697372.6	41803.875	25.1	25.55692730107195
-2.3533522566897487	-0.9999934717444245	0.07168302003381795	0.09504999556667328	1697372.6	64917.125	25.59	25.635852278124048
-0.7784106231321508	-0.9999950129880194	0.04955990533759124	0.45913517051657166	2338133.3333333335	115877.66666666667	24.12	24.218370972982722
-1.8631827036141038	-0.9999956963203703	0.053811623466966524	0.15517795813982163	2535717.9	54879.725	25.330000000000002	25.4704223976489
-1.8631827036141038	-0.9999955994447312	0.082280434947556	0.15517795813982163	2535717.9	70161.325	25.415	25.456454706640876
-1.8631827036141038	-0.9999959193784101	0.07396743261062336	0.15517795813982163	2535717.9	31171.925	25.6	25.742791376277424
-1.5796985946523656	-0.9999956864957167	0.05874441096052852	0.20603718955782474	2591657.714285714	71618.78571428571	25.12	25.140552762212792
-1.5796985946523656	-0.9999956407805151	0.0840964317154098	0.20603718955782474	2591657.714285714	80627.28571428571	25.36	25.433911363622435
-1.0757991032931917	-0.9999957079445957	0.04359557903925085	0.341025132082337	2518171.0	49419.9375	24.580000000000002	24.83304429223744
-1.0757991032931917	-0.9999956954849657	0.06605975481715567	0.341025132082337	2518171.0	50995.125	24.810000000000002	24.846123666946248
-2.2450493590264164	-0.9999943843993949	0.05718522007535039	0.10592231202231604	1912834.5	46244.275	25.8	26.07801879703284
-2.415462121209377	-0.9999933180186273	0.0622277668362705	0.08932604992000841	1564511.6	34683.125	25.32	25.356022099447515
-1.4489546276433016	-0.9999952530669245	0.05224483489252205	0.23481562960294697	2402016.8333333335	89518.625	24.97	24.99243497991846
-1.4489546276433016	-0.9999953731323918	0.07924668075956773	0.23481562960294697	2402016.8333333335	67090.58333333333	25.025	25.075266115414497
-2.0574520446379108	-0.9999954746895161	0.06541958768614105	0.12777913099290122	2444068.9	63586.4	25.3	25.468187263228504
-2.0574520446379108	-0.9999954415151349	0.0852938869985371	0.12777913099290122	2444068.9	68956.875	25.5	25.617936143079362
-2.0574520446379108	-0.9999958415384627	0.05925584708221552	0.12777913099290122	2444068.9	25939.65	25.68	25.760143913081585
-0.2845862459151214	-0.9999951542773868	0.026970428466269993	0.7523254676674515	2096121.5	25775.625	24.03	24.23872868875496
-2.2034512224069234	-0.9999947648082944	0.05621085376512978	0.11042141114562376	2046553.4	44984.675	25.57	25.634484022251605
-2.2034512224069234	-0.9999946842355547	0.08177551869177176	0.11042141114562376	2046553.4	53049.3	25.61	25.627829513903016
-2.2034512224069234	-0.9999950353833559	0.061527304077092525	0.11042141114562376	2046553.4	25856.425	25.7	25.76122069641139
-2.283529005293233	-0.9999943633953914	0.05843195541474904	0.10192388137759058	1902994.6	45542.725	25.400000000000002	25.42954300596719
-2.283529005293233	-0.9999944120707188	0.0701892360459466	0.10192388137759058	1902994.6	41513.55	25.115000000000002	25.147315817163225
-2.283529005293233	-0.9999946981678178	0.05932308699542866	0.10192388137759058	1902994.6	24084.325	25.29	25.394930495221548
