-1.6489449216027372	-0.9999828286127844	0.07153975466969613	0.1922526432621996	570235.125	17884.1875	19.18	19.354059848146495
-1.4168394572738758	-0.9999837170572612	0.06063515424497773	0.24247917289211948	593686.3333333334	15786.291666666666	18.990000000000002	19.068285219399538
-1.4168394572738758	-0.9999849955742944	0.04281880808593943	0.24247917289211948	593686.3333333334	7389.291666666667	19.29	19.319563906286245
-1.4168394572738758	-0.9999853394010553	0.06193544739294917	0.24247917289211948	593686.3333333334	6024.75	19.405	19.408076923076923
-1.738983800856295	-0.999981687617233	0.07259076695704823	0.1756988549550224	532442.3333333334	17158.166666666668	19.45	19.5374568288854
-1.738983800856295	-0.9999829262505043	0.036957916310276256	0.1756988549550224	532442.3333333334	8872.166666666666	19.490000000000002	19.514342299107142
-2.254756505388123	-0.9999695178658391	0.03296366271417602	0.10489908298832411	302012.1	9955.425	18.82	18.832220289855073
-2.3177230866192153	-0.9999711921494466	0.04202202272133204	0.09849760098142565	298032.6	5353.425	19.13	19.15989319136272
-2.3177230866192153	-0.9999711965545365	0.06414197037644896	0.09849760098142565	298032.6	5346.4	19.36	19.409915492957747
-2.3177230866192153	-0.9999749508300111	0.04548693896163116	0.09849760098142565	298032.6	1745.675	19.28	19.286617647058822
-0.27611634303415855	-0.9999881737092908	0.11066884562425018	0.7587246532978514	899816.0	41833.875	19.73	19.88451959766488
-0.27611634303415855	-0.9999891463769963	0.07346812356989048	0.7587246532978514	899816.0	17434.5	19.81	19.840535666770325
-0.27611634303415855	-0.9999890010311955	0.11505229880232413	0.7587246532978514	899816.0	19870.625	19.705	19.760936453377578
-2.055055686510639	-0.9999757250967788	0.05488358463356361	0.12808570273308428	373595.9	8680.975	19.17	19.206123828026016
-2.287035039729265	-0.9999710716908878	0.029757080986289725	0.10156715844647837	282922.1	3583.8	18.96	18.98516621743037
-1.5435992975842276	-0.9999831663800657	0.06278012135025811	0.21361086702943932	574797.2857142857	15928.357142857143	19.42	19.42427630502564
-2.374518448517115	-0.999971526450729	0.06274504999972778	0.09305929126225415	315931.2	8067.175	19.47	19.52779890156316
-2.374518448517115	-0.9999718202239218	0.07341155724904243	0.09305929126225415	315931.2	7352.05	19.535	19.6031229089926
-2.400926504290937	-0.99997440300477	0.07007329233716711	0.09063394164101087	368660.5	12538.025	19.55	19.760816219979116
-2.400926504290937	-0.9999746351826314	0.11335111328217329	0.09063394164101087	368660.5	11509.4	19.855	19.889993364299933
-2.400926504290937	-0.9999771263982729	0.1516293870652547	0.09063394164101087	368660.5	4593.4	19.8	19.808065916716004
-2.1437475490331255	-0.9999749487289253	0.05417760446493891	0.11721475087707502	359660.7	8183.175	18.76	18.80729888310316
