-1.4375300803520943	-0.9999891967638482	0.09638408805638699	0.2375136744930466	979551.8333333334	39430.875	22.64	22.716288476414142
-1.6747377150317009	-0.9999923793580073	0.05424816452547346	0.18735731404522155	1378359.0	36459.34375	23.03	23.1862088357941
-1.2773179861949149	-0.9999881732016087	0.09462235336750013	0.2787840012146162	965850.0	91391.0	22.53	22.57275855638073
-2.0911546772487952	-0.9999952071145338	0.05068066123404878	0.12354439951879498	2383327.0	91400.15	23.68	23.717454803480422
-2.0911546772487952	-0.9999955235435759	0.06198591512136342	0.12354439951879498	2383327.0	42994.875	23.83	23.933834434888244
-0.773226509770053	-0.9999889554719976	0.12073794530008743	0.46152155960030256	974661.0	47318.166666666664	22.29	22.40108657013094
-0.773226509770053	-0.9999888812446885	0.11143844114229966	0.46152155960030256	974661.0	50868.416666666664	22.51	22.521330668103243
-1.566452258437293	-0.9999915184147578	0.05915118747557133	0.20878458372433292	1241726.4285714286	37488.21428571428	22.73	23.48922592703417
-1.917550184610194	-0.9999939609885753	0.05664633686795819	0.14696656241974343	1777841.0	45999.25	23.080000000000002	23.442548476591096
-2.0388502202305587	-0.9999949191089695	0.04257810973190256	0.130178301241147	2093369.5	41612.6	23.37	23.578644038271097
