-2.3922214468274623	-0.9999925174810573	0.06854905874712312	0.09142635932790591	1432604.0	45227.675	23.47	23.49483680279562
-1.9808371038091193	-0.9999910842578017	0.058193726880716556	0.13795370738843313	1155545.0	29807.275	22.53	22.638296581166426
-1.9808371038091193	-0.9999911978285662	0.07409140779534686	0.13795370738843313	1155545.0	26141.175	22.67	22.705243787582408
-0.7735890625987091	-0.9999916523847348	0.06800695237758063	0.46135426398196616	1326975.6666666667	64670.916666666664	22.54	22.545959607399638
-0.7735890625987091	-0.9999916896245102	0.11512122880264933	0.46135426398196616	1326975.6666666667	61552.75	22.56	22.68405305778566
-0.2816823982305679	-0.9999911814917165	0.08534461070255822	0.7545132812360871	1216561.5	45626.125	22.48	22.488613431939598
-0.2816823982305679	-0.9999909771898909	0.12044498570107948	0.7545132812360871	1216561.5	58500.25	22.515	22.533769417720382
-2.3305651947111783	-0.9999925949364785	0.07139277504975458	0.0972407715852533	1450062.5	46063.825	23.37	23.480803440079576
-2.3305651947111783	-0.9999931331486944	0.06159133335453878	0.0972407715852533	1450062.5	21106.075	23.47	23.47811401770507
-2.3305651947111783	-0.9999933871890944	0.053146048358860394	0.0972407715852533	1450062.5	14602.1	23.520000000000003	23.521139137510172
-1.8475615518034203	-0.9999913655013924	0.05345240804085333	0.1576210488468811	1188634.5	28659.15	22.8	22.830574296595007
-2.3622436736929067	-0.9999924689525097	0.0735400502666544	0.09420861250687886	1432787.7	48551.075	23.5	23.516099387771675
-2.1815495566131964	-0.9999913008957138	0.07662039123312726	0.11286650203247074	1232034.5	45142.275	23.17	23.45590876151954
-1.9180835772900229	-0.9999907304220457	0.05922891316314635	0.1468881924340155	1167770.1	50247.5	22.64	22.653730545758524
-1.2778286758097193	-0.9999923447880044	0.020446944083165768	0.2786416654682095	1189151.4	8983.05	22.6	22.631563932755984
-1.2778286758097193	-0.9999909262763392	0.10666418907959913	0.2786416654682095	1189151.4	48533.55	22.685000000000002	22.717434199940236
-2.0375759154124546	-0.9999912161072431	0.07413677584232282	0.1303442938177391	1214954.4	43131.375	22.76	23.15313860257097
-2.0375759154124546	-0.9999917464838359	0.0714624765898838	0.1303442938177391	1214954.4	22642.9	23.08	23.143360205203372
-2.0375759154124546	-0.9999922220705553	0.06029339463438617	0.1303442938177391	1214954.4	12705.0	23.16	23.226535544772727
-1.4379495328198806	-0.9999924082562239	0.048664485578706285	0.2374140696873487	1354624.1666666667	29258.5	22.78	23.010399666548757
-2.0897214390526013	-0.9999913660221031	0.0721332837709369	0.12372159502246068	1236224.5	43196.375	23.18	23.186198130461293
-2.0897214390526013	-0.9999918178949038	0.07869003554888018	0.12372159502246068	1236224.5	24707.9	23.21	23.235448408871747
-2.0897214390526013	-0.9999920941254495	0.07939967335806358	0.12372159502246068	1236224.5	17560.0	23.26	23.291582054309327
-1.5674900789471335	-0.9999923746824382	0.05217093249610739	0.20856801520027166	1360967.2857142857	32137.428571428572	22.92	23.009850704753035
-1.5674900789471335	-0.9999918764962639	0.09875546702492899	0.20856801520027166	1360967.2857142857	63310.53571428572	23.02	23.027572227715627
