-1.6779472075562232	-0.9999897678416527	0.08135912994749173	0.18675695608392268	1016695.125	32956.875	23.28	23.293757823322142
-2.2213607906877937	-0.9999915926493693	0.049539485934337865	0.10846141507399085	1203144.5	24716.275	22.35	22.367126317449202
-1.7698722230430641	-0.9999894277849677	0.07706878743607672	0.17035475484695578	999936.0	39007.63888888889	22.97	22.978578368703662
-1.4398714341113956	-0.9999893333076482	0.09401907324027611	0.2369582214681474	995416.3333333334	40854.625	22.990000000000002	23.21896844261339
-1.4398714341113956	-0.9999896553394196	0.09765261553307779	0.2369582214681474	995416.3333333334	29649.791666666668	23.325000000000003	23.36239329020706
-1.4398714341113956	-0.9999902969121091	0.09798108186765445	0.2369582214681474	995416.3333333334	15655.041666666666	23.405	23.431521031566817
-2.1374613133304283	-0.9999915664068381	0.05892807677499304	0.11795391126302501	1206255.6	26187.325	22.11	22.26534705734889
-2.1374613133304283	-0.9999913336953038	0.054507945071622134	0.11795391126302501	1206255.6	34674.15	22.365000000000002	22.36943394131336
-2.2589687986722633	-0.9999912942937887	0.0536651411154515	0.10445814661417988	1199059.6	34153.875	22.36	22.383148465521902
-2.2589687986722633	-0.9999913130059588	0.059356670474352856	0.10445814661417988	1199059.6	33396.075	22.43	22.434752719593348
-1.9827861363467443	-0.9999904917163107	0.05495902471457097	0.13768509297819265	1163835.7	63963.275	22.01	22.053537270067014
-2.181030670610501	-0.9999916923043771	0.05203154655435509	0.11292508207741696	1218723.2	24952.8	22.39	22.47906250607256
-2.2942360094225087	-0.9999915263925909	0.06262980696302844	0.10083840343711153	1223291.8	31750.475	22.46	22.483482232843926
-2.2942360094225087	-0.9999916146044026	0.070167949515196	0.10083840343711153	1223291.8	28502.6	22.435000000000002	22.458067338635363
-2.2942360094225087	-0.9999923110503746	0.06861325938165927	0.10083840343711153	1223291.8	12158.05	22.46	22.476558339306575
-1.5697790155655573	-0.9999892206378905	0.08895342553007587	0.20809116218420803	1032373.4285714285	68071.39285714286	23.42	23.429227515081248
-1.5697790155655573	-0.9999899707660441	0.0872961967321529	0.20809116218420803	1032373.4285714285	31378.64285714286	23.34	23.527354424892817
-0.774226542053994	-0.9999893415738027	0.09379414852997327	0.46106025383973887	1019547.3333333334	52404.666666666664	22.93	22.933701211618967
-0.774226542053994	-0.9999897688340098	0.10414705933558159	0.46106025383973887	1019547.3333333334	33898.583333333336	23.020000000000003	23.033392068522932
-1.8497755785430752	-0.9999902457958965	0.07785972233957744	0.1572724576674948	1062819.0	31790.475	22.87	22.93262937682869
-0.2817952614650669	-0.99998946258522	0.08426352156403419	0.75442812923205	1004763.5	39639.625	22.650000000000002	22.764592466518238
-0.2817952614650669	-0.9999896843688431	0.1066806738939251	0.75442812923205	1004763.5	31721.125	22.825000000000003	22.880826529078796
-0.2817952614650669	-0.9999905115882873	0.10517786109895129	0.75442812923205	1004763.5	13815.375	22.85	22.874535397020104
-1.0700905357973232	-0.9999890651288778	0.09030566899546616	0.3429774642748254	969378.5	40135.0	23.05	23.140447945048656
-2.0905544803836498	-0.9999912796717347	0.05197069987338292	0.1236185727371324	1147319.2	22135.875	22.06	22.11940994705798
