-1.5871265709890332	-0.9999978934028905	0.09841198651427867	0.204512420175496	5662593.3	151568.975	3.36	3.368370072253995
-1.5871265709890332	-0.9999978857453298	0.1417815523679677	0.204512420175496	5662593.3	158285.875	3.37	3.3738764953119946
-1.5871265709890332	nan	nan	0.204512420175496	5662593.3	nan	3.36	3.3613473053892218
-1.5871265709890332	-0.9999979718608298	0.13191947275166546	0.204512420175496	5662593.3	97199.125	3.355	3.3610767586398005
-1.1863265523970494	-0.9999980061835367	0.09823625584792532	0.30534086006957734	6042877.833333333	170823.04166666666	3.36	3.3791673043165145
-1.0528085662302968	-0.9999981047082842	0.09030529841027418	0.3489563046373384	6349395.0	168375.15	3.36	3.3974497930400123
-1.0528085662302968	-0.9999980908486154	0.1366820934447047	0.3489563046373384	6349395.0	183863.85	3.395	3.400992055544429
-1.3842273486533256	-0.9999978221134811	0.12200968201029297	0.2505172875523733	5949963.0	424361.875	3.31	3.310049471452802
-1.460939699164558	-0.9999979168319254	0.09130783568045349	0.23201814500062867	5711709.222222222	147037.58333333334	3.3200000000000003	3.3358542241855327
-1.460939699164558	-0.9999978905777025	0.14229890731053374	0.23201814500062867	5711709.222222222	170826.02777777778	3.325	3.3354920375663535
-1.8110444107582029	-0.9999980173096141	0.11925667118729553	0.16348330388699905	6114663.4	184145.025	3.43	3.4507622271506944
-1.8110444107582029	-0.9999980808184481	0.14057564908023773	0.16348330388699905	6114663.4	124884.075	3.4450000000000003	3.452864237017086
-1.8110444107582029	-0.9999980840477433	0.17542901152803939	0.16348330388699905	6114663.4	122442.275	3.46	3.472841466478956
-1.8110444107582029	-0.9999980660056728	0.15294249842217938	0.16348330388699905	6114663.4	136723.65	3.4850000000000003	3.485038165164292
-0.6250017185184019	-0.9999983813148986	0.07973017148969533	0.5352605086631659	7456358.333333333	174466.91666666666	3.35	3.3771702367531002
-0.6250017185184019	-0.9999983609606685	0.12559886495800085	0.5352605086631659	7456358.333333333	203060.58333333334	3.365	3.3688091011121313
-0.6250017185184019	-0.9999984460867958	0.1721786771174918	0.5352605086631659	7456358.333333333	107637.5	3.37	3.377110694183865
-0.6250017185184019	-0.9999984395965862	0.12513822762189414	0.5352605086631659	7456358.333333333	112974.58333333333	3.375	3.3784643476212115
-0.6250017185184019	-0.9999984632393312	0.09940422882091182	0.5352605086631659	7456358.333333333	94715.0	3.39	3.391038996711943
-0.6250017185184019	-0.999998362819695	0.1564765008814888	0.5352605086631659	7456358.333333333	200265.25	3.39	3.3999805484638497
-1.527508039994017	-0.9999979302251414	0.09097423092077822	0.21707593842624276	5737042.3	143541.425	3.34	3.3416605711617775
-1.7324779897123708	-0.9999978765048572	0.12240695167367206	0.1768456448780179	5740319.1	196719.6	3.38	3.404850549836219
-1.7324779897123708	-0.9999979416791482	0.14022543847059757	0.1768456448780179	5740319.1	135321.825	3.425	3.4315615405173734
-1.7324779897123708	-0.9999977784145327	0.15425269367510736	0.1768456448780179	5740319.1	345451.175	3.44	3.4554410371653557
-1.7324779897123708	-0.999998002071375	0.1443882919161487	0.1768456448780179	5740319.1	95677.4	3.435	3.4421934523473885
-1.7324779897123708	-0.9999979101797902	0.16222511192223704	0.1768456448780179	5740319.1	162142.15	3.45	3.472226289527781
-1.7734348664873723	-0.9999977326463116	0.13435360086900322	0.16974892142142575	5699058.4	409126.075	3.435	3.4360873517471258
-1.8458636291947061	-0.9999982079195822	0.14111433525217637	0.15788890452408155	6956502.7	259525.025	3.48	3.559788301082904
-1.8458636291947061	-0.9999981336935773	0.15989970883209317	0.15788890452408155	6956502.7	434940.0	3.59	3.5901497369486037
-1.8458636291947061	-0.999998271341489	0.16645185135997181	0.15788890452408155	6956502.7	166943.65	3.59	3.5946220328667073
-1.8458636291947061	-0.9999982336989335	0.14515863623880249	0.15788890452408155	6956502.7	216917.75	3.6	3.600251660136269
