-1.1068535630016993	-0.9999991782667842	0.05014238962167336	0.33059753062343816	14358557.6	133105.35	6.05	6.067542877298179
-1.1068535630016993	-0.9999991051502198	0.09340361183468016	0.33059753062343816	14358557.6	380312.85	6.075	6.090594587488312
-1.1068535630016993	-0.999999147142448	0.09540407939471068	0.33059753062343816	14358557.6	208105.3	6.115	6.201370410479466
-1.1068535630016993	-0.9999991514872651	0.12238509699959989	0.33059753062343816	14358557.6	195519.2	6.165	6.195598958186316
-1.1068535630016993	-0.9999992747951806	0.02057914237694223	0.33059753062343816	14358557.6	33285.1	6.195	6.1951564346293715
-1.812969625109597	-0.9999989085266408	0.12053946012956382	0.16316886626117796	11292368.1	225328.475	6.12	6.139377613380508
-1.812969625109597	-0.9999989677616086	0.08592426898893586	0.16316886626117796	11292368.1	115428.575	6.140000000000001	6.14437827309123
-1.812969625109597	-0.9999989002702947	0.13000071373727184	0.16316886626117796	11292368.1	247347.275	6.135	6.135286146754798
-1.812969625109597	-0.9999989430022381	0.08239798900654899	0.16316886626117796	11292368.1	152665.0	6.135	6.136720576773188
-1.812969625109597	-0.999998859458954	0.1394564784890571	0.16316886626117796	11292368.1	392152.775	6.140000000000001	6.141303089072242
-1.812969625109597	-0.9999989517871813	0.08242200194728709	0.16316886626117796	11292368.1	138247.075	6.135	6.146286348452722
-1.717615741988173	-0.9999989484507221	0.09852843392979138	0.17949359718147861	11680769.4	215971.125	6.1000000000000005	6.119572424878912
-1.717615741988173	-0.9999989468727581	0.09693551838290633	0.17949359718147861	11680769.4	219988.8	6.12	6.131198145863894
-1.717615741988173	-0.999998979017957	0.0834991643893904	0.17949359718147861	11680769.4	151122.975	6.15	6.151849680387606
-1.717615741988173	-0.9999989496534167	0.13857719901170543	0.17949359718147861	11680769.4	212958.275	6.155	6.158438850342271
-1.6012917548024965	-0.9999991263385142	0.0784663766636353	0.20163588557076276	13986304.8	202661.2	6.0600000000000005	6.079723431265869
-1.6012917548024965	-0.9999991685596793	0.06786366005626274	0.20163588557076276	13986304.8	112282.0	6.08	6.085008120236865
-1.6012917548024965	-0.999999169267439	0.09607598693153645	0.20163588557076276	13986304.8	111176.0	6.075	6.09545872891169
-1.6012917548024965	-0.9999990655102243	0.08962038919574335	0.20163588557076276	13986304.8	474518.9	6.115	6.116756812432308
-1.3587087190901128	-0.9999991866010116	0.08448110981163583	0.25699241218619434	15321988.857142856	258560.85714285713	6.21	6.226106602537605
-1.451701752627897	-0.9999991479401765	0.08665934759939489	0.2341714469503419	14576963.375	247815.75	6.16	6.169648878337462
-1.451701752627897	-0.9999990618583053	0.09131002491246808	0.2341714469503419	14576963.375	869136.9375	6.165	6.171922490686883
-1.451701752627897	-0.999999169999419	0.0833187161952113	0.2341714469503419	14576963.375	179670.96875	6.165	6.1669384267356095
-1.451701752627897	-0.9999991503284267	0.1285651374197691	0.2341714469503419	14576963.375	239336.84375	6.165	6.173591467800333
-1.451701752627897	-0.9999992283460779	0.04425522663433744	0.2341714469503419	14576963.375	76753.78125	6.175	6.198021736882726
-0.9256613843566567	-0.9999991427259317	0.024812426797903464	0.39626924610560105	12984338.75	68262.9375	5.98	6.034400886966201
-0.9256613843566567	-0.9999991131011509	0.061796834561632694	0.39626924610560105	12984338.75	100286.375	6.045	6.049549259999046
-0.9256613843566567	-0.9999991193723439	0.06870731753542526	0.39626924610560105	12984338.75	92443.875	6.045	6.048626056879324
-1.9300154621543706	-0.9999987823575484	0.06633322486967938	0.14514595419712292	9376562.2	90879.45	6.2	6.206776251068275
-1.9300154621543706	-0.9999985912937702	0.13298679069974398	0.14514595419712292	9376562.2	545151.9	6.215	6.220847147348752
-1.9300154621543706	-0.999998726939203	0.12654096272589574	0.14514595419712292	9376562.2	152806.425	6.22	6.237235890595564
-2.0802963600658693	-0.9999989417658923	0.06578121705515053	0.1248931933583901	11042454.5	118835.275	6.2	6.213042483410876
-1.2461892804213444	-0.9999992172703484	0.08260443636752583	0.287598669195597	15969300.666666666	268241.0833333333	6.095000000000001	6.125849739198308
-1.2461892804213444	-0.9999991687060098	0.08817738637281845	0.287598669195597	15969300.666666666	582556.7916666666	6.195	6.197265991576619
-1.2461892804213444	-0.9999992346668451	0.08161310298887665	0.287598669195597	15969300.666666666	203176.5	6.2	6.211291790409698
-1.2461892804213444	-0.999999221949094	0.11960996980954443	0.287598669195597	15969300.666666666	248929.45833333334	6.22	6.237991285544446
-1.2461892804213444	-0.999999342155301	0.02046415630726515	0.287598669195597	15969300.666666666	36508.208333333336	6.235	6.240585055344983
-1.7674988593822567	-0.9999989007156777	0.12119854890828181	0.17075954880317604	11254998.3	236201.125	6.12	6.141363636363637
-2.105646979881253	-0.9999990614801085	0.08195112322632885	0.12176686806497368	12894401.0	180168.225	6.21	6.24582387392815
-2.105646979881253	-0.9999989344231662	0.13149334783130065	0.12176686806497368	12894401.0	927245.75	6.26	6.264695661544697
-2.105646979881253	-0.9999990590169144	0.12746730704225817	0.12176686806497368	12894401.0	185982.5	6.255	6.258444579331874
-2.105646979881253	-0.9999990466398758	0.12235032575375157	0.12176686806497368	12894401.0	218164.175	6.255	6.279714578794003
