-1.3608358929926931	-0.9999993869566371	0.1069942866606607	0.2564463256502588	20968125.85714286	382455.5714285714	6.18	6.1865287480970155
-2.0021268966381474	-0.9999997346168793	0.06124642183132224	0.13504774496815677	50398626.7	643671.175	6.6000000000000005	6.62382867269691
-2.0021268966381474	-0.9999997174327486	0.10127675858924905	0.13504774496815677	50398626.7	1530340.425	6.595000000000001	6.595232080342472
-2.060846912266895	-0.9999997254080689	0.06514910222305507	0.12734607326019323	49196205.4	735922.2	6.47	6.536998251327427
-1.2489184292166657	-0.9999994218030688	0.1041803429984224	0.28681483971418154	22278125.666666668	392833.5833333333	6.2	6.232333800173769
-1.719905054059454	-0.9999994528081813	0.09773301134217723	0.17908315032246877	23845049.1	464080.65	6.3100000000000005	6.4217268599397155
-1.8574512823167675	-0.9999996079162721	0.08944563528878649	0.15606990200538004	34090508.9	638152.3	6.3100000000000005	6.381380448895532
-1.8574512823167675	-0.9999996212181768	0.09551291800803671	0.15606990200538004	34090508.9	405494.525	6.4399999999999995	6.465363555523346
-1.8574512823167675	-0.9999996242560831	0.13225407547145104	0.15606990200538004	34090508.9	365601.275	6.48	6.505597732364009
-1.8574512823167675	-0.9999996117923736	0.1289314784248019	0.15606990200538004	34090508.9	559161.575	6.59	6.667876315231948
-1.8574512823167675	-0.9999995797295557	0.12531335539631366	0.15606990200538004	34090508.9	1668161.575	6.76	6.762275190790285
-1.602543411803488	-0.9999994106778908	0.11823359833579883	0.20138366448301045	21911187.6	405446.75	6.24	6.251830187607882
-1.602543411803488	-0.9999994343939014	0.09063455478608273	0.20138366448301045	21911187.6	241131.375	6.28	6.286342389771552
-1.602543411803488	-0.9999994065050182	0.1413181544852388	0.20138366448301045	21911187.6	444265.5	6.2700000000000005	6.272287846852945
-1.602543411803488	-0.9999994390150502	0.09203782602145331	0.20138366448301045	21911187.6	217910.975	6.2700000000000005	6.299567964580437
-1.602543411803488	-0.9999994022107779	0.14071837944988796	0.20138366448301045	21911187.6	488097.15	6.300000000000001	6.358279740934009
-2.113577501298816	-0.9999997168721583	0.0564156784983227	0.12080501235964505	46761162.5	562072.0	6.390000000000001	6.411605219088472
-2.032493048288294	-0.9999997257512382	0.06177586509521219	0.13100850315749893	49054893.2	696095.6	6.405	6.4745532662628404
-2.032493048288294	-0.9999997168222458	0.10202692480545503	0.13100850315749893	49054893.2	1078685.325	6.54	6.580705305958791
-1.8972919930911822	-0.9999996726497719	0.06989688313373481	0.1499742009880893	40752282.2	621733.775	6.785	6.808087748716375
-1.8972919930911822	-0.9999996384068696	0.11452188382581276	0.1499742009880893	40752282.2	2509878.475	6.815	6.818399689338543
-1.8972919930911822	-0.9999996678420684	0.13491604683509004	0.1499742009880893	40752282.2	756299.275	6.815	6.870338626568019
-1.4540724556840323	-0.9999993456651773	0.1137422527864404	0.23361695351473677	19645632.0	382628.0	6.16	6.1632237823653275
-0.6643838951652723	-0.9999994827949598	0.1325913055866458	0.5145904717387741	25384015.0	503197.75	6.23	6.250561462242501
-0.6643838951652723	-0.9999994456954195	0.14467062739654982	0.5145904717387741	25384015.0	1290415.75	6.275	6.291892290727993
-0.21756162075321228	-0.9999993435091807	0.12750131563257094	0.804478030850244	21334636.5	1209832.125	6.22	6.243367097514268
-1.5333632738966239	-0.9999992498932255	0.11363336713362311	0.21580862187025762	19277049.333333332	1904718.4722222222	6.16	6.180540672748634
-1.5333632738966239	-0.9999993868944954	0.07625416001551913	0.21580862187025762	19277049.333333332	135789.02777777778	6.1450000000000005	6.159248510917611
-1.5333632738966239	-0.9999993640299079	0.12382261947703102	0.21580862187025762	19277049.333333332	211001.83333333334	6.16	6.183402706926732
-1.5333632738966239	-0.9999993458766767	0.11604063666453261	0.21580862187025762	19277049.333333332	299408.52777777775	6.18	6.211947722279234
