-1.8820256398158386	-0.9999990946566238	0.06165777110664503	0.15228132600702005	13626639.5	227927.625	5.49	5.494470958132316
-1.8820256398158386	-0.9999990571778253	0.07842684324668124	0.15228132600702005	13626639.5	379836.15	5.53	5.729164738643212
-1.8820256398158386	-0.9999991371650481	0.05206125252251183	0.15228132600702005	13626639.5	127712.0	5.665	5.758790281600796
-1.5928984481797739	-0.9999993474322817	0.079535959606775	0.20333539967879968	20804425.0	787245.075	5.7	5.708644930141611
-1.5240259297677639	-0.9999994227780534	0.05371496368386924	0.21783313833298654	21960046.777777776	319917.30555555556	5.71	5.738498069257599
-0.6576562317073367	-0.9999994627191208	0.10809090624365394	0.5180641349679678	25500124.0	891559.9166666666	5.785	5.861899622782726
-1.9824491011227143	-0.9999988566537524	0.08852068773084883	0.13773150552524238	12146856.6	1075248.1	5.55	5.557180378155592
-0.9173807112974455	-0.9999994529250754	0.11636631930734397	0.3995642457554056	27012962.0	2618504.125	5.88	5.882103279833965
-0.9173807112974455	-0.9999995249818758	0.1517160866856456	0.3995642457554056	27012962.0	373862.6875	5.895	5.898091153010751
-0.9173807112974455	-0.999999546359004	0.081010496843651	0.3995642457554056	27012962.0	209857.125	5.895	5.8951406978308585
-0.9173807112974455	-0.9999995128438688	0.14808737500993444	0.3995642457554056	27012962.0	518932.0	5.89	5.925605476872049
-0.9173807112974455	-0.9999995005766841	0.15779772611121093	0.3995642457554056	27012962.0	722810.0	5.95	5.982196150377175
