-1.0935012120886698	-0.9999990993661179	0.08499546855896281	0.33504138680422246	14326561.8	401508.7	5.41	5.4286615680469055
-2.026491754056055	-0.9999994215205674	0.06069140232612998	0.13179708762881928	22196688.9	377122.5	4.09	4.095787678378368
-2.026491754056055	-0.9999994746343834	0.062106938400385954	0.13179708762881928	22196688.9	116002.675	4.125	4.1327647062883965
-2.026491754056055	-0.9999995050692094	0.02418254696412978	0.13179708762881928	22196688.9	59030.4	4.13	4.132464723842791
-2.026491754056055	-0.9999994569559001	0.057390167548571604	0.13179708762881928	22196688.9	171746.55	4.135	4.156246215473473
-0.21131037940999828	-0.9999991993220826	0.07288567360268594	0.8095227686850761	16298320.5	464958.375	5.53	5.541078177371504
-0.9132446761811872	-0.9999991536904982	0.06684202312156866	0.4012202798538592	14995855.25	324854.1875	5.3500000000000005	5.352648772660737
-0.9132446761811872	-0.9999990943422987	0.11287488931207017	0.4012202798538592	14995855.25	791045.3125	5.34	5.340575343370115
-0.9132446761811872	-0.9999991503416602	0.12300666673328628	0.4012202798538592	14995855.25	341584.5625	5.34	5.360306657321671
-1.642445125138089	-0.9999990133322433	0.07754125475045137	0.19350631620899425	12579419.7	245660.0	5.32	5.322153753975204
