-1.462863886267608	-0.9999991917968987	0.0807390279078095	0.23157212792611084	15131659.75	204730.4375	6.48	6.48330701424213
-1.8656557452200013	-0.9999992851066613	0.07733729144248097	0.15479467073122458	18611423.5	600297.725	6.49	6.504510771966601
-1.5429954684893983	-0.9999992006480555	0.0813574435277476	0.2137398904360466	15273950.111111112	200637.83333333334	6.48	6.497731741293533
-1.9044927081544893	-0.9999993074968974	0.08509890034712397	0.14889815828779115	18613583.3	396313.825	6.46	6.530924076484582
-1.9044927081544893	-0.9999993271399527	0.08220899009348463	0.14889815828779115	18613583.3	274946.8	6.535	6.543759046495161
-2.0062220165043536	-0.9999993304547689	0.05705742849106686	0.13449583909648954	18838546.7	300515.85	6.390000000000001	6.417555506597742
-0.2193768597160322	-0.9999992299100822	0.1029602760821567	0.8030190355970541	16410816.5	307983.375	6.55	6.562326598241494
-0.2193768597160322	-0.9999992875526776	0.06044185211419405	0.8030190355970541	16410816.5	119591.125	6.565	6.580743991450465
-0.2193768597160322	-0.9999992544737355	0.1499034542686069	0.8030190355970541	16410816.5	205806.125	6.575	6.58455478598737
-0.2193768597160322	-0.9999992324347735	0.11878779284270921	0.8030190355970541	16410816.5	295483.625	6.605	6.629964020438684
-0.2193768597160322	-0.9999993038819194	0.044678233688850356	0.8030190355970541	16410816.5	91478.125	6.615	6.62565690376569
-0.2193768597160322	-0.999999228480703	0.12265604454769956	0.8030190355970541	16410816.5	315293.25	6.625	6.629514379223209
-1.940787712935793	-0.9999993095307522	0.08686075002239775	0.14359079688938628	18646740.8	390427.875	6.48	6.480693873588142
-1.2567025740970883	-0.9999992416234681	0.08597965609944165	0.28459089841819646	16242570.166666666	223681.75	6.54	6.556353873204359
-1.673903072165047	-0.999999168594666	0.07267909847622256	0.18751375576830723	14513951.8	174027.95	6.4	6.400026965859296
-0.6683243759629705	-0.9999992617563617	0.10061413937144979	0.5125667277469996	19020953.666666668	1254311.3333333333	6.62	6.621216932983116
-0.6683243759629705	-0.9999993391692557	0.1352231896437862	0.5125667277469996	19020953.666666668	287686.75	6.615	6.626496436244587
-0.6683243759629705	-0.9999993982736886	0.037261675064846705	0.5125667277469996	19020953.666666668	93470.16666666667	6.635	6.64108885530096
-0.6683243759629705	-0.9999993072095836	0.16770753010543993	0.5125667277469996	19020953.666666668	528359.6666666666	6.6450000000000005	6.651724766329989
-0.6683243759629705	-0.9999993006358484	0.16919647394574577	0.5125667277469996	19020953.666666668	598733.25	6.675	6.693598318548965
