-1.966308680627566	-0.9999992769982747	0.07958360470987139	0.1399725872884619	16900652.4	202641.95	6.1000000000000005	6.116146571330029
-1.454090460659828	-0.999999446890184	0.12362920501591951	0.2336127472850099	23639914.25	477092.90625	6.17	6.1908500151757755
-1.6031983350478005	-0.9999994012347527	0.12526489925795245	0.2012518168198781	21856660.8	482630.6	6.1000000000000005	6.162926935382682
-1.7696391971226424	-0.999999351729209	0.12333541562755965	0.17039445654608498	19899884.4	400516.925	6.29	6.292726821168556
-1.1111499165473975	-0.9999995228790641	0.111387212263161	0.32918021357824767	27485654.6	495825.45	6.08	6.114911274939712
-2.054744789693489	-0.9999992581595305	0.07777633609563452	0.12812553036120694	16319418.1	181026.6	5.92	5.946119270407208
-2.054744789693489	-0.9999992525971347	0.0996789784797085	0.12812553036120694	16319418.1	198228.325	5.96	6.002474195456755
-1.93236590883321	-0.9999991816155499	0.08408602157797575	0.1448051969938307	15054258.3	224171.45	6.12	6.128274175469583
-1.93236590883321	-0.9999992042794793	0.06993619287146384	0.1448051969938307	15054258.3	159368.75	6.115	6.115636585035855
-1.8153509642413368	-0.9999992470176609	0.1275467044155952	0.16278076813489764	17111611.6	394249.325	6.26	6.26151681646539
-1.3614414501563141	-0.9999994706316524	0.12243806057907629	0.2562910797505544	24743113.285714287	488072.35714285716	6.11	6.150692828048396
-1.3614414501563141	-0.9999995324064748	0.02635479345603883	0.2562910797505544	24743113.285714287	105842.78571428571	6.1850000000000005	6.186065969543147
-1.3614414501563141	-0.9999994700724187	0.06478527766155616	0.2562910797505544	24743113.285714287	494872.85714285716	6.175	6.180256065884362
-0.21977830752111105	-0.9999995245728639	0.09453915292952329	0.8026967300665296	27288051.5	430833.875	6.34	6.348826972721443
-0.21977830752111105	-0.9999995492518914	0.05555759963363378	0.8026967300665296	27288051.5	219703.25	6.365	6.383489977355393
-1.719410223400351	-0.9999993661192397	0.07678657151552735	0.17917178808430953	20768979.5	521807.8	6.22	6.224069633779102
-1.719410223400351	-0.9999993432831056	0.09560966228571403	0.17917178808430953	20768979.5	838473.725	6.23	6.2480241648235175
-1.719410223400351	-0.99999939872604	0.12537143968394615	0.17917178808430953	20768979.5	265094.8	6.19	6.248709645445252
-1.719410223400351	-0.9999994031979214	0.09746804108754328	0.17917178808430953	20768979.5	241582.425	6.2700000000000005	6.285901835594573
-0.9298314630581688	-0.9999995451278703	0.10458749517301026	0.3946202128512402	28623786.5	451423.1875	6.28	6.292122465616933
-1.6644390623042458	-0.9999993344448942	0.08296219198731633	0.18929681192381895	21378582.2	1511516.3	6.16	6.167625812079962
-1.6644390623042458	-0.9999994258123931	0.10939767596047693	0.18929681192381895	21378582.2	214338.6	6.165	6.179407451320532
-1.6644390623042458	-0.9999993943145499	0.08299255595689913	0.18929681192381895	21378582.2	420287.3	6.195	6.200619924724378
-1.9972921359756615	-0.9999992180527704	0.08736663163829048	0.1357022494043222	16974283.0	581282.325	5.96	5.960372897986206
-1.9972921359756615	-0.9999992641297297	0.16697767772562147	0.1357022494043222	16974283.0	265897.575	5.965	5.988687670086416
-1.9972921359756615	-0.9999992662326566	0.11597721965357477	0.1357022494043222	16974283.0	256573.55	5.995	6.010900897419588
-1.9972921359756615	-0.9999992743722912	0.10121271918461675	0.1357022494043222	16974283.0	223464.0	6.01	6.014016833687606
-1.9972921359756615	-0.9999992516654871	0.11778889459841256	0.1357022494043222	16974283.0	328548.175	6.015000000000001	6.019379616709499
