-1.9673905174551385	-0.9999989084883566	0.11526144644898874	0.13982124166907584	12555151.5	894565.075	6.15	6.152462152574664
-1.9673905174551385	nan	nan	0.13982124166907584	12555151.5	nan	6.155	6.166733691305838
-0.9271068774873903	-0.9999992055365392	0.12986958176651792	0.39569685542549765	16295030.75	419074.5625	6.34	6.365472703067855
-0.9271068774873903	-0.9999992155200556	0.13251588195153968	0.39569685542549765	16295030.75	356155.25	6.375	6.381011094648042
-0.9271068774873903	-0.9999992649857387	0.08706163600428889	0.39569685542549765	16295030.75	159065.875	6.36	6.36004372607031
-1.6043337756750915	-0.9999991763650496	0.12223471619122729	0.20102343701113742	15378667.6	316920.1	6.1899999999999995	6.218136718085752
-1.665656049615191	-0.9999992232418395	0.12145335410307087	0.18906658022864667	16425622.6	347574.225	6.23	6.244877455373059
-1.665656049615191	-0.9999992361185853	0.09197918602563157	0.18906658022864667	16425622.6	281313.3	6.265000000000001	6.277371362284683
-1.665656049615191	-0.9999992650840991	0.09613457912223863	0.18906658022864667	16425622.6	174808.35	6.265000000000001	6.272275987046088
-1.4554503519298314	-0.9999992029596169	0.12260627367146383	0.23329527526205698	15948386.375	331540.40625	6.19	6.224734058138639
-1.8586204191762812	-0.9999991309095252	0.11901430754793813	0.15588754155322018	14446342.1	283558.8	6.24	6.260687506229908
-1.8586204191762812	-0.9999990724265403	0.10576334996175712	0.15588754155322018	14446342.1	660030.95	6.25	6.250351150320483
-2.0831842304657946	-0.9999987661391332	0.10669513827572254	0.1245330382930162	9822132.3	183347.625	6.11	6.142138486675975
-2.0831842304657946	-0.9999987602061176	0.11367282343258182	0.1245330382930162	9822132.3	194349.7	6.135	6.200589161784258
-2.0831842304657946	-0.9999988104109447	0.11889465201377139	0.1245330382930162	9822132.3	118692.65	6.19	6.190751238850347
-2.0831842304657946	nan	nan	0.1245330382930162	9822132.3	nan	6.18	6.182482018541194
-0.6646876481202669	-0.9999990414655303	0.13549585885711363	0.5144341870995336	15164453.0	2054720.5833333333	6.28	6.29158751521006
-0.21761417145228656	-0.999998977887643	0.15692299268832688	0.8044357560781271	12376076.5	311681.625	6.24	6.2645856884994116
-1.770875431097433	-0.9999991878910188	0.11929109215793275	0.17018393928089517	15647224.8	330132.3	6.2700000000000005	6.301019714172345
-1.770875431097433	-0.9999991348953315	0.10620545164435255	0.17018393928089517	15647224.8	756521.25	6.285	6.2867651595340135
-1.770875431097433	-0.9999991794392437	0.12031186331448092	0.17018393928089517	15647224.8	376809.85	6.29	6.293976045193973
-1.770875431097433	-0.9999992391664604	0.0725950555840879	0.17018393928089517	15647224.8	147993.95	6.29	6.293087213908292
-1.770875431097433	-0.9999991971954436	0.12627414569273773	0.17018393928089517	15647224.8	285403.675	6.29	6.29659785754321
