-1.2555977444173434	-0.9999991099184965	0.10238282928809193	0.28490549664608267	15282845.166666666	808532.8333333334	6.6000000000000005	6.602641793001663
-1.2555977444173434	-0.9999992432181927	0.08542793360068984	0.28490549664608267	15282845.166666666	105426.54166666667	6.605	6.605096183975215
-1.8255104752821376	-0.9999990360891619	0.11439260959944397	0.16113536750928123	13515908.3	455034.4	6.58	6.584355499566442
-1.8255104752821376	-0.9999990136227962	0.136366161071873	0.16113536750928123	13515908.3	616480.65	6.615	6.616760415482927
-1.8255104752821376	-0.9999990966215806	0.15521761213218027	0.16113536750928123	13515908.3	200781.975	6.62	6.630668320747542
-1.7299479408011718	-0.9999991487678564	0.0964734758354181	0.1772936394944643	14827370.4	303013.0	6.55	6.55749933786481
-1.7797885533909852	-0.9999990650372467	0.10551856507297092	0.1686738090031296	13151314.5	218815.6	6.51	6.528804872695347
-0.6671219924589965	-0.9999991896200469	0.07388455590356009	0.5131834001892195	16007860.666666666	430390.0	6.57	6.662403103589144
-0.6671219924589965	-0.9999992110358021	0.11979060665131813	0.5131834001892195	16007860.666666666	305475.75	6.635	6.659650621175147
-0.6671219924589965	-0.9999992393151634	0.15379269877051396	0.5131834001892195	16007860.666666666	194255.91666666666	6.66	6.662444356153344
-0.21977595372756617	-0.9999988686358537	0.05531542812411715	0.802698619451135	10536732.0	150373.0	6.51	6.510601547060948
-0.21977595372756617	-0.999998713840559	0.13292677673004125	0.802698619451135	10536732.0	768285.0	6.505	6.505325179297492
-0.21977595372756617	-0.9999989856142801	0.07989105030711294	0.802698619451135	10536732.0	43839.375	6.505	6.508860322756197
