-1.8147571288423845	-0.9999989944155394	0.09129642334029102	0.16287746182451115	11873454.9	153239.175	3.4	3.4080855527141494
-1.8147571288423845	-0.9999990047852981	0.10144706814867194	0.16287746182451115	11873454.9	135486.8	3.4050000000000002	3.4079727646454265
-1.8147571288423845	-0.9999989672606349	0.13960270058593732	0.16287746182451115	11873454.9	211542.15	3.4	3.401724828375286
-1.1852051467639453	nan	nan	0.3056834630926529	10189836.666666666	nan	3.54	3.549574265825114
-1.2928639271865563	nan	nan	0.2744835554298208	11070233.857142856	nan	3.515	3.5229201841955624
-1.2928639271865563	nan	nan	0.2744835554298208	11070233.857142856	nan	3.52	3.52854559969715
-1.2928639271865563	nan	nan	0.2744835554298208	11070233.857142856	nan	3.54	3.570322612262234
-1.2928639271865563	nan	nan	0.2744835554298208	11070233.857142856	nan	3.555	3.563949287699312
-1.2928639271865563	nan	nan	0.2744835554298208	11070233.857142856	nan	3.58	3.5806535300950824
-0.872903567231464	nan	nan	0.41773685957762413	9581878.75	nan	3.5500000000000003	3.5560390591990116
-0.872903567231464	nan	nan	0.41773685957762413	9581878.75	nan	3.5500000000000003	3.566891377684973
-1.9141788059601827	-0.999998811208977	0.07715594843443666	0.1474628785151928	9854274.4	122352.9	3.29	3.3056562306864743
-1.5892139701211907	-0.9999990756148555	0.11262275479363396	0.20408596637160292	14743925.4	829903.25	3.5500000000000003	3.550505531473787
-1.4612088075974072	nan	nan	0.23195571536178283	11557396.777777778	nan	3.59	3.592038781381784
-1.6428261183330126	-0.9999990994935173	0.11430195700694332	0.19343260566184392	14134514.2	337128.25	3.4450000000000003	3.4834410109431704
-1.8497350461025654	-0.99999885037078	0.08918929985054304	0.15727883243322055	10823029.5	253334.75	3.37	3.3713288416524323
