-1.3338016490336646	-0.9999976824640511	-0.00011964074148804628	0.2634737203388817	2023952.6666666667	-107.91666666666667	10.950000000000001	11.144226939850244
-1.6344253358132355	-0.9999959031533309	-0.003252424125702574	0.1950644356416911	1932365.4444444445	-2741.4444444444443	10.67	10.756743619482043
-2.0109293471653458	-0.9999941485274874	0.058481808823459325	0.1338642105179742	1845913.8	49084.25	10.64	10.913086628662112
-2.0109293471653458	-0.9999950971051538	0.017635278608745617	0.1338642105179742	1845913.8	8520.275	10.91	10.974711331322705
-2.0109293471653458	-0.9999945086511179	0.055928095099386746	0.1338642105179742	1845913.8	25248.375	10.93	11.022857368753954
-2.0109293471653458	-0.9999945138066467	0.06265656798222813	0.1338642105179742	1845913.8	25009.225	11.055	11.154724155977526
-2.148792900872808	-0.9999947634297477	0.058680291795304235	0.11662485059668562	2080501.6	53888.6	10.86	10.862891651524993
-2.148792900872808	-0.9999952393418104	0.03461478080394594	0.11662485059668562	2080501.6	20020.4	10.94	10.940588408776216
-2.148792900872808	-0.9999948379804461	0.08197178867870097	0.11662485059668562	2080501.6	46146.125	10.91	10.971997239709784
-2.148792900872808	-0.9999950421214481	0.08076634848669358	0.11662485059668562	2080501.6	30177.175	10.97	10.981305828117069
-0.7153969830179796	-0.9999950830295351	-0.03851572662360941	0.4889979493775603	2159108.3333333335	-40792.25	10.98	11.083273886918043
-0.7153969830179796	-0.9999956665738721	0.05459241365535745	0.4889979493775603	2159108.3333333335	11570.916666666666	11.085	11.101395066923768
-0.7153969830179796	-0.9999947215724799	0.13200091137879158	0.4889979493775603	2159108.3333333335	89026.16666666667	11.11	11.208722231409514
-0.7153969830179796	-0.999995959610753	0.025983516220230964	0.4889979493775603	2159108.3333333335	6145.5	11.25	11.30890025002573
-1.9276009074210227	-0.9999944883451598	0.029908133928249366	0.14549684049446657	1801136.8	20479.825	10.49	10.541472208661691
-1.9276009074210227	-0.9999972382347463	-0.000495064518641514	0.14549684049446657	1801136.8	-143.65	10.64	10.66361389161734
-1.9276009074210227	-0.9999945693607749	0.040920228434663974	0.14549684049446657	1801136.8	17699.075	10.645	10.747665609617918
-1.971358070786544	-0.9999940738127264	0.04019100988504906	0.1392675924785069	1735098.1	29216.3	10.69	10.748227028094602
-1.8808875088382861	-0.9999942446837388	0.021637446392462723	0.15245474076708737	1663827.1	14411.5	10.42	10.420323594093622
-0.9922385627464373	-0.9999946019991701	-0.03209283392894137	0.37074582360546987	1908185.5	-29743.125	11.27	11.298665897847746
-2.049039541361549	-0.9999940058115169	0.060559085810834364	0.128858607534778	1815275.4	53161.2	11.01	11.02532343950899
-2.049039541361549	-0.9999959508140135	0.005633241847767052	0.128858607534778	1815275.4	1555.8	11.02	11.020386861313868
-2.049039541361549	-0.9999940317679119	0.061411080208433236	0.128858607534778	1815275.4	50714.4	11.030000000000001	11.053804988224494
