-1.4736827706322002	-0.9999983540496806	0.033300205454945844	0.22908027966659686	6775492.571428572	69710.75	12.86	13.127047670911159
-1.202580994062869	-0.9999985757901011	0.01960942269010998	0.3004178337841445	7460288.6	41150.55	12.43	12.47318796121697
-1.202580994062869	-0.999998504995689	0.05383160087169499	0.3004178337841445	7460288.6	69783.25	12.450000000000001	12.506174102472421
-1.202580994062869	-0.9999984842092831	0.07024488156328362	0.3004178337841445	7460288.6	81489.05	12.515	12.545988138573644
-1.202580994062869	-0.9999983461963683	0.07796103465322109	0.3004178337841445	7460288.6	228170.4	12.565000000000001	12.759513347584928
-1.8019668834432527	-0.999998461288421	0.02174931645527725	0.1649740841057865	6966291.5	45210.8	12.370000000000001	12.397507464626582
-2.082059054881514	-0.9999979915688367	0.028574301989185202	0.12467323868737869	5357372.9	47093.65	11.9	12.023599347324257
-1.3531341990790373	-0.9999984305064868	0.025839768427058388	0.25842902201549	6923502.0	52384.833333333336	12.76	12.781496955825816
-2.2627120894367234	-0.9999972775689769	0.044751558683585047	0.10406786033193588	4004190.5	54236.75	12.1	12.314934923048222
-2.2627120894367234	-0.9999972832414388	0.06337990790919834	0.10406786033193588	4004190.5	53018.7	12.38	12.411773641041785
-2.179821534468233	-0.9999972960220463	0.05480717100151865	0.11306170645761777	4330630.4	121773.85	11.5	11.673746350854492
-2.179821534468233	-0.9999975200051866	0.045256378293679296	0.11306170645761777	4330630.4	46162.325	11.875	11.970991618864673
-2.044738378312889	-0.999998054245875	0.030705774112651005	0.12941404306911009	5597468.4	53705.925	11.93	11.965178699433254
-0.727567520574626	-0.9999987589587804	0.016237899043211382	0.48308265066739464	8528619.333333334	39511.333333333336	12.77	12.772557865780739
-0.727567520574626	-0.9999986784953963	0.054572698387385384	0.48308265066739464	8528619.333333334	78479.83333333333	12.85	12.885241773272186
-0.2537798052840574	-0.9999985201309377	0.06867608562365046	0.775862624088852	8843937.5	483046.125	12.540000000000001	12.655893979135667
-0.2537798052840574	-0.9999986634939192	0.12832566815439106	0.775862624088852	8843937.5	135940.0	12.59	12.594599805297925
-0.2537798052840574	-0.9999985586010838	0.08825181801155255	0.775862624088852	8843937.5	343739.375	12.59	12.897410954131963
-2.23649047805939	-0.9999968767161819	0.05014250700071327	0.10683277921485614	3842861.7	163136.35	12.040000000000001	12.042656529727356
-2.23649047805939	-0.9999972632109849	0.04001796973224579	0.10683277921485614	3842861.7	36940.9	12.01	12.03671274714676
-2.23649047805939	-0.9999971103590388	0.06712266938033498	0.10683277921485614	3842861.7	66467.975	12.08	12.19157277828395
