-2.086776395546189	-0.9999922947349584	0.11695063675461724	0.12408649756567545	1428745.5	60406.15	11.06	11.064082547511967
-1.7718858077699298	-0.9999958057541147	0.01825414347603195	0.17001207623643827	2265345.8	13377.675	10.620000000000001	10.793972874479024
-1.7718858077699298	-0.9999955243606115	0.05353490341902021	0.17001207623643827	2265345.8	25306.875	10.79	10.824636258660508
-1.5507545131793672	-0.9999965288458623	0.006453196437570537	0.2120878903333441	2448673.375	4912.40625	10.73	10.775574323557324
-1.5507545131793672	-0.9999957338942556	0.06913973558644267	0.2120878903333441	2448673.375	34415.78125	10.81	10.820577963203904
-1.5507545131793672	-0.9999954842112325	0.10203876747937987	0.2120878903333441	2448673.375	63428.96875	10.835	10.951611212120955
-1.5507545131793672	-0.9999959181475657	0.037049460273565066	0.2120878903333441	2448673.375	21918.3125	10.965	10.975075128509292
-2.20782462712328	-0.9999923175614631	0.14122299755753126	0.10993954808446088	1451286.6	69522.5	11.09	11.138743564356435
-2.20782462712328	-0.9999928779986618	0.11845415284153925	0.10993954808446088	1451286.6	30823.5	11.14	11.142209494437713
-2.234331761851335	-0.999992258197133	0.1342486111320631	0.10706364996946298	1427810.9	63184.525	11.15	11.16614518459469
-2.234331761851335	-0.9999927780893894	0.1279373368146214	0.10706364996946298	1427810.9	30076.2	11.16	11.17020974706971
-2.180028709368795	-0.9999922803105824	0.12780024930445838	0.11303828533604307	1431862.8	63165.925	11.03	11.08568033420737
-2.180028709368795	-0.9999922030987164	0.11587700174907442	0.11303828533604307	1431862.8	70550.125	11.094999999999999	11.096092323216695
-2.180028709368795	-0.9999928135270123	0.12639633860438276	0.11303828533604307	1431862.8	29437.05	11.094999999999999	11.106493493792472
-2.1507735103991084	-0.9999920018859397	0.1320829564601607	0.11639409090444841	1384264.7	64311.35	10.870000000000001	10.994138475752102
-1.8816095018472927	-0.9999954647168694	0.027432312818807314	0.15234470923584142	2191377.1	20711.975	10.86	10.929053074922598
-0.24878660154383972	-0.9999926226300546	0.09386287398167552	0.7797463522993445	1409508.0	32808.125	11.26	11.299745060805623
-0.24878660154383972	-0.9999923267628854	0.12097244496282257	0.7797463522993445	1409508.0	49785.0	11.325	11.338549564974318
