-2.0847586111770844	-0.9999966904018596	0.032085822328699706	0.12433713013708635	3074499.1	26247.3	14.370000000000001	14.38877142857143
-2.0847586111770844	-0.9999969286599912	0.02568461288839722	0.12433713013708635	3074499.1	12616.4	14.38	14.425337701465468
-2.0847586111770844	-0.9999964872630326	0.07263637949285029	0.12433713013708635	3074499.1	49015.225	14.41	14.453523057591397
-1.6035823778176759	-0.9999964577709487	0.03363379663947484	0.20117454235400395	3072843.125	53353.53125	14.85	14.870018285249898
-1.9489840115434336	-0.9999963427513094	0.054962577573591416	0.14241869385575195	3245888.7	143059.4	15.06	15.146392412175317
-1.9489840115434336	-0.9999963462662704	0.07653323664710919	0.14241869385575195	3245888.7	141436.475	15.085	15.256108325102153
-1.6899220838767393	-0.9999969112170273	0.025722010383112386	0.1845339015990811	3263983.6666666665	23901.472222222223	14.700000000000001	14.777432762836186
-1.6899220838767393	-0.9999968049903498	0.05856820737570773	0.1845339015990811	3263983.6666666665	33807.22222222222	14.77	14.85835899115624
-1.6899220838767393	-0.9999967237771994	0.05271668418695855	0.1845339015990811	3263983.6666666665	44069.13888888889	14.835	15.136225141821914
-1.6899220838767393	-0.9999965296645663	0.08751189501962393	0.1845339015990811	3263983.6666666665	83042.36111111111	15.145	15.227331521136836
-1.8945407955598086	-0.9999970064118427	0.03322874880451496	0.15038737774443928	3492895.6	34761.375	14.88	14.885737975606567
-1.8945407955598086	-0.9999970508049479	0.057363398273908156	0.15038737774443928	3492895.6	29768.225	14.95	15.022233318833004
-1.8945407955598086	-0.9999969059062839	0.057249521135760935	0.15038737774443928	3492895.6	49381.25	15.105	15.139526840032968
-1.8945407955598086	-0.9999967343971466	0.08274972725160566	0.15038737774443928	3492895.6	89895.1	15.2	15.295425974094739
-0.740779620901218	-0.9999975632070265	0.02416457334246784	0.4767420924995649	4178938.0	26454.166666666668	14.39	14.682135120044668
-0.740779620901218	-0.9999973907620406	0.05453655692858155	0.4767420924995649	4178938.0	54384.0	14.805	14.970547871298558
-0.740779620901218	-0.9999978817762263	0.006447880771192442	0.4767420924995649	4178938.0	6986.833333333333	15.0	15.036953921843125
-0.740779620901218	-0.9999973660576312	0.05734723392545899	0.4767420924995649	4178938.0	60298.666666666664	14.850000000000001	15.051901537631508
-2.191874098360177	-0.9999968948044837	0.018995048458287762	0.11170720203904977	3171482.3	18920.85	13.77	13.879387568874876
