-2.1848398491775702	-0.9999926148333352	0.06251009852564737	0.11249574849834681	1367564.6	24334.525	10.97	10.983387589013224
-2.1848398491775702	-0.9999918877922699	0.08731021423266318	0.11249574849834681	1367564.6	65772.225	11.02	11.02394090478948
-2.1557123749607974	-0.9999928680798302	0.06313463934784651	0.11582065348419206	1425034.6	25931.0	10.98	10.983104004694146
-2.1557123749607974	-0.9999922284969193	0.08358255634141488	0.11582065348419206	1425034.6	64514.5	10.96	10.970098338739641
-2.1557123749607974	-0.9999929933138042	0.08097854936647053	0.11582065348419206	1425034.6	21692.55	10.95	10.95367241530246
-2.1557123749607974	-0.9999925082579547	0.10183569465724254	0.11582065348419206	1425034.6	43302.625	10.98	11.008943548387096
-1.7763843426004136	-0.9999946496804152	0.0776379102526169	0.16924898866476717	2000390.0	44475.925	11.19	11.190338373990446
-1.7763843426004136	-0.9999947533156343	0.09355384997221727	0.16924898866476717	2000390.0	36148.375	11.155000000000001	11.222765213336443
-1.7763843426004136	-0.9999948764764983	0.0772409387049013	0.16924898866476717	2000390.0	28254.55	11.22	11.230341715022567
-1.7763843426004136	-0.9999944258202172	0.10100448744684562	0.16924898866476717	2000390.0	69599.95	11.22	11.267321440240476
-2.124864670707714	-0.9999930050804892	0.061349604285095824	0.11944913213948881	1453423.5	26017.95	10.96	10.967562944718118
-2.124864670707714	-0.9999929471500577	0.08197412375439578	0.11944913213948881	1453423.5	28303.55	11.01	11.026340782122904
-2.124864670707714	-0.9999931439818572	0.07360066159920631	0.11944913213948881	1453423.5	21261.45	11.040000000000001	11.045960601137288
-1.1869466253344154	-0.9999947281652063	0.10075571002251897	0.3051515851537672	2316158.6	200867.45	11.370000000000001	11.371531265359216
-1.1869466253344154	-0.9999954401709326	0.09043124285633983	0.3051515851537672	2316158.6	38609.8	11.385000000000002	11.394759480473583
-1.1869466253344154	-0.9999951336952994	0.09917058675388993	0.3051515851537672	2316158.6	78520.95	11.36	11.40841326592868
-1.9351609447515177	-0.999993320788942	0.06855503044823842	0.14440102636590896	1553777.8	32143.925	11.21	11.256012581659812
-2.2123366997154106	-0.9999925435492966	0.06225225796753271	0.10944461030005835	1344393.0	22569.525	11.01	11.042454246832474
-1.4546402639483782	-0.9999948484833077	0.08607290875634134	0.23348434153049302	2091706.142857143	47831.42857142857	11.22	11.325350420504606
-0.7153273426405948	-0.9999955205068591	0.11278656229171571	0.48903200456508955	2450861.3333333335	58606.416666666664	11.28	11.395674810349893
-0.7153273426405948	-0.999995438945706	0.11491263184427591	0.48903200456508955	2450861.3333333335	71574.75	11.395	11.420144142896705
-0.7153273426405948	-0.9999955782160378	0.11259137952656	0.48903200456508955	2450861.3333333335	50876.666666666664	11.395	11.419648463527093
-0.24741091897494646	-0.9999957560963503	0.08373411198900721	0.7808197739387923	2380203.5	24375.0	11.06	11.073016199537156
-0.24741091897494646	-0.9999953123045331	0.12229443460192763	0.7808197739387923	2380203.5	70098.375	11.065000000000001	11.130342686001962
-0.24741091897494646	-0.9999953226088764	0.13953488372093023	0.7808197739387923	2380203.5	68400.0	11.16	11.182704463208685
-0.24741091897494646	-0.9999950966990849	0.11285705337008269	0.7808197739387923	2380203.5	117107.25	11.21	11.340907579484377
-1.887129067749134	-0.999992699729798	0.08383442711647393	0.1515061489467428	1618891.9	135718.875	11.22	11.224986596857324
