0.0	-0.9999924381482974	0.05900709949040791	1.0	1416216.0	44765.5	13.4	13.401027501627901
-1.6709954263651907	-0.9999939797497845	0.043761286919776626	0.18805977278003028	1634655.111111111	18788.11111111111	13.48	13.494591262054314
-1.8120009617291002	-0.9999938477254137	0.04898394174673589	0.16332699854287286	1637684.4	23752.475	13.36	13.402211999051458
-1.8120009617291002	-0.9999940718181071	0.043281643212443086	0.16332699854287286	1637684.4	16455.75	13.35	13.35546045503792
-1.8120009617291002	-0.9999932981590085	0.07496841139773999	0.16332699854287286	1637684.4	58424.075	13.38	13.385034488809831
-2.2271794286620965	-0.9999936401032785	0.08165669919111979	0.10783214987408338	1643410.5	34609.8	13.08	13.094593950620418
-0.25795271514059953	-0.9999913583006833	0.0665876396636361	0.7726317650275719	1145433.0	19899.25	13.35	13.380302685816332
-1.9731773318104477	-0.9999937493677755	0.05154016587929512	0.13901445870363974	1626076.3	25951.025	13.25	13.254843753565316
-1.012451695037212	-0.9999934951910752	0.06942004920305787	0.3633271194381142	1556543.0	24958.625	13.49	13.510701054766233
-1.012451695037212	-0.9999936693179379	0.04476092290162642	0.3633271194381142	1556543.0	19032.9375	13.555	13.602751420072886
-1.4836149148190323	-0.9999940790414367	0.03765328279876126	0.22681628308028928	1639379.2857142857	16426.25	13.44	13.498082515354378
-1.4836149148190323	-0.9999932651653235	0.06928324617731084	0.22681628308028928	1639379.2857142857	62375.78571428572	13.405000000000001	13.415476581242524
-1.4836149148190323	-0.9999938671007665	0.09121328723648099	0.22681628308028928	1639379.2857142857	23251.035714285714	13.38	13.434152595416338
-2.096876000139038	-0.9999935099211043	0.06509855781565195	0.12283958028966246	1591988.9	30702.55	13.01	13.09016305875738
-2.096876000139038	-0.9999940100317966	0.04208142836956373	0.12283958028966246	1591988.9	13847.925	13.105	13.130124918251145
-2.096876000139038	-0.999993785666119	0.05473495338908411	0.12283958028966246	1591988.9	19793.325	13.120000000000001	13.133319736049156
-2.096876000139038	-0.9999934077017264	0.08240151727161155	0.12283958028966246	1591988.9	36128.525	13.16	13.227328928631142
-1.924627727857254	-0.9999942993813941	0.05093217580095529	0.14593007244627015	1785512.2	26330.575	13.24	13.27648408544418
