-1.5806433614702486	-0.9999938372272416	0.07954298389876607	0.2058426243817139	1695590.875	34527.53125	13.17	13.182166775862692
-2.050445583285135	-0.9999942319817108	0.04292806740508863	0.1286775542444553	1714578.6	19725.55	12.21	12.392125963516085
-2.1560035466867116	-0.9999942786587357	0.05648594369521827	0.11578693469383797	1783292.7	26978.325	12.42	12.457997672768554
-0.2564617425989878	-0.9999923685868445	0.09438667923715534	0.7737845969808367	1376889.0	36591.875	13.07	13.074889238209186
-0.2564617425989878	-0.999992542977363	0.08343576556740452	0.7737845969808367	1376889.0	28780.625	13.120000000000001	13.162914876218833
-2.0879098998848553	-0.9999939498416988	0.0682666520338229	0.12394592466736103	1710212.8	31164.225	12.3	12.560947115667377
-1.4795005947132776	-0.9999941180304166	0.07692840259245139	0.22775140024063678	1783792.0	36032.71428571428	13.06	13.115504862247606
-1.4795005947132776	-0.999994002996291	0.09263408280950965	0.22775140024063678	1783792.0	44240.0	13.205000000000002	13.24410854232897
-1.3588318987016434	-0.9999937269466883	0.09608483396893878	0.25696075791031575	1687236.5	39501.708333333336	13.0	13.025614407650036
-1.3588318987016434	-0.9999931878076387	0.0765341427930782	0.25696075791031575	1687236.5	98102.625	13.0	13.011081728975379
-1.7413488224471045	-0.9999939788531799	0.0782726389810466	0.17528381435302057	1731861.1	33784.6	13.0	13.041585072941801
-0.72991112167724	-0.999993033636284	0.11176681643794498	0.4819518232564064	1546270.0	47660.5	13.200000000000001	13.227222194660692
-0.72991112167724	-0.9999930979805911	0.10534929033423755	0.4819518232564064	1546270.0	43146.75	13.260000000000002	13.289884778856328
-0.72991112167724	-0.9999932302961577	0.09491936507022432	0.4819518232564064	1546270.0	35163.416666666664	13.305	13.310274485878212
