-0.7454179733482781	-0.9999987741285477	0.04671718044554386	0.4745359151176965	10704670.0	500092.0	15.16	15.183683928486419
-1.6834733627493788	-0.9999986288070707	0.012047328316472171	0.1857277545440972	7841969.777777778	46762.27777777778	12.25	12.618501429596545
-1.6834733627493788	nan	nan	0.1857277545440972	7841969.777777778	nan	12.825	13.021247155130826
-1.0302944805781113	-0.9999988378621513	0.01742018227214086	0.3569018444310994	9654972.0	74637.25	15.11	15.524500317618834
-1.7571881748855733	-0.9999984774769147	0.01810057470776602	0.17252930465422378	7489429.5	89573.8	13.35	13.495979175493085
-1.8801321817923897	-0.9999982147230402	0.005979097235527797	0.15256993745617436	5444082.5	16632.85	13.39	13.961619965496487
-2.0276552228374745	-0.9999973412141532	0.0392451089830413	0.13164383500149252	4504035.7	158777.65	14.1	14.153152606382932
-2.0276552228374745	nan	nan	0.13164383500149252	4504035.7	nan	14.1	14.22442560839494
-1.9335945929652565	-0.9999978411663596	0.017244678608633757	0.14462738640494052	4953838.5	44112.15	13.89	14.156420319172847
-2.069136575499406	-0.9999972172442193	0.04485810590077947	0.1262947806499977	4026420.4	73462.55	14.5	14.974485777809324
