-1.7432314745293374	-0.9999987677518299	0.07057698796270594	0.1749541263562222	10232650.3	299287.9	9.32	9.36197748033911
-1.9416883829757174	-0.9999986693824964	0.06771878310482547	0.14346152718403313	9392108.6	267613.85	9.33	9.334333461314671
-1.9416883829757174	-0.9999986639305963	0.10444171440426096	0.14346152718403313	9392108.6	281673.925	9.36	9.365814960943789
-1.9416883829757174	-0.9999987269145562	0.10864152349779921	0.14346152718403313	9392108.6	155896.925	9.38	9.38120631881283
-1.8986008631932307	-0.9999987075989802	0.06563843488812462	0.14977803264778058	9653607.0	262059.725	9.36	9.365419938757563
-1.5241755092030704	-0.9999988515155519	0.07369693829054967	0.21780055741194224	11039694.25	320909.375	9.4	9.486221296689791
-1.9815307239739681	-0.9999986643872311	0.071146006770496	0.137858053092882	9419373.8	290870.225	9.38	9.406942518417413
-1.9815307239739681	-0.9999986690636208	0.10374850878384788	0.137858053092882	9419373.8	278335.825	9.395	9.401008523506006
-1.9815307239739681	-0.999998740135837	0.10804207309283442	0.137858053092882	9419373.8	142503.875	9.41	9.411774369502012
-1.6074261164810577	-0.9999988808048851	0.06938790860310103	0.20040276419445371	11351773.222222222	329340.05555555556	9.52	9.527193557563137
-1.6074261164810577	-0.9999989075459876	0.07250887584945447	0.20040276419445371	11351773.222222222	243114.08333333334	9.425	9.441229116609348
-1.6074261164810577	-0.9999989420365927	0.10022501905028937	0.20040276419445371	11351773.222222222	164350.16666666666	9.485	9.490580065403204
-2.1447927579694954	-0.9999982804033705	0.08305506106941155	0.11709230097599702	7250681.5	259949.75	9.3	9.328410520231214
-2.1447927579694954	-0.9999982655890234	0.11893830154399523	0.11709230097599702	7250681.5	289426.925	9.34	9.340324944529613
-2.1447927579694954	-0.9999983770133694	0.1140249292247358	0.11709230097599702	7250681.5	129023.7	9.335	9.342207922542995
-1.310908574723311	-0.999998772562199	0.06305198784104556	0.2695750160372033	10192543.166666666	271226.375	9.36	9.370616254645338
-1.310908574723311	-0.9999987971951585	0.06154873214846704	0.2695750160372033	10192543.166666666	211004.66666666666	9.370000000000001	9.395459707804136
-1.310908574723311	-0.9999988204836077	0.09679795759046395	0.2695750160372033	10192543.166666666	166419.29166666666	9.455	9.46566272847023
-2.1161034352324433	-0.9999982135639814	0.07300728998459599	0.12050025194395095	6878559.5	217097.5	9.22	9.24281346695269
-2.1161034352324433	-0.9999981776239132	0.12190330756333033	0.12050025194395095	6878559.5	277983.975	9.26	9.287540999660083
-0.24148573893565256	-0.9999990480335632	0.046977131749258993	0.7854600052047893	13236416.5	296742.75	9.6	9.646100280230069
