-2.037994609845358	-0.9999971071763006	0.04650104416617775	0.1302897308109675	3932736.1	87264.65	8.45	8.472256906925466
-2.037994609845358	-0.9999970852463043	0.09190825305145223	0.1302897308109675	3932736.1	95124.95	8.41	8.46239239818753
-1.5151666588823878	-0.9999987921863979	0.04182569848473351	0.21977155491377204	9952578.375	166184.4375	8.8	8.895624176789111
-1.5151666588823878	-0.9999989348489393	0.010585944778487042	0.21977155491377204	9952578.375	40173.96875	9.0	9.009433143961353
-1.3041498279358537	-0.9999989074794947	0.03212517282518288	0.2714031763879802	10778739.833333334	130090.625	8.57	8.603419431922097
-1.3041498279358537	-0.999999213131231	-0.0011322541465190444	0.2714031763879802	10778739.833333334	-4823.458333333333	8.765	8.775993660020522
-1.3041498279358537	-0.999998958495265	0.05145465255526723	0.2714031763879802	10778739.833333334	75063.91666666667	8.81	8.816236763921687
-1.9285770366148642	-0.9999977626676833	0.05373518996439055	0.14535488607504615	5308082.5	143765.325	8.4	8.419187524137044
-1.9285770366148642	-0.9999977702383708	0.09406136831272216	0.14535488607504615	5308082.5	138102.5	8.274999999999999	8.275375804377527
-1.9285770366148642	-0.9999979923382935	0.05974414508172802	0.14535488607504615	5308082.5	42480.925	8.385000000000002	8.386629493066708
-2.0699400445255876	-0.9999965919111892	0.05734323688267588	0.12619334746024694	3522575.5	163610.525	8.48	8.482353782068033
-2.0699400445255876	-0.9999967502380256	0.10310882850914645	0.12619334746024694	3522575.5	93668.875	8.485	8.522973833097595
-1.1624761159788977	-0.9999990005098706	0.025742622638638357	0.31271091296370623	11562022.8	104413.9	8.73	8.731967914198822
-1.6693538016262754	-0.9999987137305879	0.0394551654100177	0.18836874989827193	9275948.5	151958.425	8.700000000000001	8.738263478133867
-1.6693538016262754	-0.9999987916854672	0.02158644049655905	0.18836874989827193	9275948.5	73736.25	8.625	8.73093349057563
-2.099779416394144	-0.9999964735855028	0.06106409252906861	0.12248344311289429	3226729.8	87445.875	8.49	8.549899725077061
-1.4193635728246123	-0.9999988729909264	0.03409819589542602	0.24186789922831656	10544246.42857143	144850.07142857142	8.88	8.89364316639031
-1.7322817974835496	-0.9999985690797597	0.043897407866936015	0.17688034402298375	8395715.6	164982.275	8.75	8.841627612323927
-1.7322817974835496	-0.999998649911117	0.028889993568328713	0.17688034402298375	8395715.6	83696.325	8.8	8.80828261146927
-1.9672454630616782	-0.9999976168324447	0.057605190278705545	0.13984152482552392	4969805.0	139228.375	8.4	8.457224544793494
