-1.4017610010913604	-0.9999966018238298	0.0739023687242844	0.24616308855861577	3384493.714285714	98824.0	8.01	8.01843435059532
-0.6877108220903908	-0.9999967947909193	0.10745635967465066	0.502725581140188	3802886.0	196622.25	8.2	8.208251744061885
-0.230486927292128	-0.9999969080884062	0.10389525457318395	0.7941468165837148	3943824.0	197590.125	8.15	8.175563631021824
-1.9078458735066004	-0.9999971232268383	0.05645629244876474	0.14839971429202597	3910557.0	76862.425	7.8	7.808118387533746
-1.9078458735066004	-0.9999970245241528	0.08354806002268596	0.14839971429202597	3910557.0	113069.625	7.82	7.832502856015651
-2.0490147322223815	-0.9999963977823775	0.05628938942086811	0.12886180444556145	3086588.5	67410.0	7.8	7.809207597765363
-2.0490147322223815	-0.9999963189523662	0.08612309159980376	0.12886180444556145	3086588.5	85979.8	7.79	7.813157514400418
-2.0490147322223815	-0.9999964990502694	0.08574741341731465	0.12886180444556145	3086588.5	49314.375	7.785	7.798796527263032
-2.1072592206583978	-0.9999962664610262	0.05848504447390024	0.12157070872550726	3041945.5	85580.3	7.890000000000001	7.893032355154252
-2.1072592206583978	-0.9999962600069141	0.08659651965378111	0.12157070872550726	3041945.5	87277.125	7.91	8.043134962514811
-2.1072592206583978	-0.999996425153873	0.08910771557693709	0.12157070872550726	3041945.5	52810.65	8.065000000000001	8.07218965619605
-1.5776489462500483	-0.999996967007645	0.0759363657583178	0.20645992643720942	3799522.0	101104.63888888889	7.875	7.93676587521114
-1.5776489462500483	-0.9999969249906611	0.09046268791299164	0.20645992643720942	3799522.0	118605.38888888889	7.97	8.028120015541242
-1.5776489462500483	-0.9999969679591343	0.1157145950289079	0.20645992643720942	3799522.0	100739.78125	8.075	8.113710024449878
-2.078963670170954	-0.9999962134382658	0.05513811898310606	0.1250597482134576	2994065.7	83885.05	7.86	7.884166334959664
-1.6487777059613007	-0.9999969872239555	0.07979232842719249	0.19228479359920522	3851007.7	109339.675	8.1	8.11121622250128
-1.7680485859663218	-0.9999969816497929	0.06812657858256084	0.1706657035366982	3768827.9	87171.35	7.9350000000000005	7.949827749441754
-1.7680485859663218	-0.999996885180337	0.09110068055935565	0.1706657035366982	3768827.9	125393.4	8.01	8.052597295884066
-1.983190938132294	-0.999997044051277	0.059385799379947264	0.137629369086038	3819238.8	79974.375	7.73	7.7560121788207335
-1.983190938132294	-0.9999969506142805	0.08843557065548618	0.137629369086038	3819238.8	114270.475	7.77	7.78875194617391
-1.983190938132294	-0.999997020985032	0.10542402088117316	0.137629369086038	3819238.8	87339.5	7.78	7.793137062684787
