-1.554033511297477	-0.9999995736420226	0.03944309604697307	0.21139359346121572	31410145.25	654721.0	11.33	11.472151583169662
-1.554033511297477	-0.9999995719324928	0.08335411892472216	0.21139359346121572	31410145.25	690838.34375	11.53	11.692597511395656
-1.554033511297477	-0.9999995994454923	0.06424173569409058	0.21139359346121572	31410145.25	291114.46875	11.8	11.984988476586583
-2.022786437665861	-0.9999994294297886	0.012249169595092228	0.13228634340174306	20391997.5	112990.325	10.66	10.696030481662001
-2.126085940418199	-0.9999992092346536	0.017217606306351448	0.11930334157538369	14789695.5	119990.8	10.200000000000001	10.276641645152592
-2.126085940418199	-0.999999246294856	0.016295947221818565	0.11930334157538369	14789695.5	69359.275	10.32	10.33662775940591
-1.1858055150581335	-0.9999994971690879	0.03623827714677639	0.305499995512924	26199723.8	526511.85	11.200000000000001	11.389479710211015
-1.1858055150581335	-0.9999994944143199	0.07565417392059025	0.305499995512924	26199723.8	565917.4	11.445	11.700515927282492
-1.1858055150581335	-0.999999520809104	0.11051604853754636	0.305499995512924	26199723.8	283414.45	11.57	11.588438452695133
-2.0594882275468214	-0.9999993495612348	0.0210309195599769	0.12751921401931002	18467343.9	164698.25	10.56	10.609817576034299
-2.0594882275468214	-0.9999993402268977	0.03462600756993179	0.12751921401931002	18467343.9	195683.075	10.585	10.60325655610962
-2.0594882275468214	-0.9999993474748178	0.04873975391397467	0.12751921401931002	18467343.9	171168.05	10.585	10.639247425501646
-1.3345139325990643	-0.9999995602909705	0.045528065968889773	0.26328611915852	30931933.0	806975.8333333334	11.5	11.872545939930122
-1.3345139325990643	-0.9999995694768955	0.07505736275931771	0.26328611915852	30931933.0	607380.1666666666	11.865	11.887609179962125
-1.8384665779748488	-0.9999995289928753	0.028963073549048493	0.15906114706187427	27323244.7	388263.825	11.43	11.484187784749585
-1.7142441801417452	-0.9999995473461215	0.03208678180777366	0.1800997922833123	28955296.4	492241.725	11.58	11.580242171188047
-1.7142441801417452	-0.9999995281810877	0.07309918241764837	0.1800997922833123	28955296.4	857396.1	11.55	11.568293205367668
-1.7799436519742289	-0.9999995667533691	0.031857994526747556	0.1686476499629903	30326423.5	508295.8	11.620000000000001	11.697904922222406
