-0.7004640330395593	-0.9999987728094606	0.08516156397655876	0.49635492525924985	10879128.0	628292.6666666666	9.6	9.615025245835106
-0.7004640330395593	-0.999998823501231	0.10435156645360087	0.49635492525924985	10879128.0	361956.0	9.645	9.679846265060242
-0.9720957504799416	-0.999998783583908	0.09125925770837746	0.37828940656167853	10583703.75	390110.375	9.57	9.716712233297297
-0.9720957504799416	-0.9999987789401468	0.11277612269333835	0.37828940656167853	10583703.75	409762.625	9.725000000000001	9.82247603326127
-0.9720957504799416	-0.9999988395265927	0.11436785462169376	0.37828940656167853	10583703.75	215798.875	9.82	9.840924637004036
-1.5274919935716458	-0.9999987507070306	0.06755747711818978	0.21707942174638473	10091510.375	298716.3125	10.15	10.178820108394161
-1.6114252003943736	-0.9999987285135353	0.07437906043427724	0.19960293707780483	10020816.444444444	341577.3888888889	10.18	10.397692696298067
-1.99551083737382	-0.9999988226199784	0.06654527817521093	0.13594419105263889	10868750.4	361004.9	10.63	10.680049537088635
-1.163410681673546	-0.9999988191643411	0.08760160839538009	0.31241880059247	10896284.4	387208.5	9.9	10.066679474050202
-1.163410681673546	-0.9999988066743573	0.11493705738617169	0.31241880059247	10896284.4	443659.8	10.07	10.162216983526958
-1.8079483156620435	-0.9999988113379437	0.08397764733170088	0.1639902481112753	10926525.7	437111.775	10.27	10.632996140457152
-1.8079483156620435	-0.999998865456423	0.07505662795088099	0.1639902481112753	10926525.7	241981.225	10.870000000000001	10.882602639176262
-1.8079483156620435	-0.9999989010060143	0.0973880530357106	0.1639902481112753	10926525.7	164091.575	10.815000000000001	10.823970121517041
-0.23763911195474605	-0.9999989365438645	0.0871649834293811	0.7884871953562289	12271309.0	465094.875	9.31	9.361400002037433
-0.23763911195474605	-0.9999989492568646	0.1091167557568101	0.7884871953562289	12271309.0	397914.0	9.23	9.371185229428889
-0.23763911195474605	-0.9999989618672886	0.14403794759392613	0.7884871953562289	12271309.0	340865.875	9.445	9.546557530088235
-2.1932932740336195	-0.9999991459429721	0.04124950020966487	0.11154878233465178	15270182.7	461208.125	11.17	11.182271246691375
-2.1932932740336195	-0.9999991717985396	0.06838014108778366	0.11154878233465178	15270182.7	310762.55	11.18	11.275300055492947
-1.6851024628796547	-0.999998744788623	0.07883470663801771	0.18542543175888082	10201658.6	364118.7	10.34	10.429448849867468
-2.2196579907568044	-0.9999992581092098	0.02727393549921539	0.10864626049681685	16432045.0	196964.3	11.17	11.378030598192098
-2.2196579907568044	-0.9999992221798308	0.07041822255473668	0.10864626049681685	16432045.0	355461.85	11.555	11.655373163663198
-2.2196579907568044	-0.999999282245403	0.05693700645775191	0.10864626049681685	16432045.0	132477.525	11.645	11.648460176757228
-2.133994785814604	-0.9999991631255171	0.04799024865023662	0.11836351127670253	15120725.8	313058.825	10.91	11.174389688442352
-2.133994785814604	-0.9999991640308677	0.06838484823098416	0.11836351127670253	15120725.8	308802.375	11.3	11.359355278197032
-2.133994785814604	-0.9999992027511785	0.08605905193119029	0.11836351127670253	15120725.8	171952.75	11.32	11.348124829689226
-2.0687225858216554	-0.9999990190974499	0.06168591412791331	0.12634707620970465	12968882.8	334772.75	10.54	10.616525311368168
