-1.4428895154245942	-0.9999991414731702	0.029560881751366414	0.23624414040731442	14064043.857142856	175317.39285714287	10.33	10.363789293059272
-1.1796789207217622	-0.9999991510081973	0.0327445439028758	0.30737741527740936	14279306.4	184058.45	10.135000000000002	10.170605746631635
-1.1796789207217622	-0.9999991880213069	0.022035390472913093	0.30737741527740936	14279306.4	108497.6	10.07	10.144709151633561
-0.9888876734813685	-0.9999991815150093	0.014916028866747142	0.3719902355848279	13881367.75	85963.625	10.39	10.430928498256455
-2.102872066988945	-0.9999988424740592	0.028245662001606518	0.12210522976202148	10919166.1	308419.075	9.31	9.31120139045055
-2.1608432456676527	-0.9999987036887329	0.03580651086824445	0.11522791461958122	8958765.0	110562.8	9.39	9.41530903298174
-1.3248646552052739	-0.9999991842397246	0.03203805140291269	0.2658389365704897	14948030.333333334	197600.83333333334	10.145	10.299300284250782
-1.3248646552052739	-0.999999199895656	0.033314614481609134	0.2658389365704897	14948030.333333334	156369.58333333334	10.2	10.300229903612294
-1.3248646552052739	-0.9999992622527392	0.023532849138058726	0.2658389365704897	14948030.333333334	61565.208333333336	10.42	10.429660399018255
-1.819208365846835	-0.999999092289654	0.026122896652217488	0.16215406683493594	13050142.0	139489.1	10.01	10.058331094160053
-1.819208365846835	-0.9999990695530344	0.04639301807834274	0.16215406683493594	13050142.0	187673.625	10.024999999999999	10.073758090371355
-1.819208365846835	-0.9999991190580956	0.0416549607634499	0.16215406683493594	13050142.0	98361.7	10.07	10.076003214588738
-1.6971249081397222	-0.9999990129831695	0.03677502884682989	0.1832095117348728	12876062.8	330673.8	10.5	10.505085060024859
-1.6971249081397222	-0.9999990436071317	0.05390266182452811	0.1832095117348728	12876062.8	222920.425	10.5	10.543318528334249
-2.212966247623741	-0.9999986930524501	0.028671084842871435	0.10937573135813776	8710726.7	87943.65	9.36	9.395576528741131
-2.1326127950261453	-0.9999989318761987	0.017694600935253983	0.11852720164221257	10464328.0	71480.775	9.35	9.368804639739922
-1.623847248554529	-0.9999990568310881	0.034691862964033725	0.19713879630435352	13459207.555555556	325886.05555555556	10.4	10.44727393634643
-1.623847248554529	-0.9999990818389815	0.054365465884225854	0.19713879630435352	13459207.555555556	232748.88888888888	10.370000000000001	10.547564681524731
