-1.5686794972766003	-0.9999964245457431	0.08485721586758188	0.20832008805382707	3271089.3333333335	120045.0	7.79	7.850984889777313
-1.5686794972766003	-0.9999964030390113	0.10577714881420819	0.20832008805382707	3271089.3333333335	128794.44444444444	7.92	7.940881383902272
-1.5686794972766003	-0.9999966460409333	0.1340863272646615	0.20832008805382707	3271089.3333333335	58167.52777777778	7.975	7.975490013934046
-1.277752698285391	-0.9999965084690426	0.0787064455757147	0.2786628367763881	3391336.8333333335	138822.35	7.7	7.753599845824508
-0.22774280615768153	-0.9999972574382637	0.11337588897402415	0.7963290444263428	4511547.5	236379.375	7.59	7.640396885753542
-2.075959578738622	-0.9999954580225376	0.06386145725559085	0.12543600400202867	2470777.3	74772.2	7.84	7.909422447091166
-1.7603162090180153	-0.9999960929267588	0.07937632924316748	0.17199047028592324	2952706.5	102378.375	8.0	8.037374957421541
-1.7603162090180153	-0.999996107781671	0.08642149800785287	0.17199047028592324	2952706.5	97984.85	8.045000000000002	8.084450938269057
-2.1042621383532265	-0.9999953667064936	0.06750888318548134	0.12193561269592615	2461614.7	89802.875	7.8500000000000005	7.869593517202837
-2.1042621383532265	-0.999995383603956	0.09240470346946307	0.12193561269592615	2461614.7	86144.1	7.9350000000000005	8.004979010529144
-2.1042621383532265	-0.9999957379316889	0.10369686815712087	0.12193561269592615	2461614.7	36009.65	8.03	8.037486274509805
-2.1573831030491224	-0.999995411072438	0.052397845747085066	0.11562731022219086	2384045.0	56398.175	7.930000000000001	7.973389902274614
-2.1573831030491224	-0.9999950401383138	0.10738985595811885	0.11562731022219086	2384045.0	136560.925	8.01	8.023074020622634
-2.045814491374223	-0.9999956668482085	0.06454042881148259	0.1292748538321533	2588247.7	74254.725	7.78	7.839958781700334
-0.6800603153638707	-0.9999962579995288	0.1216992380690043	0.5065864364988554	3460943.3333333335	421194.1666666667	7.79	7.813381320624974
-1.8115935216276502	-0.9999963586678141	0.0823734380909694	0.1633935580703183	3148596.4	95327.625	8.094999999999999	8.140754645430412
-1.8115935216276502	-0.9999963212745225	0.08848390025654371	0.1633935580703183	3148596.4	107238.7	8.155000000000001	8.157995310847879
-1.8115935216276502	-0.999996547999008	0.13324892285943207	0.1633935580703183	3148596.4	52519.45	8.13	8.132582634672834
-1.4873509058340368	-0.9999963850212698	0.09168492978430061	0.22597048042398998	3339575.25	174990.64285714287	7.76	7.770686459703501
-1.4873509058340368	-0.9999964966403921	0.09902546040591774	0.22597048042398998	3339575.25	120538.53125	7.785	7.804304335767773
-1.6399222273941576	-0.9999964805232157	0.08620008330831727	0.1939951292109292	3321106.2	119198.77777777778	7.91	7.947501214569156
-1.6399222273941576	-0.9999964636968562	0.10068349198594882	0.1939951292109292	3321106.2	126049.55	8.085	8.106719552585892
-1.6399222273941576	-0.9999966805648035	0.1345030730459368	0.1939951292109292	3321106.2	61339.575	8.07	8.080473209387382
