-1.9869275101299455	-0.9999981778421653	0.05127184849121099	0.1371160666324698	6577977.5	160509.275	9.42	9.429903072635375
-1.9046098907165738	-0.9999981329755051	0.07586318533416128	0.1488807110423897	6901515.3	394468.9	9.22	9.221480460625047
-1.9046098907165738	-0.9999982483223337	0.09129706797617548	0.1488807110423897	6901515.3	177944.075	9.274999999999999	9.298986560806613
-2.12110479893971	-0.9999978761391053	0.07915061205787012	0.1198990909227205	6016031.4	354056.225	9.39	9.40109727209301
-2.12110479893971	-0.999997998452099	0.09214442155291214	0.1198990909227205	6016031.4	169629.025	9.41	9.480502882578275
-2.023707055543192	-0.9999981897387952	0.052701886507315235	0.13216461427068527	6640708.0	166276.95	9.43	9.495549769566761
-1.750333592735831	-0.9999980035269928	0.07716089829928549	0.17371598339329788	6228885.3	251650.725	9.6	9.601417084422975
-2.149597782413211	-0.9999983428256498	0.08629595306825924	0.11653101917394372	7697094.0	346425.775	9.47	9.795412050603296
-0.9794961365035567	-0.9999978358740058	0.06491176352761945	0.3755002520636184	5426619.75	125980.3125	9.870000000000001	9.876930583497055
-0.9794961365035567	-0.9999977729040768	0.08469016515560825	0.3755002520636184	5426619.75	177299.75	9.885000000000002	9.895171857851112
-1.9472798281758392	-0.9999982004045089	0.054937405717973974	0.14266160835168706	6721610.8	179185.15	9.33	9.374064894774833
-1.9472798281758392	-0.9999981339474825	0.09922664908762178	0.14266160835168706	6721610.8	280092.5	9.405000000000001	9.406081545745499
