-1.9817849359154616	-0.9999976636873307	0.05429120605854282	0.13782301238362682	5083300.6	143799.125	9.44	9.50243014225795
-2.196503840156219	-0.9999978054042763	0.058482798260451	0.11119122188593906	5382889.1	135030.775	9.004999999999999	9.035073967997015
-2.196503840156219	-0.9999978080716743	0.07610704335133596	0.11119122188593906	5382889.1	133105.8	9.055	9.071057158694341
-2.196503840156219	-0.999997997316401	0.05615521664741267	0.11119122188593906	5382889.1	48059.875	9.07	9.074699234766433
-1.8980941191837688	-0.9999978796829105	0.05772118890286026	0.149853951002535	5678562.8	169455.875	9.56	9.60818983797951
-1.8980941191837688	-0.9999979206913897	0.0842729148981967	0.149853951002535	5678562.8	134252.425	9.56	9.600349856428753
-1.5213219588686528	-0.9999974134213357	0.09694659393694463	0.21842294985713442	5066360.625	491166.40625	9.61	9.623488003920682
-1.7416663839882072	-0.9999974680314522	0.0809904843918414	0.175228159792146	4796794.8	188212.75	9.55	9.691064802489388
-1.1594548090752752	-0.9999979029275501	0.08481470144355144	0.31365713730115863	5925102.4	249039.05	9.39	9.53922211208545
-1.1594548090752752	-0.9999979696146546	0.09435416238958089	0.31365713730115863	5925102.4	167750.85	9.625	9.669274425287357
-0.9699854218311006	-0.9999973608947393	0.0992665790039151	0.37908856448023737	4661814.0	220359.0	9.19	9.259933689517798
-0.9699854218311006	-0.9999974590666311	0.11216833251648069	0.37908856448023737	4661814.0	139434.6875	9.27	9.27144028325326
-0.9699854218311006	-0.9999974929201824	0.16113457765797548	0.37908856448023737	4661814.0	119077.6875	9.290000000000001	9.328672662758434
-1.8508698549259364	-0.99999782510155	0.06295044393231641	0.15710045225928662	5569867.2	182387.725	9.63	9.67643156303156
-1.8508698549259364	-0.9999979021330813	0.07887399742649388	0.15710045225928662	5569867.2	118756.65	9.555	9.575779474697315
-2.0855353483809256	-0.9999977575867472	0.05677149664138605	0.12424059036016193	5654267.0	321001.2	8.94	8.947830697016062
-2.115562750025313	-0.9999980087942829	0.048408727309741814	0.12056542226435894	5970966.1	145716.025	9.09	9.091685468437394
-2.115562750025313	-0.9999980625101789	0.06413159327448761	0.12056542226435894	5970966.1	105733.45	9.07	9.08879638218924
-2.115562750025313	-0.9999981566007787	0.07191957234409074	0.12056542226435894	5970966.1	60286.15	9.07	9.09536822102737
-0.23831259761767426	-0.9999970816921038	0.12870440516273848	0.7879563393167854	4430923.5	412832.25	9.21	9.212374457054047
-2.0537154825250394	-0.9999978919144868	0.04986391696347332	0.12825747878414845	5644210.7	147041.775	8.98	9.034662547811946
-2.1710132373323456	-0.9999980180907899	0.04471724830416226	0.11406198647729278	6025178.2	153483.7	8.92	8.922859510439718
-2.1710132373323456	-0.9999980482754139	0.07253728689145686	0.11406198647729278	6025178.2	127960.975	8.945	8.956596516058347
-2.1710132373323456	-0.9999982147358909	0.055735261478698936	0.11406198647729278	6025178.2	46934.725	8.985	8.990658733068585
