-2.147906360679805	-0.9999990617868553	0.02287382827664685	0.11672828905864474	12479521.3	121593.975	10.040000000000001	10.089758353153155
-2.147906360679805	-0.9999990568162848	0.03151790901129983	0.11672828905864474	12479521.3	129375.4	10.26	10.297678020458104
-2.147906360679805	-0.9999990966665224	0.048227850723779636	0.11672828905864474	12479521.3	78680.975	10.305	10.314332994475878
-1.1893613280925124	-0.9999992768644186	0.02375655803339811	0.30441562370113645	16811163.6	190373.9	11.3	11.354475249704116
-2.1762362934404793	-0.9999990001601959	0.03104420697982752	0.11346778744039875	11963827.4	156671.175	10.27	10.375627103206886
-2.1762362934404793	-0.9999990016208553	0.03899824697095498	0.11346778744039875	11963827.4	153957.1	10.524999999999999	10.531722660123421
-2.1762362934404793	-0.9999990402936081	0.05960042170709348	0.11346778744039875	11963827.4	96930.675	10.545000000000002	10.579518762061745
-1.931511368042472	-0.9999992703094603	0.01115230695127136	0.14492899182770697	15412061.4	76574.725	10.03	10.147902934714166
-1.931511368042472	-0.9999991992251864	0.04814955152002086	0.14492899182770697	15412061.4	229024.95	10.190000000000001	10.262727560927381
-2.013278064664577	-0.9999991812466265	0.019096926175112803	0.13355017024451885	14259208.6	117567.35	10.200000000000001	10.324509981039322
-2.013278064664577	-0.9999991423131201	0.04427388116581295	0.13355017024451885	14259208.6	204829.1	10.434999999999999	10.539165950255997
-2.013278064664577	-0.9999991823733152	0.0636816816016787	0.13355017024451885	14259208.6	115693.625	10.48	10.537134096843918
-1.7114873540572542	-0.9999992986761863	0.017217499523809854	0.18059698110515687	16853432.3	135904.275	11.1	11.149032948314693
-1.7114873540572542	-0.9999992632582271	0.04704536165745734	0.18059698110515687	16853432.3	246871.575	11.03	11.110759183270625
-0.7196991907699748	-0.9999993217032084	0.011422203436410537	0.4868986975556876	17047172.666666668	105138.41666666667	11.31	11.389678700906995
-0.7196991907699748	-0.9999992664254524	0.053396059163740045	0.4868986975556876	17047172.666666668	269781.6666666667	11.34	11.379872290627741
-1.4569930402641837	-0.9999992823478908	0.01823521383421862	0.23293565082798237	16547942.0	143725.2142857143	11.065000000000001	11.106268660144318
-1.4569930402641837	-0.999999222996917	0.05191705633406363	0.23293565082798237	16547942.0	383770.25	11.105	11.111189865634934
-1.833554624038791	-0.9999992469766836	0.02126700364023325	0.15984437009222846	15816701.2	148796.975	10.74	10.774851228764609
-1.833554624038791	-0.9999992261391487	0.0417826186707231	0.15984437009222846	15816701.2	206885.55	10.495000000000001	10.496843762522648
-2.084962178088609	-0.9999990814227776	0.034228955532336604	0.12431182178757519	13266108.6	196013.75	10.26	10.33342877634587
-2.084962178088609	-0.9999990702394561	0.05396022201219442	0.12431182178757519	13266108.6	227362.275	10.41	10.47535272484119
-2.084962178088609	-0.9999991510721533	0.046415947356706296	0.12431182178757519	13266108.6	77804.625	10.475000000000001	10.519091001204114
-0.9957724695371667	-0.9999993066091754	0.01738710835856339	0.36943795472626223	17129604.25	143990.625	11.26	11.389676907766598
-0.9957724695371667	-0.9999992752506435	0.04452629433186687	0.36943795472626223	17129604.25	246388.6875	11.46	11.469941047699765
