-4.271191181867719	-0.9999965288184348	0.058216087703464266	0.013965138222305872	3250744.8	79531.85	159063.7	1366149.0	0.4202572284357727	0.02446573166863176	nan	nan	nan	9.93	10.01187975111009
-4.271191181867719	-0.999996599731881	0.05596686786624326	0.013965138222305872	3250744.8	63157.575	126315.15	1128481.5	0.3471455218508694	0.01942864755178567	nan	nan	nan	10.02	10.020285748685362
-4.271191181867719	-0.9999965771271633	0.1255216034353208	0.013965138222305872	3250744.8	67973.375	135946.75	541527.3	0.1665856083196688	0.020910092665533144	nan	nan	nan	10.035	10.0825729606542
-5.010897347964834	-0.9999951089756621	-0.011120720603113475	0.006664919869763638	1887630.0	-10222.5	20445.0	919230.0	0.4869757314727992	0.005415521050205814	nan	nan	nan	10.4	10.45359968594874
-3.91186081663837	-0.9999971639001329	0.06748887540886564	0.020003244038861775	4127327.4	121237.225	242474.45	1796403.1	0.4352460868502945	0.029374268927635838	nan	nan	nan	9.58	9.905670113139601
-4.328574575233309	-0.9999961072439585	0.06671476296325184	0.013186330221893952	2922488.3	87249.1	174498.2	1307793.0	0.447492980553592	0.02985438812535195	nan	nan	nan	10.200000000000001	10.201040766835389
-4.553674512875133	-0.999994863168135	0.01926011233097676	0.010528446307424943	1903853.3333333333	17671.666666666668	35343.333333333336	917526.6666666666	0.48193138126886526	0.009282052539061133	nan	nan	nan	10.32	10.397355927011771
-4.553674512875133	-0.9999945341534827	0.0683485163797737	0.010528446307424943	1903853.3333333333	33062.0	66124.0	483726.6666666667	0.2540776950605439	0.01736583350258073	nan	nan	nan	10.38	10.42516052100532
-4.553674512875133	-0.9999952090563087	0.025249365085207406	0.010528446307424943	1903853.3333333333	9146.666666666666	18293.333333333332	362253.3333333333	0.19027376058379847	0.004804291647115674	nan	nan	nan	10.43	10.485177747625508
-4.68633275676235	-0.9999947732698761	0.02650792569378208	0.00922043781887956	1924373.5	23345.0	46690.0	880680.0	0.4576450465567105	0.012131220888252723	nan	nan	nan	10.49	10.502363726075778
-4.68633275676235	-0.9999945231687267	0.07690420691550542	0.00922043781887956	1924373.5	37776.5	75553.0	491215.0	0.2552596988058711	0.019630544694156305	nan	nan	nan	10.434999999999999	10.452826662513628
-4.68633275676235	-0.9999948017863441	0.0576253606739273	0.00922043781887956	1924373.5	22098.375	44196.75	383483.5	0.19927706341830212	0.011483412653520743	nan	nan	nan	10.48	10.50682660440902
-4.612940373127621	-0.9999955669119756	0.03638802384425939	0.009922599227276526	2402474.777777778	42207.72222222222	84415.44444444444	1159934.4444444445	0.48280816730044984	0.017568435103931947	nan	nan	nan	10.200000000000001	10.250846698020387
-4.289296909876991	-0.9999958629623605	0.06362286617975707	0.01371456448318918	2733896.4	81651.875	163303.75	1283373.1	0.4694300413139284	0.0298664846992739	nan	nan	nan	10.040000000000001	10.17157297237219
-4.289296909876991	-0.9999959483801334	0.05127830134314605	0.01371456448318918	2733896.4	64646.775	129293.55	1260704.3	0.46113828600088874	0.02364638799041544	nan	nan	nan	10.16	10.177398646077593
-4.763999588861773	-0.999995193246481	0.04525425002161047	0.008531418901099763	2250942.5	49996.375	99992.75	1104788.5	0.4908115156206789	0.022211307041383774	nan	nan	nan	10.55	10.565100459600105
