-3.770566731607048	-0.9999976181355611	0.06831379363508641	0.023039002655639015	5011584.571428572	152803.57142857142	305607.14285714284	2236789.4285714286	0.4463237917451372	0.030490071403706586	nan	nan	nan	10.07	10.094956103444407
-3.7898313992768426	-0.9999964213209336	0.07298088345534955	0.022599411807105826	3223818.3	102436.8	204873.6	1403611.4	0.43538787530302187	0.0317749917853621	nan	nan	nan	10.0	10.151646045561291
-3.749854534404248	-0.999996656183032	0.06662211882583723	0.023521167127753418	3437523.4	98168.325	196336.65	1473509.5	0.42865439112356296	0.028557863780650918	nan	nan	nan	10.07	10.086395798144334
-3.749854534404248	-0.9999967671567698	0.06351641216083113	0.023521167127753418	3437523.4	67034.275	134068.55	1055385.1	0.3070190300377301	0.01950074725309506	nan	nan	nan	10.21	10.213898100749315
-3.7250839371869984	-0.9999972259371022	0.06450247647451102	0.024111076525938635	4216788.4	120286.05	240572.1	1864828.4	0.44223902721796515	0.02852551244923743	nan	nan	nan	9.69	9.74871916649753
-3.9265972450327955	-0.9999959137663993	0.06991595363706404	0.019710629011023335	2826568.2	103777.9	207555.8	1484323.6	0.5251327740827199	0.03671515868607026	nan	nan	nan	9.92	9.949414069126442
-3.6036691142628148	-0.9999980324093002	0.07379154960276532	0.02722365228424465	6220691.25	206854.1875	413708.375	2803223.25	0.4506288991597196	0.03325260476478398	nan	nan	nan	9.9	10.070900611612302
-3.925395994875657	-0.9999959061518982	0.08072223655100645	0.019734320634154222	2830857.6	107914.2	215828.4	1336858.4	0.4722450186120276	0.03812067410243454	nan	nan	nan	10.15	10.290881258661203
-3.925395994875657	-0.9999960831417182	0.08525575697011675	0.019734320634154222	2830857.6	65385.3	130770.6	766931.2	0.27091832524532494	0.02309734689586647	nan	nan	nan	10.31	10.316829882202907
-3.925395994875657	-0.9999961604934121	0.10921749817907504	0.019734320634154222	2830857.6	52526.725	105053.45	480936.9	0.1698908839497967	0.01855505730842837	nan	nan	nan	10.265	10.31376088302794
-3.6724366117396627	-0.9999972294489905	0.05760934385733622	0.025414469247414858	4499231.555555556	259197.77777777778	518395.55555555556	4499231.555555556	1.0	0.05760934385733622	nan	nan	nan	9.65	9.652913081282046
-3.7082049697878228	-0.9999968415849841	0.05578819618646831	0.024521500623974173	3594160.5	85121.825	170243.65	1525803.5	0.424522917104008	0.023683367785050223	nan	nan	nan	9.8	9.87605092493401
-3.7082049697878228	-0.9999969987757719	0.04410179407371823	0.024521500623974173	3594160.5	48380.925	96761.85	1097028.5	0.30522523966305903	0.013460980665721524	nan	nan	nan	9.965	10.049333315654087
-3.7082049697878228	-0.9999970713776899	0.058197472396301485	0.024521500623974173	3594160.5	37268.8	74537.6	640385.2	0.17817379051380702	0.010369264255171689	nan	nan	nan	10.07	10.093625280540854
-3.9101866226794444	-0.9999958732942494	0.07026060339812011	0.020036761398642296	2755501.7	86780.15	173560.3	1235118.2	0.448237139537965	0.03149341188938479	nan	nan	nan	10.16	10.302446741871222
-3.826881785392004	-0.9999961358656104	0.06731817344637471	0.021777416524372237	2927791.0	81909.125	163818.25	1216746.1	0.41558502639020345	0.027976424888251927	nan	nan	nan	10.19	10.203062384705685
