-1.834023040387608	-0.9999998271514254	0.09760759565224765	0.15976951390930963	87552776.3	3735425.575	5.5	5.51349394110485
-1.834023040387608	-0.9999998290543408	0.1171888691540517	0.15976951390930963	87552776.3	3162162.675	5.51	5.529046151599201
-1.834023040387608	-0.999999835982246	0.12955895185283822	0.15976951390930963	87552776.3	1724088.65	5.51	5.5298857439430575
-1.5116608949066237	-0.9999998457656141	0.09504728711729449	0.22054337423157042	98759178.8888889	4122874.0833333335	5.51	5.530461149769757
-1.5116608949066237	-0.9999998491899146	0.09861601771340252	0.22054337423157042	98759178.8888889	2939881.5833333335	5.53	5.558645768545009
-1.0905012041274278	-0.9999998284677882	0.08659753818287211	0.33604802283505303	88225696.4	3736084.05	5.45	5.469290664671578
-2.0030437703986435	-0.9999997726853284	0.09565856331497812	0.134923979981486	65125576.8	2687168.875	5.2700000000000005	5.321966126421546
-0.6539219174486027	-0.9999998118868093	0.07710460529796569	0.5200023659835744	77865009.0	2297736.0	5.1000000000000005	5.128919730323676
-0.6539219174486027	-0.9999998156885211	0.0713312772987385	0.5200023659835744	77865009.0	1708992.1666666667	5.145	5.194272627736393
-1.5805940120145474	-0.9999998401151592	0.09674796735266486	0.20585278285384276	95167281.5	4056395.825	5.47	5.533833024165761
-1.3388868122630462	-0.9999998494458749	0.10169876595950471	0.2621373142656474	101948223.57142857	4633047.357142857	5.5200000000000005	5.540304484237169
-0.9104344390400768	-0.9999998089367704	0.0770192643163255	0.40234938977630236	77742473.75	2824177.5625	5.24	5.244747772505794
-0.9104344390400768	-0.9999998118226364	0.09125053435016035	0.40234938977630236	77742473.75	2256607.875	5.26	5.307834205331204
-0.9104344390400768	-0.9999998224361843	0.059470231485692936	0.40234938977630236	77742473.75	988801.875	5.3100000000000005	5.314406424994257
-2.057236651692532	-0.9999997216548376	0.11522360513299676	0.1278066566805969	52807934.5	2418922.35	5.21	5.237873063688554
-2.057236651692532	-0.9999997287558016	0.10636324668486602	0.1278066566805969	52807934.5	1662520.3	5.235	5.238110756709384
-1.2272134285876923	-0.9999998441216651	0.0978873870826322	0.29310820769972223	98060147.0	4348981.375	5.28	5.362783224624499
-1.2272134285876923	-0.9999998482413913	0.10094249234422492	0.29310820769972223	98060147.0	2903626.7916666665	5.505	5.518747305447496
-1.2272134285876923	-0.9999998555480649	0.08772393562285347	0.29310820769972223	98060147.0	1418311.0	5.525	5.527933157300737
-1.746958888867952	-0.999999841774611	0.0938809337562557	0.17430321370125137	96562561.9	4319493.4	5.51	5.53692776969422
-1.746958888867952	-0.9999998451761664	0.1137406905655345	0.17430321370125137	96562561.9	3110163.0	5.515000000000001	5.522225425967395
-1.9428131671543125	-0.9999997898516385	0.09245692275173471	0.14330025464342325	70599241.6	2775425.375	5.26	5.263037070757453
-1.9428131671543125	-0.9999997922603654	0.11352426095662976	0.14330025464342325	70599241.6	2341401.475	5.13	5.144739082417641
-1.9428131671543125	-0.9999998011456664	0.08791533915253599	0.14330025464342325	70599241.6	1250387.85	5.19	5.215547545309382
