-1.9982553721122331	-0.9999994382241926	0.12801373191260465	0.13557159902756563	25100627.7	1330312.775	5.0200000000000005	5.028175124766861
-1.9982553721122331	-0.9999994571150058	0.13077507260814208	0.13557159902756563	25100627.7	827987.15	5.025	5.030113190280961
-1.9982553721122331	-0.9999994701190019	0.13566653194660616	0.13557159902756563	25100627.7	597401.075	5.025	5.0272249662379735
-1.5803619062436869	-0.9999996374287291	0.11267535015580193	0.20590056801808257	40180759.0	2123101.15	5.28	5.295109560810978
-1.2310151727426715	-0.9999997006260423	0.1064940238816107	0.29199600078697235	49270050.333333336	2546345.0416666665	5.3	5.321651716008655
-1.7899223732741358	-0.9999995535085806	0.12040188845555608	0.16697313074141804	32848471.1	2342103.6	5.2	5.2017806246999125
-2.051836088873161	-0.9999993356687356	0.12879525273701897	0.1284987517279837	20930145.4	1093122.725	5.01	5.030353825752823
-0.2110425624259135	-0.9999997246332911	0.09367427054187577	0.8097396016660148	53794560.5	2712091.625	5.41	5.436070054432456
-0.2110425624259135	-0.999999736755813	0.1206575530863548	0.8097396016660148	53794560.5	1412829.0	5.4350000000000005	5.435917015386803
-0.2110425624259135	-0.9999997455473012	0.1303540032646474	0.8097396016660148	53794560.5	880433.75	5.425	5.431620615044175
