-1.5040227941204394	-0.9999992800501736	0.13742369695746567	0.22223435647701922	19137058.666666668	962915.5833333334	5.0200000000000005	5.032282261336219
-1.2228789915780813	-0.9999992591278581	0.13962490751688403	0.29438142410779455	18675420.166666668	1020800.375	5.1000000000000005	5.100224606205134
-1.2228789915780813	-0.9999992573918494	0.1633523973152649	0.29438142410779455	18675420.166666668	1054437.7916666667	5.105	5.119083893081476
-1.2228789915780813	-0.9999992881012241	0.17530114238144648	0.29438142410779455	18675420.166666668	594221.2916666666	5.135	5.141566262563036
-1.6323297265928245	-0.9999994104358882	0.12458950141941227	0.1954736430912928	23702793.0	1172109.0	4.94	4.9927183905137635
-1.6323297265928245	-0.9999994188420774	0.12475906851369829	0.1954736430912928	23702793.0	960361.35	5.0200000000000005	5.0423371683086655
-1.6323297265928245	-0.999999436211577	0.1563681394891948	0.1954736430912928	23702793.0	636257.55	5.07	5.071771148174362
-1.8226702196319162	-0.9999993874183214	0.11931560522275995	0.1615936837067797	23197777.7	1484417.4	5.0	5.0030495981818675
-0.6476253938764354	-0.9999992562152272	0.13773807180818035	0.5232869028689214	18802646.333333332	1184843.4166666667	5.09	5.101055720951588
-1.9297792136729273	-0.9999994340223061	0.11127511156197618	0.14518024875924926	24802858.5	1249012.575	4.84	4.863461648813031
-1.9297792136729273	-0.9999994477872561	0.12467685568416811	0.14518024875924926	24802858.5	887757.075	4.86	4.902597121281441
-0.9056067607498178	-0.9999992599385095	0.14164981288419384	0.40429649941821044	19676675.75	2109474.6875	5.14	5.145856453729807
-0.9056067607498178	-0.9999993023946989	0.143359840516581	0.40429649941821044	19676675.75	914883.6875	5.13	5.157822351401644
-1.8610394195490523	-0.9999993974903191	0.1174145439947686	0.15551090525742173	23264602.7	1223403.8	4.99	5.011069862618043
