-1.9208858595247524	-0.9999993566559413	0.10996354019128575	0.14647714646426344	21527987.8	1034989.75	4.49	4.5048424730875665
-1.6263219553884782	-0.9999993221917651	0.10596898070738353	0.19665153873639002	20441816.4	1040935.65	4.71	4.7433402339521535
-1.8877412865900276	-0.9999993433277929	0.10445685090806502	0.1514134224152075	20987602.9	967020.025	4.46	4.46683076723316
-1.8877412865900276	-0.9999993560836611	0.11149851256537878	0.1514134224152075	20987602.9	739891.675	4.465	4.4885813643442996
-1.8877412865900276	-0.9999993781866915	0.1294587538436154	0.1514134224152075	20987602.9	465267.9	4.495	4.49917269498882
-1.9514156742136974	-0.9999993454067417	0.10842159969541468	0.14207280035295303	21145089.3	1026260.25	4.4	4.427571852548842
-1.9514156742136974	-0.9999993566059999	0.12658439431135282	0.14207280035295303	21145089.3	809864.6	4.42	4.437903644031042
-2.007481562664322	-0.9999993576240623	0.11002430083761643	0.13432654201994698	21484933.9	985992.025	4.54	4.56028104692402
-1.2187102270250174	-0.9999993467739083	0.10235743915329934	0.29561119248012485	21484705.0	1244655.1666666667	4.8	4.8001919337540855
-1.2187102270250174	-0.9999993630709114	0.13768745887831665	0.29561119248012485	21484705.0	876973.8333333334	4.8100000000000005	4.825636745932699
-1.980057918130259	-0.9999993680400842	0.11069516544452772	0.1380612408303943	21912116.6	1032587.55	4.46	4.492331316042857
-1.852936563421863	-0.9999993337507121	0.10713966218487046	0.15677610669919842	20745614.7	1006258.975	4.42	4.44154297598359
-1.852936563421863	-0.9999993503433191	0.11525907971751491	0.15677610669919842	20745614.7	713206.15	4.4350000000000005	4.452684361305943
-1.852936563421863	-0.9999993687028078	0.13141849776533035	0.15677610669919842	20745614.7	487305.375	4.46	4.4714408978850395
-0.6458421363382896	-0.9999993512961127	0.1268691695533412	0.5242208907059935	21788525.333333332	1375462.1666666667	4.89	4.966272390427581
-2.0335029988961884	-0.9999993739831913	0.11816920349888438	0.13087625783196005	22220919.1	1099831.95	4.58	4.588620374248651
-2.0335029988961884	-0.999999370852351	0.11987889330243608	0.13087625783196005	22220919.1	1179071.9	4.62	4.62458576560458
