-1.5803599255938041	-0.9999993906132628	0.1233787444960568	0.20590097583542233	23222996.7	1399723.775	2.46	2.496460412067526
-1.4550323946724788	-0.9999992874867635	0.1321872122438929	0.23339280309527194	19674448.444444444	1224819.59375	2.35	2.366051856702015
-1.1807958173240192	-0.9999993342748663	0.12399523552953268	0.3070342981355291	21124955.0	1281334.55	2.38	2.4072451171665374
-0.8714217091266824	-0.999999409189353	0.10683374466803836	0.418356345210197	23929275.0	1380104.4166666667	2.42	2.4201920849912857
-0.8714217091266824	-0.9999994076179205	0.12422765378768641	0.418356345210197	23929275.0	1432988.9375	2.3899999999999997	2.394775783227508
-0.19198472188705973	-0.9999995095940617	0.09373649008132032	0.8253194777195519	28805920.5	1364902.75	2.37	2.3850377806933443
-1.6330892028690414	-0.9999993725383391	0.1273975346865074	0.1953252418574807	22559959.5	1404945.325	2.46	2.4889183555299357
-1.6330892028690414	-0.9999993863962007	0.15074251907340003	0.1953252418574807	22559959.5	1027743.2	2.49	2.497509182587406
-2.0123714358529203	-0.9999995228033648	0.07845982354827444	0.13367130558075965	29167798.0	1108783.65	2.37	2.3750345183853945
-1.9042951019197443	-0.9999995986899445	0.08980335095713235	0.14892758439950668	35424455.7	1492838.075	2.4	2.4242431346644913
-1.8041047877353353	-0.9999995923354142	0.09122678825649169	0.16462176205290344	34771855.2	1432960.65	2.46	2.4829352254496855
-0.6198626742847826	-0.9999994069705939	0.12104157428010003	0.5380183162719194	24287169.333333332	1799474.1666666667	2.395	2.396326743109831
-0.6198626742847826	-0.9999994234330201	0.1547289650633135	0.5380183162719194	24287169.333333332	1206433.5	2.395	2.3953158108146915
-0.6198626742847826	-0.9999994668788992	0.08196166523817776	0.5380183162719194	24287169.333333332	419995.8333333333	2.4050000000000002	2.4113669302830547
-1.6814782256786613	-0.9999993875292581	0.1373930011477388	0.18609867676955014	23556120.7	1843975.1	2.515	2.5154996486402945
-1.723465949742925	-0.9999994679025702	0.14690234187560036	0.17844658794424845	28666262.2	4211141.05	2.5100000000000002	2.5957153659557903
-1.5207288282587008	-0.9999993662190274	0.12456743518684812	0.21855254162323315	22179083.7	1272737.25	2.39	2.406709973046064
-1.5207288282587008	-0.9999993763648811	0.15214537902086775	0.21855254162323315	22179083.7	1016274.975	2.455	2.4748669377750914
