-2.2385435179116286	-0.9999992589355836	0.007911951654165883	0.10661367225622238	13553227.4	23012.0	30.7	31.191990720075616
-1.3100930682790357	-0.9999987122637846	0.05723991335802918	0.2697949458649044	9127977.4	127314.95	29.39	29.574219848070097
-1.3100930682790357	-0.9999986983162257	0.038942557089386695	0.2697949458649044	9127977.4	144600.95	29.765	29.79168462246438
-1.3100930682790357	-0.9999988722762032	0.03648713125387574	0.2697949458649044	9127977.4	29548.95	29.94	29.98380789899889
-1.8958582888942248	-0.9999988008091197	0.015719986118279572	0.15018937383973405	8559944.8	28709.2	28.34	28.390759680794496
-1.8958582888942248	-0.9999995461826099	-3.718876941308395e-05	0.15018937383973405	8559944.8	-47.65	28.490000000000002	28.777168111964873
-2.0891689718604374	-0.9999990953500202	-0.004639951424006191	0.12378996602930287	9983317.6	-8360.625	27.54	27.635717977570813
-2.0891689718604374	-0.9999990056845763	0.0147841947282435	0.12378996602930287	9983317.6	20465.95	27.85	28.03198925035834
-2.0891689718604374	-0.9999989497386469	0.03262377505200341	0.12378996602930287	9983317.6	35777.15	28.205	28.35607599969191
-2.0891689718604374	-0.9999988599295729	0.0786898816668817	0.12378996602930287	9983317.6	87699.7	28.51	29.13398216387869
-2.0891689718604374	-0.9999988515930028	0.07589451760464601	0.12378996602930287	9983317.6	95311.075	29.384999999999998	29.807813780870884
-2.0891689718604374	-0.9999988845678706	0.06000365222616922	0.12378996602930287	9983317.6	68576.05	30.02	30.165092026315097
-2.1925809333352957	-0.9999990857433791	0.012219406182120448	0.11162827138043721	12289193.5	75770.425	30.17	30.406276538859323
-2.1925809333352957	-0.9999989568204801	0.06068503860083059	0.11162827138043721	12289193.5	369472.75	30.439999999999998	30.51181304955998
-2.143175960487823	-0.9999990846294193	0.012335280580331775	0.11728176863748432	11222242.7	28925.425	30.61	30.67728234081757
-2.2808190587207835	-0.999999249968039	0.023379692925116515	0.10220046424371117	14991426.2	76422.75	30.6	31.275104937365647
-2.2808190587207835	-0.9999992360358335	0.0261727074402498	0.10220046424371117	14991426.2	94174.225	31.6	31.653668582266246
-0.794275835810448	-0.9999988572126811	0.05342572220681564	0.45190837231789394	10169031.666666666	111416.58333333333	29.330000000000002	29.604883754908485
-0.794275835810448	-0.9999988359866282	0.04323557580652357	0.45190837231789394	10169031.666666666	138258.66666666666	29.565	29.6801061186712
-2.3210163626093885	-0.9999992512343422	0.020153464276656912	0.0981737547472317	15455127.3	106112.925	31.75	32.01291335678018
-1.09594747651566	-0.9999987896135885	0.056469320853843985	0.3342227886401201	9746330.0	132829.0	29.68	30.139939481448092
-1.9678036954783622	-0.999998916783477	0.0034669950545785262	0.1397634825380618	8016953.5	5907.2	28.18	28.371666605297847
-1.9678036954783622	-0.9999989290020543	0.004561845936533964	0.1397634825380618	8016953.5	5355.9	28.39	28.443224310437706
-1.9678036954783622	-0.9999987845381293	0.019052076065545643	0.1397634825380618	8016953.5	17055.75	28.43	28.51414685902635
