-2.468882410994446	-0.9999994659180061	-0.0020464510191556444	0.08467944295316876	18215496.2	-16789.5	36.46	36.56832781076553
-2.1634400009358736	-0.9999994240618563	0.012369523226841912	0.11492908408804653	18801851.3	50447.25	39.1	39.375492920927975
-2.5006768169159397	-0.9999994090441657	0.012545509500775787	0.08202946090483924	18155533.8	45665.425	36.01	36.257073997988584
-2.5006768169159397	-0.9999994868164725	-0.005021780804654853	0.08202946090483924	18155533.8	-11125.9	36.275000000000006	36.638405057834106
-2.5006768169159397	-0.9999994860297258	0.004651483163271089	0.08202946090483924	18155533.8	11285.975	36.730000000000004	36.892384634813546
-2.5006768169159397	-0.9999994162748602	0.023632391860797776	0.08202946090483924	18155533.8	40047.3	37.405	37.614306266775806
-2.5006768169159397	-0.9999995065088996	-0.0011721759781233988	0.08202946090483924	18155533.8	-7781.2	37.875	37.88498249740212
-2.218394588545471	-0.9999994250875313	-0.0036716218602980593	0.10878361116888322	18273695.7	-36524.85	39.31	39.35522111995604
-2.218394588545471	-0.9999995346046567	0.0026469795185274088	0.10878361116888322	18273695.7	4935.9	39.83	40.14661719270321
-2.218394588545471	-0.9999993358551584	0.028631707051980863	0.10878361116888322	18273695.7	186535.225	40.425	40.428085155100185
-0.30640720508059643	-0.9999995948986474	-0.021340979502014475	0.7360868201274219	28593683.0	-107294.25	44.02	44.13682858805129
-0.30640720508059643	-0.9999995962989634	0.03019704846209865	0.7360868201274219	28593683.0	103083.0	43.795	43.92490402145468
-2.315276304669601	-0.9999994097438145	0.015693377322450214	0.09873889821406205	18477002.7	54510.4	37.5	37.79663992791137
-2.315276304669601	-0.9999994234827888	-0.01950110190984025	0.09873889821406205	18477002.7	-42289.175	37.865	38.05722530048532
-2.315276304669601	-0.9999994890436401	-0.005146864710546835	0.09873889821406205	18477002.7	-12592.575	37.800000000000004	37.96258916143517
-2.315276304669601	-0.9999994951278907	0.005783905062853293	0.09873889821406205	18477002.7	11253.5	38.315	38.32903898656765
-1.6563707438682238	-0.9999994947854174	0.0057283662815871056	0.1908302968849749	20344902.285714287	29100.39285714286	42.5	42.60620255539027
-1.1242526305333171	-0.9999995053939116	0.020701036285349278	0.3248951933914515	23578049.75	116057.1875	40.99	41.85954723535049
-1.1242526305333171	-0.9999995289100654	0.01313045298140431	0.3248951933914515	23578049.75	66660.4375	42.394999999999996	42.49565267232381
-2.358004678736256	-0.9999993875369442	0.02009765926691196	0.09460880995839319	18209621.4	69752.325	38.5	38.556059878910496
