-2.06055425699974	-0.9999986557612058	0.03666969221783145	0.1273833472132276	8192145.9	60608.1	34.4	34.589592281341915
-2.06055425699974	-0.9999987583403723	0.03781787686880078	0.1273833472132276	8192145.9	26155.6	34.67	35.0088887113572
-2.06055425699974	nan	nan	0.1273833472132276	8192145.9	nan	35.254999999999995	35.484114317983384
-2.06055425699974	-0.9999988038917199	0.02371887993446397	0.1273833472132276	8192145.9	18009.2	35.84	36.00606838206307
-0.8052122265254726	-0.9999983913141794	0.010426062475927271	0.44699305270985185	6212161.333333333	21880.916666666668	34.77	34.831599462509004
-0.8052122265254726	-0.9999986137499383	0.005054210352173336	0.44699305270985185	6212161.333333333	5494.083333333333	34.989999999999995	35.03875342808515
-0.8052122265254726	-0.9999983522105065	0.017930751089218197	0.44699305270985185	6212161.333333333	27897.666666666668	34.760000000000005	34.918754349956245
-0.8052122265254726	-0.9999985818301159	0.011510705868539896	0.44699305270985185	6212161.333333333	6699.25	34.88	34.95976519337017
-2.225991508455697	-0.9999990043741581	0.02055190860326677	0.1079603219778617	10528576.5	35685.325	33.01	33.35033029391705
-2.225991508455697	-0.9999990115853267	0.057918051600616506	0.1079603219778617	10528576.5	33076.2	33.239999999999995	33.74117172601369
-2.225991508455697	nan	nan	0.1079603219778617	10528576.5	nan	34.08	34.14102877812344
-2.225991508455697	-0.9999990037933326	0.04670674258025817	0.1079603219778617	10528576.5	35904.225	34.24	34.469820931157976
-2.225991508455697	-0.999999200416913	-0.009719399870421594	0.1079603219778617	10528576.5	-4528.975	34.605000000000004	34.68828456735058
-2.225991508455697	-0.9999990931239805	0.012489487196142214	0.1079603219778617	10528576.5	14017.225	34.83	35.14140544397173
-1.4953197434578507	-0.9999980922830178	0.030630660196208498	0.22417691416814556	5719976.0	54834.625	33.13	33.45267659173826
-1.4953197434578507	-0.9999983847167819	0.005297923034376368	0.22417691416814556	5719976.0	10293.666666666666	33.345	33.39088969766194
-1.4953197434578507	-0.9999992585061979	8.325740231232749e-05	0.22417691416814556	5719976.0	68.5	33.765	33.976311101375906
-1.630370071001084	-0.9999979888727781	0.023386755108807163	0.19585707968814234	5438251.571428572	56218.32142857143	33.81	33.82238689816044
-2.392484387567126	-0.9999992202873981	0.019840898361489487	0.09140232277359257	13967365.3	53664.775	36.39	36.41444749198886
-2.392484387567126	-0.999999249076842	0.037807473902009635	0.09140232277359257	13967365.3	35896.325	36.650000000000006	36.68149871487709
-2.392484387567126	nan	nan	0.09140232277359257	13967365.3	nan	36.42	36.613943925770386
-2.392484387567126	-0.9999991719657935	0.09812380269269386	0.09140232277359257	13967365.3	105392.5	37.025000000000006	37.03572805451801
-2.392484387567126	nan	nan	0.09140232277359257	13967365.3	nan	37.019999999999996	37.089277062418155
-2.392484387567126	nan	nan	0.09140232277359257	13967365.3	nan	36.945	36.97733416811368
-2.176255763136691	-0.9999988049022263	0.028327497589946207	0.11346557827855341	9844832.6	128737.375	34.35	34.406844620600474
-1.3288620285119515	-0.9999981364362119	0.03157649996988788	0.2647784001936605	5897033.6	59247.65	33.01	33.453381065733936
-1.3288620285119515	-0.9999984255993689	0.009990711332383278	0.2647784001936605	5897033.6	10766.5625	33.585	33.62138002888896
-1.8373384499128567	-0.9999983651223334	0.029399272172348924	0.15924068965992744	6601914.111111111	48693.52777777778	32.55	32.621082087271816
-1.8373384499128567	-0.9999991967856785	0.00016576446813286366	0.15924068965992744	6601914.111111111	199.88888888888889	32.465	32.66542566167242
-1.8373384499128567	-0.9999987078616459	-0.0031492940571201007	0.15924068965992744	6601914.111111111	-5066.416666666667	32.47	32.63902507822563
-1.8373384499128567	nan	nan	0.15924068965992744	6601914.111111111	nan	33.42	33.48862460329511
-2.3546804110431037	-0.9999991854719804	0.023352823848740732	0.09492383829798293	13369520.4	53628.2	33.32	33.991553115022626
-2.3546804110431037	-0.9999992225477068	0.04547221403664038	0.09492383829798293	13369520.4	32667.425	34.065	34.16746126897875
-2.3546804110431037	nan	nan	0.09492383829798293	13369520.4	nan	34.39	34.78972382213683
-2.3546804110431037	-0.9999991370038679	0.10243359494037657	0.09492383829798293	13369520.4	102522.2	35.59	36.025201281869776
-1.994466899860079	-0.9999985687362569	0.02766772335740109	0.13608618239560338	7484990.2	44935.025	32.08	32.79102437365934
-1.994466899860079	-0.9999988610032393	0.003833353437757691	0.13608618239560338	7484990.2	5040.1	33.315	33.368475578100465
-1.994466899860079	-0.9999988887690834	0.005665029061099223	0.13608618239560338	7484990.2	4094.125	33.17	33.37343342745763
-1.994466899860079	-0.9999989068108128	-0.007773710706012217	0.13608618239560338	7484990.2	-3576.825	33.385000000000005	33.7079174101453
-1.994466899860079	-0.9999986661568708	0.02037338514791356	0.13608618239560338	7484990.2	21671.571428571428	33.915	34.05782670038533
-1.7426827300544614	-0.999998200257252	0.029677880546469068	0.1750501578123727	5990055.625	48076.0	33.0	33.11738090751451
