-2.3975064765142267	-0.9999992295925038	0.016556206826911495	0.09094444289774686	15807382.2	194487.0	29.17	29.207751207972205
-2.3975064765142267	-0.999999350550279	0.023258520731028038	0.09094444289774686	15807382.2	28740.575	29.235	29.3379931713555
-2.3975064765142267	-0.9999993318974408	0.02402254405770757	0.09094444289774686	15807382.2	38596.875	29.32	29.3784554991298
-1.9045081704948215	nan	nan	0.14889585599159236	13049695.7	nan	29.23	29.26795111645246
-1.9045081704948215	nan	nan	0.14889585599159236	13049695.7	nan	29.475	29.649884005217782
-1.9045081704948215	nan	nan	0.14889585599159236	13049695.7	nan	29.65	29.664032374417907
-1.9045081704948215	nan	nan	0.14889585599159236	13049695.7	nan	29.945	29.99209547423815
-2.4295758703319774	-0.999999311359563	0.008403508293657727	0.08807417953436483	14566347.0	22718.425	29.25	29.380348180424434
-2.247336909293975	-0.999999325637431	0.012282486147761186	0.10568028633760994	18046045.5	192831.575	29.0	29.018130613955115
-2.247336909293975	-0.9999995099706543	-0.0018347469215607226	0.10568028633760994	18046045.5	-6925.375	29.150000000000002	29.217281805351607
-2.247336909293975	-0.9999993151900614	0.057478069519320114	0.10568028633760994	18046045.5	232840.05	29.28	29.295131736416174
-1.977025358739922	nan	nan	0.13848055521926073	15351360.1	nan	29.86	30.06267140933149
-1.977025358739922	nan	nan	0.13848055521926073	15351360.1	nan	30.425	30.520221602581994
-1.977025358739922	nan	nan	0.13848055521926073	15351360.1	nan	30.445	30.452562881496092
-1.977025358739922	nan	nan	0.13848055521926073	15351360.1	nan	30.6	30.77091955007146
-2.202721292152194	-0.9999994650376253	0.013760576063046896	0.11050204049771069	21747911.6	112905.4	28.990000000000002	29.03839143451175
-2.1543810122951257	nan	nan	0.11597495547131503	20632200.2	nan	29.44	29.507096539942925
-2.3635320523694365	-0.9999993295719879	0.012507957622580085	0.09408731429517307	16758182.2	75746.05	28.92	28.94428477924693
-2.3635320523694365	-0.9999993862088783	0.01537069875014758	0.09408731429517307	16758182.2	29318.95	29.235	29.278943682896873
-2.3635320523694365	-0.9999992492510987	0.041192702449141874	0.09408731429517307	16758182.2	291030.525	29.205	29.206115973700676
