0.0	-0.9999994438989642	0.08898016301934783	1.0	23702118.0	530073.25	25.98	26.464524789888955
0.0	-0.9999994444400515	0.088093223677167	1.0	23702118.0	523318.5	26.759999999999998	26.76440305273556
0.0	-0.9999994653146527	0.13570417551309272	1.0	23702118.0	319072.0	26.87	26.982717077685233
0.0	-0.9999994650124401	0.12108125327555175	1.0	23702118.0	321365.75	26.990000000000002	27.057363613654626
-1.7016421940897237	-0.9999990852210284	0.08237129898693381	0.1823837684450541	13569009.875	245890.3125	27.09	27.46591751141251
-1.7016421940897237	-0.9999990995711902	0.08881074734161129	0.1823837684450541	13569009.875	202384.0625	27.655	27.74821971962851
-1.7016421940897237	-0.9999991139629087	0.09336609943761737	0.1823837684450541	13569009.875	166481.59375	27.92	27.925260693648454
-1.7016421940897237	-0.9999990793335858	0.06707601203674943	0.1823837684450541	13569009.875	266339.71875	28.045	28.21267700423988
-2.0169549079165403	-0.9999988612574687	0.05570646708853236	0.13306002884100496	10257605.0	118274.4	28.16	28.344656588360156
-2.0169549079165403	-0.9999988523369138	0.07916997667494054	0.13306002884100496	10257605.0	129607.625	28.314999999999998	28.32577360990454
-1.9517020430922125	-0.9999989179255233	0.05932426087674845	0.14203212094938394	10955622.2	140757.25	27.87	28.48169224894313
-0.28869936817538977	-0.9999993446238874	0.0826521528467017	0.7492374161596991	19734996.0	414091.625	26.88	27.103318574574107
-2.178351681447347	-0.9999989756914446	0.05802267311522878	0.11322801274135615	11567884.1	139954.9	29.19	29.747025759395175
-2.128648841509339	-0.9999989154302235	0.05261813432302191	0.11899797039629907	10662184.7	105226.85	28.22	28.641603466194535
-2.128648841509339	-0.9999988813868723	0.07419836584324464	0.11899797039629907	10662184.7	151274.775	28.935000000000002	29.466132105542766
-2.128648841509339	-0.9999989434081077	0.05903948578453236	0.11899797039629907	10662184.7	78085.925	29.5	29.513756703046162
-1.298144641584569	-0.9999991176277625	0.07873162900758247	0.2730379065554962	14278781.4	296320.5	26.44	26.606337268023612
-2.4409270322748404	-0.9999989367002515	0.05246066544097994	0.08708008798053431	10983642.6	118053.825	28.2	28.286410347194078
-2.4409270322748404	-0.9999989365693372	0.028138119713646586	0.08708008798053431	10983642.6	118223.7	28.365000000000002	28.380178519806005
-1.5920283028877926	-0.9999990308204698	0.07425185341515468	0.20351240801984205	12694194.714285715	220344.85714285713	26.45	26.546369282952842
-1.5920283028877926	-0.9999990540266155	0.07463129590632227	0.20351240801984205	12694194.714285715	164121.82142857142	26.68	26.964280445001478
-1.5920283028877926	-0.9999990630520489	0.09341051655688555	0.20351240801984205	12694194.714285715	146355.35714285713	26.985	27.06259399941955
-0.7858454387085215	-0.9999992719944549	0.09519275294061046	0.45573424349766833	17826404.0	432664.8333333333	26.67	26.972751771692145
-0.7858454387085215	-0.9999993211758743	0.0695193341161114	0.45573424349766833	17826404.0	180049.58333333334	27.0	27.074433853378594
-0.7858454387085215	-0.9999993097061477	0.0926492690162722	0.45573424349766833	17826404.0	220897.16666666666	27.075000000000003	27.088641343406174
-0.7858454387085215	-0.9999993012739187	0.07186965566415267	0.45573424349766833	17826404.0	256727.25	27.07	27.106547359061413
-2.266720774986226	-0.9999989908035649	0.059170389861864785	0.10365152005022463	11800384.6	148583.05	29.47	29.498902856670572
-2.266720774986226	-0.9999990068393526	0.05841772184672492	0.10365152005022463	11800384.6	122966.775	29.515	29.946660684783332
-2.3779801011791806	-0.9999989750494548	0.05186836739817879	0.09273770924268068	11460681.0	126326.275	28.78	28.914500408124066
-2.0753724653268453	-0.9999988680592551	0.03726505658264021	0.12550967078556016	9919695.1	75244.175	27.8	28.23608432729063
-2.0753724653268453	-0.9999988173213543	0.07999295495127721	0.12550967078556016	9919695.1	124467.95	28.095	28.168411034413083
-2.0753724653268453	-0.9999988593234466	0.03700745569969125	0.12550967078556016	9919695.1	82055.525	28.189999999999998	28.249078093061122
