-2.2982452113099994	-0.9999988648274748	0.06248749885953794	0.10043493126086588	10716544.9	191975.325	27.36	27.458318688348225
-2.2982452113099994	-0.9999990199151608	0.031759852650311796	0.10043493126086588	10716544.9	36428.1	27.775000000000002	27.843132400813303
-1.950325645464378	-0.9999986323186212	0.024735528388222083	0.14222774822330878	7373738.9	23977.8	27.0	27.073686032510537
-1.950325645464378	-0.9999984501556228	0.08204714529395479	0.14222774822330878	7373738.9	91870.65	27.060000000000002	27.083374347501863
-1.950325645464378	-0.9999986816867139	0.0231667146375004	0.14222774822330878	7373738.9	16661.2	27.065	27.113309114927343
-1.950325645464378	-0.9999984803991826	0.09711589746652198	0.14222774822330878	7373738.9	73506.275	27.125	27.278353224877918
-1.950325645464378	-0.9999985377893449	0.05233212744534181	0.14222774822330878	7373738.9	48143.375	27.310000000000002	27.374434451519726
-1.950325645464378	-0.9999984449895907	0.08895134192923863	0.14222774822330878	7373738.9	95437.825	27.335	27.34837957493154
-2.3348127564833856	-0.9999988460001659	0.06074286628265051	0.09682861135885383	10533258.8	190112.95	27.6	27.6146661101118
-2.3348127564833856	-0.9999988248478014	0.05315640056625431	0.09682861135885383	10533258.8	237560.6	27.590000000000003	27.622740589206376
-2.3348127564833856	-0.9999988977389169	0.04408480288374962	0.09682861135885383	10533258.8	110237.475	27.615000000000002	27.69412339267728
-2.3348127564833856	-0.9999989576556545	0.04296303494662393	0.09682861135885383	10533258.8	58645.475	27.700000000000003	27.70764505119454
-2.488186128184403	-0.9999988501403395	0.07177623674104723	0.08306049110160307	10384032.1	153303.225	27.68	27.735949465332872
-2.488186128184403	-0.9999989069672303	0.056328052189503354	0.08306049110160307	10384032.1	84971.875	27.67	27.78404980842177
-2.125871176360577	-0.9999988024503671	0.0404024444418444	0.11932896639665512	8905482.3	42818.85	26.150000000000002	26.211740305934388
-1.7021396060447869	-0.9999985547135654	0.026218138487264384	0.1822930711370528	7040561.75	26254.4375	26.96	26.996613088833094
-1.7021396060447869	-0.9999983491860479	0.09248217094655453	0.1822930711370528	7040561.75	111596.90625	27.095	27.290241478533634
-2.2179879134881153	-0.9999987772924588	0.06727665637726786	0.1088278597469814	9571041.5	120882.75	26.8	27.03012702794335
-2.2179879134881153	-0.9999988454609756	0.0530627576408788	0.1088278597469814	9571041.5	62951.825	27.015	27.02387747943125
-1.7962179558538511	-0.999998383538189	0.05832276075916415	0.16592523961185113	7254114.555555556	123746.58333333333	27.240000000000002	27.242012724045196
-2.4606368466832276	-0.9999988689270087	0.06810149297074343	0.08538055932357322	10550923.9	152338.225	27.330000000000002	27.41778544124257
-2.4606368466832276	-0.99999893773015	0.047948477968687335	0.08538055932357322	10550923.9	73711.55	27.475	27.637190160425234
-2.4606368466832276	-0.9999987667271623	0.0651920241484539	0.08538055932357322	10550923.9	447828.5	27.675	27.69997768771331
-2.4014152273151184	-0.9999989240496688	0.06695037265265608	0.09058965756916282	11011600.5	139794.4	27.71	27.71244328298444
-1.4605106386535358	-0.9999987029456237	0.004494140857434744	0.23211771618399288	6370663.0	3877.0833333333335	26.41	26.436231218697827
-1.4605106386535358	-0.9999982614178982	0.0742571317118331	0.23211771618399288	6370663.0	64595.833333333336	26.42	26.595157963042098
-1.4605106386535358	-0.9999983318254146	0.07959378344722544	0.23211771618399288	6370663.0	41247.833333333336	26.7	26.728429712544227
-1.4605106386535358	-0.9999982571613872	0.11312079502668031	0.23211771618399288	6370663.0	66371.45833333333	26.685000000000002	26.736016345267984
-1.4605106386535358	-0.9999983972440029	0.03517237208542206	0.23211771618399288	6370663.0	27189.375	26.78	26.81772654908826
-1.4605106386535358	-0.9999981347749042	0.12313042621412149	0.23211771618399288	6370663.0	144742.79166666666	26.830000000000002	26.999971218719313
-2.369032664544954	-0.9999988871261091	0.06700554592963896	0.0935711972497852	10613604.8	134806.575	27.63	27.647535062423522
-2.0735269471199462	-0.9999987678466727	0.04086015712216975	0.12574151503872813	8579983.0	39019.975	27.060000000000002	27.061943108136372
