-2.464711227211818	-0.9999992602726744	0.030468211631151414	0.08503339415690446	15472563.0	93476.65	29.0	29.51198277564582
-2.464711227211818	-0.9999992764790802	0.018377432792293178	0.08503339415690446	15472563.0	72744.55	29.83	29.86170879304456
-2.464711227211818	-0.9999992780301364	0.04722901109623178	0.08503339415690446	15472563.0	71019.525	29.97	30.01597296608008
-2.464711227211818	-0.9999991768064945	0.06002839630846225	0.08503339415690446	15472563.0	340071.25	30.085	30.12592698540933
-1.5873227448587188	-0.9999984444828454	0.03420615337154302	0.20447230411762118	6854367.571428572	42704.642857142855	26.18	26.42587101444592
-1.5873227448587188	-0.9999984003013414	0.056856687627374766	0.20447230411762118	6854367.571428572	57809.32142857143	26.55	26.618478913992625
-1.5873227448587188	-0.999998241325616	0.055377431109689464	0.20447230411762118	6854367.571428572	171887.39285714287	26.75	26.766425098528067
-1.5873227448587188	-0.9999987677230081	0.007416021435915166	0.20447230411762118	6854367.571428572	4657.642857142857	26.69	26.79168730205086
-2.121013286964023	-0.9999986536682911	0.03381139646632344	0.11991006362747315	8089097.9	53668.975	26.97	27.21212871126071
-2.121013286964023	-0.9999986249084507	0.06415459221375279	0.11991006362747315	8089097.9	67726.675	27.345	27.40290686349921
-2.121013286964023	-0.999998600101453	0.045450038116209304	0.11991006362747315	8089097.9	82776.9	27.400000000000002	27.488596819865098
-2.121013286964023	-0.9999987593585987	0.030110901521406667	0.11991006362747315	8089097.9	22825.325	27.6	27.684538545456263
-2.121013286964023	-0.9999986260375642	0.08509793041463984	0.11991006362747315	8089097.9	67110.9	27.67	27.672979705343895
-2.121013286964023	-0.9999986307001768	0.07535410766524063	0.11991006362747315	8089097.9	64626.825	27.675	27.8371524045892
-1.6973199535566428	-0.9999981586639091	0.05112454680471537	0.1831737810439397	6782734.125	265478.5625	26.740000000000002	26.746301220586304
-2.169999483751154	-0.9999988382205196	0.04531890924688528	0.11417767585491462	9835733.9	91761.025	27.77	28.193392489309705
-2.169999483751154	-0.9999988816808725	0.04267521203868416	0.11417767585491462	9835733.9	59842.575	28.45	28.540889471192934
-2.169999483751154	-0.9999988624785004	0.056205648942572815	0.11417767585491462	9835733.9	72283.05	28.580000000000002	28.827241244988926
-2.169999483751154	-0.9999988581383321	0.07393185286502245	0.11417767585491462	9835733.9	75435.575	28.939999999999998	29.152932979886785
-2.404435502983361	-0.999999249383371	0.02439300175559763	0.09031646459732862	14964708.1	75564.775	29.82	30.022530256920334
-1.4561594329888932	-0.9999982391509149	0.032392029582906164	0.23312990863729952	6512159.666666667	95503.66666666667	26.330000000000002	26.3631894211595
-1.2928726750180508	-0.9999984905043086	0.014390122267327514	0.2744811543044322	6477504.8	17636.2	25.650000000000002	25.67192111201464
-1.2928726750180508	-0.9999984055399334	0.03218258066838239	0.2744811543044322	6477504.8	30579.65	25.595	25.746417662374867
-1.2928726750180508	-0.9999983402489522	0.05660898616628498	0.2744811543044322	6477504.8	46677.8	25.84	25.905127125923382
-1.2928726750180508	-0.9999983395507105	0.03964704294720052	0.2744811543044322	6477504.8	46889.4	26.145000000000003	26.1465671602336
-1.2928726750180508	-0.9999983055176372	0.10085227272727273	0.2744811543044322	6477504.8	58454.3	26.115000000000002	26.21840771596003
-1.2928726750180508	-0.9999982931416562	0.06516748897726513	0.2744811543044322	6477504.8	63333.35	26.29	26.35423176846724
-2.258868177569648	-0.9999989809325791	0.030075430526949568	0.10446865783688587	10950007.1	70177.375	28.990000000000002	29.171974956664805
-1.7913055292663287	-0.999998428861975	0.037902832468584	0.16674234050134368	6893523.222222222	50546.88888888889	26.87	27.131038314451256
-1.7913055292663287	-0.99999838734291	0.06693226290336447	0.16674234050134368	6893523.222222222	67297.22222222222	27.195	27.241511513906428
-2.3357620274385877	-0.9999991895814733	0.02030452475880387	0.09673673838353081	13449513.4	54161.0	28.68	28.85660100269903
-2.3357620274385877	-0.9999992092872195	0.021191881903763237	0.09673673838353081	13449513.4	41551.05	29.17	29.736197747687665
-2.370965527913919	-0.9999991267370074	0.03252181536630029	0.09339051158683344	14241033.1	251742.8	29.95	29.9633815707036
-0.2871400066581632	-0.9999982327399322	0.020420978718253713	0.7504066595533725	5750118.5	25897.875	25.69	25.71905622796041
-0.2871400066581632	-0.9999979322073406	0.06805507584597432	0.7504066595533725	5750118.5	145808.0	25.795	25.815866214390244
-2.2986620109318467	-0.9999990217610113	0.029868918839272087	0.10039307874215896	12456010.1	195819.7	28.2	28.53830842819988
