-2.147906360679805	-0.9999990483538705	0.037462908949295055	0.11672828905864474	12479521.3	143785.975	10.040000000000001	10.059476684872218
-2.147906360679805	-0.9999992216052924	-0.010842597660079282	0.11672828905864474	12479521.3	-16546.55	10.13	10.186764545492254
-2.147906360679805	-0.9999991169794894	0.04052177251285162	0.11672828905864474	12479521.3	61062.725	10.26	10.299109139992286
-1.1893613280925124	-0.999999303432379	0.03364617995219881	0.30441562370113645	16811163.6	121796.15	11.3	11.346346287610816
-1.1893613280925124	-0.9999992172924712	0.039065105140419214	0.30441562370113645	16811163.6	518254.85	11.43	11.439622317077102
-2.1762362934404793	-0.9999990709761929	0.02923584057719372	0.11346778744039875	11963827.4	67148.75	10.27	10.302816569661696
-2.1762362934404793	-0.9999990573634711	0.053398089577613064	0.11346778744039875	11963827.4	79025.675	10.275	10.349697018390248
-2.1762362934404793	-0.999999206840986	0.009733153490323299	0.11346778744039875	11963827.4	13215.45	10.355	10.447348866498741
-2.1762362934404793	-0.9999990016208553	0.03899824697095498	0.11346778744039875	11963827.4	153957.1	10.524999999999999	10.531722660123421
-2.1762362934404793	-0.9999990402936081	0.05960042170709348	0.11346778744039875	11963827.4	96930.675	10.545000000000002	10.579518762061745
-1.931511368042472	-0.9999992517540902	0.03692366085765318	0.14492899182770697	15412061.4	101925.975	10.03	10.151331661950941
-1.931511368042472	-0.9999991694345922	0.02854622595282322	0.14492899182770697	15412061.4	362479.175	10.200000000000001	10.203641993829883
-2.013278064664577	-0.9999991826964021	0.045242652056830084	0.13355017024451885	14259208.6	115161.85	10.200000000000001	10.266229267407127
-2.013278064664577	-0.9999995665983249	-0.00026106211970362386	0.13355017024451885	14259208.6	-481.975	10.34	10.380125275254137
-2.013278064664577	-0.9999992180356906	0.019549279913324356	0.13355017024451885	14259208.6	69576.2	10.35	10.393973671544106
-2.013278064664577	-0.9999992033419043	0.05774288942389784	0.13355017024451885	14259208.6	85793.825	10.434999999999999	10.560830952190859
-1.7114873540572542	-0.9999993071929478	0.03534526921634494	0.18059698110515687	16853432.3	117732.25	11.1	11.141075572383667
-0.7196991907699748	-0.9999993210153274	0.024316551712524757	0.4868986975556876	17047172.666666668	106378.58333333333	11.31	11.421565650134015
-1.4569930402641837	-0.9999993159664415	0.024652451200672082	0.23293565082798237	16547942.0	82399.57142857143	11.065000000000001	11.133893339655168
-1.833554624038791	-0.9999992567172622	0.04501289675292616	0.15984437009222846	15816701.2	127551.2	10.74	10.822254452136725
-1.833554624038791	-0.9999994837703062	-0.001498017872053445	0.15984437009222846	15816701.2	-3514.9	10.735	10.791748901191784
-2.084962178088609	-0.9999991104225334	0.05040709381795688	0.12431182178757519	13266108.6	133415.525	10.26	10.345666828784427
-2.084962178088609	-0.9999990806688556	0.03170769257280672	0.12431182178757519	13266108.6	197984.05	10.35	10.368766871461405
-2.084962178088609	-0.9999991486974581	0.05609361049906318	0.12431182178757519	13266108.6	80294.75	10.41	10.473922827416065
-2.084962178088609	-0.9999990744723022	0.04818116666857944	0.12431182178757519	13266108.6	214946.9	10.485	10.500640681050019
-0.9957724695371667	-0.9999993325124819	0.024094994775004413	0.36943795472626223	17129604.25	92391.125	11.26	11.327247456962505
-0.9957724695371667	-0.9999994318253702	0.005346128411103022	0.36943795472626223	17129604.25	16857.4375	11.3	11.424923232335692
-0.9957724695371667	-0.9999992567064675	0.05557561456923308	0.36943795472626223	17129604.25	338514.125	11.495000000000001	11.503409562216344
-0.9957724695371667	-0.9999992728530023	0.12790400476702818	0.36943795472626223	17129604.25	256718.75	11.46	11.488791992733697
-0.9957724695371667	-0.9999994138107241	0.01300284412761509	0.36943795472626223	17129604.25	22951.6875	11.504999999999999	11.547587698260783
-1.7762748962058552	-0.9999992810144198	0.0393763059837295	0.16926751337007187	16222190.3	116251.625	10.91	10.996667264549982
