-1.516858800893637	-0.9999983967928772	0.11521629943217906	0.21939998469627353	7329283.75	126798.1875	8.75	8.86519308595374
-1.516858800893637	-0.9999985529163342	0.0321385250409702	0.21939998469627353	7329283.75	40378.875	8.905000000000001	8.966549281153943
-1.670640784782588	-0.9999983201850008	0.10696305060455417	0.18812647842307123	6936114.5	114849.8	8.950000000000001	8.98582765399738
-1.670640784782588	-0.9999984473083675	0.04151023876261421	0.18812647842307123	6936114.5	47554.225	8.995000000000001	9.02932721188657
-1.670640784782588	-0.999998383777933	0.07430582673804666	0.18812647842307123	6936114.5	73886.675	9.024999999999999	9.027795097802784
-1.670640784782588	-0.9999984037012005	0.04433225014214171	0.18812647842307123	6936114.5	64350.225	9.01	9.020097999743653
-1.8422323194159662	-0.9999983247290765	0.10250610606845625	0.15846329030220704	6920206.1	108359.625	9.01	9.099678387520953
-1.1626865041121381	-0.999997743700329	0.0973106697159993	0.3126451292187862	4968729.0	73934.0	9.18	9.18728249475891
-2.135469335617328	-0.9999976357006716	0.11438640863681869	0.11818910699999614	4837159.3	92640.5	9.13	9.205176738391637
-2.135469335617328	-0.9999977170529335	0.08304933832973202	0.11818910699999614	4837159.3	62502.55	9.25	9.324985036633885
-2.135469335617328	-0.9999977303170492	0.09033688881861447	0.11818910699999614	4837159.3	58618.225	9.365	9.373278690923245
-2.009272168224155	-0.999997665960815	0.11994679844619992	0.13408623138196354	4981963.1	112205.6	9.06	9.07488382715881
-2.009272168224155	-0.9999976338171274	0.06748599078010872	0.13408623138196354	4981963.1	131692.925	9.05	9.055030919471152
-2.163071893612552	-0.9999977130663108	0.09728748289374708	0.11497139811313545	4977811.8	87896.4	9.370000000000001	9.451169002609488
-1.8892344847354359	-0.999998318053622	0.10876631071234344	0.15118750088844654	6963614.7	122078.35	9.09	9.13133953902152
-1.972106801052643	-0.9999976397830904	0.08925585515972667	0.13916335764368878	5297101.0	268956.15	8.98	9.000720924482605
-1.421975064939475	-0.9999983278109358	0.09450900732942848	0.2412370871555262	6818674.428571428	89509.64285714286	8.65	8.7559604102417
-0.23879077294820256	-0.9999970781643677	0.14029705192548914	0.7875796481031911	4074816.0	148143.375	9.32	9.361005155874917
-0.23879077294820256	-0.9999972582377715	0.12781264095776704	0.7875796481031911	4074816.0	71122.75	9.355	9.375531312496824
-1.7909401423353857	-0.9999983276421666	0.09854138869977545	0.1668032771054392	6878176.8	98988.875	9.02	9.068796073982217
-0.9724230474080325	-0.9999972222834708	0.1176085363861086	0.378165613860572	4103825.5	89255.0	9.31	9.320135676318536
-2.0759846888119338	-0.9999972961366527	0.11620801112603672	0.12543285433431664	4211393.4	88169.9	8.96	9.058216996047431
-2.0759846888119338	-0.9999974805325472	0.07058847691787681	0.12543285433431664	4211393.4	40556.2	9.085	9.09338473554563
-2.0759846888119338	-0.999997176305417	0.09236547304357098	0.12543285433431664	4211393.4	146046.725	9.115	9.117050113001444
