-2.0728388503634227	-0.9999989980763055	0.032898415067328615	0.12582806714208233	11191505.8	74088.925	10.06	10.104345786409072
-2.0728388503634227	-0.9999990443311819	0.027836319031865734	0.12582806714208233	11191505.8	44150.1	10.14	10.190660172452281
-2.0728388503634227	-0.9999988199883525	0.07299027098278736	0.12582806714208233	11191505.8	543674.15	10.254999999999999	10.269128555984887
-0.7109484676169023	-0.9999989442331104	0.050290354477959195	0.4911781099300409	10582437.0	71151.91666666667	10.115	10.23010863350486
-1.4381112323905172	-0.9999988653949011	0.03032457251134808	0.2373756830378532	9486866.57142857	47279.21428571428	10.15	10.168370749658974
-1.4381112323905172	-0.9999986668469908	0.05719405332783385	0.2373756830378532	9486866.57142857	310966.8214285714	10.254999999999999	10.255381525535027
-1.4381112323905172	-0.9999987808276996	0.0952514462397251	0.2373756830378532	9486866.57142857	105463.0	10.265	10.279223005845749
-1.1769325548850715	-0.99999882893802	0.029958254392744955	0.3082227463725903	9213361.2	48503.75	9.85	9.938972926909695
-1.1769325548850715	-0.9999989106103314	0.019836541554461816	0.3082227463725903	9213361.2	22854.35	9.895	9.938707972187101
-1.1769325548850715	-0.9999987990473105	0.045062557111059665	0.3082227463725903	9213361.2	63882.15	9.965	10.002787111037287
-2.1364558489281373	-0.9999988853599743	0.033933007131171235	0.11807256936516333	10811996.8	171352.575	10.34	10.365158761211559
-1.959950036817448	-0.9999988856260937	0.04356655423540883	0.1408654588318602	10194471.7	85857.275	10.48	10.522184684325513
-1.7564863639478605	-0.999998889979459	0.042849316238938506	0.17265043010591796	10084812.2	72717.325	10.35	10.353114206658736
-1.7564863639478605	-0.9999989321117535	0.04043090979331626	0.17265043010591796	10084812.2	47544.975	10.375	10.42459489833056
-1.7564863639478605	-0.9999988148986203	0.06848152334823841	0.17265043010591796	10084812.2	155052.4	10.455000000000002	10.506225320467005
-1.7564863639478605	-0.9999987456279561	0.06205836784374735	0.17265043010591796	10084812.2	311795.65	10.605	10.618483978435577
-0.24751110738908905	-0.9999989454073342	0.047829023585565345	0.7807415487626038	10427470.0	59677.875	10.51	10.597596963034444
-1.32122056218915	-0.9999987225304182	0.04431607967088337	0.26680944562130465	9774059.833333334	264622.7083333333	9.86	9.911300200831358
-1.32122056218915	-0.9999988174909746	0.09768613104375087	0.26680944562130465	9774059.833333334	104600.58333333333	9.940000000000001	10.108009134860966
-1.6923587593714278	-0.9999988478519459	0.04449265385525152	0.18408479974306652	9698852.6	71289.2	10.0	10.065243251341055
-1.6923587593714278	-0.999998892966843	0.0400069270720738	0.18408479974306652	9698852.6	46024.525	10.105	10.173426313823583
-1.6923587593714278	-0.9999987696487012	0.07027209301412936	0.18408479974306652	9698852.6	152205.875	10.19	10.21554197219383
-1.6923587593714278	-0.9999988044586332	0.094375055457163	0.18408479974306652	9698852.6	108593.875	10.29	10.343000388632733
-2.105792259323669	-0.9999989757725021	0.03488314644659273	0.12174917912722713	11027851.5	80419.85	10.33	10.36081886001239
-2.105792259323669	-0.9999990208924734	0.03105967876737699	0.12174917912722713	11027851.5	48895.075	10.35	10.350312265936433
