-1.5686794972766003	-0.9999965996833753	0.08131039589845043	0.20832008805382707	3271089.3333333335	67692.09375	7.79	7.83319474987446
-1.5686794972766003	-0.9999968188354933	0.06996152899745202	0.20832008805382707	3271089.3333333335	33052.1875	7.84	7.871393308278128
-1.5686794972766003	-0.9999965939589607	0.12180776910570183	0.20832008805382707	3271089.3333333335	68971.59375	7.905	7.919982183818453
-1.5686794972766003	-0.9999966279515676	0.10166781745841345	0.20832008805382707	3271089.3333333335	61713.34375	7.92	7.937715637173066
-1.277752698285391	-0.9999966938416438	0.07410718629274932	0.2786628367763881	3391336.8333333335	74034.25	7.7	7.746914514192754
-1.277752698285391	-0.9999967518052599	0.07559580435607788	0.2786628367763881	3391336.8333333335	60821.95	7.77	7.770078739760427
-0.22774280615768153	-0.9999973954225617	0.1435059865758144	0.7963290444263428	4511547.5	126838.125	7.59	7.640601054125279
-2.075959578738622	-0.9999958472596596	0.040594047100782835	0.12543600400202867	2470777.3	28579.975	7.84	7.891280602113858
-2.075959578738622	-0.9999957227267693	0.09424171817242374	0.12543600400202867	2470777.3	38877.225	7.91	7.911822699850137
-1.7603162090180153	-0.9999962732387592	0.07420914827744558	0.17199047028592324	2952706.5	60115.05	8.0	8.02929373301296
-1.7603162090180153	-0.9999964567631122	0.08260529057529159	0.17199047028592324	2952706.5	34965.25	8.05	8.069432082673867
-1.7603162090180153	-0.9999960444140088	0.10854962077535477	0.17199047028592324	2952706.5	118145.95	8.040000000000001	8.047643714525861
-1.7603162090180153	-0.9999962827903772	0.09670644800938019	0.17199047028592324	2952706.5	58443.275	8.045000000000002	8.077927141050488
-1.7603162090180153	-0.9999960675536663	0.10709835544635735	0.17199047028592324	2952706.5	110343.2	8.09	8.090132840763355
-2.1042621383532265	-0.9999958970427054	0.03591092665824992	0.12193561269592615	2461614.7	24339.575	7.8500000000000005	7.857331701346389
-2.1042621383532265	-0.999995476771723	0.09142147813372396	0.12193561269592615	2461614.7	68489.15	7.84	7.880732396299134
-2.1042621383532265	-0.9999955947941302	0.10415200927878737	0.12193561269592615	2461614.7	51220.75	7.9350000000000005	8.011748706083885
-2.1573831030491224	-0.9999958174928703	0.03287701735270113	0.11562731022219086	2384045.0	21401.975	7.930000000000001	7.963039397281942
-2.1573831030491224	-0.9999954067030169	0.0790767315048109	0.11562731022219086	2384045.0	56988.75	8.0	8.005199590161988
-2.1573831030491224	-0.9999950401383138	0.10738985595811885	0.11562731022219086	2384045.0	136560.925	8.01	8.023074020622634
-2.045814491374223	-0.9999960559608497	0.038167668762610636	0.1292748538321533	2588247.7	27122.35	7.78	7.837521830773863
-0.6800603153638707	-0.9999963081422701	0.12264167008694137	0.5065864364988554	3460943.3333333335	354090.4166666667	7.79	7.808530805687203
-0.6800603153638707	-0.9999965537027455	0.12596571285906485	0.5065864364988554	3460943.3333333335	151362.5	7.79	7.808530805687203
-0.6800603153638707	-0.999996779969526	0.11759376531823681	0.5065864364988554	3460943.3333333335	69170.41666666667	7.8100000000000005	7.817775112422809
-1.8115935216276502	-0.9999965223323634	0.07218785814984228	0.1633935580703183	3148596.4	56940.05	8.094999999999999	8.140142192347467
-1.8115935216276502	-0.999996658624071	0.09783905327942403	0.1633935580703183	3148596.4	37072.0	8.13	8.142091254752852
-1.8115935216276502	-0.9999965656757878	0.11996697031820502	0.1633935580703183	3148596.4	49676.175	8.115	8.128421951533902
-1.8115935216276502	-0.9999964888498837	0.0952174903673797	0.1633935580703183	3148596.4	63270.775	8.155000000000001	8.162233164509473
-1.4873509058340368	-0.9999963850212698	0.09168492978430061	0.22597048042398998	3339575.25	174990.64285714287	7.76	7.770686459703501
-1.4873509058340368	-0.9999967421501649	0.08983124649376872	0.22597048042398998	3339575.25	53093.82142857143	7.785	7.7911253333333335
-1.4873509058340368	-0.9999967647795086	0.10430205403011843	0.22597048042398998	3339575.25	49229.1875	7.79	7.810847457627118
-1.4873509058340368	-0.9999966063474727	0.11830643421524639	0.22597048042398998	3339575.25	83562.15625	7.815	7.823946169772257
-1.6399222273941576	-0.9999966578744861	0.08119523729046829	0.1939951292109292	3321106.2	66140.63888888889	7.91	7.910921254164357
-1.6399222273941576	-0.9999968391296713	0.0767525429793525	0.1939951292109292	3321106.2	36226.944444444445	7.945	7.999967982924226
-1.6399222273941576	-0.9999966347180227	0.12816583299789205	0.1939951292109292	3321106.2	71427.97222222222	7.995	8.035999308522461
-1.6399222273941576	-0.9999966582229478	0.10482771612640245	0.1939951292109292	3321106.2	66064.13888888889	8.085	8.11608101780921
