-1.803652187737544	-0.9999988917677792	0.11326727229794943	0.16469628672570627	11367219.0	295822.525	10.18	10.40509381367048
-0.9729286990321936	-0.9999979921174514	0.05753586465122428	0.37797444214094017	6108708.25	212259.3125	9.39	9.395449713359461
-0.7017584914833583	-0.999998287614796	0.047314946005271	0.4957128301075313	6466813.666666667	64451.0	9.450000000000001	9.461627523942418
-2.127688143844255	-0.9999987117514871	0.05496455448200857	0.11911234640019167	9051268.9	115875.9	10.26	10.299665682453808
-2.127688143844255	-0.9999987066350597	0.07861168939151587	0.11911234640019167	9051268.9	121368.375	10.3	10.3189102178445
-1.6803450153848232	-0.9999987730488344	0.10615439727604815	0.18630968524164065	10064610.3	230678.675	10.135000000000002	10.377687364980584
-1.9897644958311478	-0.9999989747972846	0.08987157288120705	0.13672762157909235	12054450.4	232873.575	10.31	10.397206991430496
-1.9897644958311478	-0.9999989937369915	0.08671734203199977	0.13672762157909235	12054450.4	185339.05	10.42	10.463587605145728
-1.9897644958311478	-0.9999990013873773	0.09670951700924453	0.13672762157909235	12054450.4	169011.225	10.385000000000002	10.405808524968728
-1.745710357982366	-0.9999988467592363	0.11881364701544818	0.17452097255805601	10886165.7	283329.7	10.22	10.40842447364035
-1.745710357982366	-0.999998908721596	0.08164878544079034	0.17452097255805601	10886165.7	144326.1	10.355	10.400528462822178
-1.745710357982366	-0.9999989083930979	0.08388257736991794	0.17452097255805601	10886165.7	144843.15	10.385000000000002	10.403899993649942
-1.1632396650970656	-0.9999983242373857	0.06975191510908725	0.3124722339550405	6978979.2	119982.85	9.6	9.673642812349886
-2.2113148603674833	-0.9999983848515963	0.05433994495853589	0.10955650226735296	7554872.3	199233.925	10.0	10.025856604118575
-1.522789302517232	-0.9999986517614815	0.08870104133604662	0.2181026833569289	9349598.375	298189.75	10.040000000000001	10.055969772384271
-1.9490402128974094	-0.9999988644768596	0.08576630175146734	0.14241068995724276	11883566.5	725098.925	10.23	10.252026678480505
-1.9490402128974094	-0.9999990276956789	0.08541605584853884	0.14241068995724276	11883566.5	104238.15	10.254999999999999	10.389262268089725
-1.3086084785037233	-0.9999983660111494	0.0869434422381515	0.27019577814509904	7331352.0	159426.95833333334	9.47	9.561341783853788
-1.9048979549063711	-0.9999989419602726	0.10139734552403366	0.1488378300175273	11872548.0	285393.425	10.290000000000001	10.333595376323906
-1.424272134413917	-0.999998668608501	0.10088118958947258	0.2406835847666195	9095138.57142857	181531.5357142857	9.5	9.555551252873101
-1.424272134413917	-0.9999987226009512	0.09109920328895031	0.2406835847666195	9095138.57142857	111091.82142857143	9.58	9.677184079580236
-1.424272134413917	-0.9999987158241356	0.07439691849190899	0.2406835847666195	9095138.57142857	118154.57142857143	9.705000000000002	9.865139283010919
-1.424272134413917	-0.9999988093462814	0.05991470150444655	0.2406835847666195	9095138.57142857	50470.32142857143	10.015	10.073426616041752
-2.0965456688998274	-0.9999987870461645	0.06413705727855393	0.12288016474323107	9834685.0	151601.75	10.135000000000002	10.221835108327443
-2.0965456688998274	-0.999998814637573	0.07034143047427358	0.12288016474323107	9834685.0	115572.975	10.205000000000002	10.297199262386592
-2.0965456688998274	-0.9999987526937012	0.0737890170213484	0.12288016474323107	9834685.0	212534.55	10.3	10.3197437510745
-2.0965456688998274	-0.9999988305046085	0.09206117852818611	0.12288016474323107	9834685.0	98874.7	10.3	10.34289488264666
-1.6065613193428727	-0.9999987476154729	0.1054787012125986	0.2005761468910377	9792608.666666666	211950.25	9.9	10.14621699248557
-1.6065613193428727	-0.9999987902956076	0.08535191654064113	0.2005761468910377	9792608.666666666	139546.69444444444	10.225000000000001	10.252595349911335
-1.6065613193428727	-0.9999987862021993	0.08543662582293941	0.2005761468910377	9792608.666666666	145254.11111111112	10.235	10.312743577365255
