-2.1823714309426894	-0.9999986465319736	0.049704693891155165	0.1127737780607361	8990227.1	192524.7	22.7	23.121572829279156
-1.675847917060881	-0.9999986844918208	0.04261254247378961	0.18714942499576195	9122065.375	162778.46875	23.19	23.234602450005326
-1.2772710644504524	-0.9999987750173828	0.04014590922772733	0.27879708255317864	9856343.8	175228.15	22.995	23.047698957075564
-1.8482124093707064	-0.9999986429586305	0.0468159065146247	0.15751849337259913	8898254.9	175482.45	23.17	23.301626003540623
-2.1389061564584915	-0.9999986339416639	0.03506010308118911	0.11778360942425561	8602656.0	126972.025	22.63	22.641526225636962
-2.1389061564584915	-0.9999986675649669	0.03342107633050224	0.11778360942425561	8602656.0	95079.6	22.535	22.562613466107166
-2.1389061564584915	-0.9999987457580846	0.04084591789989779	0.11778360942425561	8602656.0	48522.9	22.59	22.641177113676154
-1.4379784412573489	-0.9999987121911136	0.04354712737490829	0.23740720651676325	9405604.833333334	182155.5	23.1	23.139344418327966
-1.7678616340135338	-0.9999986535474504	0.04551146383033266	0.1706976128059054	8956118.0	172643.16666666666	23.19	23.192890819457965
-1.7678616340135338	-0.9999986538550923	0.05964591492875405	0.1706976128059054	8956118.0	172168.13888888888	23.155	23.25254638223993
-1.7678616340135338	-0.9999987663751347	0.05336819715158519	0.1706976128059054	8956118.0	62847.97222222222	23.22	23.22400271306682
-2.261331731014904	-0.9999986104314316	0.03805530239308815	0.10421161046991759	8960126.7	255430.725	22.86	22.87567195923452
-2.261331731014904	-0.9999987034572538	0.04086183537173531	0.10421161046991759	8960126.7	110988.1	22.875	22.946439195610232
-1.067683962511793	-0.9999988213209349	0.043344373008877855	0.34380385866837826	10317119.75	191103.0	22.75	22.902152581192762
-1.067683962511793	-0.9999987892565163	0.08506618470900919	0.34380385866837826	10317119.75	266034.625	23.095	23.0998279062657
