-2.2806901527121557	-0.9999988390748716	0.05547095537236724	0.10221363934679348	10800800.6	278986.1	24.05	24.1159441866034
-2.380527882850511	-0.999998347705739	0.0482738999998996	0.09250173454048792	7545308.9	259644.0	24.22	24.24461934411365
-2.380527882850511	-0.9999984390366818	0.05023937303959243	0.09250173454048792	7545308.9	130345.35	24.295	24.31988756605191
-2.349099578649858	-0.999998567296368	0.056703069103291266	0.09545507331764451	8600022.9	224421.125	23.83	23.854465894901963
-2.349099578649858	-0.9999986352940151	0.04631188750127165	0.09545507331764451	8600022.9	125053.225	23.875	24.117385573925315
-2.349099578649858	-0.9999987654346899	0.035745537169623094	0.09545507331764451	8600022.9	40833.8	24.25	24.253716012676605
-1.8675183586194701	-0.9999992491296162	0.01886727516634271	0.15450661645351244	15525732.8	115589.95	24.01	24.19805537102682
-1.8675183586194701	-0.9999993003281166	0.009881763860082793	0.15450661645351244	15525732.8	52203.225	24.125	24.1647346892395
-1.9377858975853908	-0.9999992253212303	0.03688085967295399	0.14402247753630915	16029552.3	247149.775	24.1	24.591849819006164
-1.2923458283111802	-0.9999991394778414	0.024622319964514097	0.27462580189688374	13777221.6	140870.65	25.635	25.928065288410103
-2.1581069437999916	-0.9999990688892265	0.04072356858783577	0.11554364474703184	13261369.9	230452.5	24.32	24.3774286571278
-2.1581069437999916	-0.9999993078898725	-0.002269194924662996	0.11554364474703184	13261369.9	-9683.95	24.425	24.47528520129539
-2.410138707815965	-0.9999984319607774	0.04848943260499769	0.08980283735287407	7554858.0	139567.9	24.22	24.362144332500154
-2.410138707815965	-0.9999984218704574	0.05566516036836481	0.08980283735287407	7554858.0	150623.4	24.455	24.510950893005127
-2.410138707815965	-0.9999986241231135	0.02697685508842426	0.08980283735287407	7554858.0	32680.175	24.445	24.450079789504674
-1.586003420005887	-0.9999991243448935	0.017217376778197905	0.20474224754253836	13061065.285714285	92686.46428571429	25.310000000000002	25.34846584264928
-0.7815363667990466	-0.9999990947664955	0.029347585885413748	0.4577022722680436	13959029.333333334	307483.8333333333	25.28	25.433988486658915
-0.7815363667990466	-0.9999990995035888	0.05294864571239764	0.4577022722680436	13959029.333333334	287809.0	25.375	25.66034599859108
-0.7815363667990466	-0.9999990978590743	0.1454544107502416	0.4577022722680436	13959029.333333334	294492.3333333333	25.68	25.793871651587317
-0.28636129840432956	-0.9999989516940754	0.01667098998868014	0.7509912349902174	10690680.0	73650.75	25.22	25.22690206404549
-2.058359635337624	-0.9999991363235239	0.03864892894999733	0.12766321245324594	14578581.1	293952.7	24.52	24.520613477218976
-2.058359635337624	-0.9999993055127896	-0.0035780439584170475	0.12766321245324594	14578581.1	-24949.225	24.57	24.60399415788341
