-0.7835703264818648	-0.9999993108190441	0.005786644014417468	0.4567722704132724	16651375.666666666	96355.58333333333	25.07	25.088795314404607
-1.782861509191216	-0.9999992685271428	-0.015969540800495886	0.16815627742649314	15877889.333333334	-110662.02777777778	22.47	22.713183316311202
-1.931565647288611	-0.999999419345114	-0.0007663095199656613	0.14492112540478067	14603851.3	-4815.475	22.71	22.8270453882369
-2.1020115896341873	-0.9999991370349258	0.01093037820002009	0.12221034376475305	13091369.6	80610.35	23.77	23.778755163445265
-2.1020115896341873	-0.9999990888669168	0.03905967523261495	0.12221034376475305	13091369.6	151444.325	23.945	23.982657668733754
-1.0816297917511057	-0.99999924484371	-0.01856642374556332	0.33904250643401646	15863623.5	-159453.6875	25.04	25.19605990642614
-1.0816297917511057	-0.9999992229403564	0.04474873999866271	0.33904250643401646	15863623.5	225703.4375	25.32	25.55443479114387
-1.0816297917511057	-0.9999992449037052	0.06941877647565341	0.33904250643401646	15863623.5	159302.0	25.72	25.74193299261444
-1.8619072265654049	-0.9999992814045928	-0.010034627024125076	0.15537601034256243	15486649.5	-68092.375	23.0	23.14410291902373
-1.993648226642268	-0.9999992169592373	0.008928854733567693	0.13619763812513022	13939701.3	55013.625	22.93	23.107453075316254
-1.993648226642268	-0.9999991384991028	0.04020253437972848	0.13619763812513022	13939701.3	164235.9	23.405	23.415652254677035
-2.050315724478225	-0.9999991931006462	0.008554696761312802	0.12869426524313735	13427456.3	50745.9	23.31	23.452197693997594
-2.050315724478225	-0.9999991041140971	0.041377327628728935	0.12869426524313735	13427456.3	167621.35	23.42	23.610799611051586
-2.1936984887918594	-0.9999990389389856	0.016223694437739616	0.1115035902786485	11773607.1	82054.8	23.64	23.645668086673087
