-2.3279037436510164	-0.9999985554989683	0.03423802199696182	0.09749991783944825	8045679.7	111522.725	22.18	22.192833163864048
-2.3585774733541967	-0.9999985677336639	0.03249585049321087	0.09455463405855233	8063904.5	103740.65	21.78	21.81824112850171
-2.3585774733541967	-0.9999985732121364	0.03506762535362251	0.09455463405855233	8063904.5	99257.325	21.925	22.01806499747405
-2.3585774733541967	-0.9999988793836314	-0.006883489969366301	0.09455463405855233	8063904.5	-8403.675	22.095	22.122418698905363
-1.6756856019133048	-0.9999981990486719	0.050286647283975396	0.18717980464777106	6593583.375	143589.78125	22.5	22.61455785418747
-2.0903262292885514	-0.9999987935882301	0.024721293020927376	0.12364679203215409	9403253.6	84472.725	22.1	22.330943645303474
-2.0903262292885514	-0.9999986941476595	0.06292157098676673	0.12364679203215409	9403253.6	215185.575	22.445	22.531067416921886
-0.28201426406243957	-0.99999776392328	0.090722185695701	0.7542629256028894	5601013.5	274935.625	22.580000000000002	22.729824417228947
-2.1811909302523955	-0.9999987405494064	0.03311832052736188	0.11290698619426087	9239466.6	113169.6	22.305	22.46399391201658
-2.1811909302523955	-0.9999986678501264	0.06436420561361042	0.11290698619426087	9239466.6	221538.075	22.585	22.614777765835537
-0.7737082806539011	-0.9999978874126906	0.06331922385711007	0.46129926550233075	5942558.666666667	283274.1666666667	22.740000000000002	22.75533198629626
-0.7737082806539011	-0.99999805965322	0.05784133327120231	0.46129926550233075	5942558.666666667	101784.66666666667	22.805	22.847178751580383
-0.7737082806539011	-0.9999980911025117	0.09920538251614378	0.46129926550233075	5942558.666666667	84433.83333333333	22.91	22.930187921141236
-1.4392252066852531	-0.9999981833990046	0.04724230207649373	0.2371113998584178	6519019.0	139030.58333333334	22.84	22.858562739144837
-1.5683260262059586	-0.9999982273504	0.04911259043508887	0.20839373619386428	6706382.142857143	145518.5357142857	22.63	22.737788029194803
-2.2593665692657403	-0.9999987316430539	0.02683811285570135	0.10441660449787149	9008317.0	91651.675	22.3	22.329945410670234
-2.2593665692657403	-0.9999986279462809	0.07116714127557325	0.10441660449787149	9008317.0	233255.7	22.405	22.498277732314726
-2.137664670922136	-0.999998764228738	0.02994660089912786	0.11792992687848405	9354943.4	104878.8	22.51	22.60746609767285
-2.137664670922136	-0.9999986898726764	0.061382049623370086	0.11792992687848405	9354943.4	210273.05	22.549999999999997	22.550296823250754
-1.9180038509352866	-0.9999985934701859	0.03578123991437826	0.14689990376099657	8254055.7	110146.475	23.09	23.21449823977865
-1.9180038509352866	-0.9999985097371464	0.07369970990986208	0.14689990376099657	8254055.7	219851.6	23.205	23.22013609081483
-1.9180038509352866	-0.9999986257204987	0.0561572972257282	0.14689990376099657	8254055.7	84403.8	23.3	23.311157931796703
