-1.6763343714576469	-0.9999986023134256	0.03973106401632624	0.18705840747485206	8484706.625	141344.21875	23.27	23.564607510381762
-2.041167927996239	-0.9999985500467109	0.04329044001291215	0.12987693535536987	8248115.8	156275.575	23.46	23.48854396870895
-2.041167927996239	-0.9999985392092156	0.06001769185090322	0.12987693535536987	8248115.8	170888.35	23.465	23.49411890655829
-2.041167927996239	-0.9999986142913146	0.06299019339324205	0.12987693535536987	8248115.8	91993.65	23.509999999999998	23.548061382578286
-1.7686541023747326	-0.9999986088846298	0.036492891412958715	0.17056239393384012	8470806.0	131119.02777777778	23.45	23.479355160306472
-1.7686541023747326	-0.9999985650228481	0.05997903665059771	0.17056239393384012	8470806.0	190119.44444444444	23.48	23.51973411946825
-1.7686541023747326	-0.9999987056497661	0.04594424523997872	0.17056239393384012	8470806.0	57766.96875	23.47	23.51210187939777
-2.300185996779054	-0.9999984283834294	0.038843276219162295	0.10024019763490956	7484711.4	128423.5	23.26	23.29272700293197
-2.300185996779054	-0.9999984357121311	0.049112959820717436	0.10024019763490956	7484711.4	121568.725	23.205	23.26963804500648
-2.1411244073019264	-0.9999986072302683	0.03981794189602439	0.1175226254043359	8571943.8	153083.275	23.55	23.725939712085477
-1.2784774087684323	-0.9999985560595417	0.0296921672916646	0.2784609600572652	7972565.2	99897.45	22.5	22.594216493538394
-1.2784774087684323	-0.9999985197849294	0.04579814518876666	0.2784609600572652	7972565.2	133399.5	22.77	22.774046332050126
-1.2784774087684323	-0.9999986404118205	0.04872551232451332	0.2784609600572652	7972565.2	50990.05	22.75	22.770215103405054
-2.226626164080723	-0.9999985505295932	0.041668722688705244	0.10789182609018826	8269389.7	160528.925	23.51	23.55311491646643
-1.438472628426991	-0.9999985914120597	0.03670334576913928	0.23728991190645501	8300967.166666667	119686.83333333333	22.79	22.91192816319567
-1.438472628426991	-0.9999984881925809	0.08130127954291369	0.23728991190645501	8300967.166666667	281943.0	23.134999999999998	23.285860163179795
-1.9201631671260166	-0.999998624445569	0.04233158265064541	0.1465830426451752	8694684.6	156373.95	23.580000000000002	23.68391895266083
-1.9201631671260166	-0.9999986122854341	0.05455365895746969	0.1465830426451752	8694684.6	173812.9	23.615000000000002	23.66351623317891
-1.8492113175255531	-0.9999986065098864	0.035233180843208624	0.15736122542622424	8427952.8	126028.2	23.51	23.579464816788732
-2.4222052460538483	-0.9999982525222196	0.051951117269246144	0.08872573947234255	6835387.3	153995.85	22.28	22.428451929404126
