-0.7802585822475887	-0.9999991930206211	0.017639112029976912	0.45828749097279947	15161605.0	205890.08333333334	24.68	24.73257272299744
-1.9847523759685626	-0.9999989356698319	0.010899950545326229	0.13741463707073992	10986423.7	119751.475	22.0	22.0908007780385
-1.7744129237810897	-0.999999182020677	0.006022835065281591	0.16958297841484116	12859901.222222222	37016.02777777778	21.61	21.83409389318111
-1.7744129237810897	-0.9999993357415818	-0.0009158302474145142	0.16958297841484116	12859901.222222222	-5126.111111111111	21.89	21.927728600479618
-1.922822464153634	-0.9999990142029486	0.016045599614604496	0.14619375264385845	11519462.9	85463.175	22.12	22.29842192157251
-2.041291869975981	-0.9999989162337438	0.010856602246358558	0.12986083914839763	10002326.7	51029.775	22.47	22.585013359069112
-1.5773324220755451	-0.9999992232611006	0.006743007446771504	0.2065252863384417	13794128.285714285	44999.82142857143	22.3	22.44669503881548
-2.2235590239634018	-0.9999985977189307	0.016308518827527315	0.10822325344556824	7723525.8	50540.7	21.53	21.655132547668735
-0.2855079263544101	-0.9999992665161694	0.004952628149311425	0.7516323834500709	14400276.5	38651.625	24.6	24.753300453196786
-2.294734683162892	-0.9999983415510313	0.028636972595171763	0.10078813050923152	7394364.9	211752.225	21.5	21.539635036958156
-2.0927659924956727	-0.9999987797078675	0.01556336893594383	0.12334549083951404	9103586.2	66770.7	22.38	22.510778806722822
-2.0927659924956727	-0.9999987499792705	0.02204262983818187	0.12334549083951404	9103586.2	87523.275	22.590000000000003	22.59449992565056
-2.2601999227330203	-0.999998406189399	0.030434938369086412	0.10432962480591935	7143416.1	88013.1	21.21	21.332759490257097
