-2.1917654855816138	-0.9999985808804663	0.044475746106794785	0.1117193355275628	8347773.4	139592.275	23.56	23.76870720553181
-2.4250870226457724	-0.9999986516806361	0.03282699300982368	0.08847041977708534	8612473.7	110454.175	22.5	22.50700216224398
-2.4250870226457724	-0.9999986631669096	0.03431177642087496	0.08847041977708534	8612473.7	100050.45	22.41	22.5219842570538
-1.5744683490695823	-0.9999985431521712	0.04733484922953945	0.20711763769994737	8182046.0	150240.0	23.5	23.636760508289242
-1.5744683490695823	-0.9999985452774401	0.050513018211611346	0.20711763769994737	8182046.0	147650.0357142857	23.7	23.793470607110006
-1.5744683490695823	-0.9999985866825533	0.07704073659792057	0.20711763769994737	8182046.0	105221.07142857143	23.88	23.90834708597753
-0.7779132995690048	-0.9999985135238989	0.06239020710401953	0.4593635660440699	8223852.0	203730.75	23.55	23.584841115943583
-2.1477872010872137	-0.9999986239219606	0.035662081988485535	0.11674219918275872	8452595.4	112580.3	23.31	23.394193902102497
-2.1477872010872137	-0.9999985822320128	0.05347950183371154	0.11674219918275872	8452595.4	160141.475	23.575000000000003	23.693729304142522
-1.4451963612239012	-0.9999984821145751	0.04934706630818532	0.23569978971236044	8050941.333333333	202886.41666666666	23.78	23.80449825433397
-1.0739887071855052	-0.9999983925267131	0.07710903838349176	0.3416430818522319	7757027.5	260201.25	23.52	23.678596152583687
-2.048587522997039	-0.9999986652506804	0.036525376439378414	0.1289168671580267	8776466.4	122317.375	23.814999999999998	23.907810812942632
-2.232351320733835	-0.9999985270569142	0.03989289921134397	0.10727589332241286	7982786.2	127794.9	23.37	23.380151586848392
-2.232351320733835	-0.9999985282463687	0.04714340193776739	0.10727589332241286	7982786.2	126587.2	23.39	23.511296023496897
-2.232351320733835	-0.9999985803976403	0.057792329436419786	0.10727589332241286	7982786.2	83480.65	23.505000000000003	23.52860958498658
-1.7751270600254023	-0.9999986691354351	0.059220523450684605	0.1694619162961051	9198653.0	207348.55555555556	24.060000000000002	24.130867361443684
-1.7751270600254023	-0.9999986779763151	0.059489522533976984	0.1694619162961051	9198653.0	191153.47222222222	24.270000000000003	24.35000942160052
-1.7751270600254023	-0.99999870320294	0.09008054496125131	0.1694619162961051	9198653.0	151566.47222222222	24.48	24.548651873170396
-2.337839483408561	-0.9999986020463167	0.026225454841218986	0.09653598067371444	8108323.4	83704.55	22.43	22.471369142583683
-0.28403362220028894	-0.9999985967685516	0.05953878471511585	0.7527413354607757	8635177.5	182982.75	23.5	23.708138291012947
-2.3974045504438117	-0.9999986525638077	0.03658814481552454	0.09095371297986105	8669817.0	118422.825	21.91	22.223507228407154
-2.3974045504438117	-0.9999987496765056	0.016746239138168924	0.09095371297986105	8669817.0	51024.25	22.340000000000003	22.460629388211427
