-2.2453718947137618	-0.9999982286298855	0.048627373234455123	0.10588815380552084	6705320.5	144004.15	21.28	21.47058072740586
-2.168195603600037	-0.999997892738893	0.06095350751398278	0.11438382457598276	6085521.0	370933.85	20.75	20.792166377922456
-1.5595464294965022	-0.9999985229010828	0.011114249468765316	0.2102314043428986	6869814.428571428	25523.535714285714	21.080000000000002	21.2933910524338
-1.5595464294965022	-0.9999982869375897	0.0506418685637826	0.2102314043428986	6869814.428571428	129109.10714285714	21.29	21.389176565999797
-1.5595464294965022	-0.9999984056608744	0.0490006818268449	0.2102314043428986	6869814.428571428	57113.53571428572	21.415	21.456103125585827
-2.2080312487497236	-0.9999980211608323	0.05697466856511579	0.10991683454286051	6307647.6	263502.025	20.900000000000002	20.905960872148963
-2.2080312487497236	-0.999998104785317	0.07239196550002486	0.10991683454286051	6307647.6	155490.5	20.89	21.023049174828063
-2.2080312487497236	-0.9999982158770813	0.07848061191536324	0.10991683454286051	6307647.6	77157.625	21.255000000000003	21.255009467155407
-2.078926244218463	-0.9999982615753276	0.03307999727063339	0.12506442878123966	6586754.2	93954.45	20.53	20.572464565346607
-2.078926244218463	-0.9999982329962613	0.052591305464752894	0.12506442878123966	6586754.2	113415.175	20.595	20.71034236401048
-1.4322503774204762	-0.9999983750502798	0.018920031249480558	0.2387709923482793	7052590.333333333	94854.0	20.87	20.91619851386111
-1.4322503774204762	-0.9999983337071963	0.047070760134621616	0.2387709923482793	7052590.333333333	126965.75	20.79	21.145098449726174
-2.3449369755256324	-0.9999981171254045	0.04919288176448181	0.0958532430403931	6271880.0	134478.025	21.35	21.400384659557535
-1.8367882877919297	-0.9999983670611328	0.020905446198594902	0.15932832195926405	6659792.3	52839.525	21.38	21.571631722574125
