-1.6573296516710234	-0.9999978604397411	0.010486878370875946	0.1906473959308722	4648887.75	20879.59375	19.7	19.761679561128933
-1.6573296516710234	-0.9999977010320861	0.027744754080854202	0.1906473959308722	4648887.75	43810.15625	20.1	20.14655253922449
-1.425331434352248	-0.9999976274982727	0.019299168706236998	0.24042876364994387	4721051.833333333	73180.91666666667	19.615000000000002	19.65025799529119
-1.425331434352248	-0.999997683842062	0.03659921416098052	0.24042876364994387	4721051.833333333	56088.375	19.655	19.75239421902252
-1.425331434352248	-0.9999977568377598	0.0552443972387446	0.24042876364994387	4721051.833333333	39737.875	19.985	19.99520947838919
-2.1089973651060903	-0.9999971354208234	0.030594016684837497	0.12135958480821929	3717442.2	42145.525	19.0	19.093804034980522
-1.7475905369022249	-0.999997726762782	0.012310787275974261	0.1741931501833113	4422588.666666667	23238.13888888889	19.900000000000002	20.080876175208637
-2.012678567784369	-0.9999973263739247	0.02443081509062349	0.1336302571584607	3935791.0	37153.25	19.21	19.257388372395745
-2.012678567784369	-0.9999971430064385	0.057619918565928366	0.1336302571584607	3935791.0	76459.5	19.32	19.45396074409915
-1.8260857900413678	-0.9999977380435613	0.014429186287329315	0.1610426906158677	4511359.3	27023.475	19.84	19.87253751452815
-1.8260857900413678	-0.9999975947182033	0.033497708278371605	0.1610426906158677	4511359.3	51589.375	19.799999999999997	19.830343048833434
-1.8260857900413678	-0.9999975930832488	0.06635106267835487	0.1610426906158677	4511359.3	51971.305555555555	19.885	20.005933403607514
-2.2934340751608002	-0.9999968008999504	0.052655994987648426	0.10091930164090891	3472041.1	66662.1	18.740000000000002	18.97958996077186
-2.2934340751608002	-0.9999966952216497	0.05428604903531059	0.10091930164090891	3472041.1	96212.625	19.259999999999998	19.26450912399033
-2.380300216488878	-0.9999968780274424	0.04978923048790115	0.09252279647129115	3574096.8	70137.85	19.03	19.164890223928637
-2.380300216488878	-0.9999969745580642	0.04819674607785043	0.09252279647129115	3574096.8	49672.275	19.105	19.15282358606003
-2.380300216488878	-0.999997049479823	0.056247157332059296	0.09252279647129115	3574096.8	38002.925	19.045	19.064949996959463
-2.1512249016017013	-0.9999969246112503	0.034290569117846004	0.11634156349187816	3558800.9	56651.775	18.985	19.013333617569188
