-1.7625793663501952	-0.9999984043024682	0.050546550929384655	0.17160166891731413	7572147.888888889	176813.72222222222	22.900000000000002	23.1835803690101
-1.7625793663501952	-0.9999984116532733	0.0726005153049188	0.17160166891731413	7572147.888888889	167240.86111111112	23.13	23.23496522080501
-1.2733361006961135	-0.9999980090519179	0.04737149537149993	0.27989630024036816	5893305.0	124648.9	22.14	22.22606370677405
-2.0873290185546605	-0.9999984942966803	0.04286090426558743	0.12401794345611385	7957319.3	159748.475	22.85	22.93297436808903
-2.0873290185546605	-0.9999985085997203	0.05739415006172266	0.12401794345611385	7957319.3	142563.275	23.04	23.08294408744886
-2.0873290185546605	-0.9999986281890625	0.05292809825294865	0.12401794345611385	7957319.3	55045.725	23.045	23.086750323058588
-2.3630027207611155	-0.9999994551855863	0.05383421662932253	0.09413713086815163	24508962.3	629596.45	25.98	26.302016027622237
-0.7700846095729781	-0.9999982049199716	0.03905463348081457	0.46297389463049254	6386475.666666667	95246.58333333333	21.490000000000002	21.591011600265535
-0.7700846095729781	-0.9999980758003424	0.09494910566905143	0.46297389463049254	6386475.666666667	217259.91666666666	21.675	21.914164588547635
-1.978031690305816	-0.9999985223772929	0.047743677786410685	0.13834126796161783	8213985.0	186682.65	22.900000000000002	22.950426197957512
-1.8430562063376832	-0.9999984460669273	0.05322056214268362	0.15833278823660932	7852315.5	199180.7	23.16	23.478162800049795
-1.8430562063376832	-0.9999984631086835	0.07364902699712016	0.15833278823660932	7852315.5	174233.175	23.47	23.50081586004411
-1.5623012750804783	-0.9999982391429952	0.06757205873185129	0.20965304629635828	6951930.0	207181.35714285713	22.53	22.714287320783768
-1.5623012750804783	-0.9999982712857013	0.07545097870590385	0.20965304629635828	6951930.0	165693.4642857143	22.814999999999998	22.85875393268704
-1.5623012750804783	-0.9999985898891147	0.01549227267721449	0.20965304629635828	6951930.0	18086.785714285714	22.925	22.97662174286625
-1.6703819528810657	-0.9999982613691857	0.0600499660226153	0.18817517785942012	6972805.625	184080.65625	22.855	22.880971499488904
-1.6703819528810657	-0.9999982864197238	0.07072732655182763	0.18817517785942012	6972805.625	154578.25	22.795	22.839090499766346
-1.6703819528810657	-0.9999985249943318	0.02512167343473081	0.18817517785942012	6972805.625	29286.84375	22.9	22.936469973546462
-1.0647082884830903	-0.9999981340660505	0.04372073426406074	0.34482843052149503	6290270.0	125144.0	22.16	22.274778231713878
-1.0647082884830903	-0.9999980874279256	0.08550810347737746	0.34482843052149503	6290270.0	167810.1875	22.080000000000002	22.16353128538784
-1.0647082884830903	-0.9999982875097442	-0.046455770899736716	0.34482843052149503	6290270.0	-47667.5	22.15	22.150440277281664
-2.2202323248327733	-0.9999988052547049	0.0513563361155497	0.10858387916276462	10442180.0	261906.175	23.619999999999997	24.065406561407087
-2.3940895896374	-0.9999994790220177	0.05099848186695917	0.09125572126984594	25623745.2	627441.35	26.03	26.158252515134862
-2.3940895896374	-0.999999463021627	0.0904600846865984	0.09125572126984594	25623745.2	945430.775	26.11	26.113806139649817
-1.4331868439035749	-0.9999980637811237	0.057655913159080745	0.2385474959815704	6193347.666666667	161404.75	22.22	22.388915003736095
-1.4331868439035749	-0.999998072521704	0.07733319452546254	0.2385474959815704	6193347.666666667	152899.58333333334	22.465	22.502879549990737
-0.27996422301270374	-0.9999982118039732	0.026279793913177703	0.7558107816047469	6262590.0	73037.25	21.564999999999998	21.61553359878471
-0.27996422301270374	-0.9999981865541304	0.05861512098832425	0.7558107816047469	6262590.0	85550.0	21.545	21.611304878266207
-2.178960539239906	-0.9999986829750362	0.03995579479790604	0.11315909396645832	9176495.6	177312.35	23.005000000000003	23.385773407688127
-2.178960539239906	-0.9999986436545127	0.06349740061105587	0.11315909396645832	9176495.6	254357.1	23.505000000000003	23.5185355482127
-2.2586766736052875	-0.999998920698911	0.05183921246122014	0.104488665914765	11652310.1	289626.525	23.82	24.04811954972847
-2.2586766736052875	-0.9999989989228051	0.03637109629582462	0.104488665914765	11652310.1	116407.625	23.835	24.013208658115186
-2.2586766736052875	-0.9999990041710152	0.0598726263009334	0.104488665914765	11652310.1	109502.1	24.195	24.321200267747503
