-1.7837965775516746	-0.9999989078556853	0.05103720544770911	0.16799911330291012	11455331.0	271270.27777777775	25.2	25.242548227688957
-1.7837965775516746	-0.999998929957679	0.06246877121744461	0.16799911330291012	11455331.0	210593.33333333334	25.115000000000002	25.2209557380118
-1.8642572028370308	-0.9999990613619153	0.05559939464662957	0.1550113090925546	13453003.2	304826.45	24.93	25.31423699380613
-1.8642572028370308	-0.9999990590395308	0.07447552093171872	0.1550113090925546	13453003.2	314500.525	25.555	25.730485629718633
-1.8642572028370308	-0.999999097476853	0.0727404705760687	0.1550113090925546	13453003.2	187520.125	25.830000000000002	25.9874621250533
-1.5813863712206562	-0.9999988825951339	0.05156167509835696	0.2056897381097779	11147039.857142856	256722.92857142858	25.05	25.349044513205722
-1.5813863712206562	-0.9999988952965486	0.06368042556579144	0.2056897381097779	11147039.857142856	222831.0	25.195	25.244363090079272
-1.450705867090476	-0.9999986561807358	0.06655761050988802	0.234404771070411	9976053.0	663982.25	24.76	24.92364701976078
-2.160476431399566	-0.9999992769559732	0.04985341581622751	0.11527018961580747	17766029.5	379124.1	26.255	26.275321706945643
-0.28464442333284884	-0.9999986342871815	0.10554336316441441	0.7522817005875921	9566866.5	472404.125	24.650000000000002	24.862072054244887
-0.28464442333284884	-0.9999986969353981	0.09692051150528239	0.7522817005875921	9566866.5	259429.75	24.884999999999998	24.88657894916684
-0.28464442333284884	-0.999998757814274	0.08531977232005906	0.7522817005875921	9566866.5	144902.75	24.835	24.95646091409315
-2.000869543317496	-0.9999991475223197	0.04317049218969202	0.1352176544945078	14616489.0	257874.1	25.73	25.806703721395213
-1.690577697383147	-0.9999989127175932	0.0536968862145345	0.1844129583311547	11585868.375	295702.0	25.38	25.504562563013767
-1.0778914824712844	-0.9999986773879793	0.06789998303283881	0.3403123241890175	9571847.0	314845.3125	24.900000000000002	24.955264418820335
-2.111631439694434	-0.9999991926088266	0.049517152322632076	0.12104033525797657	15711371.7	322939.325	25.71	26.042361098635087
-2.111631439694434	-0.9999991608855613	0.06796190161739762	0.12104033525797657	15711371.7	531594.875	26.045	26.08004119632293
