0.0	-0.999997065461542	0.10656380334242256	1.0	4216093.0	236164.25	23.77	23.912033862818717
-1.681838516806159	-0.9999978334707817	0.04201893181180432	0.18603163914472698	5337779.125	105286.96875	23.26	23.458193617991906
-1.681838516806159	-0.9999981720206056	0.010025096417715899	0.18603163914472698	5337779.125	17279.78125	23.575000000000003	23.66902986869973
-1.9892908204022837	-0.9999979688200719	0.05092114020703488	0.13679240143498317	5819867.7	136106.25	24.09	24.171714870780015
-1.7741611638292676	-0.999997783450675	0.04679167344893212	0.16962567799211292	5258702.444444444	115400.58333333333	23.76	23.855268655869782
-1.7741611638292676	-0.9999980543577752	0.016129870367950938	0.16962567799211292	5258702.444444444	27764.61111111111	23.745	23.763355604773558
-1.7741611638292676	-0.9999979464191314	0.08170066378053539	0.16962567799211292	5258702.444444444	48979.166666666664	23.755000000000003	23.775227247243084
-1.9255192609840401	-0.9999980005491605	0.03866399371159405	0.14580002893015487	5760030.0	100396.925	23.92	24.005937115334092
-1.8545436726695366	-0.9999977564206607	0.04764335055390124	0.15652435272056725	5194413.8	115159.2	23.78	23.86959918003856
-2.1459659646719342	-0.9999981957762203	0.042689232980236545	0.11695500805592267	6392548.5	102086.75	23.13	23.172996164900823
-2.268144556192234	-0.9999982920038408	0.05653443183391284	0.10350404797290139	7022348.4	161803.5	23.52	23.624036888053144
-2.3974685960925015	-0.9999982835461216	0.04468796618471639	0.09094788797684751	6763784.6	110162.875	22.56	22.687937367479375
-2.3974685960925015	-0.9999985881485487	-0.004955939553786426	0.09094788797684751	6763784.6	-14036.1	22.745	22.784891702020378
-2.3974685960925015	-0.9999983242635354	0.09850621845152943	0.09094788797684751	6763784.6	83642.625	22.785	22.84091659852821
-1.5744117665690487	-0.9999978817743754	0.0291563257942946	0.20712935726535106	5292146.142857143	73861.42857142857	23.32	23.363064057914624
-0.7775934178618665	-0.9999978516972585	0.054325067765287616	0.4595105315503085	5574582.0	158876.66666666666	23.67	23.875540732907087
