-1.68080665658976	-0.9999986253797553	0.04761361054847319	0.18622369686347062	8827060.25	186064.8125	23.62	24.04939545080099
-1.68080665658976	-0.9999986376805855	0.05649202961872942	0.18622369686347062	8827060.25	166919.9375	24.285	24.42535607787466
-2.0993932194003966	-0.9999990191192466	0.024957933876311594	0.12253075498567181	12000717.7	129477.875	24.5	24.670948014793264
-2.191551355767963	-0.9999989703451817	0.025267031767730652	0.11174326052949708	11371675.5	121648.65	23.7	23.717402498320244
-2.191551355767963	-0.9999989424527972	0.041316563016356944	0.11174326052949708	11371675.5	167054.875	23.93	23.93749798855495
-2.191551355767963	-0.9999990111943913	0.05177925269923631	0.11174326052949708	11371675.5	76447.8	23.84	23.88249810987903
-0.2820471393318339	-0.9999971560067438	0.10369453980293683	0.754238129413609	4303800.0	206896.375	23.14	23.143382455521433
-0.2820471393318339	-0.999997181832232	0.09960829419324153	0.754238129413609	4303800.0	185132.125	23.235	23.26134791954066
-2.232190629783148	-0.9999989665347996	0.037341873512925575	0.10729313297278745	11719625.8	182010.55	23.95	24.35213638924837
-2.232190629783148	-0.9999989725680903	0.04136349516215061	0.10729313297278745	11719625.8	169585.35	24.439999999999998	24.509198642969046
-2.232190629783148	-0.9999989924786101	0.07980667460229261	0.10729313297278745	11719625.8	134291.25	24.380000000000003	24.644317161408228
-2.270801168854721	-0.9999988901491849	0.041135883763229825	0.10322944272982511	11796583.8	485262.9	24.7	24.74748915786459
-1.9891993590674484	-0.9999988207122774	0.0323184214875568	0.13680491322277746	10052140.8	140696.325	23.71	23.89211758751588
-1.9891993590674484	-0.9999987766641627	0.04572563232566048	0.13680491322277746	10052140.8	219068.45	23.96	23.977653838184743
-1.8545810127890159	-0.9999986286231684	0.04353330989198619	0.15651850819165367	8771827.2	167623.325	23.900000000000002	24.117919229034044
-1.0713410764870024	-0.9999973057364975	0.08750486668343294	0.34254882507134987	4806276.25	420572.5625	23.400000000000002	23.424687791866713
-0.7751292236842269	-0.9999973255516561	0.10238914875526135	0.46064425100547324	4620309.0	232529.75	23.28	23.424011266128634
-0.7751292236842269	-0.9999975465903147	0.07339637094759759	0.46064425100547324	4620309.0	83742.25	23.465	23.465421029303887
