-2.165014427610628	-0.9999979169226545	0.06489275329770457	0.11474827904184567	5626171.4	122975.7	26.915	27.31645158941681
-2.165014427610628	-0.9999980702334494	0.055158235596165554	0.11474827904184567	5626171.4	51905.4	27.515	27.599752700891614
-2.165014427610628	-0.9999982843177762	-0.02849381591315292	0.11474827904184567	5626171.4	-15563.1	27.515	27.542127905481173
-1.7858380731223658	-0.9999980191172698	0.02677809538323304	0.1676564937044134	5472844.111111111	51074.61111111111	26.1	26.5406941985541
-1.7858380731223658	-0.9999980860360341	0.04214001190530653	0.1676564937044134	5472844.111111111	35411.72222222222	26.7	26.775009160601865
-1.2880278764549251	-0.9999971396584196	0.02393844207570168	0.27581418673579694	3882041.6	66433.05	24.665	24.676883710105212
-1.2880278764549251	-0.9999972972196821	0.10262002329415852	0.27581418673579694	3882041.6	36036.15	24.495	24.861984403119376
-1.2880278764549251	-0.99999745887259	0.05827173790575142	0.27581418673579694	3882041.6	19239.3	24.89	24.939284043051007
-1.2880278764549251	-0.9999977503425548	-0.005507287873626561	0.27581418673579694	3882041.6	-6204.95	24.91	25.025258724339846
-2.1161577392421007	-0.9999978828314414	0.05351798130627417	0.12049370847477554	5410510.7	94367.55	26.085	26.570706220861663
-2.0044412903145705	-0.9999978997021586	0.03734954849784444	0.13473555272841264	5268140.7	63872.8	26.415	26.62178414224746
-2.0044412903145705	-0.9999980033550931	0.02767257471792079	0.13473555272841264	5268140.7	36996.525	26.67	26.691626601430553
-2.0044412903145705	-0.9999980640547892	0.06421030886251146	0.13473555272841264	5268140.7	26870.775	26.815	26.890300584469802
-2.0044412903145705	-0.9999981660279164	0.04387152347041639	0.13473555272841264	5268140.7	15702.25	26.87	26.889806020328592
-1.5813063269009315	-0.9999980163133501	0.026138601642913283	0.20570620306389348	5463628.428571428	50924.892857142855	26.0	27.041531901776757
-1.5813063269009315	-0.9999980375315285	0.05136488812949407	0.20570620306389348	5463628.428571428	45350.5	27.115000000000002	27.2026746937643
-1.0776007441448745	-0.9999972398510117	-0.028134260716650566	0.34041128040909485	3748004.75	-31101.75	24.26	24.3863541073091
-1.0776007441448745	-0.9999972335339483	0.057784565319848366	0.34041128040909485	3748004.75	31846.9375	24.42	24.551430030643512
-1.0776007441448745	-0.9999974255381672	0.009630424110047085	0.34041128040909485	3748004.75	15506.75	24.700000000000003	24.705947957019085
-2.425038417576314	-0.9999965578849007	0.08606795081486146	0.08847471999248886	3250488.3	72297.225	26.72	26.860967199327167
-1.4499344697985972	-0.9999978291652551	0.014787831242404173	0.23458566003567732	4542423.0	19164.166666666668	25.14	25.77807118030418
-1.4499344697985972	-0.9999976889689192	0.05001999582595762	0.23458566003567732	4542423.0	36230.375	25.995	26.035612563133682
-1.4499344697985972	-0.9999976089073178	0.051178934613879644	0.23458566003567732	4542423.0	52121.625	25.915	25.918955871819065
-2.0627953914352273	-0.9999978520374636	0.04280710445307266	0.12709818367155415	5185256.8	68715.0	26.59	26.79193319430007
-2.0627953914352273	-0.999997906113176	0.06141519288943151	0.12709818367155415	5185256.8	51912.85	26.85	26.902347862903223
-2.0627953914352273	-0.9999981568526212	-0.027570875486142423	0.12709818367155415	5185256.8	-14145.075	26.810000000000002	26.856543401038348
-2.0627953914352273	-0.9999980251828808	0.06614744417697706	0.12709818367155415	5185256.8	27998.275	26.695	26.768425334108077
-2.0627953914352273	-0.9999980029961303	0.04499196255580843	0.12709818367155415	5185256.8	31412.025	26.78	26.806171873177032
-2.0627953914352273	-0.9999979826223889	0.04363150586338323	0.12709818367155415	5185256.8	34912.225	26.830000000000002	26.911627304744147
-2.210263266007605	-0.9999978100269177	0.0612990990906797	0.10967177186503212	5279160.9	104947.0	27.33	27.49899620659469
-2.291329493419884	-0.9999972783728989	0.0772731009024649	0.1011319182164518	4139885.2	78214.55	26.55	26.77406466098939
-2.291329493419884	-0.9999974751162186	0.05190434032973062	0.1011319182164518	4139885.2	34637.775	26.845	26.890692621095518
-2.291329493419884	-0.9999978248196758	0.019818617003022197	0.1011319182164518	4139885.2	8142.675	26.85	26.955295230027282
-2.291329493419884	-0.9999977134230683	0.03711430496940017	0.1011319182164518	4139885.2	12914.275	26.65	26.67387633396108
-2.291329493419884	-0.9999975646946073	0.03594355245894196	0.1011319182164518	4139885.2	23905.0	26.8	26.80163577551508
-2.453736570444411	-0.9999963926760884	0.0860131644091094	0.08597174609863942	3093549.6	70222.3	26.69	26.786631031390133
