-2.0046745157331345	-0.9999967635595237	0.0503632288695029	0.13470413263685657	3177306.9	29235.25	26.5	26.606707952664173
-2.0046745157331345	-0.9999968772222014	0.053904062018375325	0.13470413263685657	3177306.9	20373.175	26.450000000000003	26.477711846318037
-2.0046745157331345	-0.9999971263795386	0.03678947261437729	0.13470413263685657	3177306.9	9230.475	26.5	26.549800618769336
-1.9400597053751583	-0.9999967219671758	0.04814519692697029	0.14369537013559758	3114183.4	27129.0	25.330000000000002	25.8346694370986
-1.9400597053751583	-0.999996824865473	0.05435771617079718	0.14369537013559758	3114183.4	19690.675	25.990000000000002	26.082973330129747
-1.9400597053751583	-0.9999966081260188	0.0753750548656367	0.14369537013559758	3114183.4	38672.8	26.115000000000002	26.249963852102198
-1.9400597053751583	-0.9999968739192701	0.05048160714131036	0.14369537013559758	3114183.4	16901.025	26.41	26.48905220936957
-1.9400597053751583	-0.9999968741492331	0.03422408414351361	0.14369537013559758	3114183.4	16888.925	26.54	26.666477810877296
-1.8689779742554635	-0.9999965846488434	0.02896233216428792	0.15428126068668258	2834911.2	16029.0	25.330000000000002	25.40591056383668
-2.1650619704605463	-0.9999966136121614	0.07279647581866402	0.11474282371131889	3175265.9	46754.25	26.86	26.97781989036805
-2.1650619704605463	-0.9999966247299026	0.058335791323248204	0.11474282371131889	3175265.9	45132.5	26.965	26.982378483473752
-2.481779786499812	-0.9999966270800608	0.04995182897341013	0.08359431308537936	3071769.0	31596.425	27.67	27.915742477530284
-2.481779786499812	-0.9999966453163399	0.06472820181715169	0.08359431308537936	3071769.0	29875.075	27.94	27.940541012216404
-2.481779786499812	-0.9999969713817114	0.03573219699806884	0.08359431308537936	3071769.0	10972.25	27.88	27.97261022965865
-2.481779786499812	-0.9999969438463517	0.04755433646292775	0.08359431308537936	3071769.0	11940.775	27.865000000000002	27.880293951384964
-1.2929651804897486	-0.9999977605760669	-0.0015504150030087626	0.2744557644701485	3008348.2	-842.0	24.795	24.881546319699467
-1.584431830963436	-0.9999967806687922	0.03317383142014072	0.20506427119344325	3090346.8571428573	20927.14285714286	25.26	25.468682826409697
-1.584431830963436	-0.999996407777018	0.06131242555814289	0.20506427119344325	3090346.8571428573	66250.60714285714	25.475	25.49138673817391
-1.584431830963436	-0.999997028498871	0.02947296353389934	0.20506427119344325	3090346.8571428573	9729.0	25.485	25.59444334687731
-1.584431830963436	-0.9999971980823688	0.011750502484518931	0.20506427119344325	3090346.8571428573	5760.178571428572	25.64	25.798849669684166
-1.584431830963436	-0.9999974583919328	-0.006970851013413088	0.20506427119344325	3090346.8571428573	-2576.1785714285716	25.845	25.89251511190982
-1.584431830963436	-0.9999966206687878	0.05968484278915958	0.20506427119344325	3090346.8571428573	34312.892857142855	25.89	26.04109265219487
-1.082423596251974	-0.9999971544129602	-0.016612725454895595	0.3387734797578434	3233176.0	-9898.9375	25.2	25.34573764166286
-1.082423596251974	-0.9999967045026922	0.10752579267337818	0.3387734797578434	3233176.0	42399.8125	25.29	25.31964339984642
-1.082423596251974	-0.9999968192285967	0.09652188686029653	0.3387734797578434	3233176.0	29259.5	25.28	25.358285784532857
-2.116041867059509	-0.9999966359028558	0.07185256769861419	0.1205076711526925	3177888.1	43945.325	26.8	26.88694623377978
-2.2100865670211833	-0.9999961578378018	0.07217073800440002	0.1096911524681757	3131370.4	167917.325	26.86	26.86263588077622
-2.2100865670211833	-0.9999967075895895	0.09175886678286616	0.1096911524681757	3131370.4	30023.125	26.810000000000002	26.850540013012363
-2.2100865670211833	-0.9999966922783858	0.043528522108437884	0.1096911524681757	3131370.4	31497.7	26.895	26.945298609501492
-2.2100865670211833	-0.9999966022973492	0.08300353490369475	0.1096911524681757	3131370.4	41749.45	26.91	27.003730565703204
-2.424893775143953	-0.9999967256244054	0.059704403183963306	0.08848751811674474	3239718.6	40458.45	27.88	27.93959128284324
-2.424893775143953	-0.9999967133106882	0.048253836314717455	0.08848751811674474	3239718.6	42105.125	27.82	27.87005250403877
-2.424893775143953	-0.9999969652896763	0.06900387732841765	0.08848751811674474	3239718.6	18611.85	27.975	28.008189425637124
-2.4541207501261018	-0.9999967065713325	0.046593413058959	0.08593872384423462	3121362.2	29142.4	27.810000000000002	27.921651185949433
-2.4541207501261018	-0.9999967432461094	0.053762205836874896	0.08593872384423462	3121362.2	25990.075	28.03	28.156452297992967
-2.393910057246623	-0.9999967327467616	0.05962412566808572	0.09127210609841727	3244971.2	40219.925	26.990000000000002	27.326290222452144
-2.393910057246623	-0.9999967030749913	0.07810762436555924	0.09127210609841727	3244971.2	44285.125	27.29	27.42218164137588
-2.393910057246623	-0.9999972215573203	0.025892435917597108	0.09127210609841727	3244971.2	8232.5	27.445	27.462862292718096
-2.393910057246623	-0.9999970463494801	0.05327550430291086	0.09127210609841727	3244971.2	14536.85	27.665	27.71783410138249
-2.393910057246623	-0.999996948192885	0.029321316103333647	0.09127210609841727	3244971.2	19989.775	27.75	27.823460768463935
-2.393910057246623	-0.9999968118688161	0.05643985075341661	0.09127210609841727	3244971.2	31112.4	27.89	27.997229018492174
-1.4543503102353497	-0.9999967468584817	0.019248910748277056	0.23355205099808515	2883197.6666666665	11841.5	24.92	25.23104816822185
-1.4543503102353497	-0.9999962406653019	0.07938725695725396	0.23355205099808515	2883197.6666666665	50964.541666666664	25.25	25.253253531242517
-2.3618340820255708	-0.9999967484486085	0.06995110764292947	0.09424720747310163	3319380.1	48684.425	26.75	26.886224726549553
-2.3618340820255708	-0.9999964431378521	0.07208857566767174	0.09424720747310163	3319380.1	134130.7	26.865000000000002	26.92093742526903
-2.3618340820255708	-0.999996964620976	0.07517347414430657	0.09424720747310163	3319380.1	23754.675	26.85	26.916162654825893
-2.3618340820255708	-0.9999970340117063	0.05281639870815565	0.09424720747310163	3319380.1	18867.375	27.0	27.042200184501844
-2.0627445862474327	-0.9999967451836272	0.06798633769301413	0.1271046410826775	3278567.8	43092.875	26.38	26.684946827763508
-2.0627445862474327	-0.9999967959166526	0.07610882092586892	0.1271046410826775	3278567.8	36489.4	26.805	26.897347448829954
-0.2873736494659622	-0.9999957571948025	0.06108121161940247	0.7502313529148085	2684792.5	88525.0	25.98	25.983843198058516
