-1.4475254849231611	-0.9999934369771774	0.0624161134195632	0.23515145456430991	1607440.3333333333	38163.75	24.330000000000002	24.342503402468694
-1.7787768877671928	-0.9999938840889678	0.040228766346129756	0.16884453684251405	1535135.7777777778	11952.194444444445	24.28	24.289300911854102
-1.7787768877671928	-0.9999931384736086	0.07492562818326563	0.16884453684251405	1535135.7777777778	37546.97222222222	24.26	24.316362266405765
-1.9935094499652954	-0.9999944943999804	0.0569972060806375	0.1362165404923342	1816910.9	22095.725	24.38	25.138670166690076
-1.285978265479855	-0.9999940107806349	0.05949744303729685	0.2763800782506357	1671147.6	22221.7	24.21	24.231066240194412
-2.1032314548231072	-0.9999944736886605	0.04752202199642497	0.12206135451254518	1942398.1	45902.5	24.23	24.262734519934614
-2.1032314548231072	-0.9999951150189111	0.07393023117821514	0.12206135451254518	1942398.1	13207.0	24.42	24.490854277264233
-2.1032314548231072	-0.99999695351763	0.001002139394147598	0.12206135451254518	1942398.1	370.475	24.53	24.530705775766958
-0.7787030419931203	-0.9999942468042877	0.06233754890474456	0.4590009303611114	1777357.6666666667	27596.666666666668	23.85	24.03274946421297
-0.7787030419931203	-0.9999942239373448	0.08962507341056385	0.4590009303611114	1777357.6666666667	28741.416666666668	23.925	24.026272981762414
-0.7787030419931203	-0.9999941354994365	0.11944411233052818	0.4590009303611114	1777357.6666666667	33633.75	24.095	24.313353566415376
-1.5776922854437792	-0.9999931164505296	0.0777715826337535	0.2064509788243525	1605654.4285714286	63106.92857142857	24.32	24.380902013609095
-1.5776922854437792	-0.9999948657759107	0.013886295183079695	0.2064509788243525	1605654.4285714286	3802.9285714285716	24.410000000000004	24.4552344918917
-1.9301425061638577	-0.9999942235591852	0.02466972873235194	0.14512751544443228	1511056.3	6175.625	23.85	24.000099731139553
-1.9301425061638577	-0.9999940462893965	0.03612245902446227	0.14512751544443228	1511056.3	8072.9	24.035	24.0749307727595
-1.9301425061638577	-0.9999932658055631	0.09629896540468777	0.14512751544443228	1511056.3	26257.55	24.115000000000002	24.158163093736864
-1.9301425061638577	-0.9999942276540165	0.04438241978836813	0.14512751544443228	1511056.3	6137.525	24.255000000000003	24.27487569201133
-1.07568916374684	-0.9999942953797849	0.06262328136198754	0.34106262629166306	1780228.0	25731.875	24.150000000000002	24.26720721634454
-1.07568916374684	-0.9999939308786893	0.08515322783926242	0.34106262629166306	1780228.0	49236.9375	24.335	24.38666926446234
