-2.2205264894647705	nan	nan	0.10855194232348438	3701444.3	nan	25.725	25.82420825288028
-2.2205264894647705	nan	nan	0.10855194232348438	3701444.3	nan	26.04	26.22723681466627
-2.2205264894647705	nan	nan	0.10855194232348438	3701444.3	nan	26.150000000000002	26.272431068324142
-2.128879950847492	nan	nan	0.1189704720318061	2931072.6	nan	24.275	24.770793384184923
-2.128879950847492	nan	nan	0.1189704720318061	2931072.6	nan	24.835	25.14695351760612
-2.128879950847492	nan	nan	0.1189704720318061	2931072.6	nan	25.685000000000002	25.760376281864797
-2.3687732131007917	nan	nan	0.09359547758169107	4767527.4	nan	25.35	25.59920105126328
-2.3687732131007917	nan	nan	0.09359547758169107	4767527.4	nan	25.625	25.650106883283456
-2.3687732131007917	nan	nan	0.09359547758169107	4767527.4	nan	25.650000000000002	25.671296344990797
-2.3687732131007917	nan	nan	0.09359547758169107	4767527.4	nan	25.92	25.955956649719027
-2.261486139629784	nan	nan	0.1041955205417342	3911028.3	nan	26.02	26.020149825368346
-2.4000356270665892	nan	nan	0.09071472133242277	4269257.2	nan	26.0	26.34834252911295
-2.4000356270665892	nan	nan	0.09071472133242277	4269257.2	nan	26.235	26.327279171731796
-2.4000356270665892	nan	nan	0.09071472133242277	4269257.2	nan	26.29	26.33276847344613
-2.4000356270665892	nan	nan	0.09071472133242277	4269257.2	nan	26.25	26.308889757994812
-1.0872378943362697	-0.9999974635002424	0.033566928855331024	0.3371464429059826	3921324.75	20876.75	27.6	27.89767356830416
-1.0872378943362697	-0.9999973009999862	0.08353591484594548	0.3371464429059826	3921324.75	39483.1875	27.945	27.982527376474668
-1.0872378943362697	-0.9999972699533626	0.10917824367350086	0.3371464429059826	3921324.75	44595.0	28.035	28.054260444020052
-2.429958149689255	nan	nan	0.08804051702827016	3614136.9	nan	25.900000000000002	25.910861758320728
-2.429958149689255	nan	nan	0.08804051702827016	3614136.9	nan	26.045	26.169741792929294
-0.28802475572918806	-0.9999967618995045	0.09375048537154869	0.7497430315738506	3241803.0	36216.0	26.785	27.12052115705126
-0.28802475572918806	-0.999996540537771	0.11462397414327596	0.7497430315738506	3241803.0	74226.875	27.25	27.25297893048568
-0.28802475572918806	-0.9999965040458814	0.16160876629656853	0.7497430315738506	3241803.0	83548.5	27.545	27.57683074843678
-0.28802475572918806	-0.9999968548802581	0.09478138123051995	0.7497430315738506	3241803.0	26791.0	27.605	27.607785462253645
-0.28802475572918806	-0.9999963098468645	0.1388340920530766	0.7497430315738506	3241803.0	156802.625	27.634999999999998	27.747887879655845
