-2.7835221800929726	-0.9999999985579651	0.002685893138273267	0.06182038094746246	11501454040.0	15958450.0	3129.0280000000002	3131.69014231516
-2.5104929063681434	-0.9999999984825492	0.04366615174848418	0.08122819147895134	12874806420.0	305324650.0	3132.705	3137.135085947624
-2.5104929063681434	-0.9999999984780593	0.12131188821036494	0.08122819147895134	12874806420.0	323494100.0	3183.6980000000003	3204.482548267789
-2.5104929063681434	-0.9999999984912912	0.083925938496426	0.08122819147895134	12874806420.0	272823250.0	3210.8320000000003	3220.0864451025527
-0.8936171355467685	-0.9999999983698129	0.1760953694029787	0.4091730384375186	12645373800.0	896784100.0	3382.177	3463.957983955506
-0.8936171355467685	-0.9999999986418893	0.011830163301710129	0.4091730384375186	12645373800.0	28740500.0	3485.5685000000003	3498.5041814477713
-2.5863545305866276	-0.9999999985415754	0.023693281024581448	0.07529402244057315	12721650020.0	114212100.0	3204.2180000000003	3212.077718732808
-2.995589342242792	-0.9999999982111395	0.13235946156977973	0.05000714707631823	11138039660.0	449838600.0	2855.598	2885.524172548284
-2.995589342242792	-0.999999998291046	0.09046254989461736	0.05000714707631823	11138039660.0	184728500.0	2908.9120000000003	2922.485716412272
-2.995589342242792	-0.9999999982905265	0.07221883849922486	0.05000714707631823	11138039660.0	185800400.0	2923.0365	2938.358898505102
-2.239203884652496	-0.9999999984533344	0.12274451899313597	0.10654329137409721	13134577980.0	664668800.0	3076.645	3114.7445440359925
-2.239203884652496	-0.999999998500819	0.05976209212339685	0.10654329137409721	13134577980.0	356238050.0	3146.0795	3163.2164139400647
-2.239203884652496	-0.9999999985062127	0.13874955820530963	0.10654329137409721	13134577980.0	331873900.0	3138.076	3169.9042515391684
-2.239203884652496	-0.9999999985057108	0.10827272469051125	0.10654329137409721	13134577980.0	334069000.0	3183.7	3210.3609761783564
-2.9468819633251195	-0.9999999984222657	0.015259463808393289	0.05250315776308314	11251014860.0	51192950.0	2909.3340000000003	2922.385118052696
-1.239022868786187	-0.9999999985604088	0.0319771794257733	0.2896671224861061	13133183950.0	162536950.0	3482.406	3494.871756806561
-1.239022868786187	-0.9999999985005638	0.05470190283524305	0.2896671224861061	13133183950.0	356688150.0	3494.517	3505.1755757080155
-1.239022868786187	-0.9999999985244686	0.09661464955710354	0.2896671224861061	13133183950.0	260581050.0	3491.5135	3507.1501514184483
-1.239022868786187	-0.9999999985120145	0.10321349988805845	0.2896671224861061	13133183950.0	306886250.0	3514.1130000000003	3532.5041732403593
-2.6566801352208906	-0.9999999985316895	0.07388221268646082	0.07018082627654569	13392520940.0	346841350.0	3136.384	3149.539140493465
-2.6566801352208906	-0.9999999986709974	0.02173519463771518	0.07018082627654569	13392520940.0	53687700.0	3163.1265000000003	3180.7595816267853
-2.428220855776445	-0.9999999984965648	0.08222193826013817	0.08819360222106756	13219437330.0	427971500.0	3068.235	3114.2018772958622
-2.428220855776445	-0.9999999985768394	0.042547002522997694	0.08819360222106756	13219437330.0	148097600.0	3114.2390000000005	3124.435489644513
-2.428220855776445	-0.9999999986145467	0.03581623821574286	0.08819360222106756	13219437330.0	89963350.0	3130.9570000000003	3148.5828702240533
