-0.8937222770561571	-0.9999999991717156	0.017508579432935857	0.409130019628227	22947278433.333332	179713400.0	3827.373	3839.512166938598
-0.8937222770561571	-0.9999999991194376	0.1289991469373751	0.409130019628227	22947278433.333332	596452500.0	3880.016	3898.096645204458
-0.8937222770561571	-0.9999999990786083	0.18703984755375416	0.409130019628227	22947278433.333332	1522215900.0	3912.9045	3934.474308226055
-0.3454939248628678	-0.9999999991602011	0.014735980860870591	0.7078706322019572	23409089850.0	344955900.0	3766.072	3778.228525552585
-2.0052948366532637	-0.999999999233565	0.00639682698302292	0.13462059875693927	23104315000.0	49030600.0	4083.5890000000004	4087.3596385371707
-1.8624572635817525	-0.9999999990594448	0.1145417180684331	0.15529057128489784	21804442985.714287	806555450.0	3947.472	3949.9147391772713
-1.8624572635817525	-0.9999999990430601	0.2919641270389301	0.15529057128489784	21804442985.714287	1152892550.0	3960.9135	3987.5201318832533
-1.8624572635817525	-0.9999999990492799	0.23587912456470167	0.15529057128489784	21804442985.714287	1006677100.0	4025.0075	4046.1469038659493
-1.8624572635817525	-0.9999999990640981	0.10850076398152293	0.15529057128489784	21804442985.714287	728733750.0	4072.5355	4086.1833285459606
-2.949732518736808	-0.9999999992357834	0.05928712343012981	0.05235370771161574	26365014220.0	562882050.0	3092.8120000000004	3101.8481888271117
-2.949732518736808	-0.9999999991912651	0.10734095157130713	0.05235370771161574	26365014220.0	1820370900.0	3092.1775000000002	3107.36486465608
-2.8983347115265516	-0.9999999992268467	0.035111644942788824	0.05511492592771122	26120434710.0	589685700.0	3062.5660000000003	3065.9180523920313
-2.8983347115265516	-0.9999999993908759	0.0015722695643489966	0.05511492592771122	26120434710.0	8126050.0	3113.8865000000005	3154.010285292777
-2.5885627077323368	-0.9999999991998435	0.0875556477750609	0.07512794333453866	25566892960.0	766630300.0	3748.266	3800.900643066015
-2.1299477561722657	-0.9999999991444292	0.06147501218898658	0.11884350252969927	23372126622.22222	483474400.0	4025.674	4053.5189412598884
-1.493609217514852	-0.9999999990532568	0.05061965657376594	0.22456070274223064	20723626320.0	331770200.0	3802.9280000000003	3834.4373161257317
-2.843991189887941	-0.9999999991689249	0.18633042240890543	0.05819294276747458	25589190440.0	1721633250.0	3070.007	3116.894652602296
-1.695272884520953	-0.9999999990236459	0.0631697597832777	0.18354913447538218	20325507816.666668	415458600.0	3866.4300000000003	3888.8690613608787
-2.9985605607347074	-0.999999999290432	0.00825794016102343	0.04985878543277297	26826068520.0	184824600.0	3246.2360000000003	3258.528048109103
-2.9985605607347074	-0.9999999992100018	0.12970119690625295	0.04985878543277297	26826068520.0	1598839400.0	3255.9725	3299.2704195889296
