-2.430316470049977	-0.9999998970503551	0.09780948668963817	0.08800897596968973	150511855.1	5363578.0	4020.9730000000004	4025.916046372928
-2.430316470049977	-0.9999998996424143	0.050239528149973386	0.08800897596968973	150511855.1	3630954.5	4039.7980000000002	4043.1165538894916
-2.430316470049977	-0.9999999045859055	0.06600138865489978	0.08800897596968973	150511855.1	1725369.5	4046.184	4049.13355059754
-2.512841667390083	-0.9999998958897827	0.07338029228243437	0.08103762974851098	145815490.8	3917178.5	4061.7540000000004	4067.4454681873813
-1.4939668721303967	-0.9999999121188943	0.06629296628412132	0.2244804019312587	173041265.2	4021065.5	4182.325	4192.528451843717
-1.4939668721303967	-0.9999999371135282	0.0016194326635810827	0.2244804019312587	173041265.2	53206.5	4175.692	4177.292350228394
-2.5889201733626224	-0.9999998909456675	0.05127424499426408	0.07510109247633794	143424854.2	6206462.0	4093.398	4093.895469188569
-2.5889201733626224	-0.9999998990241615	0.07843069899572143	0.07510109247633794	143424854.2	1948254.5	4100.7825	4109.81828218082
-2.725261474372319	-0.9999999003580695	0.003489461287985145	0.06552906630627468	124898492.9	254008.5	4016.791	4018.5363133561523
-2.725261474372319	-0.9999998776845881	0.19817086634544012	0.06552906630627468	124898492.9	4312422.5	4009.839	4030.758582194222
-2.130352407626785	-0.9999999204519078	0.014978531177309531	0.118795422062112	172442349.44444445	906602.0	3846.2670000000003	3858.7778562729486
-2.130352407626785	-0.9999999118307933	0.11147400020986818	0.118795422062112	172442349.44444445	4009210.5	3855.9075000000003	3868.253833467469
-2.3401808283646868	-0.9999999032623725	0.030273182887155737	0.0963102210360065	159062346.3	4815323.5	3945.094	3948.604431545317
-2.240878155673276	-0.9999999111561966	0.04484733755694946	0.10636505827578176	166509883.4	2658761.5	3925.5950000000003	3951.62315933247
-2.240878155673276	-0.9999999217795158	0.013013401445807964	0.10636505827578176	166509883.4	453378.0	3969.4815	3976.612322396846
-1.8629300385131198	-0.9999999181545232	0.02878116680705729	0.15521717114795616	175646258.7142857	1751269.0	4022.88	4042.780334413451
-0.8939224122836178	-0.9999999140121598	0.012291794644521535	0.4090481464918104	161677362.0	1090652.0	4213.938	4222.94285060643
-0.8939224122836178	-0.9999999081100953	0.03882346494941298	0.4090481464918104	161677362.0	2832066.0	4238.962	4251.788531893656
