-2.9999086681818445	-0.9999998395283195	0.08593678141425977	0.04979161571899436	91949568.5	2559446.0	3992.9970000000003	3995.169956840566
-2.9999086681818445	-0.9999998536554195	0.03621348591105312	0.04979161571899436	91949568.5	698241.0	4010.3950000000004	4014.9905139908014
-2.9999086681818445	-0.9999998397171703	0.13945157383683793	0.04979161571899436	91949568.5	2515385.5	4018.8815000000004	4027.943800548249
-2.7250570689876756	-0.9999998259454828	0.08050626200123583	0.06554246216932494	86833335.0	3662783.5	4023.076	4034.1979322247744
-2.7250570689876756	-0.9999998494917115	0.027699278980257026	0.06554246216932494	86833335.0	474081.5	4070.994	4072.2108921243766
-2.240689150180019	-0.9999998583465554	0.05545943450507066	0.10638516375604981	101765997.4	1822106.0	4013.831	4015.189815097507
-2.240689150180019	-0.9999998657115862	0.012430409685393114	0.10638516375604981	101765997.4	861123.5	4027.1900000000005	4031.7203415286754
-2.844550370620509	-0.9999998247113259	0.09982039789289043	0.058160411491386656	84676478.7	2793560.0	4057.4170000000004	4076.342363076348
-1.86266373891209	-0.9999998635341923	0.0735467421894047	0.1552585109228444	108110399.14285715	2554514.0	3962.828	3975.6739779249583
-1.86266373891209	-0.9999998610617931	0.1140384919029128	0.1552585109228444	108110399.14285715	3337273.5	3976.581	3979.1294265429347
-1.86266373891209	-0.9999998700105872	0.06122116279866131	0.1552585109228444	108110399.14285715	1268323.5	3983.2975	3995.278217851599
-1.86266373891209	-0.9999998741096623	0.024115641862859694	0.1552585109228444	108110399.14285715	814275.0	3995.6820000000002	4003.7306250176835
-2.005480621784931	-0.9999998569816113	0.12509676860550786	0.1345955905744203	106816247.0	4311029.5	4006.878	4018.860136299185
-2.005480621784931	-0.9999998637490322	0.10504356394162948	0.1345955905744203	106816247.0	2092388.0	4026.1325	4040.141522042956
-2.005480621784931	-0.9999998625517421	0.1181875155078964	0.1345955905744203	106816247.0	2377848.5	4038.9075000000003	4041.400519111398
-2.005480621784931	-0.9999998549785276	0.16164631843572633	0.1345955905744203	106816247.0	5339535.5	4050.9495000000006	4060.434538273737
-0.8938109679307229	-0.9999998641951853	0.03393368676100901	0.4090937351380505	103610988.66666667	1290926.0	3989.0460000000003	4000.414348183043
-0.8938109679307229	-0.9999998566244306	0.1443360636443337	0.4090937351380505	103610988.66666667	2828576.5	4010.4710000000005	4012.891620403982
-3.0465726600254075	-0.9999998526598042	0.009935914892989482	0.04752151799848446	91963278.0	766727.0	4022.882	4027.051121366794
-3.0465726600254075	-0.9999998353899919	0.08724888492554357	0.04752151799848446	91963278.0	3753036.0	4023.402	4023.461672361625
-1.2393569055630824	-0.9999998689154301	0.11071075485801753	0.28957037917295003	116441630.75	4255406.5	4007.936	4027.5901198115594
-1.2393569055630824	-0.9999998700984859	0.17016319506229435	0.28957037917295003	116441630.75	3707780.0	4030.4015	4033.2854326511656
-1.2393569055630824	-0.9999998656377143	0.1100179373081045	0.28957037917295003	116441630.75	6232970.0	4038.2695000000003	4038.4755592563365
-2.5887426037809806	-0.999999833831491	0.07933389463907935	0.07511442932998445	88069731.7	2268015.0	3985.8230000000003	4001.321850588172
-2.5887426037809806	-0.9999998370932753	0.0976329201310439	0.07511442932998445	88069731.7	1701721.5	4004.857	4017.3466040443373
-2.5887426037809806	-0.9999998375109314	0.09793053722572945	0.07511442932998445	88069731.7	1640264.5	4017.2705000000005	4024.1723060023564
-2.5887426037809806	-0.9999998428358957	0.03962045376086336	0.07511442932998445	88069731.7	1026227.0	4022.465	4029.84982985771
