-1.6946701130736133	-0.9999998409887	0.008933330449277124	0.18365980600429582	83871043.0	619360.0	3347.0620000000004	3352.462843282148
-1.6946701130736133	-0.9999998215235483	0.1858328045326244	0.18365980600429582	83871043.0	3169251.0	3343.3050000000003	3379.3042655917898
-2.239295689065775	-0.9999998147178524	0.14230592599246236	0.10653351067870617	81960990.6	3936915.5	3403.33	3437.3350498109453
-2.239295689065775	-0.9999998178628252	0.19536051568310683	0.10653351067870617	81960990.6	3042356.5	3457.8125	3465.9367676048787
-2.239295689065775	-0.9999998330001633	0.05423181767836128	0.10653351067870617	81960990.6	879818.5	3481.601	3490.8736820919385
-2.722838460444718	-0.9999997877986156	0.15209553493218642	0.06568803666251491	75904429.4	9889903.0	3426.4550000000004	3450.8499822149643
-2.722838460444718	-0.9999997889527561	0.588110330548777	0.06568803666251491	75904429.4	9060370.0	3415.8595000000005	3464.422371601644
-2.722838460444718	-0.9999998090548297	0.10010659812695166	0.06568803666251491	75904429.4	1970078.0	3490.1565	3493.3873723987504
-2.784292270327792	-0.9999998190599654	0.07001996557163145	0.06177279200202492	80157781.3	1990211.0	3471.855	3482.6392811699047
-2.784292270327792	-0.9999998178568213	0.0940032311195434	0.06177279200202492	80157781.3	2191710.0	3491.75	3501.455100973621
-2.784292270327792	-0.999999821059816	0.09955529532003425	0.06177279200202492	80157781.3	1695431.0	3501.571	3512.4174714030964
-2.784292270327792	-0.9999998139515981	0.14839495655591006	0.06177279200202492	80157781.3	2997313.0	3509.4025	3522.001544986979
-1.8617111607323402	-0.9999998140575893	0.18240008689496848	0.15540647725613135	82905641.28571428	4953845.0	3378.905	3414.968490662032
-1.8617111607323402	-0.9999998355220489	0.03548701886937567	0.15540647725613135	82905641.28571428	835803.5	3430.4750000000004	3432.7657844064324
-1.8617111607323402	-0.9999998285889603	0.09023977975703486	0.15540647725613135	82905641.28571428	1485024.0	3435.5255	3438.397730535631
-1.8617111607323402	-0.999999816629576	0.1646446331686287	0.15540647725613135	82905641.28571428	4002550.5	3439.7895	3451.9739631942766
-2.1288969547424017	-0.9999998194921482	0.07151912621330707	0.11896844908760129	80299694.66666667	1972327.5	3398.9260000000004	3399.3112989075025
-2.586821829332961	-0.9999998196436986	0.030883776914347513	0.07525884585790689	75657483.6	843489.5	3456.606	3463.829701111229
-2.842066793819813	-0.9999998147179279	0.4312467449693429	0.05830503685985126	88931497.9	14323500.5	3530.664	3568.040687857228
