-2.9501378362215536	-0.9999998020493237	0.030647793403529463	0.052332492138300865	70322100.8	1110484.0	3816.264	3820.7935414698527
-2.588243280168642	-0.9999997948653307	0.038839078864653466	0.07515194510365264	71505305.5	2345987.0	3860.164	3865.900294469267
-2.588243280168642	-0.999999785261394	0.1436244137998769	0.07515194510365264	71505305.5	4661973.5	3866.5475	3885.342061449229
-1.4935160175783517	-0.9999998378826519	0.033557521168722654	0.22458163276078974	85643810.8	1071260.5	3782.54	3789.2890515862937
-1.4935160175783517	-0.9999998343586257	0.0870214786399739	0.22458163276078974	85643810.8	1448672.0	3800.706	3809.327595114507
-1.4935160175783517	-0.9999998478259349	0.028581783255088537	0.22458163276078974	85643810.8	457149.0	3822.9965	3824.81924591326
-1.4935160175783517	-0.9999998273847124	0.12066398002508341	0.22458163276078974	85643810.8	2632463.5	3822.1165	3828.8517055789225
-3.0901948963931845	-0.9999998145380273	0.030941955665621662	0.04549308710195596	73200192.0	786895.5	3749.295	3758.0589586755386
-3.0901948963931845	-0.9999998968671288	0.00010131854519121185	0.04549308710195596	73200192.0	1898.5	3755.9660000000003	3768.0446111784213
-3.0901948963931845	-0.9999997929091516	0.10632828451856334	0.04549308710195596	73200192.0	3832736.5	3782.621	3790.7861581282273
-2.2402895902952658	-0.9999998222138072	0.041765493243666824	0.10642767949304548	79000612.5	1258231.0	3886.873	3902.2927650383676
-2.2402895902952658	-0.9999998212492185	0.0891715329813641	0.10642767949304548	79000612.5	1357860.0	3904.1805000000004	3912.767257704355
-0.8936941574440025	-0.9999998353783479	0.032267546734795594	0.4091415243674535	89460685.0	2488437.0	3756.165	3761.0226127004066
-0.8936941574440025	-0.9999998273757931	0.3057689732256801	0.4091415243674535	89460685.0	5091482.5	3760.6365000000005	3770.6885137019963
-0.8936941574440025	-0.9999998590284166	0.012882414238921065	0.4091415243674535	89460685.0	299962.0	3785.1435	3791.8205690844375
