-2.004337012937737	-0.9999999975775341	0.21990705543889355	0.1347496033309846	8370699775.0	640483950.0	3416.9170000000004	3425.3987135347097
-2.004337012937737	-0.9999999977146852	0.11116831089351076	0.1347496033309846	8370699775.0	203196600.0	3430.1639999999998	3431.4787614056418
-2.510788253658652	-0.999999998054967	0.2413996508403181	0.08120420449510479	10585877770.0	875129150.0	3421.643	3440.571619820012
-2.510788253658652	-0.9999999983565802	0.010809736175343755	0.08120420449510479	10585877770.0	35928500.0	3452.6015	3453.922488085029
-2.510788253658652	-0.9999999981607615	0.06005229698333332	0.08120420449510479	10585877770.0	285557450.0	3459.2505	3462.416677101853
-0.8934797327766039	-0.9999999970583815	0.030444180316639757	0.4092292638091491	6300895600.0	112092050.0	3368.108	3370.517669141703
-1.8616702721287557	-0.9999999976360696	0.04380559780099121	0.15541283173988643	7850163485.714286	114632300.0	3398.317	3403.255001962183
-1.8616702721287557	-0.9999999975746718	0.10714908165310481	0.15541283173988643	7850163485.714286	185622000.0	3406.476	3407.794930472139
-1.8616702721287557	-0.9999999974966	0.2202256497026039	0.15541283173988643	7850163485.714286	342608850.0	3410.668	3416.3031524910925
-2.5867229631223494	-0.999999998185199	0.14232687310291828	0.07526628678263385	11096753240.0	557179700.0	3475.058	3483.645026941432
-1.4930723378663682	-0.9999999968339974	0.1613503515642948	0.22468129718283594	6563684180.0	1059052750.0	3361.781	3365.2387326783755
-2.3384134411496076	-0.99999999789043	0.11369421320686154	0.09648058899807839	9350691000.0	368863500.0	3421.83	3425.300955913738
-2.3384134411496076	-0.9999999980557366	0.026692911541596157	0.09648058899807839	9350691000.0	78625450.0	3428.8365000000003	3430.9854838355027
-2.3384134411496076	-0.999999998637965	0.00018486086628495278	0.09648058899807839	9350691000.0	339750.0	3431.8285000000005	3435.126971430172
-2.3384134411496076	-0.9999999978751364	0.18349455600497225	0.09648058899807839	9350691000.0	425571250.0	3431.4275	3433.52587106798
-1.2388567118573248	-0.9999999970415604	0.058846381549897984	0.2897152566843752	6319533250.0	131689500.0	3371.77	3373.1603907494286
-2.2392416032186024	-0.999999998006934	0.016949554549122864	0.10653927278970642	8921087850.0	52710100.0	3435.3880000000004	3440.2350682594074
-2.2392416032186024	-0.999999997803006	0.17156264347921138	0.10653927278970642	8921087850.0	325078350.0	3433.2965000000004	3434.4793140036727
-1.6946162121280555	-0.9999999971043243	0.3370323377039737	0.18366970570829969	7095712066.666667	838295450.0	3381.8990000000003	3396.542317403847
