-1.4937337380016735	-0.9999998738324865	0.06387453560477685	0.22453274207507823	124424894.6	6572333.0	3989.1820000000002	3993.2565400572153
-1.4937337380016735	-0.9999998795567577	0.14588984750943276	0.22453274207507823	124424894.6	3224013.0	3992.4735	4003.3847603452878
-1.4937337380016735	-0.9999998736873532	0.19410961883204458	0.22453274207507823	124424894.6	6692095.5	4009.6495000000004	4013.2941908149533
-2.6594219059955617	-0.999999888332343	0.06635934575104448	0.06998867008261142	143928483.5	9551000.0	4093.7340000000004	4098.758390640485
-2.1301461639149712	-0.9999998878164462	0.059487366079835007	0.11881992539764721	132310450.8888889	2794199.5	4070.2760000000003	4076.4468116584985
-2.1301461639149712	-0.9999998833176882	0.18924425085055	0.11881992539764721	132310450.8888889	5067150.0	4077.8420000000006	4084.9904503305834
-2.1301461639149712	-0.9999998830400105	0.21461207659610704	0.11881992539764721	132310450.8888889	5256777.5	4098.432500000001	4104.730869196677
-2.1301461639149712	-0.9999998894410418	0.0645840834982745	0.11881992539764721	132310450.8888889	2253748.0	4107.379000000001	4109.222940502993
-1.86266621802733	-0.9999998830317984	0.11255701596200157	0.15525812601958094	132335235.57142857	5277770.5	4051.4930000000004	4061.041496280683
-1.86266621802733	-0.999999893236162	0.049947125117757916	0.15525812601958094	132335235.57142857	1367667.0	4071.5455	4079.3211967620937
-3.0913429680316584	-0.9999999105946634	0.011631442903696925	0.04544088774893947	149243217.9	623521.5	4034.009	4036.071696612275
-3.000165524207926	-0.9999999065303875	0.023260781129927476	0.049778828084809386	150160465.9	1245988.5	4034.2050000000004	4042.597307491236
-1.6954427809168824	-0.9999998751205197	0.2184615687461044	0.183517952787862	129142289.0	10091679.5	4022.4010000000003	4046.180564214976
-0.3455397471279585	-0.9999998741879471	0.09545165347809487	0.7078381967093381	121073411.0	4124660.0	4007.911	4021.4115250472714
-2.588854924350338	-0.9999998995757545	0.032349799340834276	0.07510599290831584	142380397.5	1620821.0	4094.078	4101.321956343378
-2.588854924350338	-0.9999998977531906	0.07573412285813659	0.07510599290831584	142380397.5	2101035.5	4088.2400000000002	4096.577817000881
-2.588854924350338	-0.9999998943563886	0.12577102722802158	0.07510599290831584	142380397.5	3407805.5	4099.276	4103.4854461346185
-2.588854924350338	-0.9999998857340676	0.3027141093691979	0.07510599290831584	142380397.5	11631515.0	4109.002	4114.899598784528
-2.005494070473439	-0.9999998958614771	0.007687290214560141	0.13459378045241996	131017623.125	842375.0	4043.0660000000003	4046.79815991549
-2.005494070473439	-0.9999998778490637	0.1542053404291463	0.13459378045241996	131017623.125	8921059.0	4050.2885	4056.4373960744197
-2.240722999666555	-0.9999998862711628	0.08887028456953044	0.10638156273382825	134288382.9	4292850.0	4115.55	4127.7665918007415
-2.240722999666555	-0.9999998951140983	0.048247669404186205	0.10638156273382825	134288382.9	1309240.0	4130.5830000000005	4131.525573231485
-2.7868316285430432	-0.9999998977086999	0.0890298613871263	0.0616161277526852	150414148.2	4809283.0	4228.372	4239.279913539327
-2.725209462594347	-0.9999998881024347	0.2595736517116972	0.06553247467815904	146807925.6	13625442.5	4131.848	4177.575490869786
-2.725209462594347	-0.9999999018311677	0.04351290674438102	0.06553247467815904	146807925.6	1815664.5	4189.25	4203.848692815248
-2.725209462594347	-0.9999999053894915	0.039771677044523966	0.06553247467815904	146807925.6	1076872.5	4200.3565	4212.195400933464
-2.725209462594347	-0.9999998959894003	0.10774635318972349	0.06553247467815904	146807925.6	4280499.0	4205.074500000001	4210.984486724933
-2.4302384055963797	-0.9999999070095132	0.006629317081921838	0.08801584661048331	136607919.0	328809.5	4084.213	4086.202357153069
