-2.2395970067193094	-0.9999999990503222	0.09469468444931689	0.10650141508697279	22143404170.0	1357757100.0	3557.686	3567.3299958671714
-2.2395970067193094	-0.9999999991134081	0.07135182460433245	0.10650141508697279	22143404170.0	335846250.0	3581.1010000000006	3591.0123355298333
-2.2395970067193094	-0.9999999991241508	0.04869121415571068	0.10650141508697279	22143404170.0	264746050.0	3582.2430000000004	3593.4978448875327
-2.72355424644726	-0.9999999992949906	0.05260719047022452	0.0656410349089428	29853044590.0	1381830750.0	3852.492	3868.446821274154
-2.72355424644726	-0.9999999992714096	0.4267663867945119	0.0656410349089428	29853044590.0	2793730500.0	3843.526	3887.2533482700587
-2.428868587350921	-0.9999999991026642	0.08569921181922499	0.08813649493733426	22656809290.0	675366600.0	3617.657	3637.5059144935876
-2.428868587350921	-0.9999999990985853	0.15925511410501295	0.08813649493733426	22656809290.0	740755250.0	3649.6325	3664.226673998892
-2.3388165813026243	-0.9999999990701723	0.1369771797492433	0.09644170163772145	22384187470.0	1094361750.0	3592.844	3620.454569042944
-1.6948669321528513	-0.9999999991904897	0.007805045517763933	0.1836236618074354	22191998200.0	63379500.0	3496.344	3506.0273539015143
-2.7851075562179655	-0.9999999993806177	0.01572429206872868	0.06172245004064288	31424839700.0	283860000.0	3892.574	3942.377524197759
-3.044965806400545	-0.9999999994942045	0.02567761698451493	0.04759793950458309	38936603430.0	357255400.0	3999.0240000000003	4008.0409089165246
-3.044965806400545	-0.9999999995044949	0.02656602980952206	0.04759793950458309	38936603430.0	239313200.0	4022.0445	4037.2148452346046
-3.044965806400545	-0.9999999994611851	0.16385435839401413	0.04759793950458309	38936603430.0	1292212100.0	4042.597	4062.9060494934033
-3.044965806400545	-0.9999999994857879	0.059076918261549365	0.04759793950458309	38936603430.0	495794250.0	4069.058	4085.371571509758
-1.2390217175205924	-0.9999999991789519	0.02406780219843181	0.2896674559700901	23312325825.0	205414800.0	3514.6670000000004	3518.9588269685014
-2.5873209694303028	-0.999999999187554	0.14875468680135112	0.07522129052372586	25909661360.0	1386709450.0	3757.1220000000003	3780.1799619660187
-2.5873209694303028	-0.9999999991869962	0.10518459933518379	0.07522129052372586	25909661360.0	1406898000.0	3800.7645	3805.2007844217374
-2.5873209694303028	-0.9999999991907287	0.235145118652288	0.07522129052372586	25909661360.0	1277213300.0	3800.1575000000003	3808.5689808648635
-2.5873209694303028	-0.9999999991833871	0.254895969110181	0.07522129052372586	25909661360.0	1544805700.0	3812.0475	3830.746359613333
-2.99831179170176	-0.9999999994519254	0.03673096909495394	0.04987119029751822	37408016300.0	801810450.0	3949.9990000000003	3951.146479270911
-2.99831179170176	-0.9999999994862975	0.029231524381544072	0.04987119029751822	37408016300.0	221645950.0	3978.7765	3983.0664361856925
-2.511313538856359	-0.9999999991032261	0.11362392442037601	0.08116156032964693	23754401060.0	1784360550.0	3733.9610000000002	3736.875348908565
-2.9492751944387234	-0.9999999994266497	0.06043821580595235	0.052377655809853325	36889103340.0	1532821000.0	3940.4120000000003	3941.5739759550556
-2.9492751944387234	-0.9999999995947416	0.0004282129215767337	0.052377655809853325	36889103340.0	3108400.0	3954.0155000000004	3963.156829425234
-1.861943328737948	-0.9999999990585429	0.07300448588991612	0.1553704010322827	22363718614.285713	1392661350.0	3449.6960000000004	3465.1430203034656
-1.861943328737948	-0.9999999990775984	0.19906080484060384	0.1553704010322827	22363718614.285713	909432250.0	3433.8755	3473.90059405938
-1.861943328737948	-0.9999999990881956	0.12248242018124471	0.1553704010322827	22363718614.285713	717538050.0	3498.183	3530.7017529844597
-0.3454288835421754	-0.999999999195378	0.0182488855803025	0.707916674540066	23548128150.0	169326900.0	3572.8430000000003	3587.545759572184
