-1.2388512274412378	-0.9999999993114621	0.08524444120313467	0.28971684560774685	29618069350.0	718849750.0	3347.293	3384.033308035081
-1.8616106848689575	-0.9999999992271966	0.020902205349803176	0.1554220926405804	24352468528.57143	149031900.0	3349.281	3364.8843553825673
-2.4281493004447805	-0.9999999990092947	0.0124454056493596	0.08819991316931346	18586361410.0	99295150.0	3287.657	3288.8178985548275
-2.4281493004447805	-0.9999999990205163	0.02506216869035498	0.08819991316931346	18586361410.0	80602350.0	3324.7545	3331.6301250190495
-1.6945530343569812	-0.9999999991971001	0.15404567202215916	0.1836813099174803	25996497100.0	1161042800.0	3344.824	3372.7766155455424
-1.49302672487	-0.9999999993791918	0.00225209137146733	0.2246915458037617	26786448100.0	16672100.0	3221.789	3236.509399900655
-1.49302672487	-0.9999999992190092	0.06263503040020951	0.2246915458037617	26786448100.0	1217382750.0	3237.7795	3265.9498284856495
-2.586327409675123	-0.999999998762805	0.04138488001838924	0.07529606451078388	15363144470.0	179773050.0	3222.603	3241.2572344357277
-2.586327409675123	-0.9999999989795973	0.0024979831176242476	0.07529606451078388	15363144470.0	6430700.0	3254.3525	3262.1318618498003
-2.586327409675123	-0.9999999987890854	0.04221008022324874	0.07529606451078388	15363144470.0	120054350.0	3273.6760000000004	3285.633293646708
-2.586327409675123	-0.999999998699139	0.08373688451896218	0.07529606451078388	15363144470.0	478092700.0	3294.3085	3296.9593014530774
-2.0042618775766354	-0.9999999991900246	0.01418905525634145	0.13475972817145127	22665253812.5	93952450.0	3349.877	3366.6032050287295
-0.34536900813066207	-0.9999999993821426	0.009741616876275767	0.7079590626112602	31635446550.0	308180400.0	3296.529	3304.174412602405
-2.783672813321778	-0.9999999987258679	0.01167397274045464	0.06181106944520278	13877690860.0	47774950.0	3278.896	3289.080615350702
-2.239100287761333	-0.9999999991840158	0.0075324979206285595	0.10655432949960575	21622331970.0	45969100.0	3208.744	3214.4055221821404
-2.996116802841493	-0.999999998368218	0.02815411177760287	0.04998077723172051	11318474200.0	104980300.0	3195.9010000000003	3201.451306794098
-2.51046137087462	-0.9999999990837267	0.0003036578402238517	0.08123075309044823	16177502100.0	2738750.0	3254.443	3254.636381616551
-2.51046137087462	-0.9999999990951756	0.0007600529959033354	0.08123075309044823	16177502100.0	2275700.0	3258.6165	3264.2483064700687
-2.338179182371775	-0.9999999990093446	0.042703365628703284	0.09650319307043949	20416927880.0	608276900.0	3149.1580000000004	3168.5932572208176
-2.338179182371775	-0.9999999989564935	0.15100751361238063	0.09650319307043949	20416927880.0	1789489950.0	3158.563	3254.747035539736
-2.841382170737864	-0.9999999986499748	0.03963275644459411	0.058344967501039006	14006408560.0	162958250.0	3272.665	3279.488713856119
-0.8934717107422656	-0.99999999938704	0.06114672993884451	0.4092325466735232	32683278100.0	501715150.0	3220.851	3255.9386770201613
-0.8934717107422656	-0.9999999994282255	0.030850586690673348	0.4092325466735232	32683278100.0	130575900.0	3285.7945	3295.220596514032
