-2.585515463490616	-0.9999999975445871	0.06393085086312804	0.07535722568950454	7678499070.0	154219150.0	3060.3430000000003	3073.0337828610964
-2.7213063365251524	-0.9999999972236808	0.06371621309854675	0.06578875601227488	6757172480.0	140408600.0	3078.5150000000003	3090.669546003659
-2.2384872800209723	-0.9999999977541337	0.03894059957730806	0.10661966815286197	8217410910.0	103512850.0	3081.6800000000003	3094.1224172915636
-1.861255234027854	-0.9999999977842513	0.03747256648736335	0.1554773473737244	8550733600.0	169146700.0	3055.212	3067.156798558329
-1.2386743511327318	-0.9999999976749121	0.050438709988849584	0.28976809418610594	8044767500.0	132858050.0	3204.1690000000003	3208.1575440794154
-2.6557986662624504	-0.9999999974686992	0.031426451211698625	0.07024271576921214	7152505090.0	72939600.0	3047.7780000000002	3056.309614352305
-2.6557986662624504	-0.9999999973602766	0.03259203653188533	0.07024271576921214	7152505090.0	158400150.0	3065.251	3067.603376412726
-2.9948551255364024	-0.9999999971420586	0.010654717077872047	0.05004387664122066	6235632160.0	54902600.0	3056.3140000000003	3059.9158086791895
-0.34529619573600306	-0.9999999974282912	0.2119325304714705	0.7080106126826488	7809730550.0	527866150.0	3159.8230000000003	3177.5862351553533
-0.34529619573600306	-0.9999999975357826	0.13107090287000928	0.7080106126826488	7809730550.0	228003950.0	3202.045	3208.447887776413
-2.003808837658813	-0.9999999977089952	0.0550428074047112	0.13482079353910786	8504320125.0	289434100.0	3080.636	3080.924033909704
-2.840273111291014	-0.9999999972256237	0.023755814772658822	0.05840971143422126	6404602430.0	52105300.0	3079.7490000000003	3082.535703654244
-2.840273111291014	-0.9999999973377797	0.020357461450363407	0.05840971143422126	6404602430.0	25405150.0	3075.1385	3075.6202095108647
-2.9460611000585346	-0.9999999970742208	0.01475825318134657	0.05254627337025858	6199264930.0	75351950.0	3059.732	3060.984742684947
-2.9460611000585346	-0.9999999970047326	0.10546965977194238	0.05254627337025858	6199264930.0	115925250.0	3054.9260000000004	3060.044423470353
-0.8933508878479567	-0.9999999977388492	0.045913801978071	0.40928199432140144	8235233966.666667	122192250.0	3203.465	3209.7870034909465
-2.337546801853511	-0.9999999976990841	0.038693984487365	0.09656423910981615	8231731710.0	168176150.0	3064.5260000000003	3070.2519114718643
-2.337546801853511	-0.9999999975773186	0.11793356905684901	0.09656423910981615	8231731710.0	458221350.0	3083.656	3084.921216099552
-3.04126222379081	-0.9999999970332624	0.40265531351155043	0.047774549248106334	6971482020.0	960109900.0	3068.596	3125.648629832402
-3.04126222379081	-0.9999999972013188	0.22309090858645625	0.047774549248106334	6971482020.0	297509150.0	3140.356	3140.870023268312
-3.04126222379081	-0.9999999971367461	0.3775302388716565	0.047774549248106334	6971482020.0	466665200.0	3148.9700000000003	3155.875428219573
-3.04126222379081	-0.9999999970547044	0.3982494283854621	0.047774549248106334	6971482020.0	826801150.0	3160.411	3165.8056063936874
-2.128187246434573	-0.9999999977022621	0.05840118696347832	0.11905291195274162	8434570400.0	261104800.0	3059.3830000000003	3059.637798778623
