-2.003901799066053	-0.9999999982028256	0.11397658093640531	0.134808260990946	11084166875.0	447944900.0	3199.038	3204.2420393209486
-2.003901799066053	-0.9999999982146098	0.15174983257877547	0.134808260990946	11084166875.0	393095200.0	3208.2380000000003	3221.4635873320512
-1.238651384701827	-0.9999999980283768	0.21563468576843653	0.2897747492014402	10374408100.0	764264200.0	3199.157	3204.41402094446
-0.8933294089091088	-0.999999997848996	0.24559930438332556	0.40929078535873975	9491647633.333334	735876400.0	3136.385	3159.205461304937
-0.8933294089091088	-0.9999999978617551	0.2637544021073611	0.40929078535873975	9491647633.333334	651942900.0	3173.0115	3193.632540391224
-2.5100959790542294	-0.9999999985747302	0.015347783823039592	0.08126043956645908	12702175700.0	72858350.0	3269.708	3270.3800409470073
-2.5100959790542294	-0.9999999985192664	0.040828701242260235	0.08126043956645908	12702175700.0	147382000.0	3264.697	3264.9873222936762
-2.5100959790542294	-0.9999999985457536	0.04930397570521145	0.08126043956645908	12702175700.0	105275650.0	3273.7255000000005	3274.4315003830725
-2.1283192290807826	-0.9999999983197086	0.096000432206773	0.11903720007125376	11769639633.333334	387964200.0	3201.906	3223.62311380853
-2.1283192290807826	-0.9999999982623603	0.1273896143803999	0.11903720007125376	11769639633.333334	761951550.0	3227.927	3230.576543766021
-2.1283192290807826	-0.999999998277447	0.31172597276080805	0.11903720007125376	11769639633.333334	637986550.0	3208.0785	3224.5562199425563
-2.1283192290807826	-0.9999999982212887	0.39699358130325296	0.11903720007125376	11769639633.333334	1235560450.0	3238.5295000000006	3260.1070757815874
-2.721877105773426	-0.9999999983490686	0.038518218452896436	0.06575121652767174	11440909560.0	159596000.0	3238.337	3248.925256289534
-2.721877105773426	-0.9999999982820983	0.1478695657845058	0.06575121652767174	11440909560.0	343383550.0	3248.2515000000003	3257.2057638920055
-2.89536467940875	-0.9999999979625166	0.13273343626732687	0.055278862355606716	9805757750.0	475115600.0	3228.2340000000004	3242.8723326481045
-2.89536467940875	-0.9999999980558332	0.039693801255174896	0.055278862355606716	9805757750.0	190284100.0	3246.666	3252.337874603279
-2.89536467940875	-0.9999999980296082	0.13793022446426528	0.055278862355606716	9805757750.0	246084450.0	3245.331	3250.79764271104
-2.89536467940875	-0.9999999979548274	0.20077283712701263	0.055278862355606716	9805757750.0	512323350.0	3254.1185	3262.9446421630837
-1.4928162993487102	-0.999999998153982	0.048834763626060214	0.2247388316143131	10797475640.0	453422200.0	3197.625	3199.583711137055
-1.4928162993487102	-0.9999999981813832	0.1715691565579655	0.2247388316143131	10797475640.0	337295800.0	3199.8845	3208.4098268068246
-2.9957096452230507	-0.9999999979246655	0.1850246251125468	0.05000113142934817	9708225160.0	562450500.0	3204.465	3213.242779645518
-2.840951647152236	-0.999999998158803	0.09780853217734424	0.0583700917935631	10720589030.0	373607300.0	3220.166	3227.6160848548006
-2.840951647152236	-0.9999999985083566	0.0041238607577766765	0.0583700917935631	10720589030.0	8809100.0	3237.2015	3238.469780259423
-1.6943080311831618	-0.9999999981976145	0.10048059479359776	0.1837263179347098	10974483066.666666	389450850.0	3206.551	3208.793103539176
-2.946864486162846	-0.9999999982618064	0.006226391854294668	0.052504075377309826	9655683500.0	19451750.0	3270.0840000000003	3271.4550016282624
