-2.238139411039375	-0.9999999986661705	0.008467217290470693	0.10665676428016249	13432073480.0	60375600.0	2990.214	2995.7976095068425
-1.492509877765048	-0.9999999988574502	0.022742592734733592	0.22480770699491937	16272751260.0	118737950.0	3047.5370000000003	3055.6730494162844
-1.492509877765048	-0.9999999987420323	0.09055100229339032	0.22480770699491937	16272751260.0	776724300.0	3064.2480000000005	3072.287701632093
-1.492509877765048	-0.9999999987663416	0.06603155589271113	0.22480770699491937	16272751260.0	522960150.0	3075.0855	3082.9736359743083
-1.693958476779596	-0.9999999988472299	0.014660676429477439	0.1837905515041043	15768326666.666666	78393850.0	3108.9990000000003	3120.478481198316
-2.5093226750774136	-0.9999999985166849	0.03247647447708322	0.08132330289063024	12620051070.0	134828350.0	3068.866	3079.7428683512244
-2.5093226750774136	-0.9999999984800273	0.07838990371496131	0.08132330289063024	12620051070.0	214138400.0	3084.8075	3090.556960477001
-2.5093226750774136	-0.9999999985092693	0.06478944769657888	0.08132330289063024	12620051070.0	148055300.0	3088.65	3091.2375688889374
-2.585137537135917	-0.999999998559353	0.005010130918822418	0.07538571055336095	12105611400.0	37502300.0	3096.808	3106.561482567973
-2.585137537135917	-0.9999999983539084	0.18502333114621144	0.07538571055336095	12105611400.0	450985100.0	3112.231	3125.556835325824
-2.7823669884669133	-0.9999999985233584	0.06558785608287465	0.06189183659839128	13142837520.0	268204400.0	3231.6150000000002	3237.5720314634086
-3.085506720318045	-0.99999999861482	0.049228559977884855	0.045706867432851725	13879996320.0	223806700.0	3161.289	3180.4571802143196
-3.085506720318045	-0.9999999985645823	0.06341761035621796	0.045706867432851725	13879996320.0	449475750.0	3185.0275	3190.800161923175
-3.085506720318045	-0.9999999986206037	0.07404148042323407	0.045706867432851725	13879996320.0	206542100.0	3179.6885	3187.809040521015
-3.085506720318045	-0.9999999985216377	0.2131104127925388	0.045706867432851725	13879996320.0	815786950.0	3189.005	3209.5637664548285
-2.9947912425216683	-0.9999999986472642	0.03598703344858947	0.05004707369704719	13959507620.0	158858650.0	3206.953	3219.1560794580196
-0.3451883543573077	-0.9999999986402808	0.003732420000918122	0.7080869696403972	12269346900.0	17590450.0	2881.335	2884.903313905
-0.3451883543573077	-0.9999999984855085	0.0588007465592056	0.7080869696403972	12269346900.0	117485050.0	2888.744	2892.1701471240476
-0.3451883543573077	-0.9999999984324167	0.040291691247455054	0.7080869696403972	12269346900.0	225363150.0	2890.804	2915.1991505477913
-2.8400576196591363	-0.9999999986718717	0.011218971475269617	0.058422299594528604	13284967930.0	45999500.0	3217.7290000000003	3226.5808107577423
-2.9459491261736543	-0.9999999986993944	0.02063577454530857	0.05255215751005271	14096174840.0	91657050.0	3176.81	3193.474901257631
-0.8931313004203664	-0.9999999986101002	0.06361689545625622	0.4093718773699261	14045309500.0	300684300.0	2933.9210000000003	2955.392647908838
-0.8931313004203664	-0.9999999985991537	0.14476362080650415	0.4093718773699261	14045309500.0	350657150.0	2961.84	2976.5632119704997
-0.8931313004203664	-0.9999999985592634	0.2021442656730344	0.4093718773699261	14045309500.0	614053400.0	2999.495	3018.6005363900567
-0.8931313004203664	-0.9999999986130246	0.07280191960973291	0.4093718773699261	14045309500.0	288584800.0	3040.6495000000004	3043.326095416476
-2.6554420438256066	-0.9999999983136529	0.13504307373993252	0.07026777036493023	11886911700.0	507729000.0	3136.223	3145.7014246378453
-2.6554420438256066	-0.9999999983364921	0.15828905520799413	0.07026777036493023	11886911700.0	387014000.0	3167.568	3173.4599425881793
-2.7209799521305507	-0.9999999984009779	0.22466622639755976	0.06581023194009072	12894985970.0	901316850.0	3203.293	3223.8262575962412
-2.7209799521305507	-0.9999999985976268	0.025121554250225143	0.06581023194009072	12894985970.0	71383950.0	3238.076	3255.0468086039787
-1.238398701173157	-0.9999999986262488	0.13820544945014668	0.28984797975927606	14861625725.0	735584850.0	3050.389	3062.915992287392
-2.337177472163137	-0.9999999984799651	0.13824014362691253	0.09659990973705318	13309749830.0	611413600.0	3039.569	3061.518313865535
-2.337177472163137	-0.9999999985937083	0.05064267508456578	0.09659990973705318	13309749830.0	134542600.0	3087.897	3095.8746976636353
