-2.6582460264661063	-0.999999999207728	0.014070196807486359	0.07007101673243697	23458847920.0	117952100.0	3725.6220000000003	3730.612393845622
-2.6582460264661063	-0.9999999991084083	0.07982386733049425	0.07007101673243697	23458847920.0	1212214350.0	3740.746	3744.6442340370318
-2.429299485978092	-0.9999999992202404	0.025032978098235778	0.08809852522379827	24619025460.0	217328650.0	3682.735	3705.949668779808
-2.429299485978092	-0.99999999925573	0.011966745972875479	0.08809852522379827	24619025460.0	90712150.0	3719.8165	3729.7213621876
-2.429299485978092	-0.9999999991509446	0.10850126913928881	0.08809852522379827	24619025460.0	1196797950.0	3721.0355	3736.204330613524
-0.34542134733294816	-0.9999999985488686	0.0700699766377235	0.7079220095683437	13457224100.0	302684200.0	3489.2250000000004	3505.1098316563493
-0.34542134733294816	-0.9999999985876296	0.08456669685265955	0.7079220095683437	13457224100.0	179661550.0	3524.0045	3531.8832793785873
-2.33921245372139	-0.9999999992104386	0.02538508491057559	0.09640353058395647	24302142130.0	215405500.0	3756.204	3775.051339991002
-1.2389569809774312	-0.9999999985981425	0.13703489089198193	0.28968620864684097	14399255575.0	584171600.0	3477.159	3512.8725911358024
-1.2389569809774312	-0.9999999986054863	0.20132782681408226	0.28968620864684097	14399255575.0	525551600.0	3533.1485000000002	3549.5908716756226
-1.2389569809774312	-0.9999999986146275	0.14865851537272107	0.28968620864684097	14399255575.0	460734200.0	3567.3195	3571.901766239513
-1.2389569809774312	-0.9999999985254874	0.366531826761758	0.28968620864684097	14399255575.0	1662992550.0	3591.1395	3615.197055944415
-1.493246575406017	-0.9999999989026115	0.301553933173882	0.22464215267672996	19480335820.0	1923663050.0	3630.782	3686.338769174692
-1.493246575406017	-0.9999999989297912	0.17883292263274264	0.22464215267672996	19480335820.0	1132876850.0	3716.7610000000004	3738.390581072191
-1.6948787103785812	-0.999999999046771	0.0894082203366324	0.18362149905923392	21212831116.666668	604969000.0	3698.342	3714.2520321747193
-1.6948787103785812	-0.9999999990275817	0.13351915667491115	0.18362149905923392	21212831116.666668	908898800.0	3733.7345000000005	3740.3491367920665
-1.6948787103785812	-0.9999999990496302	0.11675154676253657	0.18362149905923392	21212831116.666668	569365650.0	3737.9590000000003	3766.4753249421688
-1.6948787103785812	-0.9999999990535657	0.09325327924851953	0.18362149905923392	21212831116.666668	523762750.0	3774.3140000000003	3788.29856842272
-2.897872592614618	-0.9999999990114952	0.006096814912594216	0.055140401463222265	18294797190.0	71449050.0	3747.759	3750.939784081353
-2.897872592614618	-0.999999998931448	0.09116170839592325	0.055140401463222265	18294797190.0	309028150.0	3753.737	3770.9747117149604
-2.004822845100278	-0.9999999991689128	0.05387198658509885	0.1346841535398909	23951178662.5	441425050.0	3806.6690000000003	3820.1674026857295
-2.004822845100278	-0.999999999134297	0.21341184607579605	0.1346841535398909	23951178662.5	1011404350.0	3822.0355	3846.0296399221725
-2.5117603656949474	-0.9999999991800839	0.20919505317745002	0.08112530326714748	26090337410.0	1951546500.0	3790.4260000000004	3818.594074677099
-2.785482355913933	-0.9999999991357089	0.004457373604138381	0.06169932081981652	20529053940.0	50783300.0	3774.436	3783.7164042593176
