-1.6404339211882104	-0.9999987294318945	0.09009470176479517	0.1938958884998289	9856716.0	274752.325	3.17	3.20794334909233
-1.6404339211882104	-0.999998820682873	0.06983920583315473	0.1938958884998289	9856716.0	111768.5	3.25	3.2552270614798964
-1.6404339211882104	-0.999998774792664	0.12158744469469784	0.1938958884998289	9856716.0	175696.8	3.2750000000000004	3.2906713932632163
-1.189476854489552	-0.9999986623676295	0.0845123696095869	0.3043804576922679	9442589.833333334	305807.3333333333	3.08	3.0874137376229953
-1.189476854489552	-0.9999986784688825	0.09888439196541866	0.3043804576922679	9442589.833333334	262674.9166666667	3.09	3.1255991561548635
-1.6890528511861818	-0.9999987401706923	0.08473224227057503	0.1846943742327928	9824042.6	237189.0	3.25	3.25333038087563
-1.6890528511861818	-0.9999988074724219	0.07143725595805395	0.1846943742327928	9824042.6	122447.0	3.2300000000000004	3.2312479819688003
-1.6890528511861818	-0.9999987797774104	0.11607707499248769	0.1846943742327928	9824042.6	160735.025	3.215	3.2234727073789924
-1.9096414682212595	-0.9999988515930177	0.14477574141955157	0.148133487638502	11209389.0	389624.225	3.2	3.231308173002777
-1.7328507144795091	-0.9999987888029286	0.08797648890795738	0.17677974240871555	10285369.3	257198.975	3.22	3.2258950822491346
-1.7328507144795091	-0.9999988567962381	0.07634174523662737	0.17677974240871555	10285369.3	127805.525	3.215	3.2420314246799853
-1.8792045100431478	-0.9999988506955876	0.13462820997098954	0.15271153794616846	11051026.6	328072.725	3.2	3.2039885489155213
-1.8792045100431478	-0.999998886028028	0.11152461504497348	0.15271153794616846	11051026.6	222021.475	3.205	3.2076174645874795
-1.8792045100431478	-0.9999989489465319	0.09723431153476667	0.15271153794616846	11051026.6	110769.95	3.2	3.2206063495847737
-1.5884695822511408	-0.9999986657830929	0.08381896878805814	0.20423794204682433	9326819.8	253722.575	3.08	3.131641516566232
-0.1926949280071119	-0.9999984188116866	0.13896498838720095	0.8247335388687848	8628342.0	841576.625	3.48	3.490319107753984
-1.8113759523774364	-0.9999987394083076	0.11041152223093037	0.16342911135174756	9909650.5	266204.3	3.22	3.2387461007656677
-1.8113759523774364	-0.9999988292503205	0.10529750344288416	0.16342911135174756	9909650.5	109284.625	3.23	3.2372352500267696
-1.8463800685137386	-0.9999987840495366	0.12973698775602494	0.1578073855373632	10362492.6	296639.925	3.23	3.2374507257636487
