-1.4306765242761328	-0.999999014522874	0.11720935781893435	0.2391470787000774	13311824.875	498070.5	5.2700000000000005	5.286667324022418
-1.4306765242761328	-0.9999990598656557	0.0944267155223928	0.2391470787000774	13311824.875	272365.46875	5.29	5.29895597901921
-1.7872870891198123	-0.999999041019423	0.10545161736765876	0.16741373268773427	13627322.8	473702.975	5.23	5.252390149301083
-1.7872870891198123	-0.9999990627041115	0.11587293653927086	0.16741373268773427	13627322.8	352508.775	5.245	5.2539188305683355
-1.8673160171158516	-0.9999989614280501	0.0898840387943549	0.15453788271772945	12417200.2	398775.275	5.14	5.17267280106343
-0.2079672492163408	-0.9999990299576822	0.10697520453738452	0.8122336375644819	13475293.5	475253.125	5.25	5.318100565431132
-0.2079672492163408	-0.9999989979959353	0.10201623928505173	0.8122336375644819	13475293.5	731094.125	5.33	5.332985768101857
-0.2079672492163408	-0.9999990771064231	0.11886125688128185	0.8122336375644819	13475293.5	251766.625	5.33	5.3393780936151805
-1.0904174419524	-0.9999990500188405	0.1113809067916494	0.33607617212726604	13742962.0	467686.2	5.32	5.3291726201890235
-1.0904174419524	-0.9999990686048443	0.11523723296451946	0.33607617212726604	13742962.0	362262.9	5.335	5.338221888549543
-1.2275532224924595	-0.9999990862900151	0.1167609527632679	0.293008628236514	14384398.666666666	510510.625	5.29	5.296558708588015
-1.2275532224924595	-0.9999990306832334	0.11265558743617615	0.293008628236514	14384398.666666666	1136015.9583333333	5.3	5.305055721527055
-1.6390029427181891	-0.9999990580771576	0.10715947234004497	0.19417354795666986	13897112.2	484079.95	5.2	5.22634149451341
-1.6390029427181891	-0.9999991006662464	0.09353185052599099	0.19417354795666986	13897112.2	267838.2	5.225	5.2295240832751615
