-1.8875870858938772	-0.9999992126999756	0.1130255853940671	0.15143677227058616	16994967.0	647022.525	3.8200000000000003	3.8396198114317106
-1.8875870858938772	-0.9999992637017318	0.050376503040383346	0.15143677227058616	16994967.0	271946.625	3.8449999999999998	3.847082088429379
-1.8875870858938772	-0.9999992703324477	0.06344815195500848	0.15143677227058616	16994967.0	242964.8	3.85	3.8570390576565408
-1.8875870858938772	-0.9999992368958278	0.1035100487600966	0.15143677227058616	16994967.0	428878.05	3.8449999999999998	3.851420291857689
-1.818297782600267	-0.9999991507904692	0.1252065675210322	0.1623017888579512	15744248.8	640602.6	3.89	3.9185001562335695
-1.818297782600267	-0.9999992362188791	0.04895927191128626	0.1623017888579512	15744248.8	166900.65	3.92	3.9200423000161235
-1.818297782600267	-0.9999992138257101	0.0631245937770303	0.1623017888579512	15744248.8	237451.675	3.895	3.9181095500638996
-1.2974769172293346	-0.9999984136003887	0.10766803561580941	0.27322028149692457	7940636.285714285	295675.8214285714	3.52	3.554627776874344
-1.2974769172293346	-0.999998451339733	0.12786517529286057	0.27322028149692457	7940636.285714285	219113.10714285713	3.5700000000000003	3.5733432088782306
-1.2974769172293346	-0.999998491076453	0.09876328257703557	0.27322028149692457	7940636.285714285	159820.5357142857	3.575	3.5916451835606233
-1.2974769172293346	-0.9999984344970433	0.12877549491478865	0.27322028149692457	7940636.285714285	250467.7857142857	3.5949999999999998	3.605818785060502
-1.4645706059176238	-0.9999985113781829	0.10780623215042756	0.23117723630548406	8543680.555555556	333803.0	3.58	3.669103301616111
-2.027916599837322	-0.9999990415003102	0.10541816502765253	0.13160943082727722	13660644.1	485882.0	3.73	3.7461944241854725
-2.027916599837322	-0.9999992028671824	0.018168016099989408	0.13160943082727722	13660644.1	53601.325	3.745	3.7543941117661253
-2.027916599837322	-0.9999991056888882	0.07032324591231072	0.13160943082727722	13660644.1	202169.325	3.745	3.749794007575108
-1.3871634419522385	-0.9999984373588775	0.10719388014373986	0.24978282417725484	8075830.25	302434.84375	3.63	3.63278780760573
-1.7799571600593325	-0.9999991253920025	0.12289723829895244	0.16864537187156847	15174068.4	580334.45	3.7600000000000002	3.806274010687024
-1.7799571600593325	-0.9999991591122014	0.06613425060608644	0.16864537187156847	15174068.4	347905.475	3.8000000000000003	3.8384978683167836
-1.7799571600593325	-0.9999991855498178	0.06240833596587719	0.16864537187156847	15174068.4	232935.875	3.795	3.8695289029846816
-0.1961729785257083	-0.9999984046943874	0.10566208862399586	0.8218700565109571	7827735.5	265037.5	3.65	3.65148817930611
-1.1912575604261422	-0.9999983459154972	0.10985029602497572	0.30383892790002653	7930235.5	497463.5833333333	3.5100000000000002	3.511854070186478
-1.1912575604261422	-0.9999984906339121	0.09695701675630465	0.30383892790002653	7930235.5	157885.0	3.555	3.5613027457250293
-1.9763003801635635	-0.9999990738674651	0.10291513730208644	0.1385809870561031	14108202.7	472627.775	3.81	3.8105986147399533
-1.9763003801635635	-0.9999992853967415	0.008027698181762735	0.1385809870561031	14108202.7	23902.2	3.8200000000000003	3.8226153709225223
-1.9763003801635635	-0.9999991341523834	0.06532782216191092	0.1385809870561031	14108202.7	201904.225	3.83	3.8317372483982486
-1.5295266193713781	-0.9999988102296521	0.13106247376440633	0.21663819537180323	11090592.0	537807.325	3.65	3.8096541161044026
