-2.020640558646064	-0.9999990699388557	0.11857369743266008	0.13257051868449563	14118396.3	504321.8	4.33	4.363885135135135
-1.663988919718562	-0.9999988222022698	0.10733462551606522	0.18938204166152817	10962301.0	404890.025	4.23	4.242221137664086
-1.663988919718562	-0.9999988431630648	0.12926537987725867	0.18938204166152817	10962301.0	321769.775	4.25	4.265960500347128
-1.663988919718562	-0.9999988386128107	0.1413326853110549	0.18938204166152817	10962301.0	338227.15	4.275	4.27606874425479
-1.663988919718562	-0.9999988358152295	0.14358947544807818	0.18938204166152817	10962301.0	348760.6	4.275	4.28533492842472
-1.905091657995595	-0.9999988719359965	0.1318397373555179	0.14880900246214293	12544784.8	1399071.625	4.32	4.348556300649733
-1.905091657995595	-0.9999989876850514	0.14527382139623343	0.14880900246214293	12544784.8	327508.775	4.335	4.3475425320852725
-1.905091657995595	-0.9999989446080549	0.14769124341730533	0.14880900246214293	12544784.8	562228.175	4.355	4.419531173801341
-0.19873733116902736	-0.9999990232765953	0.09881060005291453	0.8197651918201943	13261049.0	421837.125	4.26	4.314551530093988
-0.19873733116902736	-0.9999990551753477	0.08910429160019444	0.8197651918201943	13261049.0	276333.125	4.32	4.326801055722422
-0.19873733116902736	-0.9999990504488123	0.09041154299428873	0.8197651918201943	13261049.0	294207.75	4.325	4.3348176664247475
-0.19873733116902736	-0.9999989868953431	0.1593844324650082	0.8197651918201943	13261049.0	683395.5	4.325	4.334983012820513
-1.966455230101287	-0.9999990903208273	0.11775597396267676	0.1399520758824639	14451932.6	512276.675	4.37	4.394040270671728
-1.5503014629557221	-0.9999988420774034	0.10166511859062866	0.21218399856877693	11120774.6	391207.6	4.26	4.262696466906085
-1.9942430319152296	-0.9999991118877348	0.11863149686899949	0.1361166511399391	14815484.1	518041.8	4.34	4.356508932432267
-1.9942430319152296	-0.9999991170508659	0.14446080295382743	0.1361166511399391	14815484.1	479892.2	4.385	4.388173193343259
-1.9942430319152296	-0.9999991385138002	0.14773528271395103	0.1361166511399391	14815484.1	349176.3	4.36	4.360777849962064
-1.836655612227292	-0.9999988026087046	0.11659326126578941	0.15934946233671757	10764023.2	395832.0	4.25	4.292879355295829
-1.836655612227292	-0.9999988046325528	0.13728905305350908	0.15934946233671757	10764023.2	387302.125	4.3	4.334201907330206
-1.6105152653390322	-0.9999987477479625	0.11801576809054498	0.19978464544627064	10933489.5	883355.825	4.26	4.260103495401897
-1.0687657458633844	-0.9999990032214148	0.08828474611093931	0.34343213847446713	12962584.2	408735.65	4.3	4.314825461804253
-1.7126528600590432	-0.9999987656117267	0.1266264200777464	0.18038661685398588	11063420.1	853034.15	4.28	4.303381328756166
-2.0463432445955196	-0.9999991339096507	0.11308438906544578	0.12920651740490205	15332809.7	585134.375	4.15	4.2020629512437235
-2.0463432445955196	-0.9999991660752011	0.12369852986892212	0.12920651740490205	15332809.7	357327.3	4.195	4.196170431479336
-1.757529742764869	-0.9999987596519054	0.12567185848186022	0.17247038424874853	10501904.0	454073.525	4.32	4.336394995885366
-1.9367573505309825	-0.9999990246781276	0.11403871690913642	0.1441706876388138	13419072.2	483067.925	4.42	4.434141323511834
-1.9367573505309825	-0.9999990358377446	0.14442984364528832	0.1441706876388138	13419072.2	415883.525	4.44	4.440511250611446
-1.4823631302537335	-0.9999988407499762	0.11258634943186531	0.22710038598332397	11629678.0	716191.6666666666	4.24	4.242875675017028
-1.4823631302537335	-0.9999988932181788	0.1503391965715918	0.22710038598332397	11629678.0	389069.6388888889	4.26	4.274191310491815
