-0.6376550205510735	-0.9999994022678479	0.12362579925027495	0.5285303648465969	23116006.666666668	1001670.25	3.96	3.9729782914834537
-1.0705523543698758	-0.9999993418108425	0.10987364337449505	0.342819107480725	20569388.6	758082.3	3.8000000000000003	3.805975253921268
-1.4732181023370168	-0.9999992422610523	0.09710108640053916	0.22918675074456107	17478468.333333332	564736.4444444445	3.71	3.7469816174393364
-1.4732181023370168	-0.9999992786964316	0.07916605824032177	0.22918675074456107	17478468.333333332	298724.8611111111	3.745	3.756070145186699
-1.4732181023370168	-0.9999992402840129	0.07302899377911572	0.22918675074456107	17478468.333333332	584592.3888888889	3.77	3.7818242501934427
-1.397837456614604	-0.999999283865169	0.09732817054589891	0.24713081760764288	18578951.875	600208.8125	3.63	3.7043497675369133
-1.7457226747698902	-0.9999988176068877	0.09643312535968443	0.17451882303355618	10692418.0	309476.725	3.7800000000000002	3.796208564306708
-1.7457226747698902	-0.9999988392972979	0.11533257528040337	0.17451882303355618	10692418.0	245417.075	3.805	3.821468720443183
-1.7866068013929792	-0.9999987474364427	0.08743724943865161	0.16752766094298818	10039573.6	289294.525	3.84	3.851504287228297
-1.7018556921176846	-0.9999988627400842	0.08473517082703641	0.18234483402651766	11090095.9	300234.225	3.7800000000000002	3.788834473324213
-1.824424336175361	-0.9999985746501316	0.10215852660734609	0.16131047801338635	8896421.5	321421.975	3.8200000000000003	3.829827556325823
-1.824424336175361	-0.9999986090469589	0.1257420107850119	0.16131047801338635	8896421.5	236688.525	3.84	3.843810595187297
-1.200009936987262	-0.999999311117618	0.08185403070100124	0.3011912189640254	20577444.0	1433225.3333333333	3.66	3.661768713344627
-1.200009936987262	-0.9999994421186031	0.024537964849119492	0.3011912189640254	20577444.0	96738.125	3.635	3.6389601387893067
-1.200009936987262	-0.999999366685328	0.08172824993009611	0.3011912189640254	20577444.0	456797.2916666667	3.6500000000000004	3.7377770459552018
