-0.8862333656191821	-0.9999990494638512	0.09462114786388111	0.4122054595866548	13890662.0	542299.9375	4.03	4.03724924270073
-1.3969834606783698	-0.9999994105904215	0.0979858721249497	0.24734195646462892	24080098.375	1458676.3125	4.28	4.282761961529652
-1.3969834606783698	-0.9999994474553483	0.13766548542482043	0.24734195646462892	24080098.375	600385.90625	4.285	4.344250707038495
-1.3059259137492716	-0.9999993911259816	0.09022389098867925	0.27092156887142177	22903853.42857143	1138885.142857143	4.25	4.306712368645194
-1.7084105299459194	-0.9999994403982938	0.08789018797544271	0.18115350197042243	24642931.6	975031.975	4.2700000000000005	4.3066143330852
-1.7084105299459194	-0.9999994615959621	0.0964195184849363	0.18115350197042243	24642931.6	578302.375	4.3100000000000005	4.310864281904526
-1.8328526184794487	-0.9999993269463564	0.10921595775017941	0.1599566211244773	20108420.5	754676.425	4.28	4.309310810763172
-1.8328526184794487	-0.9999993021698435	0.11559154880698004	0.1599566211244773	20108420.5	1242034.625	4.305	4.305110101712204
-1.8328526184794487	-0.9999993365002274	0.13135565675357955	0.1599566211244773	20108420.5	622768.925	4.3	4.305790650297152
-1.8328526184794487	-0.9999993409349708	0.11757468946654734	0.1599566211244773	20108420.5	569637.225	4.32	4.321063781675593
-1.0620333025586677	-0.9999991379511903	0.10955649362800476	0.34575207653876233	15573312.8	676680.35	4.03	4.077996196847092
-1.0620333025586677	-0.999999146508846	0.13790146134030448	0.34575207653876233	15573312.8	592249.35	4.085	4.08673528409002
-1.0620333025586677	-0.9999991861188653	0.13376171255706654	0.34575207653876233	15573312.8	319599.0	4.09	4.091694166947282
-1.0620333025586677	-0.9999991463310812	0.1475300241337755	0.34575207653876233	15573312.8	593891.2	4.095	4.116431866626586
-1.6592450502084681	-0.9999994589572513	0.08512281079522085	0.19028257968332704	25494932.0	978569.475	4.29	4.304036879669207
-1.6592450502084681	-0.9999994937851107	0.09709000195754076	0.19028257968332704	25494932.0	402685.725	4.335	4.352449121441703
-0.19618409302060036	-0.9999988171889379	0.15673880022981587	0.8218609218911755	11384135.5	704525.625	4.0200000000000005	4.058253638599056
-0.19618409302060036	-0.9999988593680158	0.15400287178747923	0.8218609218911755	11384135.5	435873.25	4.065	4.071366607827436
-0.19618409302060036	-0.9999988955333566	0.17338591045277965	0.8218609218911755	11384135.5	288772.5	4.0600000000000005	4.06677173815707
-1.8687312813962378	-0.9999992813974834	0.10572659256478037	0.15431932546696805	18620718.2	647512.525	4.34	4.3430619638251216
-1.1958783974652982	-0.9999993583011779	0.08175555350597055	0.3024381765423452	21555205.5	1016574.2916666666	4.13	4.31693755366719
-1.6049215577682752	-0.9999994421210853	0.08433385100498077	0.20090531375332082	24721675.7	976471.25	4.21	4.260834301743138
-1.6049215577682752	-0.999999427803362	0.1278560981123392	0.20090531375332082	24721675.7	1391174.625	4.255	4.2609839394015845
-1.6049215577682752	-0.999999458557251	0.1461433513356108	0.20090531375332082	24721675.7	650418.0	4.245	4.2606767624863915
-1.6049215577682752	-0.9999994580351306	0.1318914152551871	0.20090531375332082	24721675.7	658867.825	4.2700000000000005	4.278852089020807
-2.0427545914944574	-0.9999992615243464	0.09824298428173939	0.1296710277590124	17960828.8	575867.6	4.11	4.1161021948468814
-2.0427545914944574	-0.9999992209215283	0.126986730058305	0.1296710277590124	17960828.8	1194089.125	4.09	4.095137610656506
-1.9627036213851492	-0.9999991287236808	0.13758728414180263	0.14047810742547492	15328634.3	631260.875	4.28	4.304168405182985
-1.9627036213851492	-0.9999991485043707	0.1286520803049342	0.14047810742547492	15328634.3	466150.1	4.33	4.372571903474126
-1.9020224079764902	-0.9999991609603279	0.10163168802982074	0.14926643612583662	16388571.1	937207.75	4.315	4.332835806012082
