-1.3141200072965387	-0.9999988037114236	0.14073494906973957	0.2687106826667868	10912836.0	467380.46428571426	4.3	4.314124572626007
-1.3141200072965387	-0.9999988118858887	0.1596801703754468	0.2687106826667868	10912836.0	427492.53571428574	4.335	4.363892205213693
-1.3141200072965387	-0.9999988401553299	0.14121798913503672	0.2687106826667868	10912836.0	314013.5714285714	4.375	4.375503900478122
-1.9065673085828405	-0.9999989327635769	0.12431100577581464	0.1485895743097311	12453928.9	592013.575	4.23	4.243037756945042
-1.8731801828546972	-0.999998943726758	0.12431149219362832	0.1536342989324818	12618214.9	614326.075	4.21	4.267406411122583
-1.9358412298968306	-0.9999993516216201	0.14275743472960886	0.14430282589865107	21089812.3	868199.825	4.17	4.30510027538173
-1.9358412298968306	-0.9999993737018694	0.12385082257263436	0.14430282589865107	21089812.3	544982.075	4.36	4.487075610031996
-1.9358412298968306	-0.9999993746633721	0.1431284048598916	0.14430282589865107	21089812.3	534042.25	4.47	4.5091402604381585
-1.9358412298968306	-0.9999993405132023	0.15605680785974194	0.14430282589865107	21089812.3	1097397.325	4.55	4.576755887662813
-1.9939757143190673	-0.999999501956365	0.10132815870181273	0.13615304237971218	27832733.4	1047497.725	4.44	4.510384467324522
-1.9939757143190673	-0.9999994740648915	0.12945290691303632	0.13615304237971218	27832733.4	2276639.975	4.5	4.501148215954876
-1.2057922702236459	-0.9999986922588071	0.12904889785697737	0.29945465649808384	9904672.666666666	421993.875	4.3	4.312951681615849
-1.2057922702236459	-0.9999987559267534	0.12358596387748562	0.29945465649808384	9904672.666666666	224612.91666666666	4.32	4.3207835016452965
-1.5509661308670049	-0.9999988295394889	0.13142038394121927	0.21204301353294563	11162802.5	472417.025	4.37	4.373081972604126
-2.046004428539097	-0.9999995624478285	0.10595773273172686	0.12925030206464727	31943472.5	1175183.55	4.58	4.599998378599368
-1.8381078902658956	-0.9999989659893095	0.11640160045118873	0.15911821057367573	12727949.2	519609.9	4.19	4.1983858874746804
-1.8381078902658956	-0.9999989795268468	0.1583285832392063	0.15911821057367573	12727949.2	437367.1	4.1850000000000005	4.188621296567908
-1.8381078902658956	-0.9999990082351324	0.12924589174974627	0.15911821057367573	12727949.2	303497.775	4.2	4.2087601316924985
-0.20060235608409813	-0.9999985144099288	0.15233625806451612	0.8182377341290158	8751210.5	442727.25	4.36	4.367576349385043
-0.20060235608409813	-0.9999985652337131	0.16719208402278557	0.8182377341290158	8751210.5	283775.375	4.365	4.372000199770264
-0.20060235608409813	-0.9999985555349405	0.13631005870266386	0.8182377341290158	8751210.5	308912.875	4.365	4.365578175895766
-0.20060235608409813	-0.9999985641119461	0.14751693234654076	0.8182377341290158	8751210.5	286574.875	4.37	4.37213778566211
-2.020376237760548	-0.9999995157537969	0.11432351727466807	0.1326055644728505	30627718.2	2761696.95	4.51	4.511980893787216
-2.020376237760548	-0.9999995237139409	0.14514322821123848	0.1326055644728505	30627718.2	2164185.725	4.48	4.562852700007463
-1.482901248656757	-0.9999987404199258	0.14074965003002055	0.2269782119612855	11208615.666666666	1353423.9722222222	4.3500000000000005	4.350253415446024
-1.482901248656757	-0.9999988606183945	0.14933927790789386	0.2269782119612855	11208615.666666666	351824.47222222225	4.36	4.368939487783644
-1.482901248656757	-0.9999988626029044	0.1266664632432413	0.2269782119612855	11208615.666666666	344085.0	4.37	4.372602964731194
