-1.4428895154245942	-0.9999991337918639	0.026752053849664857	0.23624414040731442	14064043.857142856	195317.9642857143	10.33	10.360713710310005
-1.1796789207217622	-0.9999991383250791	0.05522426174034113	0.30737741527740936	14279306.4	220602.05	10.135000000000002	10.181813712671932
-0.9888876734813685	-0.9999991418314559	0.03693729572766665	0.3719902355848279	13881367.75	149125.9375	10.39	10.42402865419935
-2.102872066988945	-0.9999988424740592	0.028245662001606518	0.12210522976202148	10919166.1	308419.075	9.31	9.31120139045055
-2.1608432456676527	-0.9999987562306627	0.029414101886978752	0.11522791461958122	8958765.0	69052.525	9.39	9.415817393674098
-2.1608432456676527	-0.99999883089993	0.01807709129504516	0.11522791461958122	8958765.0	35371.6	9.41	9.422252765578966
-1.3248646552052739	-0.9999991767483422	0.05080852455217603	0.2658389365704897	14948030.333333334	221015.08333333334	10.145	10.307435839511577
-1.819208365846835	-0.9999991097204264	0.02832038461057114	0.16215406683493594	13050142.0	111108.875	10.01	10.05671550558565
-1.6971249081397222	-0.9999989987969957	0.03775927977454619	0.1832095117348728	12876062.8	396943.9	10.5	10.507745071773344
-1.6971249081397222	-0.9999990710065693	0.05990618744926485	0.1832095117348728	12876062.8	156650.325	10.5	10.554611790901733
-2.212966247623741	-0.9999987362127283	0.02615080256483645	0.10937573135813776	8710726.7	60384.575	9.36	9.398930188992269
-2.1326127950261453	-0.9999989847664718	0.01384109929404766	0.11852720164221257	10464328.0	41097.9	9.35	9.35562493754372
-1.623847248554529	-0.9999990412912032	0.036605139535882104	0.19713879630435352	13459207.555555556	401698.94444444444	10.4	10.475667353428022
-1.623847248554529	-0.9999991111215366	0.058101165722243955	0.19713879630435352	13459207.555555556	156936.0	10.370000000000001	10.526289016100622
-1.623847248554529	-0.9999991079543078	0.03998645447055374	0.19713879630435352	13459207.555555556	163770.61111111112	10.58	10.583400477966874
