-1.4017610010913604	-0.9999966086339537	0.07399994738312797	0.24616308855861577	3384493.714285714	96572.25	8.01	8.02415733102163
-1.4017610010913604	-0.9999966933978066	0.11675400452558447	0.24616308855861577	3384493.714285714	72486.85714285714	7.995	8.005372475302027
-0.6877108220903908	-0.9999968248348489	0.10529966947983699	0.502725581140188	3802886.0	175393.16666666666	8.2	8.21085455489022
-0.6877108220903908	-0.9999969813160988	0.1506590249400497	0.502725581140188	3802886.0	96732.08333333333	8.184999999999999	8.193542282332217
-0.230486927292128	-0.9999969147797474	0.10278832369423513	0.7941468165837148	3943824.0	192444.0	8.15	8.175563631021824
-1.9078458735066004	-0.9999970323667089	0.06333002440632068	0.14839971429202597	3910557.0	109654.525	7.8	7.815036864507557
-1.9078458735066004	-0.9999971422706845	0.09002495596933209	0.14839971429202597	3910557.0	71346.2	7.82	7.831601480652676
-2.0490147322223815	-0.9999966129551929	0.038494560296505144	0.12886180444556145	3086588.5	34696.175	7.8	7.810327496450544
-2.0490147322223815	-0.999996446663563	0.08862145298250254	0.12886180444556145	3086588.5	57969.375	7.785	7.798269896193772
-2.0490147322223815	-0.9999964100853028	0.10389662835294432	0.12886180444556145	3086588.5	64898.125	7.79	7.814343491015768
-2.0490147322223815	-0.9999963639714078	0.08012951971281333	0.12886180444556145	3086588.5	74825.25	7.7700000000000005	7.798351881439486
-2.1072592206583978	-0.9999962664610262	0.05848504447390024	0.12157070872550726	3041945.5	85580.3	7.890000000000001	7.893032355154252
-2.1072592206583978	-0.9999963174384677	0.09876007754518236	0.12157070872550726	3041945.5	73286.95	7.91	8.043134962514811
-2.1072592206583978	-0.9999963304981512	0.08378874406448278	0.12157070872550726	3041945.5	70432.525	8.065000000000001	8.07218965619605
-1.5776489462500483	-0.999996986759433	0.07783003333792139	0.20645992643720942	3799522.0	93794.65625	7.875	7.93022995186034
-1.5776489462500483	-0.9999969549894467	0.09735044449023446	0.20645992643720942	3799522.0	105828.5	7.96	7.963145409570587
-1.5776489462500483	-0.9999970167560562	0.09134537898131849	0.20645992643720942	3799522.0	83691.19444444444	7.97	8.013410576695005
-1.5776489462500483	-0.9999969219826401	0.10255472483567495	0.20645992643720942	3799522.0	119968.72222222222	8.045000000000002	8.093656216909567
-2.078963670170954	-0.9999962134382658	0.05513811898310606	0.1250597482134576	2994065.7	83885.05	7.86	7.884166334959664
-1.6487777059613007	-0.9999968821313293	0.09197711945570244	0.19228479359920522	3851007.7	163886.625	8.1	8.12306961265005
-1.7680485859663218	-0.9999969980806958	0.06814776343604703	0.1706657035366982	3768827.9	81936.925	7.9350000000000005	7.941222291075958
-1.7680485859663218	-0.9999969773729169	0.10945736298098963	0.1706657035366982	3768827.9	88587.85	7.96	7.985492381393552
-1.7680485859663218	-0.9999969842989739	0.09643715741360999	0.1706657035366982	3768827.9	86305.325	8.01	8.043429168202481
-1.7680485859663218	-0.9999969064831982	0.09644588239794727	0.1706657035366982	3768827.9	115719.425	8.06	8.060823208834702
-1.983190938132294	-0.9999972055867388	0.044222020046172116	0.137629369086038	3819238.8	43153.05	7.73	7.7558746492048645
-1.983190938132294	-0.9999969571679044	0.09885964688958195	0.137629369086038	3819238.8	111445.775	7.7700000000000005	7.775643634532348
-1.983190938132294	-0.9999970546106075	0.09896298752766106	0.137629369086038	3819238.8	76813.25	7.77	7.788838040770083
-1.983190938132294	-0.999996923763453	0.09523722214436914	0.137629369086038	3819238.8	126610.925	7.78	7.793137062684787
