-1.7736354090181567	-0.9999983931300784	0.06875724161763416	0.16971488295631998	7191727.3	104418.35	8.14	8.245689992401237
-1.7736354090181567	-0.9999984999212829	0.03895773311324985	0.16971488295631998	7191727.3	48442.675	8.265	8.3536496179933
-0.6949280385947662	-0.9999972774833026	0.04288340560176378	0.49911036337597486	4129922.0	76402.33333333333	8.6	8.686214174691031
-1.296560126754875	-0.9999974728111115	0.05582146006899162	0.27347088210500264	4521220.666666667	91671.58333333333	8.05	8.093052258921029
-1.4101197732141642	-0.999997359951807	0.055774285791168644	0.24411404307882104	4301866.428571428	85572.82142857143	8.17	8.189825576607888
-2.0524978047610594	-0.9999988461298107	0.03364396767140422	0.12841375018892626	9659312.6	69256.925	7.45	7.50532480241142
-2.0524978047610594	-0.9999987329390052	0.06316029211111679	0.12841375018892626	9659312.6	206681.325	7.545	7.546268855814123
-2.0524978047610594	-0.9999988449768843	0.058954308817009075	0.12841375018892626	9659312.6	70032.525	7.54	7.56100294461986
-1.5857810952242735	-0.9999978457818834	0.06201405438968097	0.20478777187841682	5296258.0	90154.83333333333	7.9	7.986978434285605
-1.5857810952242735	-0.999997757561702	0.053342778052827576	0.20478777187841682	5296258.0	143849.77777777778	7.975	7.9809012735569835
-1.5857810952242735	-0.999997862847477	0.07845388776560795	0.20478777187841682	5296258.0	82363.61111111111	7.875	7.919762667299863
-1.5857810952242735	-0.9999979001032445	0.08598021188592375	0.20478777187841682	5296258.0	67614.66666666667	8.004999999999999	8.057627313335393
-2.0215403978419144	-0.9999989031984104	0.031422455511554356	0.13245128019134972	10107787.0	65265.675	7.33	7.3436706743945726
-2.0215403978419144	-0.9999988663063386	0.06445298910150965	0.13245128019134972	10107787.0	94761.975	7.375	7.406707674574889
-2.0215403978419144	-0.9999989087543582	0.05392390001498823	0.13245128019134972	10107787.0	61701.425	7.43	7.464351105666946
-2.0215403978419144	-0.9999988555827677	0.07389102582625452	0.13245128019134972	10107787.0	105610.825	7.43	7.435169503101191
-1.7181301904922552	-0.9999979993107375	0.06655068314360758	0.17940128071698586	5726614.4	94576.6	7.83	7.874841100701982
-1.7181301904922552	-0.9999982400302616	0.020797357465301914	0.17940128071698586	5726614.4	23828.225	7.87	7.9030195887097605
-1.7181301904922552	-0.9999980116279946	0.08479555906959668	0.17940128071698586	5726614.4	88135.3	7.9	7.997276627477352
-1.7181301904922552	-0.9999980303600489	0.08732797535190295	0.17940128071698586	5726614.4	79170.25	8.055	8.07935523371833
