-2.0509208282605393	-0.9999986143900375	0.09871036780683404	0.12861641541246543	9052984.6	280380.275	9.43	9.552382878083101
-2.0509208282605393	-0.9999986178425779	0.12221906726516854	0.12861641541246543	9052984.6	271752.275	9.5	9.523331072521609
-2.0509208282605393	-0.9999985476416797	0.12689530838600457	0.12861641541246543	9052984.6	513074.1	9.495000000000001	9.532717486236471
-2.143419393967045	-0.9999991513391373	0.08799638815888507	0.11725322180326415	15461434.0	499574.45	9.66	9.81638926627628
-2.143419393967045	-0.9999991602911752	0.10469185832957927	0.11725322180326415	15461434.0	434999.55	9.9	10.13452466407828
-2.143419393967045	-0.9999991962649772	0.1234085129241939	0.11725322180326415	15461434.0	249419.625	10.16	10.177355715202475
-2.1145449330772226	-0.9999988600986728	0.07572452886121801	0.12068819826564159	11121916.9	320579.225	9.61	9.691979394664545
-2.1145449330772226	-0.9999988766490285	0.11505441443499863	0.12068819826564159	11121916.9	266682.05	9.635000000000002	9.67785940552186
-2.1145449330772226	-0.9999988950041084	0.1390760468068912	0.12068819826564159	11121916.9	217437.75	9.675	9.695385799289063
-2.1145449330772226	-0.9999988474556153	0.11972914632139278	0.12068819826564159	11121916.9	368980.9	9.67	9.677534732059371
-1.3062729260545245	-0.9999985395988535	0.10648898506074238	0.27082757206323277	8523068.5	254509.91666666666	9.3	9.304032698430484
-1.3062729260545245	-0.9999985449773386	0.10741823413675496	0.27082757206323277	8523068.5	243106.20833333334	9.32	9.329233889750057
-1.3062729260545245	-0.9999985440405407	0.15415694097188692	0.27082757206323277	8523068.5	245055.04166666666	9.33	9.343348131377445
-1.3062729260545245	-0.9999984974237692	0.1555357091437548	0.27082757206323277	8523068.5	364600.4583333333	9.35	9.362150071828559
-1.9385029904225453	-0.9999985267951501	0.12978410960532716	0.143919237070202	9521544.5	1235745.175	9.46	9.473210836889796
-2.171685332391287	-0.9999992072523056	0.09048951477529817	0.11398535173556876	16795763.7	606100.625	10.02	10.206532852238865
-1.4229019286790061	-0.9999986218088752	0.11864692255201877	0.24101359683534823	9217895.57142857	329067.71428571426	9.35	9.393992909193454
-1.4229019286790061	-0.9999986402792125	0.11792618144342587	0.24101359683534823	9217895.57142857	277551.1785714286	9.405000000000001	9.426891473537372
-0.6996833916092579	-0.9999986219493062	0.09674873058618873	0.4967425517570082	9110565.0	283457.3333333333	9.23	9.241779735434676
-0.6996833916092579	-0.9999986126280479	0.13938072150640501	0.4967425517570082	9110565.0	308580.8333333333	9.265	9.269735179178547
-0.6996833916092579	-0.9999986365992654	0.15296705679929531	0.4967425517570082	9110565.0	248040.41666666666	9.27	9.283473464783272
-1.7961359376957007	-0.9999986034997194	0.10029616352332947	0.16593884905249776	8919327.2	256745.1	9.31	9.324880710597625
-1.7961359376957007	-0.9999985710834938	0.1254231873813011	0.16593884905249776	8919327.2	342823.475	9.315000000000001	9.390852072627208
-1.8477239770027503	-0.9999986149999567	0.11166126261753753	0.15759544929566593	9090008.6	293507.625	9.38	9.443561234319583
-1.8477239770027503	-0.9999985931906211	0.1284879992529053	0.15759544929566593	9090008.6	357863.375	9.48	9.485354776860838
-1.8477239770027503	-0.9999985533057949	0.13798787730409817	0.15759544929566593	9090008.6	514247.95	9.47	9.482172947318649
