-1.1706798580951552	-0.9999981747470696	0.06446074059076982	0.31015600749863614	6552584.2	156391.4	10.120000000000001	10.130905438030856
-2.128690916846881	-0.9999980818001368	0.10430384960405634	0.11899296362185954	6351782.3	195630.475	9.96	10.027921972702032
-0.7054637862598839	-0.9999982656648236	0.0434217749096402	0.4938794666211041	6586160.333333333	91363.25	9.8	9.816320008428669
-0.7054637862598839	-0.9999981307715976	0.06584555231938005	0.4938794666211041	6586160.333333333	222133.41666666666	9.83	9.899056187448393
-0.7054637862598839	-0.9999983415285427	0.044870172532185365	0.4938794666211041	6586160.333333333	55433.583333333336	9.825	9.874790603972762
-0.7054637862598839	-0.9999981743142664	0.07821280845725408	0.4938794666211041	6586160.333333333	166750.33333333334	9.945	10.001976177518559
-1.8112477948845862	-0.9999985037384358	0.06683791908627362	0.16345005735908233	8426080.3	298826.0	9.870000000000001	9.87102951132714
-1.8112477948845862	-0.9999985944778653	0.09588632040165919	0.16345005735908233	8426080.3	139112.075	9.875	9.896633287339604
-1.8112477948845862	-0.9999985075364212	0.11465937626479604	0.16345005735908233	8426080.3	289414.3	9.915	9.930295769244651
-1.6903178486372334	-0.9999986087230699	0.054130975764113645	0.18446088403355448	8674465.8	174307.875	9.74	9.81669586311667
-1.6903178486372334	-0.9999986851485518	0.05965535388045748	0.18446088403355448	8674465.8	89825.375	9.82	9.834917980080332
-1.6903178486372334	-0.9999985293069964	0.08732015315718986	0.18446088403355448	8674465.8	347136.475	9.865	9.868833543101562
-1.4348678715524503	-0.9999984100717602	0.0813598551357971	0.2381468279066638	7704083.571428572	208758.89285714287	10.21	10.282608122134764
-1.4348678715524503	-0.9999985103282575	0.06879425692196146	0.2381468279066638	7704083.571428572	96427.35714285714	10.26	10.280906022751523
-1.4348678715524503	-0.9999983560472635	0.08425113522205109	0.2381468279066638	7704083.571428572	316521.39285714284	10.32	10.371758142413071
-2.0308924479901114	-0.9999983984315036	0.056239922188449844	0.13121836331302733	7418612.8	144554.175	9.9	9.923021998316838
-2.0308924479901114	-0.9999984665813934	0.06616461047380048	0.13121836331302733	7418612.8	87188.475	9.915	9.928243169188097
-2.0308924479901114	-0.999998417561229	0.09695732217172164	0.13121836331302733	7418612.8	125428.675	9.93	9.935672625269046
-2.1852080659877124	-0.9999980925474892	0.10210355245768774	0.11245433329803464	6390104.0	196578.05	9.96	9.977723090423481
-2.1852080659877124	-0.9999981800662985	0.08855485766585974	0.11245433329803464	6390104.0	112370.5	9.97	9.970803649246532
-2.1852080659877124	-0.9999981450815743	0.11086467954200664	0.11245433329803464	6390104.0	140521.325	9.99	9.994192492073077
-2.1852080659877124	-0.9999980503768804	0.13017175115205973	0.11245433329803464	6390104.0	257375.3	9.985	9.997334382170651
-1.317107917193306	-0.9999982394799499	0.07360504433301347	0.267908997636425	7130173.333333333	282888.9166666667	10.15	10.159841208673752
-1.317107917193306	-0.9999984166999013	0.060157164352738664	0.267908997636425	7130173.333333333	79952.79166666667	10.23	10.233269358752294
-1.317107917193306	-0.9999982814919967	0.10612035965534014	0.267908997636425	7130173.333333333	209662.66666666666	10.22	10.23978233704283
-2.2113831668469177	-0.9999981344653229	0.10174551939639424	0.10954901910396113	6547610.2	201750.875	9.98	10.008750223664729
-2.2113831668469177	-0.9999980628229876	0.0987321223151175	0.10954901910396113	6547610.2	322505.95	9.97	9.974107928361466
-2.2113831668469177	-0.9999980290455672	0.12136724270806022	0.10954901910396113	6547610.2	402334.4	9.98	9.98292435252469
