-2.147906360679805	-0.9999990483538705	0.037462908949295055	0.11672828905864474	12479521.3	143785.975	10.040000000000001	10.059476684872218
-2.147906360679805	-0.9999994145720932	-0.0004940415534100753	0.11672828905864474	12479521.3	-1488.0	10.13	10.208630664157212
-2.147906360679805	-0.9999990679951608	0.03903913186502021	0.11672828905864474	12479521.3	112528.9	10.26	10.299191552513392
-2.147906360679805	-0.9999990761379021	0.036004264309254505	0.11672828905864474	12479521.3	101655.7	10.235	10.306260786217722
-1.1893613280925124	-0.9999992964649168	0.02071408080378648	0.30441562370113645	16811163.6	136931.5	11.3	11.359874667025705
-1.1893613280925124	-0.9999993122360256	0.039214120513477564	0.30441562370113645	16811163.6	105040.7	11.315000000000001	11.387469389753244
-2.1762362934404793	-0.999999005584827	0.03928399515287673	0.11346778744039875	11963827.4	146826.175	10.27	10.326339021796311
-2.1762362934404793	-0.9999991017057229	0.016887818355450925	0.11346778744039875	11963827.4	46491.1	10.355	10.466302819459987
-2.1762362934404793	-0.9999989580508328	0.04695590063743909	0.11346778744039875	11963827.4	259288.375	10.524999999999999	10.551929875842045
-1.931511368042472	-0.999999286493144	0.012317867391718735	0.14492899182770697	15412061.4	59670.6	10.03	10.153531304785988
-1.931511368042472	-0.9999992378065559	0.023153009844467845	0.14492899182770697	15412061.4	126369.35	10.135000000000002	10.145196092459988
-1.931511368042472	-0.999999225195956	0.04666838851142365	0.14492899182770697	15412061.4	153479.3	10.190000000000001	10.24980820981633
-2.013278064664577	-0.9999991864054459	0.025100318548143125	0.13355017024451885	14259208.6	109229.375	10.200000000000001	10.32102372881943
-2.013278064664577	-0.9999992180356906	0.019549279913324356	0.13355017024451885	14259208.6	69576.2	10.35	10.393973671544106
-2.013278064664577	-0.9999991677231721	0.04592451447891132	0.13355017024451885	14259208.6	142571.925	10.434999999999999	10.548198404105527
-1.7114873540572542	-0.9999993275324497	0.013714455679736287	0.18059698110515687	16853432.3	83564.525	11.1	11.15164936085997
-0.7196991907699748	-0.9999993503743304	0.008448377170980096	0.4868986975556876	17047172.666666668	64490.0	11.31	11.397316276412704
-0.7196991907699748	-0.9999992514875361	0.07125630356567737	0.4868986975556876	17047172.666666668	348021.0833333333	11.335	11.37286346986491
-0.7196991907699748	-0.9999992736193588	0.06258834525024375	0.4868986975556876	17047172.666666668	238644.91666666666	11.34	11.434743709226469
-1.4569930402641837	-0.9999993028835468	0.01641583903526186	0.23293565082798237	16547942.0	102317.17857142857	11.065000000000001	11.11779225754296
-1.4569930402641837	-0.9999993111645624	0.029614434280812313	0.23293565082798237	16547942.0	89214.39285714286	11.065000000000001	11.076819448101844
-1.4569930402641837	-0.999999222996917	0.05191705633406363	0.23293565082798237	16547942.0	383770.25	11.105	11.111189865634934
-1.833554624038791	-0.999999260119735	0.023586846616913272	0.15984437009222846	15816701.2	120868.3	10.74	10.808645571193154
-2.084962178088609	-0.9999990812523013	0.04707495453709402	0.12431182178757519	13266108.6	196457.55	10.26	10.33921277326578
-2.084962178088609	-0.9999991700754534	0.018412690355314492	0.12431182178757519	13266108.6	60466.975	10.33	10.3536389078511
-2.084962178088609	-0.9999990963630266	0.05653374014809956	0.12431182178757519	13266108.6	160771.6	10.41	10.471096796089414
-2.084962178088609	-0.9999991054469587	0.04696205303736537	0.12431182178757519	13266108.6	142519.025	10.49	10.510045634527986
-0.9957724695371667	-0.9999993203251114	0.016475750445007455	0.36943795472626223	17129604.25	113840.4375	11.26	11.380694558620696
-1.7762748962058552	-0.999999300549466	0.015936788084427726	0.16926751337007187	16222190.3	84677.725	10.91	10.990724687166368
