-1.554033511297477	-0.9999995904954003	0.031060277876330693	0.21139359346121572	31410145.25	385615.625	11.33	11.445823946878434
-1.554033511297477	-0.9999995883615151	0.06447421130444797	0.21139359346121572	31410145.25	412347.6875	11.465	11.516773353280849
-1.554033511297477	-0.9999995782370131	0.09475603213695422	0.21139359346121572	31410145.25	566728.09375	11.53	11.647897628448977
-1.554033511297477	-0.9999995868579663	0.06275575146774606	0.21139359346121572	31410145.25	432288.71875	11.684999999999999	11.916728272190621
-2.022786437665861	-0.9999996844946755	-9.04683906768992e-05	0.13228634340174306	20391997.5	-621.525	10.66	10.686606147762914
-2.022786437665861	-0.9999994167757156	0.035992652589663256	0.13228634340174306	20391997.5	146254.175	10.72	10.755226154877612
-2.126085940418199	-0.999999266507283	0.009882630935927032	0.11930334157538369	14789695.5	51437.075	10.200000000000001	10.269100296797252
-1.1858055150581335	-0.9999995096874772	0.03106027472429563	0.305499995512924	26199723.8	379287.6	11.200000000000001	11.363478970127678
-1.1858055150581335	-0.9999995205020896	0.0700204466129642	0.305499995512924	26199723.8	285703.35	11.43	11.456065680566677
-1.1858055150581335	-0.9999994966506162	0.09090242207206126	0.305499995512924	26199723.8	533712.7	11.445	11.722367718772466
-2.0594882275468214	-0.9999994063087145	0.010188678526262148	0.12751921401931002	18467343.9	57750.3	10.56	10.59630664938631
-1.3345139325990643	-0.9999995750641093	0.038631213412343955	0.26328611915852	30931933.0	510980.4166666667	11.5	11.752025327256534
-1.3345139325990643	-0.9999995782074119	0.06717404389133189	0.26328611915852	30931933.0	463637.3333333333	11.915	11.991956774725411
-1.3345139325990643	-0.9999995719914274	0.09118990992938353	0.26328611915852	30931933.0	561928.9583333334	11.865	11.865560876431664
-1.8384665779748488	-0.9999995641385457	0.01550699176494033	0.15906114706187427	27323244.7	148619.175	11.43	11.484911047595274
-1.8384665779748488	-0.9999995314197646	0.06185577549152952	0.15906114706187427	27323244.7	363352.85	11.415	11.466559408931326
-1.7799436519742289	-0.9999995897251306	0.021378298544443893	0.1686476499629903	30326423.5	253258.375	11.620000000000001	11.660433696949907
-1.7799436519742289	-0.9999995753168266	0.06193443891555212	0.1686476499629903	30326423.5	392040.025	11.71	11.768468598346995
