-1.516858800893637	-0.9999983626497244	0.06981352629636858	0.21939998469627353	7329283.75	162852.25	8.75	8.922880795282774
-1.670640784782588	-0.9999982739508386	0.07206331660858604	0.18812647842307123	6936114.5	158271.675	8.950000000000001	9.009053836244718
-1.670640784782588	-0.9999981843979943	0.06163614259783187	0.18812647842307123	6936114.5	294554.7	9.024999999999999	9.026558886108566
-1.8422323194159662	-0.999998283166921	0.06608516461084837	0.15846329030220704	6920206.1	144470.675	9.01	9.098503991048116
-1.8422323194159662	-0.999998325462621	0.060916246633984664	0.15846329030220704	6920206.1	107810.95	9.09	9.111853356652766
-2.135469335617328	-0.9999975304402267	0.10087036439484597	0.11818910699999614	4837159.3	154144.775	9.13	9.28876979566288
-2.135469335617328	-0.9999975726241491	0.1025626390326145	0.11818910699999614	4837159.3	125692.75	9.365	9.3719399245877
-2.009272168224155	-0.9999975854895975	0.10137418677206711	0.13408623138196354	4981963.1	167543.075	9.06	9.065457008500292
-2.009272168224155	-0.9999977345689367	0.06470640325173004	0.13408623138196354	4981963.1	79720.45	9.055	9.060678997447205
-2.163071893612552	-0.9999976092770577	0.0905587425542262	0.11497139811313545	4977811.8	147349.425	9.370000000000001	9.4382396399775
-2.163071893612552	-0.9999975697208352	0.10817811918027946	0.11497139811313545	4977811.8	179416.775	9.39	9.397416983321374
-1.8892344847354359	-0.9999982770570746	0.07243098581876255	0.15118750088844654	6963614.7	162414.1	9.09	9.1337908746332
-1.972106801052643	-0.9999976397830904	0.08925585515972667	0.13916335764368878	5297101.0	268956.15	8.98	9.000720924482605
-1.421975064939475	-0.9999983213493999	0.04799037892545514	0.2412370871555262	6818674.428571428	93541.57142857143	8.65	8.768863665033052
-1.421975064939475	-0.99999828911788	0.04512090297229487	0.2412370871555262	6818674.428571428	116534.14285714286	8.78	8.78033836910824
-1.421975064939475	-0.9999984228418	0.032180537811310854	0.2412370871555262	6818674.428571428	46821.92857142857	8.785	8.791180577198778
-0.23879077294820256	-0.9999969898868281	0.13397713254973143	0.7875796481031911	4074816.0	212278.125	9.32	9.366894820153837
-1.7909401423353857	-0.9999982799181942	0.06485703292789473	0.1668032771054392	6878176.8	137450.55	9.02	9.077576298043262
-2.0759846888119338	-0.9999972093816097	0.09706726541675803	0.12543285433431664	4211393.4	127056.1	8.96	9.07540695375318
-2.0759846888119338	-0.999997176305417	0.09236547304357098	0.12543285433431664	4211393.4	146046.725	9.115	9.117050113001444
