-2.177181957499552	-0.9999994072595678	0.050832359420860444	0.11336053575198017	20646372.0	206475.0	27.75	27.813008605014105
-2.177181957499552	-0.9999993732527429	0.13445883619622112	0.11336053575198017	20646372.0	416672.0	27.785	27.849728778750816
-2.177181957499552	-0.9999993880091383	0.04242978179833468	0.11336053575198017	20646372.0	307241.0	27.935000000000002	27.96264445609933
-2.177181957499552	-0.9999994133560313	0.09887192969136187	0.11336053575198017	20646372.0	182055.0	27.845	27.969017588639
-2.177181957499552	-0.9999994029583097	0.11859330107882851	0.11336053575198017	20646372.0	225650.0	28.07	28.121642434649875
-2.177181957499552	-0.9999993827291541	0.14914054446562733	0.11336053575198017	20646372.0	342628.0	28.145000000000003	28.150575724603566
-1.8802470694627238	-0.9999994918672267	0.015232735911071939	0.1525524100583573	22467287.3	90794.5	26.67	26.755175557626515
-2.0745825680144776	-0.9999993673250034	0.2163548732505382	0.12560884970261305	21729160.7	934246.5	27.7	27.94617082806317
-2.0745825680144776	-0.9999993078539954	0.19416983989944261	0.12560884970261305	21729160.7	3401583.0	28.015	28.03585541409969
-2.3400667863676863	-0.999999420466877	0.06798501905023309	0.0963212050722538	21654614.9	281972.0	27.7	27.91720919187491
-2.3400667863676863	-0.9999993746258589	0.20563396687432764	0.0963212050722538	21654614.9	760883.0	28.020000000000003	28.149868918817344
-2.3400667863676863	-0.9999994109214803	0.09301147283006965	0.0963212050722538	21654614.9	346717.5	28.160000000000004	28.177190180596664
-2.3400667863676863	-0.9999994016727005	0.23495115916726345	0.0963212050722538	21654614.9	423600.0	28.18	28.22772785078423
-2.3743630365586643	-0.999999518629284	0.015856308200744847	0.09307375491284424	23056004.1	66070.0	28.22	28.244701312565518
-2.3743630365586643	-0.9999994723044013	0.05222802376633302	0.09307375491284424	23056004.1	192249.0	28.255000000000003	28.26518490621785
-1.463444956373137	-0.9999994857410704	0.11213073135335666	0.23143760737202043	26643451.333333332	892366.0	26.25	26.606724807967954
-1.463444956373137	-0.9999994909204698	0.17690680441188472	0.23143760737202043	26643451.333333332	777341.0	26.7	26.937966539332198
-1.463444956373137	-0.9999994770333774	0.1051031492245762	0.23143760737202043	26643451.333333332	1125384.0	26.895	26.92803246901799
-1.463444956373137	-0.9999995572417816	0.07576682531296605	0.23143760737202043	26643451.333333332	132800.0	26.815	26.87833038869258
-1.463444956373137	-0.9999994861077446	0.15856328551492277	0.23143760737202043	26643451.333333332	883690.5	26.925	26.982485897702645
-2.222409192765784	-0.9999993426272593	0.1614229654870842	0.10834776348773513	21250080.8	1166155.5	28.35	28.54706015084839
-2.222409192765784	-0.9999994120821359	0.13451753375958855	0.10834776348773513	21250080.8	266545.0	28.645	28.674841865934244
-2.222409192765784	-0.9999993611668911	0.1302823186132986	0.10834776348773513	21250080.8	786426.0	28.490000000000002	28.577866153650223
-0.2890785694187867	-0.9999996278749855	0.008304238774902188	0.7489533582608499	32659014.0	189706.0	27.75	27.783816393554993
-0.2890785694187867	-0.9999996148978962	0.168918432580925	0.7489533582608499	32659014.0	289830.5	27.605	27.67172824092902
-1.7046912221827832	-0.9999995162711964	0.01684951283213768	0.18182852212232264	24083510.75	114677.5	26.71	26.791025206073325
-1.7046912221827832	-0.9999995098449532	0.033911603951637975	0.18182852212232264	24083510.75	133873.0	26.955	27.000258950288053
-2.4369083852511335	-0.9999995618240662	0.011802998177286762	0.08743073621075481	24797829.9	52354.5	28.330000000000002	28.47694331098763
-2.4369083852511335	-0.9999993859421904	0.3016303296123785	0.08743073621075481	24797829.9	4103295.0	28.54	28.678699641983776
-2.4369083852511335	-0.9999994011948273	0.6089888024074543	0.08743073621075481	24797829.9	2811049.5	28.580000000000002	28.831260754768408
-2.4369083852511335	-0.999999437635566	0.3920823988971079	0.08743073621075481	24797829.9	1138721.5	28.98	29.066156572745754
-1.9514592643991275	-0.9999994068110846	0.10599162331012096	0.14206660750821562	22202924.3	524671.0	26.41	26.66021574488893
-1.9514592643991275	-0.9999993799207013	0.28475591396400735	0.14206660750821562	22202924.3	953193.0	26.740000000000002	26.8814941702532
-1.9514592643991275	-0.9999993981413414	0.35968132102347833	0.14206660750821562	22202924.3	636042.5	26.990000000000002	27.045488152263946
-1.9514592643991275	-0.9999993689502925	0.2904565752389475	0.14206660750821562	22202924.3	1216086.0	27.285	27.352585089971214
-1.9514592643991275	-0.9999993837085533	0.34109808714016426	0.14206660750821562	22202924.3	876306.5	27.365000000000002	27.426008947458314
-1.9514592643991275	-0.9999993579625409	0.3805468572911588	0.14206660750821562	22202924.3	1552083.0	27.46	27.553399786564633
-2.0161948481841176	-0.9999993959630974	0.05271266112052762	0.13316120085443833	21320601.7	391769.0	27.51	27.561142476791122
-2.4064790949155928	-0.9999995063441679	0.018456433491695175	0.09013208306340634	22888193.7	80731.0	27.7	27.74332702224993
-2.4064790949155928	-0.9999994151042652	0.17480908322335542	0.09013208306340634	22888193.7	651612.5	27.810000000000002	27.98945551251299
-2.4064790949155928	-0.9999993889117846	0.23039238621677235	0.09013208306340634	22888193.7	1186721.0	28.115000000000002	28.21512815486573
-2.4064790949155928	-0.9999994066082938	0.40075450856258915	0.09013208306340634	22888193.7	791482.5	28.43	28.50548040611787
-2.4064790949155928	-0.9999995178887461	0.03197763440877967	0.09013208306340634	22888193.7	61984.5	28.435000000000002	28.438268398017964
-0.7873957238793312	-0.9999995469875692	0.05509645581236811	0.45502827282746755	30163047.0	859610.0	27.77	27.84301123234991
-0.7873957238793312	-0.9999995565189271	0.28183620904800055	0.45502827282746755	30163047.0	644828.0	27.965	27.982597608887183
-0.7873957238793312	-0.9999995767153818	0.19286019930670192	0.45502827282746755	30163047.0	350652.5	27.895000000000003	27.944349166174387
