-2.229879358227057	-0.9999987937970588	0.26577558882468877	0.10754140333878769	10962097.0	552667.5	11.620000000000001	11.795581732263981
-2.229879358227057	-0.9999987522627468	0.5262405687736392	0.10754140333878769	10962097.0	871364.5	11.825	11.843875335856424
-2.229879358227057	-0.9999987911760424	0.38933792489553914	0.10754140333878769	10962097.0	568777.0	11.84	11.889303401373846
-2.229879358227057	-0.9999987630033271	0.8711472865130748	0.10754140333878769	10962097.0	774580.0	11.89	11.940539009617318
-2.229879358227057	-0.9999987233380273	1.0940166946660588	0.10754140333878769	10962097.0	1196476.5	11.97	12.021921242301039
-2.229879358227057	-0.9999987604512194	0.6358627903768832	0.10754140333878769	10962097.0	796556.0	12.030000000000001	12.068400901358128
-2.229879358227057	-0.9999987554535333	0.44300178298355036	0.10754140333878769	10962097.0	841413.0	12.08	12.113216072163887
-1.7980072306191033	-0.9999992669988782	0.08437698737124225	0.16562861921452715	19529252.6	1647819.5	11.8	11.813429863507718
-0.730462247889223	-0.9999995180334089	0.28310064571566673	0.48168628015430015	29575949.666666668	1551323.5	13.32	13.603646556850274
-1.6602608732234896	-0.9999993777158825	0.07996394800804475	0.19008938440224665	21791102.444444444	774719.0	11.66	11.683566456741229
-1.8561068186526006	-0.9999992659718517	0.08166298883192402	0.1562798734355472	17190703.7	302083.0	11.99	11.995789164912368
-1.210490568505334	-0.9999995082428071	0.12060714092541483	0.2980510291120558	27074350.0	605618.0	13.25	13.279604260565806
-2.110627014848813	-0.9999987427399104	0.334708300890322	0.1211619722554168	10806069.2	794953.0	11.57	11.656187795816892
-2.110627014848813	-0.9999988065648152	0.14423413860233522	0.1211619722554168	10806069.2	398850.0	11.684999999999999	11.687309754374299
-1.7336961413782435	-0.9999994069193658	0.050124024081019354	0.1766303512178955	20653578.6	208821.0	11.93	12.016891790171274
-0.2560107621517483	-0.9999995371676971	0.07215726201575762	0.7741336374037374	28947841.5	658681.0	13.11	13.132880739715782
-0.2560107621517483	-0.9999995134935252	0.46081353735637554	0.7741336374037374	28947841.5	1307087.0	13.235	13.28976151460695
-0.2560107621517483	-0.9999995619443053	0.16244228687955553	0.7741336374037374	28947841.5	321503.5	13.34	13.351111253590377
-2.2027099764610973	-0.9999986424463665	0.15822212744451317	0.11050329091174113	9954998.2	740027.5	11.46	11.54486712680487
-2.173868536739219	-0.9999987209107359	0.09476334914422475	0.1137367698712989	10179415.9	451522.0	11.51	11.513323683442742
-2.173868536739219	-0.9999988239072087	0.21268811978594906	0.1137367698712989	10179415.9	158250.0	11.49	11.531981100977914
-2.173868536739219	-0.9999988151107663	0.18763123828009434	0.1137367698712989	10179415.9	173074.0	11.55	11.562253243984161
-2.173868536739219	-0.9999988065575736	0.1553564587726989	0.1137367698712989	10179415.9	188818.5	11.545000000000002	11.562496563680009
-1.9559183027004423	-0.9999991542428831	0.07375893601337037	0.14143453732386768	14514198.6	214375.0	11.44	11.465209117122065
-1.9559183027004423	-0.9999991490609185	0.12098177608631187	0.14143453732386768	14514198.6	231120.5	11.485	11.554266297711173
-1.9559183027004423	-0.9999991030014665	0.28609984920928444	0.14143453732386768	14514198.6	450995.5	11.565000000000001	11.613734631297152
-1.478131838711906	-0.9999994676449158	0.09844393482438209	0.22806334977923542	24608893.85714286	489269.0	11.88	12.018857796213766
-2.0385594884754474	-0.9999989224684964	0.13324263904832595	0.13021615370933487	11814490.8	337892.5	11.48	11.653189832539365
