-2.257683816228215	-0.9999992159411902	0.1439341756466592	0.10459245977526269	18896665.7	2719876.0	18.38	18.388452535915867
-2.1868125858116554	-0.9999994947620766	0.01728364796489701	0.1122740427695128	22104065.2	70813.0	19.22	19.234302102011565
-2.3484114180754867	-0.9999992004635276	0.1770421145852821	0.09552078434300074	16589107.4	575845.5	18.25	18.283010878943426
-2.375200404062457	-0.9999991370733531	0.19911087185305684	0.09299585059684766	16998296.8	2346142.0	18.3	18.3789042067353
-2.375200404062457	-0.9999992110324613	0.41004123379051105	0.09299585059684766	16998296.8	667372.0	18.22	18.321088408042083
-2.375200404062457	-0.9999991910890627	0.48299632270002457	0.09299585059684766	16998296.8	936689.5	18.384999999999998	18.518508899351378
-2.375200404062457	-0.9999991414438539	0.41292035891455114	0.09299585059684766	16998296.8	2178161.5	18.564999999999998	18.578967601738064
-1.9528923744572226	-0.9999996317068522	0.01443248189022653	0.1418631562429242	32441050.7	154478.5	18.72	18.81427746403294
-1.9528923744572226	-0.9999995828653437	0.20409581436288904	0.1418631562429242	32441050.7	753350.0	18.93	19.078377519042935
-0.7656081095200846	-0.9999997979376036	0.0031915532476754923	0.46505104300302136	58183448.333333336	127603.0	20.0	20.046825780588005
-2.104479950795713	-0.9999994864975212	0.1061803525221637	0.12190905649453931	25386843.9	458724.5	19.11	19.126233456511464
-2.104479950795713	-0.9999994797303201	0.12948498845644396	0.12190905649453931	25386843.9	544707.0	19.090000000000003	19.179265372873786
-1.2636988725223477	-0.9999997265694622	0.09895301245418886	0.2826067644537231	51034705.4	1149050.0	20.150000000000002	20.197770127862864
-0.2771306198040915	-0.9999998073395621	0.04167843314672151	0.7579554866471095	69550799.5	659796.0	20.09	20.292788052431728
-2.058395333089559	-0.9999995061892903	0.14514195280976588	0.12765865524489814	27179426.6	674340.5	18.97	19.05649598748718
-2.058395333089559	-0.9999995826471357	0.007629486090637823	0.12765865524489814	27179426.6	84406.5	19.205	19.206563285802865
-1.5481910020158127	-0.9999996916489935	0.04676252036088859	0.2126322774810094	45584351.71428572	1271846.0	19.96	19.98110898438024
-1.5481910020158127	-0.9999996791651342	0.18634606937008721	0.2126322774810094	45584351.71428572	2246870.5	20.22	20.258105189592985
-1.5481910020158127	-0.9999996771613593	0.3807033429030003	0.2126322774810094	45584351.71428572	2461766.5	20.335	20.33639997747927
-1.4214354433708638	-0.9999996871706451	0.042494319070483906	0.24136729902030987	46328392.666666664	1968693.5	19.830000000000002	19.83585974698499
-1.0569971620993721	-0.999999748766196	0.09331580811453509	0.3474977245350266	55733104.75	1205059.0	19.6	19.820828625239084
-1.0569971620993721	-0.9999997619530974	0.08666706610993574	0.3474977245350266	55733104.75	577862.5	19.98	19.990018727176672
-1.0569971620993721	-0.9999997281127853	0.14844848243344452	0.3474977245350266	55733104.75	3809918.5	19.935000000000002	19.942224290560738
-1.0569971620993721	-0.9999997460599308	0.2909604528572531	0.3474977245350266	55733104.75	1401239.5	19.69	19.896895667814576
-1.0569971620993721	-0.9999997374892478	0.4607693154864486	0.3474977245350266	55733104.75	2259239.5	19.98	20.069835642737438
-1.0569971620993721	-0.9999997483109107	0.2494418587356581	0.3474977245350266	55733104.75	1236028.0	20.105	20.20643690710204
-1.0569971620993721	-0.9999997794278286	0.034533851562680525	0.3474977245350266	55733104.75	218200.0	20.095	20.144336291893342
