-2.1192125231058947	-0.9999993010808326	0.03544855037483609	0.12012618787224072	16882524.2	133187.375	16.9	16.935445845711428
-1.4041494697073493	-0.9999995837732027	-0.004013999966220648	0.24557583734190735	25251653.5	-36694.7	17.21	17.26288595537319
-1.4041494697073493	-0.9999995504169175	0.021077584455884663	0.24557583734190735	25251653.5	85195.55	17.25	17.26809613057816
-1.4041494697073493	-0.9999994985891854	0.037402142374283694	0.24557583734190735	25251653.5	315353.3333333333	17.245	17.248449933608637
-1.4041494697073493	-0.9999995541056057	0.020143679421244145	0.24557583734190735	25251653.5	77618.25	17.265	17.26820059164461
-1.5288462140129049	-0.9999995617882811	0.004906021699777183	0.216785647318643	24229725.85714286	40852.583333333336	17.11	17.168059991875456
-1.5288462140129049	-0.9999995194816567	0.02739065924274651	0.216785647318643	24229725.85714286	113870.70833333333	17.25	17.314235349639375
-1.6323164581198077	-0.9999995031068152	0.014998252183781762	0.1954762367452585	23467870.5	115961.82142857143	17.29	17.38067326321367
-1.6323164581198077	-0.9999994869883725	0.03975953432512738	0.1954762367452585	23467870.5	169275.7857142857	17.41	17.46360409893205
-2.1944609531649637	-0.9999992197445391	0.05798610521671185	0.11141860516676502	17742831.6	1028837.7	17.17	17.289450486203943
-2.031687803725604	-0.9999994061440506	0.026611396284630683	0.13111403952792428	19850573.8	131712.1	16.97	17.019880718471253
-2.031687803725604	-0.9999993899379519	0.05447897809224472	0.13111403952792428	19850573.8	181693.45	17.07	17.091160690487655
-1.0452954105867351	-0.9999995361839912	0.007745825807695566	0.35158794123546144	24593531.75	89936.8125	17.840000000000003	17.876610284365558
-0.26953655051423747	-0.9999995289813459	0.034014546640358835	0.7637333641650064	28771054.5	768120.625	18.23	18.23046328560693
-0.26953655051423747	-0.9999995603759568	0.06783095233270074	0.7637333641650064	28771054.5	311278.75	18.425	18.49239871611634
-0.26953655051423747	-0.9999995937383575	0.08195358803103894	0.7637333641650064	28771054.5	119201.125	18.47	18.472871240801393
-0.26953655051423747	-0.9999996239184362	0.03428097885641095	0.7637333641650064	28771054.5	50023.25	18.42	18.42090630360338
-2.077050267972443	-0.9999993185425122	0.034322708305349656	0.12529926688533588	17400093.2	141127.175	16.76	16.77379820196725
-2.077050267972443	-0.9999992955689258	0.06722208329620655	0.12529926688533588	17400093.2	210483.3	16.735	16.837133311091655
-2.077050267972443	-0.9999993349007547	0.05636590065327608	0.12529926688533588	17400093.2	106168.15	16.830000000000002	16.835325122436114
-2.077050267972443	-0.9999993628477363	0.05216039614893026	0.12529926688533588	17400093.2	65283.425	16.76	16.779372759420934
-2.077050267972443	-0.9999993536529889	0.04617295151164088	0.12529926688533588	17400093.2	76610.175	16.770000000000003	16.88597733545511
-2.261683884243837	-0.9999993219009149	0.023312705002421965	0.10417491847577952	17202768.9	116444.875	17.59	17.598723409465073
-1.7979759267514128	-0.9999994546115751	0.0292373007036544	0.1656338041120619	23395377.0	347863.325	17.38	17.389560443709165
-1.7979759267514128	-0.9999994734433797	0.04573524369246724	0.1656338041120619	23395377.0	223907.025	17.545	17.54556548608268
-1.7979759267514128	-0.9999995235538286	0.039260421852403506	0.1656338041120619	23395377.0	69329.33333333333	17.619999999999997	17.683531646681466
-2.1578678174528765	-0.9999993036292322	0.04261289618668206	0.11557127758047017	17256235.7	165500.925	16.88	17.00538402508126
-2.1578678174528765	-0.9999992773616898	0.08540651984489417	0.11557127758047017	17256235.7	260410.15	17.15	17.21973230963347
-2.1578678174528765	-0.9999993280689414	0.07105301500643552	0.11557127758047017	17256235.7	108552.75	17.29	17.29412161439316
-2.1578678174528765	-0.9999993559023446	0.051849306506199476	0.11557127758047017	17256235.7	67150.125	17.29	17.298862312914572
-2.1578678174528765	-0.9999992563045448	0.06160031063255278	0.11557127758047017	17256235.7	374512.85	17.28	17.31615972782263
