-1.4925481869862618	-0.9999996291525157	0.024930156832994054	0.22479909495170297	33141449.0	217601.0	34.47	34.653834117040255
-1.4925481869862618	-0.9999995786009154	0.18155179542081398	0.22479909495170297	33141449.0	1162142.0	34.53	34.99651694757097
-1.4925481869862618	-0.9999996249471763	0.0668252633575525	0.22479909495170297	33141449.0	250143.5	35.265	35.38292028066369
-2.22719571886313	-0.9999994760548281	0.20747351147061915	0.10783039328099177	26956622.1	1361083.0	35.93	36.24219722595117
-2.22719571886313	-0.9999995450124055	0.04682676526232765	0.10783039328099177	26956622.1	212123.5	36.195	36.20367065932754
-2.061491927407786	-0.9999995197844348	0.023700315920342354	0.12726395959993136	26470578.2	331565.5	33.53	33.81390727367738
-2.061491927407786	-0.9999995126504132	0.1617226515372882	0.12726395959993136	26470578.2	400481.5	34.44	34.47568113661893
-2.061491927407786	-0.9999994984925658	0.25741455722057327	0.12726395959993136	26470578.2	582561.5	34.59	34.70487746499466
-2.357111467078199	-0.999999504928936	0.10365368611830617	0.09469335340237679	28236142.9	1177491.0	35.4	35.43343919243548
-2.357111467078199	-0.9999995053293067	0.3652093950596778	0.09469335340237679	28236142.9	1164254.5	35.68000000000001	36.02624379865729
-2.357111467078199	-0.9999994695250435	0.28482472664487507	0.09469335340237679	28236142.9	3199696.0	36.485	36.54858391908124
-1.1081037230872322	-0.9999996194109172	0.04085217382158202	0.3301844890241328	35330508.5	691352.0	33.84	33.98159225167928
-1.9956903653995426	-0.9999995154297484	0.15040161683664638	0.13591978745104147	28655225.5	1072463.5	32.78	32.96946461984975
-1.9956903653995426	-0.9999995565754253	0.05970810641287959	0.13591978745104147	28655225.5	329861.5	33.255	33.2951683032182
-1.9956903653995426	-0.9999995688418378	0.017847837396286648	0.13591978745104147	28655225.5	232101.5	33.31	33.46075648320951
-1.9956903653995426	-0.9999996146771609	0.0245450449614286	0.13591978745104147	28655225.5	62411.0	33.379999999999995	33.43077431929253
-1.9956903653995426	-0.999999562381213	0.05921535747721849	0.13591978745104147	28655225.5	279305.5	33.400000000000006	33.47799234256665
-1.6286311529928235	-0.9999996057679711	0.03236706623341226	0.1961979553826032	33095911.85714286	463919.5	35.18	35.323219715255846
-1.3251725421411726	-0.9999995771284531	0.12186040163211574	0.26575710083358994	33027740.0	1162973.5	33.81	34.42926185091684
-1.3251725421411726	-0.9999996012879538	0.08133218035161469	0.26575710083358994	33027740.0	523638.0	34.71	34.758410573394045
-0.29747594817400436	-0.999999630366488	0.15977300597392383	0.7426904460673418	40259727.0	2903257.5	35.51	35.55742987516861
-0.29747594817400436	-0.9999996513350677	0.3167612264675401	0.7426904460673418	40259727.0	1248126.5	35.790000000000006	35.97551997705011
-2.121488940534683	-0.9999994343510271	0.5797172201985356	0.1198530415400055	26722421.2	3669294.0	34.22	35.1299381394787
-2.121488940534683	-0.999999483486031	0.19926945847179925	0.1198530415400055	26722421.2	987076.5	35.75	35.77892486539033
-2.176542941560287	-0.9999994707185516	0.05392203871613369	0.11343299809103836	26539078.9	1260024.0	35.49	35.51740812462761
-2.176542941560287	-0.9999995067266919	0.10551477522589638	0.11343299809103836	26539078.9	484570.0	35.465	35.49060582663666
-2.176542941560287	-0.9999994890284929	0.3068531922019863	0.11343299809103836	26539078.9	775072.5	35.64	35.786614909438164
-2.176542941560287	-0.9999994959568966	0.19894052138302426	0.11343299809103836	26539078.9	644892.0	35.785	35.81385295417031
