-2.0572357137725374	-0.9999993198574886	0.047952571560628765	0.1278067765530718	17760298.3	176227.0	37.75	37.858590707540166
-0.7974913033934703	-0.9999994822122412	0.030951291143408964	0.45045760928693873	25178599.0	459166.5	30.6	31.30441971973189
-0.7974913033934703	-0.9999994744181213	0.18762536190475657	0.45045760928693873	25178599.0	558725.5	31.560000000000002	31.9685733667257
-0.7974913033934703	-0.9999994669005972	0.24076040223669815	0.45045760928693873	25178599.0	675153.0	31.92	32.13789673573646
-0.7974913033934703	-0.9999995990341067	0.011433159795376988	0.45045760928693873	25178599.0	24239.0	32.34	32.48807365414963
-0.7974913033934703	-0.9999994684612671	0.11486061742217049	0.45045760928693873	25178599.0	649137.0	32.19	32.783934496108905
-2.446866201240075	-0.9999992875585579	0.016998417228239852	0.08656443740819081	16891007.7	168358.0	27.650000000000002	28.039970279772756
-2.446866201240075	-0.9999992124033759	0.12989471176732242	0.08656443740819081	16891007.7	599169.0	28.41	28.469608361360844
-2.446866201240075	-0.9999992105352483	0.2550469119821982	0.08656443740819081	16891007.7	618377.0	28.830000000000002	29.14075926581955
-2.3519480446074774	-0.9999991738139571	0.6792998462638953	0.09518355967308692	17967991.6	2799366.0	26.55	26.595535257516254
-2.3519480446074774	-0.9999992495639175	0.2733329154274526	0.09518355967308692	17967991.6	717715.0	26.580000000000002	26.645688793196342
-2.3519480446074774	-0.9999993743072919	0.03892034454145738	0.09518355967308692	17967991.6	76300.0	26.895000000000003	26.997919676311408
-2.3519480446074774	-0.9999992488681407	0.44491167443179397	0.09518355967308692	17967991.6	726744.0	26.55	26.557481533947183
-2.3519480446074774	-0.9999991616837588	0.5576038798119924	0.09518355967308692	17967991.6	3481100.0	26.55	26.550156757500687
-2.2707257996123076	-0.9999993693420709	0.01586256958520792	0.10323722334792437	17230629.7	52397.5	32.31	33.046991647365225
-2.2707257996123076	-0.9999993160742968	0.0622791359245773	0.10323722334792437	17230629.7	131198.0	32.769999999999996	33.01843765792031
-1.4831394886822151	-0.9999994181112336	0.02281390752764842	0.2269241431072278	20483434.333333332	150102.5	31.28	31.925135162597698
-1.9130051019770893	-0.9999994481960518	0.012247086737701451	0.147636057893847	19599419.5	49762.5	34.81	34.9987957768205
-1.9130051019770893	-0.999999442292763	0.023586044765545853	0.147636057893847	19599419.5	55866.5	35.3	35.52139017118293
-1.9130051019770893	-0.9999992783462885	0.14358637665091087	0.147636057893847	19599419.5	1388859.0	35.32	35.631736635609656
-1.9130051019770893	-0.9999994351401055	0.03525128344913466	0.147636057893847	19599419.5	64274.0	35.125	35.16826211588972
-1.9130051019770893	-0.9999993596305713	0.13752952233224452	0.147636057893847	19599419.5	282339.5	35.19	35.40955925204806
-1.9130051019770893	-0.9999992830672516	0.5582086396309567	0.147636057893847	19599419.5	1266116.5	35.525000000000006	36.08043745412224
-1.9130051019770893	-0.9999993115247527	0.19338166130725215	0.147636057893847	19599419.5	724845.5	36.45	36.93506053514692
-1.731012960482662	-0.9999993903054359	0.04249097183513481	0.17710491879246898	19853918.0	180741.0	34.800000000000004	34.90106217009216
-1.731012960482662	-0.9999993714004444	0.0625559023703363	0.17710491879246898	19853918.0	263066.0	35.405	35.40566148429626
-1.731012960482662	-0.9999993626843737	0.0757405939959877	0.17710491879246898	19853918.0	312765.5	34.879999999999995	34.94051309819344
-1.731012960482662	-0.9999994133052048	0.05917205485831422	0.17710491879246898	19853918.0	114483.0	35.144999999999996	35.203849426443014
-1.9889213549185014	-0.9999993010211845	0.12462922993196256	0.13684295084331285	18725871.6	483586.5	37.0	37.18017670254605
-1.9889213549185014	-0.9999994703186177	0.009008537404184612	0.13684295084331285	18725871.6	20306.5	37.4	37.476645798149185
-1.9889213549185014	-0.9999992886033467	0.31738166098276815	0.13684295084331285	18725871.6	610187.0	37.45	38.02144950520796
-2.174115972559191	-0.9999993484627403	0.02773821546395489	0.11370863080183527	17626884.9	97203.5	32.99	33.34722363902032
-1.3187235007091371	-0.9999994727696108	0.0054948917321502085	0.2674765177238779	21163732.6	70133.0	30.5	30.72849326462821
-1.3187235007091371	-0.9999994018765525	0.13753229323146465	0.2674765177238779	21163732.6	314431.5	30.865000000000002	31.004795795141845
-1.8284520621291516	-0.9999993207132901	0.1320359174197129	0.16066207029534088	19495176.0	564001.5	35.0	35.38623010049777
