-1.8619242861079934	-0.9999994261573564	0.035070103284034246	0.155373359721506	20016210.8	97357.5	13.48	13.600655455905184
-1.8619242861079934	-0.9999992741435819	0.35419139687509377	0.155373359721506	20016210.8	2040886.0	13.620000000000001	13.69761350406627
-1.8619242861079934	-0.999999288775791	0.4163353567639634	0.155373359721506	20016210.8	1522726.5	13.735	13.781021761130077
-1.8619242861079934	-0.9999992882920554	0.5015147124577484	0.155373359721506	20016210.8	1537542.0	13.895	13.978800461958476
-1.8619242861079934	-0.9999993064126927	0.34303193289597955	0.155373359721506	20016210.8	1069807.0	13.995000000000001	14.00807272728617
-2.201571925033447	-0.9999996278598662	0.05835154415415258	0.1106291209266565	34553395.1	384117.0	14.72	14.964734413392197
-2.201571925033447	-0.9999996131629816	0.1206856965575877	0.1106291209266565	34553395.1	638279.0	14.97	15.038389399135369
-2.231879911401887	-0.9999996138463212	0.09119057185174616	0.10732647610127836	34365346.1	579721.5	14.370000000000001	14.521283307060374
-2.231879911401887	-0.9999995930906874	0.060147824857623294	0.10732647610127836	34365346.1	1183017.0	14.545000000000002	14.567195912331297
-2.231879911401887	-0.9999996318308884	0.07086354153990222	0.10732647610127836	34365346.1	312467.5	14.375	14.504592429216562
-2.231879911401887	-0.9999996208569689	0.1174652995056523	0.10732647610127836	34365346.1	455604.0	14.59	14.738039735211078
-2.231879911401887	-0.9999996259075161	0.10465142172807454	0.10732647610127836	34365346.1	383009.5	14.73	14.748377167336203
-2.231879911401887	-0.9999995852356635	0.3075465863212786	0.10732647610127836	34365346.1	1549618.5	14.790000000000001	14.963775929396096
-1.9163937546794572	-0.9999993728985874	0.18828078907044918	0.14713661726064547	21568687.4	748445.0	13.98	14.380310343659877
-1.9163937546794572	-0.9999993547314164	0.3271540578340366	0.14713661726064547	21568687.4	1107477.5	14.295	14.365161500355914
-1.9163937546794572	-0.9999993690796655	0.1293930223416723	0.14713661726064547	21568687.4	812704.0	14.379999999999999	14.385807307509593
-1.9163937546794572	-0.999999384898057	0.33282056318694375	0.14713661726064547	21568687.4	577775.0	14.375	14.459424242139987
-2.134147665864129	-0.9999995916856345	0.1457503877263413	0.11834541724038034	33597091.2	907250.5	15.22	15.349985065989781
-1.0066479226035374	-0.9999990577917721	0.29005523657452303	0.36544191832786765	14839326.75	1180838.0	12.99	13.016900711828132
-2.0553288041818965	-0.9999995488492973	0.07168178704577348	0.12805072504096282	28537818.1	390371.5	14.75	14.825348170736369
-2.0553288041818965	-0.9999994966519012	0.38753262217367757	0.12805072504096282	28537818.1	1731426.0	14.96	15.066547250890688
-2.0553288041818965	-0.9999994855935472	0.6505238606780762	0.12805072504096282	28537818.1	2373882.5	15.094999999999999	15.366094915632683
-2.0553288041818965	-0.9999994946726172	0.5756547711890747	0.12805072504096282	28537818.1	1832039.5	15.565000000000001	15.781265289966981
-0.7259090620485966	-0.9999990701775595	0.2302434018353738	0.48388448793130756	13943847.666666666	427325.0	12.5	12.578357680162256
-0.7259090620485966	-0.9999990495881423	0.31705976681254805	0.48388448793130756	13943847.666666666	569433.0	12.635000000000002	12.691932925365968
-0.7259090620485966	-0.9999989999342525	0.540263205370453	0.48388448793130756	13943847.666666666	1137978.0	12.68	12.763634324201474
-0.7259090620485966	-0.9999990119261585	0.5720409377480673	0.48388448793130756	13943847.666666666	962751.0	12.81	12.860623416026534
-0.7259090620485966	-0.9999990056711072	0.678989357576468	0.48388448793130756	13943847.666666666	1050492.5	12.870000000000001	12.921797745485156
-0.7259090620485966	-0.9999989847923244	0.7283116088561179	0.48388448793130756	13943847.666666666	1405495.5	12.94	12.992431479037208
-1.7356760801339315	-0.9999993479478859	0.013042978748868183	0.17628097992110625	15735433.2	28575.0	12.86	12.984925821233562
-1.7356760801339315	-0.9999990797292504	0.9038080879743767	0.17628097992110625	15735433.2	1945167.0	12.934999999999999	13.144775926503334
-1.7356760801339315	-0.9999991684718358	0.2274937275007924	0.17628097992110625	15735433.2	481400.0	13.18	13.190647831558895
-1.7356760801339315	-0.9999990536885579	0.5587703335806533	0.17628097992110625	15735433.2	2930314.0	13.184999999999999	13.228487735026642
-1.7356760801339315	-0.999999081349991	0.7197046844143467	0.17628097992110625	15735433.2	1896186.5	13.3	13.307247733552027
-1.4751380778266479	-0.9999991151346088	0.065877305163488	0.2287471399565973	13327691.285714285	132350.0	12.66	12.773509576869856
-1.4751380778266479	-0.9999989826383765	0.09836199921715902	0.2287471399565973	13327691.285714285	773809.0	12.775	12.785073685463269
-1.4751380778266479	-0.9999991126994074	0.09792971804269497	0.2287471399565973	13327691.285714285	136716.0	12.695	12.786889307761957
-1.4751380778266479	-0.9999990515176183	0.19663225944398627	0.2287471399565973	13327691.285714285	308994.0	12.815000000000001	12.883770293356765
-1.4751380778266479	-0.9999990818936455	0.12831328451231688	0.2287471399565973	13327691.285714285	206124.0	12.870000000000001	12.882194905747127
-1.5756221796736165	-0.999999070392101	0.24004985023434128	0.2068787968483738	14100335.875	492762.0	12.8	12.914847519251934
-1.5756221796736165	-0.9999990117863212	0.30579878147024897	0.2068787968483738	14100335.875	1125957.0	13.02	13.034891679023369
-1.5756221796736165	-0.9999990173192345	0.6014116914686679	0.2068787968483738	14100335.875	1041453.5	13.055	13.106423272151659
-1.8023912511990845	-0.9999992216409779	0.3343119776384707	0.16490408927676875	17521419.6	837313.5	13.35	13.38708076532183
-1.8023912511990845	-0.9999992051151165	0.38735449960094465	0.16490408927676875	17521419.6	1118513.0	13.475000000000001	13.608125477959467
-2.0129466826241664	-0.9999994043309101	0.1679989752539381	0.13359443370608468	24810347.0	2620187.5	14.42	14.561478936030039
-2.0129466826241664	-0.9999994239888664	0.6311428318680234	0.13359443370608468	24810347.0	1608858.5	14.425	14.76621797266065
-0.2548795691964595	-0.9999985946736487	0.2945733051004292	0.7750098273973639	9383380.5	533231.0	12.6	12.669227001615253
-0.2548795691964595	-0.999998682256025	0.16235845332336013	0.7750098273973639	9383380.5	234424.5	12.67	12.67237064130629
-2.2612847537384173	-0.9999996263138543	0.03517528218693485	0.10421650616254792	32937684.0	221538.5	14.89	14.957217463239779
-2.2612847537384173	-0.9999995856180178	0.1741092889183358	0.10421650616254792	32937684.0	846429.0	14.865	14.977927008422348
-1.6614384984885429	-0.99999913867716	0.014412191487614858	0.1898656620969305	14197840.777777778	204622.0	12.71	12.761338162677223
