-1.6886099102128231	-0.9999992475924971	0.5548881554225084	0.1847762010595786	19542372.444444444	2431034.0	15.35	15.610452036348914
-1.6886099102128231	-0.9999992355219774	0.940267651609927	0.1847762010595786	19542372.444444444	3077764.0	15.715	15.900318026581518
-2.1694236935036635	-0.9999997122440871	0.010016667223386969	0.11424343717770036	40470537.7	114191.0	17.02	17.21336339478939
-2.2996432857595637	-0.999999698430483	0.0830437334447626	0.10029461385956857	46478861.0	1222742.5	19.16	19.225768206253647
-1.3761953209318603	-0.9999991850059701	0.07269638070135359	0.2525375518991425	15255682.166666666	251019.5	14.9	14.970632082064498
-1.3761953209318603	-0.9999992179209878	0.0650496651749476	0.2525375518991425	15255682.166666666	151925.0	14.955000000000002	14.965695265484369
-1.601200285013472	-0.9999991357228109	0.12715279149660497	0.20165433000621716	16269989.75	1279244.5	15.040000000000001	15.091147064510432
-1.601200285013472	-0.9999991575857521	0.5749177452962865	0.20165433000621716	16269989.75	896335.5	15.145	15.219091907531626
-1.601200285013472	-0.9999992440861201	0.12913571058938783	0.20165433000621716	16269989.75	219412.0	15.254999999999999	15.265087069655724
-1.8340287016776313	-0.9999993106535977	0.1492056218416407	0.15976860941031484	19480744.0	679409.5	15.69	15.886304898393668
-0.7389610818444405	-0.9999992735627099	0.042212743229470384	0.47760985540600676	17162546.0	259759.0	14.36	14.507663724254632
-0.7389610818444405	-0.9999992752430019	0.09505301249470828	0.47760985540600676	17162546.0	252375.0	14.455	14.497156197310968
-0.7389610818444405	-0.999999289412135	0.16165871422934877	0.47760985540600676	17162546.0	197895.0	14.455	14.475944276558298
-0.7389610818444405	-0.9999992677150044	0.17211120327175616	0.47760985540600676	17162546.0	287182.0	14.46	14.489668744820186
-0.7389610818444405	-0.9999991694264211	0.5551255970782331	0.47760985540600676	17162546.0	1551537.0	14.5	14.657208379819286
-1.0224867548225325	-0.9999991919633419	0.37823476180303944	0.35969934299345213	17710878.5	1641364.5	14.72	14.963456214746202
-2.269909511727366	-0.9999996675544754	0.10630374310769224	0.10332152904679735	42190523.2	1234343.5	18.02	18.11894135891837
-2.269909511727366	-0.9999996740038813	0.16608618436097775	0.10332152904679735	42190523.2	940292.0	18.315	18.52463456819747
-1.2230965842234396	-0.9999992375612231	0.07826447059036803	0.29431737584344697	16558145.8	303935.0	14.9	14.914373876892888
-1.2230965842234396	-0.9999992516031269	0.0921203057389966	0.29431737584344697	16558145.8	240881.5	14.945	14.947241931667785
-1.4986165672371232	-0.9999991249365591	0.26315734369121035	0.2234390593437322	15748353.42857143	965892.0	14.74	15.075212254707257
-2.2043349636514353	-0.9999996583105554	0.06693961564020505	0.11032387029710089	39464735.8	718328.5	17.1	17.177519885168337
-2.2043349636514353	-0.9999996383807389	0.10219135234237758	0.11032387029710089	39464735.8	1577273.0	17.255000000000003	17.43673801674921
-2.2043349636514353	-0.9999996469604975	0.2798059123384932	0.11032387029710089	39464735.8	1124231.0	17.325	17.626612054934892
-2.2043349636514353	-0.9999997906376465	0.001281671332497234	0.11032387029710089	39464735.8	3874.5	17.655	17.683031091229605
-2.2043349636514353	-0.9999996493184885	0.21839025958373598	0.11032387029710089	39464735.8	1024333.0	17.634999999999998	17.88156016816895
-2.0468507894700996	-0.999999593880833	0.185259811233051	0.12914095593833144	35493275.6	1820276.5	16.98	17.542329755166968
-2.0468507894700996	-0.999999569457994	0.31481238388949717	0.12914095593833144	35493275.6	4331159.5	17.57	17.57742103896792
-2.0468507894700996	-0.9999996134063148	0.2687373290898692	0.12914095593833144	35493275.6	910250.5	17.625	17.66277150688789
-2.0468507894700996	-0.9999995655747299	0.7151108904576777	0.12914095593833144	35493275.6	4971219.0	17.615000000000002	17.843120230612083
-2.00048525920659	-0.999999484907092	0.1728048576930146	0.13526962647600785	27155126.4	1187561.0	16.19	16.45550347780563
-2.00048525920659	-0.9999994177886039	0.359139792912848	0.13526962647600785	27155126.4	7348626.0	16.384999999999998	16.445382022322107
