-0.2736466357566604	-0.9999992360732728	0.22416106239867659	0.7606007969048575	17819138.0	816281.5	18.7	18.728120378688157
-0.2736466357566604	-0.9999993073324593	0.1266757935468758	0.7606007969048575	17819138.0	229288.0	18.75	18.751944626580798
-2.219783808847535	-0.9999994240106047	0.017986110065223566	0.1086325916916656	20870486.3	166237.5	19.900000000000002	19.919215293862827
-0.7585193095121944	-0.9999994809460955	0.16709011736606388	0.4683594091592768	25477167.666666668	553502.5	18.740000000000002	18.766879220884398
-0.7585193095121944	-0.9999994739789488	0.25493191574756147	0.4683594091592768	25477167.666666668	661010.5	18.825000000000003	18.865400367191324
-0.7585193095121944	-0.9999994386536946	0.433142522268938	0.4683594091592768	25477167.666666668	1625804.5	18.910000000000004	19.117926241080205
-0.7585193095121944	-0.9999994049731677	0.46830200833136987	0.4683594091592768	25477167.666666668	3834686.0	19.205	19.352156021350822
-0.7585193095121944	-0.9999994193757574	0.43021455181888835	0.4683594091592768	25477167.666666668	2656874.0	19.490000000000002	19.60904298780539
-2.2549694073582107	-0.9999994133223957	0.08569613217685301	0.10487675214412018	21964683.3	394820.0	20.0	20.0793363741952
-2.2549694073582107	-0.999999381835528	0.2559705504789102	0.10487675214412018	21964683.3	788419.5	20.11	20.146482126068047
-2.2549694073582107	-0.9999993922801148	0.2986714093675363	0.10487675214412018	21964683.3	626794.0	20.185000000000002	20.256791232144955
-2.2549694073582107	-0.9999993650497804	0.5991843986691852	0.10487675214412018	21964683.3	1139932.5	20.225	20.323784095552597
-1.7370730290731247	-0.9999993818706175	0.06489928704638798	0.1760348963163395	19840440.777777776	211918.0	18.86	18.980768280869246
-2.001094530099354	-0.9999993589028369	0.06449870121633082	0.1351872357316108	19370583.6	247316.0	19.28	19.304197377387332
-2.141776530796034	-0.9999992846226122	0.29637069064592036	0.1174460111229221	19656829.1	1279590.0	19.77	20.01736834478339
-1.9450638671168032	-0.9999995125457222	0.012538558216891068	0.1429780914480154	22095392.3	47594.5	18.97	19.047327840510423
-1.9450638671168032	-0.9999993869457732	0.07198359448001986	0.1429780914480154	22095392.3	763503.0	19.009999999999998	19.053965171110868
-1.9450638671168032	-0.9999994423242176	0.13405712175829337	0.1429780914480154	22095392.3	224596.5	19.005000000000003	19.04355921517844
-1.9450638671168032	-0.9999993911751219	0.3209971674704369	0.1429780914480154	22095392.3	695386.5	19.075	19.158481289354956
-1.9450638671168032	-0.9999993325284818	0.32244987080508003	0.1429780914480154	22095392.3	2540940.0	19.235	19.314999781564644
-1.5416446267411343	-0.9999994032425283	0.08966582377254673	0.21402881430459378	21249356.714285713	321486.0	19.28	19.345558925476602
-2.182005968086919	-0.9999994972939446	0.007638082042274792	0.1128150002198474	20712573.7	33266.5	19.7	19.740459796052235
-2.182005968086919	-0.9999993931967033	0.10787798620000325	0.1128150002198474	20712573.7	287349.5	19.7	19.767107906734097
-2.182005968086919	-0.999999359711208	0.16825973568216962	0.1128150002198474	20712573.7	574943.5	19.775	19.812136721209196
-2.182005968086919	-0.9999993130894638	0.8818001254528278	0.1128150002198474	20712573.7	1510097.0	19.865000000000002	20.010522452906518
-2.182005968086919	-0.9999993214196564	0.5917842197549541	0.1128150002198474	20712573.7	1270784.0	20.08	20.113151878383682
-1.8145072132959872	-0.999999296164405	0.439973706176383	0.1629181725212849	20367616.8	1681931.0	18.81	19.1350951078749
-1.8145072132959872	-0.9999993406889368	0.25414569796340664	0.1629181725212849	20367616.8	679147.5	19.22	19.262600161685164
-2.0517969618739778	-0.9999993123539679	0.1540916046772401	0.1285037795968996	19221900.4	550103.5	19.18	19.362671904578512
-2.0517969618739778	-0.9999993408462832	0.12002753253207574	0.1285037795968996	19221900.4	318120.0	19.41	19.486318578446646
-2.0517969618739778	-0.999999287537336	0.26062162052177607	0.1285037795968996	19221900.4	886366.0	19.47	19.497584417149287
-2.098385424872808	-0.9999993908200873	0.04257063587935719	0.122654303055085	19770819.3	170072.5	19.740000000000002	19.763821397450037
-2.098385424872808	-0.9999993322256772	0.20451127126909743	0.122654303055085	19770819.3	541687.0	19.705	19.71957515190312
-2.098385424872808	-0.9999993015549284	0.5145967727396775	0.122654303055085	19770819.3	993342.0	19.73	19.80473762949909
-2.098385424872808	-0.9999993576136152	0.20886209022409175	0.122654303055085	19770819.3	327912.5	19.745	19.769728858707268
-2.098385424872808	-0.9999993433564809	0.22073391829688277	0.122654303055085	19770819.3	434685.5	19.77	19.809364520527247
-1.050808939069833	-0.9999994597525108	0.1596280754831057	0.3496547852595779	24847493.5	675896.0	19.650000000000002	19.717239016747314
-1.050808939069833	-0.9999994840497799	0.1377797139639161	0.3496547852595779	24847493.5	369559.5	19.665	19.701747990475628
