-1.0895076344687826	-0.9999993837179658	0.07400624726361425	0.33638207587939345	23301722.0	1724473.0	27.990000000000002	28.0152671344534
-2.2628463214559993	-0.999999493387878	0.04388582853147479	0.1040538920304194	26098950.9	552408.5	26.490000000000002	26.554985647868584
-2.2628463214559993	-0.9999995708613267	0.031853683643349374	0.1040538920304194	26098950.9	73134.5	26.76	26.782059872476676
-2.2628463214559993	-0.9999995146204887	0.1261821074748006	0.1040538920304194	26098950.9	317392.0	26.785	26.785510940858735
-2.2628463214559993	-0.9999995135830092	0.11557567729774278	0.1040538920304194	26098950.9	326103.5	26.795	26.820212332786642
-2.2628463214559993	-0.9999994632586784	0.2979509652210371	0.1040538920304194	26098950.9	1212730.0	26.865000000000002	27.00835528213857
-0.7887421070698344	-0.9999994276850287	0.13195654050287584	0.4544160426504233	24690177.333333332	1370323.5	27.560000000000002	27.670812284605866
-0.7887421070698344	-0.9999994636854018	0.09622223574674062	0.4544160426504233	24690177.333333332	563375.0	27.915	28.02638327343728
-1.7088162091476404	-0.999999526667741	0.027287064573746307	0.18108002666706305	25232294.125	153776.0	27.16	27.290015968050966
-1.7088162091476404	-0.9999995185493467	0.04487460251985272	0.18108002666706305	25232294.125	188735.0	27.18	27.277691920185763
-1.883689030209439	-0.9999994609277649	0.18416724867561932	0.152028233266588	25642558.8	1007709.5	27.16	27.314052769545686
-1.883689030209439	-0.9999994908237284	0.1047574770661283	0.152028233266588	25642558.8	468167.0	27.490000000000002	27.626161632254835
-1.883689030209439	-0.9999994666186836	0.2729887205771751	0.152028233266588	25642558.8	870881.0	27.885	27.99428243923252
-2.12960482710923	-0.9999995742397628	0.040035907778851756	0.11888426440948678	29319366.5	263818.5	25.32	25.515100777943427
-2.12960482710923	-0.9999995778578173	0.053896503248950615	0.11888426440948678	29319366.5	237266.0	25.535	25.568927001348463
-2.12960482710923	-0.9999995421997807	0.19758119886874068	0.11888426440948678	29319366.5	674961.5	25.580000000000002	25.785535332907443
-2.4023223458475775	-0.999999462457064	0.08047869556829118	0.09050751927215082	26236241.2	1333217.0	25.96	25.995775211198893
-2.4023223458475775	-0.9999994852854037	0.29054365810486016	0.09050751927215082	26236241.2	732468.0	26.005000000000003	26.183865997463116
-2.4023223458475775	-0.999999461352303	0.4778459963419208	0.09050751927215082	26236241.2	1372425.5	26.295	26.555875031333997
-1.3031678680000323	-0.9999994535932757	0.21565385270283255	0.27166981432610887	25691270.6	1249035.5	28.240000000000002	28.704019280766026
-1.3031678680000323	-0.9999994773409687	0.1452026624027641	0.27166981432610887	25691270.6	678590.5	28.72	28.847552423817547
-2.17734711730881	-0.9999995215601258	0.11005241389533056	0.11334181469354378	28110117.3	693148.5	26.29	26.53198114979556
-2.17734711730881	-0.999999490946578	0.13308788004278205	0.11334181469354378	28110117.3	1638924.5	26.6	26.621970650338795
-2.17734711730881	-0.9999995053478827	0.47377373308187737	0.11334181469354378	28110117.3	1093318.5	26.580000000000002	26.740765350056684
-1.5992867704407727	-0.9999994597801652	0.21358800589050894	0.2020405679234214	25991321.285714287	1252969.0	27.22	27.50957524806346
