-1.8525745277661083	-0.9999994384609653	0.07208579733223372	0.15683287551534167	23748715.3	618980.5	23.400000000000002	23.50092821420607
-2.142644542304683	-0.9999993883601619	0.05228643047765283	0.11734411086531861	20783169.4	331642.0	23.31	23.477756578524936
-2.186363179158254	-0.9999992475543364	0.17793742387415057	0.11232451081082502	20051254.1	3567868.5	23.28	23.311192690656586
-1.681073825649751	-0.9999994511799403	0.050437923740646824	0.1861739502990989	24802396.25	815903.5	22.85	23.019145260612785
-2.227356099585809	-0.999999314414774	0.17345441018740157	0.10781310075132186	20234516.7	1058628.5	23.43	23.597319655079318
-2.227356099585809	-0.9999993176946452	0.3238300718613031	0.10781310075132186	20234516.7	990651.5	23.665	23.772109455941195
-2.095094903619363	-0.9999994513704674	0.017061010230204926	0.12305856439661973	21813082.7	157518.0	22.71	22.758486055502544
-2.095094903619363	-0.9999993903530827	0.3618058897223258	0.12305856439661973	21813082.7	596167.5	22.845	22.954941054092753
-2.095094903619363	-0.9999993437147793	0.6755451582572143	0.12305856439661973	21813082.7	1648874.0	23.115000000000002	23.214218877430984
-2.095094903619363	-0.9999993762510099	0.312258517819125	0.12305856439661973	21813082.7	810889.5	23.314999999999998	23.432743822015922
-1.0728186766674128	-0.9999995003587512	0.14049100358701233	0.3420430486253309	28511290.0	1537112.0	23.6	23.8342035601187
-1.0728186766674128	-0.9999994809128078	0.38030286670980556	0.3420430486253309	28511290.0	2676030.5	23.905	24.166696214530205
-2.2654120479454356	-0.9999993902022136	0.02919465958508546	0.10378726040149326	20937052.8	350587.5	23.75	23.84661816893436
-2.2654120479454356	-0.9999993329536989	0.4993092086653752	0.10378726040149326	20937052.8	1162383.0	24.04	24.149500214782865
-1.2832552784379263	-0.9999995566964072	0.026176006276551533	0.2771336831849514	28224701.2	271606.0	23.78	23.998472816605723
-2.0435125211354603	-0.999999454228525	0.026841892649479625	0.12957278347932344	22185532.9	181357.5	22.56	22.74134532168112
-2.0435125211354603	-0.9999994418987148	0.06258011650274227	0.12957278347932344	22185532.9	238415.5	22.770000000000003	22.8670645298313
-0.7763285411277954	-0.9999994805926917	0.12253560094985527	0.46009212347423245	27281368.666666668	1425654.5	23.25	23.514476565993522
-0.7763285411277954	-0.9999994919730332	0.0657827812280316	0.46009212347423245	27281368.666666668	1045149.0	23.52	23.572211353954614
