-1.9405871733520765	-0.9999995124545918	0.06033591822335719	0.1436195954155457	28624306.0	1150432.0	24.85	24.868319917518683
-1.9405871733520765	-0.9999995425198505	0.20418118864634952	0.1436195954155457	28624306.0	486528.0	24.935000000000002	25.023614632657726
-1.9405871733520765	-0.9999995326092219	0.2449561402843648	0.1436195954155457	28624306.0	646116.5	25.045	25.150437663264277
-1.6957512246419146	-0.999999655031561	0.011939350585453036	0.18346135655571882	32899224.25	84896.0	24.98	25.122605748332663
-1.6957512246419146	-0.9999995780611106	0.18967471955953624	0.18346135655571882	32899224.25	1068174.0	25.125	25.30208162141154
-1.6957512246419146	-0.9999996057591333	0.13559943395901713	0.18346135655571882	32899224.25	429431.0	25.335	25.363806641182094
-1.6957512246419146	-0.9999995529924198	0.1766562814298765	0.18346135655571882	32899224.25	2436814.5	25.35	25.411995373404526
-2.0611512779862395	-0.9999995680680973	0.05727655791228732	0.12730731937897533	29405798.0	328174.0	25.2	25.411507252169375
-2.0611512779862395	-0.9999995320160565	0.20502405127475976	0.12730731937897533	29405798.0	947365.5	25.505000000000003	25.641375137458652
-2.0611512779862395	-0.9999994985838916	0.6703009102776536	0.12730731937897533	29405798.0	2532051.5	25.64	25.942749488248182
-2.0611512779862395	-0.999999549285525	0.22192433540857182	0.12730731937897533	29405798.0	570128.5	26.225	26.273170379959343
-2.0611512779862395	-0.999999522394619	0.12507052596752394	0.12730731937897533	29405798.0	1257161.0	26.18	26.198635603889873
-2.245983342531059	-0.9999995485530229	0.21082641628757037	0.10582342851508418	31430697.5	1453220.5	23.77	24.132691582098
-0.28693724989440056	-0.9999996134432414	0.107525920665552	0.7505588250049354	39034623.0	3573646.5	25.8	25.804500625931073
-0.28693724989440056	-0.9999996599223054	0.25401533594210396	0.7505588250049354	39034623.0	582336.0	25.775	25.791361560351323
-0.28693724989440056	-0.9999996405870557	0.11724006922325256	0.7505588250049354	39034623.0	1238669.0	25.865000000000002	26.006864031569012
-1.0822795655202129	-0.9999995854696426	0.35093019580862195	0.3388222770641057	36062345.75	3106281.0	25.560000000000002	26.30456484350726
-1.0822795655202129	-0.9999996335578146	0.09680310987083202	0.3388222770641057	36062345.75	548401.5	26.45	26.581724996897094
-2.0039606184622722	-0.9999995487678726	0.013180376838831942	0.13480033188362409	27446085.6	239079.5	24.73	24.73315562523816
-2.0039606184622722	-0.9999994915497381	0.09877338229950142	0.13480033188362409	27446085.6	1149650.5	25.009999999999998	25.019654243145368
-1.456956660968122	-0.9999996810894277	0.015797383103317044	0.23294412501712883	36752931.833333336	123117.0	25.68	25.685878681381105
-1.2941767884696616	-0.9999995919662978	0.1572835770726744	0.27412343304414233	34494121.8	1295961.5	25.7	25.73226588577227
-1.2941767884696616	-0.9999996032706499	0.1568113280754658	0.27412343304414233	34494121.8	877497.5	25.835	26.116201184339733
-1.2941767884696616	-0.9999996478540676	0.06282011952617395	0.27412343304414233	34494121.8	188520.0	26.115000000000002	26.160828684356108
-1.8695500644126057	-0.9999995816304271	0.05956474473382796	0.15419302313833524	30839128.5	401174.0	24.55	24.760129321731238
