-1.7626400518473424	-0.999999308391509	0.1440979199399488	0.1715912555006994	19134192.1	558700.0	10.700000000000001	10.85829602079873
-1.7626400518473424	-0.9999992746982648	0.4129356445079837	0.1715912555006994	19134192.1	1064549.0	10.945	11.143236995856252
-1.7626400518473424	-0.9999992934467066	0.1824968192794123	0.1715912555006994	19134192.1	743649.5	11.23	11.238661326728778
-1.9667604681475026	-0.9999993346020667	0.3034302426671314	0.1399093637032805	21027057.8	1192258.5	11.22	11.330186517158614
-1.9667604681475026	-0.9999993062591309	0.30266296780496377	0.1399093637032805	21027057.8	2163697.0	11.4	11.416444780133201
-2.23248402002098	-0.999999375088546	0.11880524562742897	0.10726165883231527	20706149.0	416444.0	11.15	11.220590873784653
-2.23248402002098	-0.9999993213263961	0.1495372378245933	0.10726165883231527	20706149.0	1267701.5	11.24	11.253336014907013
-2.23248402002098	-0.9999993569350342	0.2717115621432302	0.10726165883231527	20706149.0	606462.0	11.254999999999999	11.30735349446646
-2.23248402002098	-0.9999993321018622	0.4106554065739023	0.10726165883231527	20706149.0	1014186.5	11.335	11.429057512480016
-2.23248402002098	-0.9999993335920773	0.33475271133628653	0.10726165883231527	20706149.0	983370.0	11.45	11.507570334253858
-1.1740634938451848	-0.9999991984275348	0.112365697280028	0.30910832602938876	15835501.6	325559.0	10.290000000000001	10.37328417486929
-1.1740634938451848	-0.9999991886346218	0.1760954034977429	0.30910832602938876	15835501.6	380170.5	10.36	10.45116809916829
-1.8746899314214158	-0.999999320501488	0.06900153367633526	0.1534025247742456	18380583.5	265554.5	11.19	11.200389872485596
-1.3181429595542542	-0.9999992511640233	0.19453507725508526	0.2676318439326473	17975752.166666668	701438.5	10.41	10.843986248204146
-1.3181429595542542	-0.9999992741958496	0.20530783773204142	0.2676318439326473	17975752.166666668	463644.5	10.865	10.872021751620247
-1.3181429595542542	-0.9999991399212316	0.422981543904935	0.2676318439326473	17975752.166666668	5181279.5	10.905000000000001	10.982859368703757
-2.082896196106068	-0.999999406574618	0.03936910754385912	0.12456891325332835	19841748.5	129909.0	11.38	11.420516838847993
-2.2579281128219746	-0.9999993701696365	0.18185502512599627	0.10456691131443466	21299928.8	670206.0	11.58	11.593233124038411
-2.2579281128219746	-0.9999993259660117	0.5730104885548661	0.10456691131443466	21299928.8	1718350.5	11.64	11.802562910215316
-1.6987065518657112	-0.9999993985170473	0.016424357721090986	0.18291996859749915	18459727.4	66383.0	10.450000000000001	10.531329997706525
-1.5394433237751235	-0.9999993739637687	0.07034279783847619	0.2145004755124801	20210765.875	312596.5	11.0	11.112474893187125
-1.5394433237751235	-0.9999993562140438	0.04267317872068482	0.2145004755124801	20210765.875	447488.0	11.22	11.220775897887442
-1.5394433237751235	-0.9999994097987092	0.08568644671025755	0.2145004755124801	20210765.875	151511.0	11.125	11.26339275428253
-1.5394433237751235	-0.9999994051759663	0.08088165177030567	0.2145004755124801	20210765.875	166349.0	11.3	11.313805909120216
-0.9805173980766148	-0.999999201417521	0.12830000691586652	0.37511696383759385	16150524.5	399322.0	10.65	10.682410918182725
-1.9224589190877885	-0.9999994879142355	0.0048868731101787575	0.14624691032331016	19104963.7	17735.5	10.950000000000001	11.059005101135533
-1.9224589190877885	-0.9999992195496712	0.24538724348798302	0.14624691032331016	19104963.7	2989076.0	11.040000000000001	11.058175416793226
-1.9224589190877885	-0.9999992637717188	0.743104331047662	0.14624691032331016	19104963.7	1284158.0	11.030000000000001	11.093403130384283
-1.9224589190877885	-0.999999282551717	0.46724826707258993	0.14624691032331016	19104963.7	897010.0	11.1	11.137589400733463
-1.9224589190877885	-0.9999993073060783	0.28866808190069637	0.14624691032331016	19104963.7	558992.0	11.195	11.216950973352084
-0.7047633706149938	-0.9999992474096301	0.09876660419784282	0.4942255086987112	16644345.0	275507.5	10.07	10.126575215499619
-0.7047633706149938	-0.9999992330404199	0.1499132085257273	0.4942255086987112	16644345.0	349947.0	10.13	10.131901289237774
-0.7047633706149938	-0.999999341062841	0.018536292818187226	0.4942255086987112	16644345.0	57963.0	10.11	10.112191460037373
-0.7047633706149938	-0.9999991944157831	0.37763352667469685	0.4942255086987112	16644345.0	665584.0	10.190000000000001	10.28293235837695
-0.7047633706149938	-0.9999991866633784	0.3277590660773503	0.4942255086987112	16644345.0	757254.0	10.315000000000001	10.433443842745417
-1.4380338620460045	-0.9999993092255723	0.13101541009640166	0.23739404958673274	20562693.42857143	1475020.0	11.18	11.180986938364946
-2.1778451440410236	-0.9999994289017351	0.02829586172374214	0.11328538149373624	20128162.3	98238.0	11.4	11.408556966167378
-2.1778451440410236	-0.9999993693996675	0.13103904794818488	0.11328538149373624	20128162.3	325404.0	11.370000000000001	11.426220149760422
-2.1778451440410236	-0.9999993242416129	0.35614143599140474	0.11328538149373624	20128162.3	807560.5	11.434999999999999	11.512361264396091
