-1.5437970573017448	-0.9999966800411115	0.08140619201582665	0.2135686275814853	3439670.111111111	91085.36111111111	6.19	6.250631399647717
-1.5437970573017448	-0.9999965913839509	0.07573104126404354	0.2135686275814853	3439670.111111111	123563.02777777778	6.24	6.240969156689225
-1.5437970573017448	-0.9999965383354465	0.09691680154163008	0.2135686275814853	3439670.111111111	148297.75	6.24	6.243455594856426
-1.8228215236642156	-0.9999947481221522	0.12322820161564992	0.16156923578042237	2398502.3	295563.125	6.3500000000000005	6.355371588647625
-1.7280189270889152	-0.9999957682045225	0.09448905111225513	0.17763597143149124	2666182.5	79437.55	6.26	6.286337406231712
-1.8645558866522367	-0.9999945340941833	0.1360753052993602	0.15496501663710247	2088380.9	90660.975	6.4	6.41204460097815
-1.8645558866522367	-0.9999942553801648	0.11365211391908552	0.15496501663710247	2088380.9	162258.85	6.415	6.418901339214499
-1.7777027558418808	-0.9999954369421998	0.12080861309326173	0.16902599558782017	2495007.3	87978.8	6.3100000000000005	6.321427027714213
-1.9033712135056053	-0.999992376356142	0.10713684570484111	0.14906524044890213	1579132.5	169183.275	6.4	6.430037959353281
-1.2604263387061327	-0.9999972182910778	0.07884204239960946	0.2835331195846033	4184018.3333333335	113404.04166666667	6.36	6.368167138001955
