-1.400109264849734	-0.9999981845192609	0.11019760080322391	0.24657002103337977	7005823.5	334012.8125	4.09	4.19947906025928
-1.400109264849734	-0.999998369209371	0.1464996989738718	0.24657002103337977	7005823.5	91584.78125	4.19	4.192793918676018
-1.400109264849734	-0.999998246639946	0.13612761407592425	0.24657002103337977	7005823.5	216149.6875	4.19	4.215807581529611
-1.200366573539731	-0.9999983183607006	0.1043017878663635	0.3010838223179832	7590860.0	349789.0833333333	4.1	4.158760398960479
-1.200366573539731	-0.9999982626804873	0.12576396930653838	0.3010838223179832	7590860.0	533784.4166666666	4.17	4.175303912494955
-1.4778058241999974	-0.9999980340498154	0.10999797487705501	0.22813771386212442	6421608.666666667	303932.05555555556	4.18	4.182643119171253
-1.4778058241999974	-0.9999981418921868	0.15051692062683775	0.22813771386212442	6421608.666666667	152060.63888888888	4.1850000000000005	4.18516157471583
-1.4778058241999974	-0.9999980988565303	0.1362006638123811	0.22813771386212442	6421608.666666667	200464.88888888888	4.19	4.191850091770791
-1.7091636534930854	-0.9999972212402687	0.12327590358462878	0.1810171223642295	4452221.5	236014.75	4.12	4.135770137866262
-2.0142622220028668	-0.9999959246591994	0.11870397111338869	0.13341880051928584	2910597.0	141728.375	4.24	4.243068066419155
-2.0142622220028668	-0.9999959256979979	0.17083231676576033	0.13341880051928584	2910597.0	141300.5	4.265000000000001	4.269479875751768
-1.9877977085552128	-0.9999956700722559	0.12971901308649644	0.1369968003474002	2903928.6	288888.925	4.2	4.241409117104102
-1.9877977085552128	-0.9999959391306383	0.16909418525795963	0.1369968003474002	2903928.6	132252.35	4.21	4.266192092116169
-1.9877977085552128	-0.9999959734876342	0.12695693535694902	0.1369968003474002	2903928.6	119694.275	4.245	4.248274389598008
-0.19831672304916836	-0.9999985767095915	0.0814694974088546	0.8201100642392372	8634576.0	217402.25	4.12	4.215932368568269
-0.19831672304916836	-0.9999984580157402	0.13304923909682498	0.8201100642392372	8634576.0	605844.5	4.175	4.1940025338234435
-0.19831672304916836	-0.9999986398586898	0.1394057184828587	0.8201100642392372	8634576.0	126025.0	4.15	4.153749512932483
-0.19831672304916836	-0.9999985247814186	0.09325630886350325	0.8201100642392372	8634576.0	340402.5	4.15	4.196459946489993
-1.5453713803076279	-0.9999980311616868	0.10670848659439566	0.213232666103081	6365887.6	277451.05	4.16	4.161787249738797
-1.5453713803076279	-0.9999981150558067	0.15743372483927948	0.213232666103081	6365887.6	162646.875	4.175	4.1882714630279585
-1.5453713803076279	-0.9999980796800355	0.13900251044700476	0.213232666103081	6365887.6	203727.0	4.165	4.199851756227657
-1.5453713803076279	-0.9999980670317049	0.12330984475726929	0.213232666103081	6365887.6	220809.225	4.21	4.2381388278032865
-1.7542729141169822	-0.9999967832362864	0.10634570309821498	0.1730330064217795	3689545.5	142684.2	4.12	4.143876823338736
-1.9601720219975498	-0.999995682565705	0.11922211464252183	0.14083419225809768	2677639.1	104874.675	4.0	4.0171556473829195
-1.9601720219975498	-0.9999962325996447	0.13395633683079908	0.14083419225809768	2677639.1	24045.35	4.025	4.028001780151313
-1.9601720219975498	-0.9999959649505277	0.07343063330062709	0.14083419225809768	2677639.1	49236.275	4.025	4.039497379867795
-1.9601720219975498	-0.9999956362666451	0.12499701238960714	0.14083419225809768	2677639.1	118716.625	4.1850000000000005	4.20176210820862
-2.0638898378120816	-0.9999963046610058	0.1115367119602873	0.12695915761708815	3175914.1	125000.275	4.19	4.20813476731335
-1.832929574244988	-0.9999961167575916	0.11243137650074377	0.15994431201388015	3302604.1	371316.325	3.99	3.9927639316922843
