-1.8309545115711965	nan	nan	0.16026052422109585	12909391.7	nan	3.88	3.8967502109637433
-1.8309545115711965	-0.9999990747302296	0.09122947734203297	0.16026052422109585	12909391.7	153993.15	3.89	3.896286381160469
-1.8309545115711965	-0.9999990133729472	0.07278387612373884	0.16026052422109585	12909391.7	340017.425	3.9	3.900593768934969
-1.196908487637777	nan	nan	0.30212679835024764	12291015.333333334	nan	4.18	4.185548092962016
-1.196908487637777	-0.9999989716484267	0.14473611779010623	0.30212679835024764	12291015.333333334	308501.4166666667	4.18	4.227746273570462
-1.196908487637777	-0.9999989604370693	0.12358190374603054	0.30212679835024764	12291015.333333334	354081.0416666667	4.26	4.281050113885605
-1.399022639657888	nan	nan	0.24683809585183658	16642329.125	nan	4.07	4.1087807342261415
-1.399022639657888	-0.9999991717568939	0.10429059413631306	0.24683809585183658	16642329.125	968877.375	4.105	4.108098327193874
-1.752370659040307	nan	nan	0.17336247260168458	15436373.2	nan	3.98	3.9904945867514927
-0.6300612757527708	-0.9999984529002848	0.1252671365542507	0.5325591670432165	8533977.666666666	541941.0833333334	4.09	4.165875852306572
-0.8867322153283084	-0.9999985098668449	0.13114318978124068	0.41199988229338935	8931532.75	602697.9375	4.0600000000000005	4.096450458378663
-1.9302165293788756	nan	nan	0.14511677303675014	6612198.8	nan	3.74	3.7408489028693204
-1.9302165293788756	-0.9999982170638683	0.11546412794298383	0.14511677303675014	6612198.8	131810.5	3.725	3.7288613073166563
-1.9302165293788756	-0.9999980678344098	0.11811714479823529	0.14511677303675014	6612198.8	353578.275	3.73	3.7373619221154595
-1.9860516463842324	nan	nan	0.1372362142329709	5027953.8	nan	3.66	3.6925619558732503
-1.9860516463842324	-0.9999974185048693	0.13406428044023674	0.1372362142329709	5027953.8	433495.175	3.7	3.714967107414877
-1.6052124580102944	nan	nan	0.20084687884870295	16451498.7	nan	4.0600000000000005	4.06060019309943
-1.6052124580102944	-0.99999924669763	0.1119820572765931	0.20084687884870295	16451498.7	241095.6	4.0600000000000005	4.067439455451752
-1.5449320881801663	nan	nan	0.21332635811219203	15996383.7	nan	4.1	4.119393998237686
-1.6585910700545439	nan	nan	0.1904070614139315	16261101.5	nan	4.035	4.05119789356587
-1.6585910700545439	-0.9999992365278714	0.11108720586974495	0.1904070614139315	16261101.5	246444.9	4.055	4.0623116386144655
-1.8661381919052067	nan	nan	0.15472000856714774	9181951.1	nan	3.89	3.9060576243042955
-1.8661381919052067	-0.9999985685767857	0.09778466742776454	0.15472000856714774	9181951.1	510556.2	3.89	3.8946070039143303
-1.0625060854842465	nan	nan	0.3455886494962931	9538487.8	nan	4.05	4.061098992104783
-1.0625060854842465	-0.9999986277017532	0.10833428032109288	0.3455886494962931	9538487.8	483907.0	4.05	4.063599304674645
-1.0625060854842465	-0.9999987061787539	0.101593255952009	0.3455886494962931	9538487.8	228912.2	4.045	4.069279916464444
-1.0625060854842465	-0.9999986560045352	0.123215443336928	0.3455886494962931	9538487.8	369417.1	4.08	4.12895289748396
