-1.9910521091403204	-0.9999982137850993	0.09373082785580837	0.1365516825688293	6917411.9	232345.3	6.98	7.069905951911709
-2.052947198738638	-0.9999981753654587	0.0878923349464533	0.1283560547879069	6720100.0	211445.35	7.015000000000001	7.031823355713554
-2.052947198738638	-0.9999982318627696	0.08788740887914706	0.1283560547879069	6720100.0	144647.075	6.985	6.986556920840971
-2.052947198738638	-0.9999981241612909	0.0933327931754752	0.1283560547879069	6720100.0	298289.675	7.01	7.010693499276613
-1.4742889811460813	-0.9999991319155255	0.04889767499660143	0.22894145087652773	14480903.25	287979.28125	7.11	7.182644897684874
-1.4742889811460813	-0.9999991512660122	0.10662568431523152	0.22894145087652773	14480903.25	217603.5625	7.155	7.164560635835626
-1.5552669659871468	-0.9999990779704675	0.05179246105222952	0.21113300978411198	13629093.777777778	286766.47222222225	7.16	7.168798370327171
-1.5552669659871468	-0.9999991017398707	0.10651572569927913	0.21113300978411198	13629093.777777778	207412.88888888888	7.12	7.140394002946472
-1.266867701497634	-0.9999991837102677	0.05681561558909633	0.2817126493470253	15697281.666666666	367150.5	7.11	7.112520773814382
-1.881666367185003	-0.9999984490136931	0.05675815196108489	0.15233604634881373	7685377.7	150227.925	6.93	6.982449624422245
-1.839788701239977	-0.999998560850073	0.06072978237996378	0.15885098757775082	8398283.0	177439.1	6.95	6.972350498248218
-1.839788701239977	-0.9999985502159263	0.12393160482304018	0.15885098757775082	8398283.0	194015.2	6.9350000000000005	6.9393830722872325
-1.839788701239977	-0.999998693510667	0.04309694480046836	0.15885098757775082	8398283.0	58235.475	6.945	6.94768095570342
-2.1079390093326373	-0.999997961506142	0.10679635774153733	0.12148809441791306	6030355.7	218128.25	7.0200000000000005	7.025449202134515
-2.1079390093326373	-0.9999980519665662	0.11320407586128217	0.12148809441791306	6030355.7	126415.15	7.005	7.0105755499180695
-2.1079390093326373	-0.9999981186274285	0.1225437789741235	0.12148809441791306	6030355.7	84569.925	7.005	7.0250801633131905
-2.1079390093326373	-0.9999978615217724	0.15738292758008582	0.12148809441791306	6030355.7	398627.175	7.0200000000000005	7.1381701343346124
-1.379767938081797	-0.999999131251983	0.06227532551601785	0.2516369416359788	15156350.0	522848.53571428574	7.07	7.122939067753687
-1.379767938081797	-0.9999991003538139	0.12353017688834413	0.2516369416359788	15156350.0	835137.1785714285	7.11	7.118610974877441
-0.6741088158116368	-0.9999993807079145	0.044115364454112224	0.5096103750074453	20851718.333333332	405672.5833333333	7.03	7.125765441407659
-0.6741088158116368	-0.999999317440763	0.12963085145503966	0.5096103750074453	20851718.333333332	1517435.5	7.130000000000001	7.133199974610821
-1.7438494559427837	-0.9999986971560563	0.08687696801211159	0.17484604135862797	10536234.7	915356.125	6.9	6.909044361685553
-1.793812745816525	-0.9999986568509158	0.06182283112866663	0.1663248049903158	9071791.4	195783.2	7.0	7.0126673584026795
-1.793812745816525	-0.999998661697153	0.10922793847162668	0.1663248049903158	9071791.4	187362.2	7.035	7.037963940015716
