-1.7872913425129942	-0.999998536666919	0.06905638637835568	0.1674130206128195	8186802.5	159534.05	6.5200000000000005	6.62126848870554
-1.7872913425129942	-0.9999985297243715	0.12447056554115	0.1674130206128195	8186802.5	168864.225	6.59	6.614625798103037
-1.7872913425129942	-0.999998507622453	0.12377318358016103	0.1674130206128195	8186802.5	202358.325	6.620000000000001	6.666911686515125
-1.7872913425129942	-0.9999984640536255	0.09785624435741762	0.1674130206128195	8186802.5	289087.925	6.675	6.690607513757053
-1.6195865068867523	-0.9999984202062706	0.07989610832826832	0.19798054575315732	8050595.5	333793.325	6.72	6.727231504162918
-1.6195865068867523	-0.9999984955468748	0.13667566644873136	0.19798054575315732	8050595.5	181995.65	6.785	6.833650476410746
-1.9499735572690327	-0.9999983521319894	0.05233372404122924	0.14227783375125294	6979640.0	98865.475	6.65	6.6504997410537845
-1.470344051056197	-0.9999985376899658	0.07054102294053555	0.22984639268740797	8352699.375	201638.375	6.73	6.73865983721583
-1.470344051056197	-0.9999984515036647	0.11009744926714363	0.22984639268740797	8352699.375	414207.34375	6.735	6.735056672389976
-1.470344051056197	-0.999998591108144	0.11750771518175689	0.22984639268740797	8352699.375	129061.25	6.73	6.741236922985992
-1.6813087939587958	-0.9999984238367635	0.09069350290970599	0.1861302104597482	7718404.7	192040.3	6.8	6.803322782104684
-1.6813087939587958	-0.9999984459309803	0.10225342176492043	0.1861302104597482	7718404.7	161931.3	6.815	6.852722089818543
-1.6813087939587958	-0.9999982995240649	0.12384122972506366	0.1861302104597482	7718404.7	501299.725	6.865	6.892817296344832
-2.0731584498254514	-0.999998056797836	0.055984772704956096	0.1257878589851106	5968322.6	108841.525	6.640000000000001	6.6507176589681745
-0.9369073571394597	-0.9999985477836236	0.08271558639308128	0.3918377777401368	9149622.5	589617.875	6.87	6.8740529874729095
-0.9369073571394597	-0.9999985469659444	0.14033325762061502	0.3918377777401368	9149622.5	594045.625	6.86	6.920771590716879
-1.12192628082884	-0.9999986828544153	0.060011343169122607	0.325651893061345	9290532.0	206277.65	6.93	6.9707223934358025
-1.5500796384112965	-0.9999984783491357	0.07170329048685789	0.21223107140835643	7993187.666666667	191536.88888888888	6.69	6.706232851031921
-1.5500796384112965	-0.9999985095045419	0.08867463410414202	0.21223107140835643	7993187.666666667	149313.47222222222	6.695	6.730774675129705
