-0.6650010304054964	-0.9999975046964964	0.097230963465721	0.5142729977966354	4408397.0	59890.416666666664	6.17	6.186573074317119
-0.6650010304054964	-0.9999971322451376	0.15892117202239298	0.5142729977966354	4408397.0	309340.75	6.2	6.242250355175532
-0.6650010304054964	-0.9999975335691849	0.13524737323564362	0.5142729977966354	4408397.0	52732.5	6.205	6.222542054612315
-0.6650010304054964	-0.9999970691498005	0.1358958736424267	0.5142729977966354	4408397.0	408541.5	6.225	6.273079893733055
-0.9265840306144423	-0.9999975730699537	0.11834848976986075	0.3959037983840173	4766175.25	105573.6875	6.2700000000000005	6.331734449385299
-0.9265840306144423	-0.999997656279787	0.13258716221578046	0.3959037983840173	4766175.25	71009.375	6.3500000000000005	6.351629642445213
-1.3644130705839836	-0.9999975664884708	0.11601515186242378	0.255530610415256	4923636.571428572	159806.67857142858	4.3500000000000005	4.358909785239484
-1.7424977842287304	-0.9999980314808238	0.12063644904598192	0.17508253560232992	6264175.6	226646.175	4.25	4.312905847570224
-1.7424977842287304	-0.999998083092505	0.14217201154809872	0.17508253560232992	6264175.6	164035.65	4.325	4.352743844445424
-1.7424977842287304	-0.999998094832314	0.12065038290927452	0.17508253560232992	6264175.6	152405.25	4.32	4.3847519674071584
-1.7424977842287304	-0.9999979386641664	0.15866599723236996	0.17508253560232992	6264175.6	405374.725	4.38	4.412362381472535
-1.8253671096057953	-0.9999979506666521	0.11369957398796603	0.16115847044627135	5994757.1	216479.475	4.33	4.361767603941361
-1.1095165818261545	-0.9999976200651874	0.12405304476358735	0.32971831438036503	4885524.2	112108.25	6.3	6.34505285532394
-1.1095165818261545	-0.9999977101893784	0.12549159037091384	0.32971831438036503	4885524.2	72179.5	6.345000000000001	6.3498214285714285
-1.6967258858170544	-0.9999979133359891	0.11334280837719041	0.18328263100692074	5796881.2	179178.5	4.23	4.2300939356421585
-1.26150586092614	-0.999997432022436	0.13139634253068205	0.2832272044327145	4618463.5	141506.875	4.39	4.41623188480382
-1.26150586092614	-0.9999976064870365	0.12682816731868793	0.2832272044327145	4618463.5	63217.5	4.39	4.403245667508491
