-2.1366545083638595	-0.999985744293791	0.23230441444184585	0.11804911546490537	768628.2	57372.5	8.93	8.939199038225372
-2.1366545083638595	-0.9999850918725968	1.0461872493064512	0.11804911546490537	768628.2	94731.0	8.96	9.019291721616352
-2.1366545083638595	-0.999985497810722	0.8889207957982019	0.11804911546490537	768628.2	69340.0	9.07	9.088398337595907
-2.1366545083638595	-0.9999861454293664	0.5142043617705221	0.11804911546490537	768628.2	42150.0	9.1	9.12676685621446
-2.1366545083638595	-0.999984919879014	0.9315927288894557	0.11804911546490537	768628.2	108120.0	9.13	9.18661972433867
-2.1366545083638595	-0.9999871786191651	0.6361875500935079	0.11804911546490537	768628.2	19050.0	9.18	9.193770114942529
-2.1366545083638595	-0.9999852558966238	0.5368246542073978	0.11804911546490537	768628.2	83510.0	9.235	9.247020513292245
-1.8454400097365915	-0.9999897538245048	0.3309812359586115	0.15795580350511298	1099945.0	78450.0	8.88	8.987918337586583
-1.8454400097365915	-0.9999906950046226	0.16027890600729483	0.15795580350511298	1099945.0	27860.0	9.0	9.020933798967507
-1.8454400097365915	-0.9999907967536995	0.05599018564646299	0.15795580350511298	1099945.0	24910.0	9.024999999999999	9.044662205914094
-1.8454400097365915	-0.9999927057946673	0.018904775098258345	0.15795580350511298	1099945.0	3050.0	8.99	9.048970760233919
-1.8454400097365915	-0.9999905802013371	0.20684966197977572	0.15795580350511298	1099945.0	31610.0	9.06	9.063427912750488
-2.1641987598850485	-0.9999854686891744	0.5393770163117589	0.1148419136918155	822852.4	155923.0	9.27	9.37810333966747
-2.1082827295249267	-0.9999859908733038	0.07276375988920679	0.12144634368243536	693849.5	16650.0	8.91	8.981633802816901
-1.7943322171147127	-0.9999904440242524	0.22316469546188714	0.16623842646547124	1139413.0	53540.0	9.16	9.236977447105325
-0.23898569209935097	-0.9999916766106236	0.1324163416136317	0.7874261487071931	1185875.0	19350.0	9.14	9.206340394448503
-0.23898569209935097	-0.9999901501493802	0.24763649688530598	0.7874261487071931	1185875.0	118265.0	9.225000000000001	9.225801528034081
-0.23898569209935097	-0.9999910175245355	0.3201090248334343	0.7874261487071931	1185875.0	42280.0	9.21	9.271479121475053
-0.23898569209935097	-0.9999921597750744	0.07154098360655738	0.7874261487071931	1185875.0	10910.0	9.28	9.293575317604356
-1.7372370788419433	-0.9999906490997517	0.2027879349162502	0.17600602020091963	1144504.0	44450.0	9.22	9.227282026302971
-1.7372370788419433	-0.9999909053807055	0.16350749471005163	0.17600602020091963	1144504.0	33150.0	9.23	9.246038910505836
-1.7372370788419433	-0.9999910013979906	0.1780810418640348	0.17600602020091963	1144504.0	29700.0	9.21	9.218195876288659
-1.974298156791647	-0.999987946791602	0.1786106777152529	0.13885873511132524	945567.0	89063.5	8.85	8.867786642812469
-2.011145974007846	-0.9999897825352434	0.04240017988611545	0.1338352150774346	899328.9	9786.5	8.96	8.983054920761933
-2.011145974007846	-0.9999882113252793	0.2888139021408573	0.1338352150774346	899328.9	40210.0	9.015	9.022015074262912
-2.011145974007846	-0.9999888519656912	0.20478304323912408	0.1338352150774346	899328.9	22600.0	9.01	9.015045090180362
-1.517941576974392	-0.9999890296562655	0.36131620071607706	0.21916255220703368	1136941.375	261093.5	9.22	9.222300923392126
-1.517941576974392	-0.9999903892535128	0.34188821821867943	0.21916255220703368	1136941.375	55650.0	9.31	9.33158294470353
-1.517941576974392	-0.9999909275720089	0.17989675855855453	0.21916255220703368	1136941.375	30175.5	9.32	9.322405841893161
-1.3040148969204555	-0.9999915439291781	0.05952151882496312	0.27143979956489833	1106760.6666666667	11600.0	9.13	9.183846572361261
-1.3040148969204555	-0.9999899927094787	0.13039483912652822	0.27143979956489833	1106760.6666666667	64580.0	9.165	9.20392522412388
-1.3040148969204555	-0.9999905194589963	0.20620030887147514	0.27143979956489833	1106760.6666666667	36050.0	9.24	9.263489932885905
-1.3040148969204555	-0.9999905282738226	0.20099578302965018	0.27143979956489833	1106760.6666666667	35700.0	9.29	9.301034816247583
-1.3040148969204555	-0.9999938527764289	0.010518319406299305	0.27143979956489833	1106760.6666666667	900.0	9.27	9.272753623188406
-1.4211821543603633	-0.9999916316399489	0.05044327004827842	0.24142844244779813	1095997.7142857143	9620.0	9.26	9.265926104805603
-1.4211821543603633	-0.9999904494250217	0.19659936238044634	0.24142844244779813	1095997.7142857143	35150.0	9.26	9.291668246445498
-1.4211821543603633	-0.9999905254446074	0.2591969223371003	0.24142844244779813	1095997.7142857143	32340.0	9.3	9.374217848157466
-1.6008473037578126	-0.9999906023421564	0.1378175277250322	0.20172552276894806	1087870.111111111	27540.0	9.3	9.305266505148396
-1.6008473037578126	-0.9999907501196015	0.1230590718529705	0.20172552276894806	1087870.111111111	23450.0	9.31	9.31198595787362
-2.1905561156772255	-0.9999884522428594	0.0571007239820922	0.11185452726161794	839208.4	16170.0	9.21	9.256621157239714
-1.6734351525718079	-0.9999925239185579	0.02772635918216811	0.18760151765978608	1162302.0	5939.0	9.200000000000001	9.204515747802294
-1.6734351525718079	-0.9999909116887918	0.19193277144175294	0.18760151765978608	1162302.0	38690.0	9.16	9.160155595451826
-1.6734351525718079	-0.9999912778530465	0.2083663039894494	0.18760151765978608	1162302.0	25279.0	9.17	9.176649297598884
-1.6734351525718079	-0.9999913744396461	0.07150217058747951	0.18760151765978608	1162302.0	22594.5	9.15	9.188934006251747
