-2.216537432621263	-0.9999987844119388	0.0248562990926296	0.10898582701187694	8898907.3	49880.5	26.150000000000002	26.247742251607722
-0.2837806344399491	-0.9999990228649672	0.13669697990166962	0.7529317938961598	13465943.5	518162.0	23.91	24.401630291339863
-1.076458702001285	-0.9999991714268656	0.02544660415508157	0.34080026651445977	14867891.75	223939.5	25.2	25.554772358434814
-1.076458702001285	-0.9999991396194309	0.20153413642117932	0.34080026651445977	14867891.75	359346.5	25.335	25.984161648028632
-1.076458702001285	-0.999999118508929	0.2810928433959757	0.34080026651445977	14867891.75	491841.5	26.055	26.364926103209125
-2.330005089210857	-0.9999983445476471	0.03778600133358787	0.09729525193222031	6533435.0	49800.0	24.66	24.917513865829033
-2.330005089210857	-0.9999984466927835	0.02457239701376612	0.09729525193222031	6533435.0	25550.0	25.060000000000002	25.080537836883607
-2.330005089210857	-0.9999984630416114	0.019322216547673653	0.09729525193222031	6533435.0	22961.5	25.105	25.124864643235604
-2.330005089210857	-0.9999984228857226	0.05141418283916869	0.09729525193222031	6533435.0	29850.0	25.065	25.10954241645244
-2.330005089210857	-0.9999980330260418	0.15346901806367086	0.09729525193222031	6533435.0	381205.5	25.11	25.291741623993484
-1.587516823663493	-0.9999992001429093	0.09097462494180837	0.20443262422786598	16091681.285714285	388886.5	28.28	28.657088583458986
-1.7930015266450852	-0.9999991941953482	0.060300300337648785	0.16645978560283795	15358520.555555556	237035.0	26.67	26.888938291708804
-0.7786258901495462	-0.9999990998769139	0.0428185320100172	0.45903634449520625	13240478.666666666	149949.5	24.5	24.941602254959655
-0.7786258901495462	-0.9999991070886814	0.08591231399223033	0.45903634449520625	13240478.666666666	136293.5	24.880000000000003	25.037549416081156
-0.7786258901495462	-0.9999990795873713	0.1705108974279109	0.45903634449520625	13240478.666666666	196162.5	24.985	25.041525646208356
-0.7786258901495462	-0.9999990448478548	0.2806984975284017	0.45903634449520625	13240478.666666666	310726.5	25.14	25.284645213186383
-2.3943136616385208	-0.9999984247597122	0.010265419004692893	0.09123527570849183	5920980.6	11236.0	23.36	23.560264482474604
-2.1718568426965876	-0.9999990770942002	0.003621756315323769	0.11396580374948133	10489830.0	16011.5	26.45	26.481561223328736
-1.875116780520036	-0.9999993050872005	0.0036760677955187788	0.15333705901781328	14716565.6	27631.0	27.0	27.062094714798455
-1.9471800636969545	-0.9999991512707148	0.05496039984836899	0.14267584162267674	14309787.4	188175.5	26.7	26.862496933370604
-1.9471800636969545	-0.9999991428227578	0.08976971621861494	0.14267584162267674	14309787.4	212356.0	27.055	27.272945761015407
-1.9471800636969545	-0.9999990809916036	0.07917702766800998	0.14267584162267674	14309787.4	514429.0	27.17	27.18947969113738
-1.9471800636969545	-0.9999992191344317	0.06611384062179336	0.14267584162267674	14309787.4	71254.0	27.005000000000003	27.22441524832191
-1.9471800636969545	-0.9999990419400782	0.19503204885678743	0.14267584162267674	14309787.4	899534.5	27.275	27.301584090748705
-2.0120665399087616	-0.9999991765513097	0.017130375834247046	0.13371206763345808	13927646.0	95673.0	27.45	27.568492090695642
-2.0120665399087616	-0.9999991321169573	0.10992962155240253	0.13371206763345808	13927646.0	177648.5	27.805	27.970256942018295
-2.1234577165615285	-0.9999990044043744	0.04408808182670977	0.11961730987264764	11882996.1	137400.0	26.1	26.478899637243046
-2.2950760530616465	-0.9999984912958273	0.03655511575727295	0.10075373034724783	7188816.1	51317.0	24.55	24.831101574039128
