-1.1736257449610654	-0.9999929967952483	0.2527296235992721	0.30924366747480225	1578724.4	63330.0	10.34	10.411234786226984
-1.1736257449610654	-0.999992833223605	0.2931145431145431	0.30924366747480225	1578724.4	81990.0	10.445	10.573566117038473
-1.1736257449610654	-0.9999928436613238	0.2082792082859228	0.30924366747480225	1578724.4	80650.0	10.56	10.575898355754857
-2.2306187121090826	-0.9999935515956317	0.18896612938856172	0.10746192157094817	1925533.9	246870.0	10.74	10.826638547176314
-2.1772837381792502	-0.999996048178033	0.01253123582017405	0.11334899842674875	2374345.4	11883.5	10.9	11.03213666663234
-2.1772837381792502	-0.9999956458651053	0.13669980386742286	0.11334899842674875	2374345.4	30890.0	11.085	11.092689707945416
-1.7617769742272646	-0.9999944743773931	0.20007000911964581	0.17173941600093198	2273801.7	286120.0	10.93	11.15178305352066
-1.7617769742272646	-0.9999945726982661	0.7528752727856649	0.17173941600093198	2273801.7	228800.0	10.86	11.31450316319433
-1.8205242930811791	-0.9999954728663925	0.12710950799357681	0.16194082421888326	2538588.4	97980.0	11.1	11.172738051731837
-1.8205242930811791	-0.9999957917302816	0.17885382626612598	0.16194082421888326	2538588.4	43610.0	11.25	11.265883996676989
-1.8205242930811791	-0.9999953908151817	0.357738318288975	0.16194082421888326	2538588.4	120670.0	11.385000000000002	11.397441122581222
-1.8205242930811791	-0.9999951817896802	0.7039856141771735	0.16194082421888326	2538588.4	205140.0	11.42	11.511284771639284
-0.981503133115229	-0.9999930143397496	0.25403050930552673	0.3747473800885124	1591520.5	67360.0	10.200000000000001	10.360579470198674
-1.5380613151046738	-0.9999940949608362	0.3427831912397907	0.2147971219662246	2001929.5	136143.5	10.700000000000001	10.962370830619534
-1.5380613151046738	-0.9999940083269311	0.314273833593648	0.2147971219662246	2001929.5	161927.0	10.96	10.97715140524607
-1.320848952360928	-0.9999932769008599	0.07319442945050199	0.26690861305821584	1458050.3333333333	18080.0	10.5	10.559373363588758
-1.9230656364292447	-0.9999967390075655	0.020724009678410708	0.1461582066984174	2856980.1	11120.0	11.200000000000001	11.259233391778686
-1.9230656364292447	-0.9999961993021538	0.07910335929779522	0.1461582066984174	2856980.1	51974.0	11.265	11.268920415024343
-1.9230656364292447	-0.9999965721951202	0.0480759422723627	0.1461582066984174	2856980.1	17910.0	11.254999999999999	11.275048271019836
-1.9230656364292447	-0.9999963275435633	0.10071391434146014	0.1461582066984174	2856980.1	36030.0	11.29	11.292468061210164
-1.9230656364292447	-0.9999961582007255	0.07295806964306466	0.1461582066984174	2856980.1	58450.0	11.32	11.349922300245149
-1.6225286555369494	-0.9999946704525052	0.2764282595766954	0.19739891360139172	2185778.777777778	114600.0	10.790000000000001	10.876627302275189
-1.6225286555369494	-0.9999945294145933	0.43843521023696336	0.19739891360139172	2185778.777777778	155980.0	10.98	11.009317548746518
-1.967987996103741	-0.9999965052982313	0.05401889895114503	0.1397377264143327	2987273.5	34187.0	11.1	11.228263161630657
-1.967987996103741	-0.999996282622974	0.16857266942389929	0.1397377264143327	2987273.5	66490.0	11.165	11.172428833551772
-1.967987996103741	-0.9999962757463876	0.24460672270240152	0.1397377264143327	2987273.5	67870.0	11.200000000000001	11.223189167741298
-0.2428408794815144	-0.9999948309928365	0.07616123302929047	0.7843963173906062	1961421.0	25300.0	10.08	10.087791873963518
-0.2428408794815144	-0.9999946510312032	0.13684730561678193	0.7843963173906062	1961421.0	36010.0	10.065000000000001	10.077852788959172
-0.2428408794815144	-0.9999939693996874	0.33233027487356737	0.7843963173906062	1961421.0	137110.0	10.115	10.186737656843423
-0.2428408794815144	-0.9999952423466317	0.08794204704782677	0.7843963173906062	1961421.0	11290.0	10.195	10.195298889084818
-0.2428408794815144	-0.999994709487261	0.1946	0.7843963173906062	1961421.0	32109.0	10.215	10.226483143639246
-1.4391784366918379	-0.9999929014932943	0.3424880891808132	0.23712248981636444	1598355.5714285714	84620.0	10.53	10.637562237310055
-1.4391784366918379	-0.9999923170491973	0.3476207989854153	0.23712248981636444	1598355.5714285714	215363.5	10.63	10.657283205657723
-2.0471483493355507	-0.999996484558238	0.07878470491185523	0.1291025344894823	3102331.6	54505.0	11.23	11.336531770129207
-2.0471483493355507	-0.999996244494043	0.24456496264144223	0.1291025344894823	3102331.6	114785.0	11.375	11.485359211580207
-2.0091110300664354	-0.9999963440688019	0.11618224632214905	0.13410783953116595	3081186.3	78010.0	11.200000000000001	11.332969263294844
