-1.6382859546764212	-0.9999951374908624	0.15998056046880915	0.19431281799009048	2250717.6666666665	56620.0	10.96	11.052254550880336
-1.6382859546764212	-0.9999950725589636	0.12265566134168161	0.19431281799009048	2250717.6666666665	65530.0	11.075	11.078797966283114
-1.6382859546764212	-0.9999953044928136	0.2171680153814932	0.19431281799009048	2250717.6666666665	38880.0	11.11	11.125351681957186
-1.6382859546764212	-0.999995203436159	0.1932811598717531	0.19431281799009048	2250717.6666666665	48810.0	11.13	11.141969375209568
-1.6382859546764212	-0.9999945142081079	0.2999055712936733	0.19431281799009048	2250717.6666666665	230260.0	11.15	11.159860949799974
-2.1812180760783417	-0.9999926968554835	0.4018888212330654	0.11290392128246556	1603112.2	121510.0	11.07	11.104129047832535
-2.1812180760783417	-0.9999926768507312	0.49608571880436503	0.11290392128246556	1603112.2	125470.0	11.125	11.131299714062907
-2.1812180760783417	-0.9999935270723073	0.051100817874113025	0.11290392128246556	1603112.2	32106.0	11.115	11.129500616945435
-2.1519734684257066	-0.999992850754359	0.23727166779293027	0.11625450664519407	1555290.9	67450.0	10.950000000000001	11.000800027211811
-2.1519734684257066	-0.9999918731537524	0.2419193723362916	0.11625450664519407	1555290.9	308540.0	10.96	10.978590367787355
-1.9767629192952036	-0.9999952318380723	0.005326645644424604	0.13851690274858083	1810816.2	5620.0	10.68	10.69587805287923
-2.016607720154523	-0.9999930414866456	0.10085793803790444	0.13310623367504465	1734915.5	174980.0	10.63	10.631055307374314
-1.9333781073639593	-0.99999467899105	0.06858498185219354	0.1446586995409497	1892585.2	23633.5	10.8	10.814294917649331
-1.8859623662987572	-0.9999937873249228	0.18820719325027208	0.15168301454507274	1979448.3	219183.5	10.74	10.742083361457809
-1.8343065074068081	-0.9999945995419983	0.12266147486386278	0.15972423093986005	2082144.9	76460.0	10.68	10.688328064764843
-1.4553140359649708	-0.999994273417513	0.22526590778613514	0.2333270793002516	2297507.0	517550.0	11.26	11.266680239480603
-2.0884578900445554	-0.9999934743037586	0.06760653766403407	0.12387802212696956	1603636.5	35060.0	10.73	10.757535665550181
-2.0884578900445554	-0.9999937581286585	0.1051476984757366	0.12387802212696956	1603636.5	22240.0	10.78	10.791725385341303
-2.0884578900445554	-0.9999925274538255	0.21642077228342915	0.12387802212696956	1603636.5	160050.0	10.825	10.865115573426744
-2.121315441713842	-0.9999926109886935	0.12324299446342593	0.11987383770538979	1538644.4	86599.5	10.9	10.901354637949229
-2.121315441713842	-0.999993304957244	0.312532478916918	0.11987383770538979	1538644.4	29770.0	10.89	10.90855218250404
-2.121315441713842	-0.9999936996085788	0.08884682085040978	0.11987383770538979	1538644.4	16220.0	10.91	10.923820335636723
-0.716258876189118	-0.9999955506181728	0.203922142207768	0.48857666696058966	2666677.6666666665	142210.0	11.27	11.295598418720653
-0.716258876189118	-0.9999956338940865	0.43238420652999243	0.48857666696058966	2666677.6666666665	113890.0	11.290000000000001	11.316224732079831
-0.716258876189118	-0.999995838596378	0.3682556692284938	0.48857666696058966	2666677.6666666665	65980.0	11.335	11.339465226554267
-0.716258876189118	-0.9999950912182382	0.36943662860291077	0.48857666696058966	2666677.6666666665	484143.5	11.34	11.406530616483147
-2.053667213554844	-0.9999938823612401	0.11257089592658517	0.12826366978998474	1703989.5	33670.0	10.72	10.744120387397327
-2.053667213554844	-0.9999931815043953	0.43685971949007485	0.12826366978998474	1703989.5	111150.0	10.754999999999999	10.813107963203342
