-2.3798801018701994	-0.9999987355834832	0.00018808392517666582	0.09256167481675857	4415867.9	265.0	23.45	23.50914509985939
-2.3798801018701994	-0.9999976080969436	0.07302086072796413	0.09256167481675857	4415867.9	38650.0	23.549999999999997	23.611515151515153
-2.3798801018701994	-0.9999977049496985	0.07193916002466486	0.09256167481675857	4415867.9	25200.0	23.53	23.545591397849464
-1.8707423638503962	-0.9999983280201206	0.03451665256346974	0.1540092884386919	7200565.2	169260.5	23.05	23.072024752229154
-1.8707423638503962	-0.9999984589171804	0.11707275854484685	0.1540092884386919	7200565.2	65950.0	23.075	23.23884157585918
-1.8707423638503962	-0.9999985867839293	0.03377380002896036	0.1540092884386919	7200565.2	26263.0	23.295	23.35046314587375
-1.8707423638503962	-0.9999984049621649	0.10801624897022406	0.1540092884386919	7200565.2	97262.0	23.28	23.458196929951708
-1.8707423638503962	-0.9999987411237221	0.005845631501345923	0.1540092884386919	7200565.2	8643.0	23.4	23.432690558169302
-2.002559181128694	-0.999998386269	0.045833019219252064	0.13498937853888368	6782348.2	56662.5	23.27	23.420414197060424
-2.002559181128694	-0.9999981735870364	0.2690551809279465	0.13498937853888368	6782348.2	239753.0	23.435000000000002	23.480443763557645
-2.002559181128694	-0.9999983162580682	0.14106573849230303	0.13498937853888368	6782348.2	91100.0	23.585	23.702630928853754
-1.4569873960760102	-0.9999988446900312	0.001250050586248634	0.23293696556433827	6880331.0	2831.5	25.3	25.446908202208625
-1.4569873960760102	-0.9999982277375815	0.2296875354254219	0.23293696556433827	6880331.0	197550.0	25.55	25.658841295991213
-1.4569873960760102	-0.9999982166228406	0.3459019606517934	0.23293696556433827	6880331.0	213250.0	25.76	25.842371424907014
-1.5878970508632702	-0.9999984403550374	0.014444877089192126	0.20435490815943058	7426819.857142857	107279.5	26.0	26.14906379214989
-2.348839484297683	-0.9999977334890275	0.042360750146227595	0.09547990387210442	4670326.5	39550.0	23.580000000000002	23.729771547248184
-2.158182962757338	-0.9999980632811506	0.09535138473640384	0.11553486157347821	5940929.9	99300.0	23.88	24.068650793650793
-1.6979930745530962	-0.9999983287837166	0.15494517775576122	0.18305052441388592	7327577.125	208139.0	26.11	26.275926047541162
-1.2952507381916658	-0.9999983128526306	0.07078843846370347	0.27382919628545255	7132679.0	168362.5	25.6	25.616104739330353
-2.0590226500284445	-0.9999982546547672	0.051898705336565175	0.12757859792135065	6296232.3	59224.0	23.7	23.77203613793104
-2.0590226500284445	-0.9999985198633063	0.013987633426655311	0.12757859792135065	6296232.3	11150.0	23.905	23.953004876408272
-2.0590226500284445	-0.9999981537303086	0.03518730728531077	0.12757859792135065	6296232.3	111807.5	23.950000000000003	23.97650149268265
-2.0590226500284445	-0.9999981317356446	0.1118542150166665	0.12757859792135065	6296232.3	128414.5	23.865000000000002	23.925995259795812
-2.0590226500284445	-0.9999982173037699	0.08502352087431496	0.12757859792135065	6296232.3	74926.0	24.055	24.115400736106
-2.3158354258053357	-0.9999973877158079	0.07869078778122515	0.0986837066399769	4925875.2	387621.0	23.18	23.21483297203263
-1.0840761974028708	-0.999998358861369	0.180502572561149	0.3382140846710976	7643867.5	280588.0	24.96	25.159369979590693
-0.28801966017301767	-0.9999982749547255	0.12339343933780836	0.7497468519413147	7637212.5	526778.5	26.48	26.594568168602482
