-0.7292362916212755	-0.999997683891	0.21325899898065562	0.4822771685963269	5818064.666666667	711599.5	13.02	13.062887478284686
-0.7292362916212755	-0.9999980201359426	0.33032324437318394	0.4822771685963269	5818064.666666667	100606.0	12.985	13.041812409516318
-0.7292362916212755	-0.9999977655797728	0.30631415110407867	0.4822771685963269	5818064.666666667	442413.0	13.07	13.12435158012865
-0.7292362916212755	-0.9999981084083205	0.02359422364333459	0.4822771685963269	5818064.666666667	60197.5	13.195	13.282470079159545
-1.7393076564626437	-0.9999965080465394	0.12019576150630197	0.17564196310868513	3726371.0	447894.0	12.84	12.840018437970526
-1.478942595945248	-0.9999970794867982	0.1370972274251559	0.22787852070462075	4206983.428571428	216760.0	12.88	12.882288510238041
-2.0099422423576505	-0.99999545128572	0.5177272568557828	0.13399641376224908	2735565.2	253546.0	12.91	13.01385564346011
-2.0099422423576505	-0.9999950156074822	0.36941504697614636	0.13399641376224908	2735565.2	834952.0	13.05	13.068466692398289
-1.579259280398905	-0.9999971867824506	0.12273677970417932	0.20612772451713343	3983003.125	73500.0	12.81	12.828592529711377
-1.579259280398905	-0.999997216481564	0.17960759316542224	0.20612772451713343	3983003.125	65300.0	12.89	12.899032029031238
-0.2565022134046251	-0.9999977461143259	0.21262291004706924	0.7737532819284841	5316193.0	159865.0	12.92	12.999550759946315
-1.917140393110508	-0.9999963960315366	0.02789053822476271	0.14702680040942617	2649120.9	14006.5	12.74	12.740872863636485
-1.917140393110508	-0.999995749346623	0.18841507970595703	0.14702680040942617	2649120.9	77690.0	12.73	12.806362335261497
-1.917140393110508	-0.9999964610555118	0.042078319208485045	0.14702680040942617	2649120.9	11790.0	12.815000000000001	12.817041995651675
-1.917140393110508	-0.9999958681676346	0.3169316146411117	0.14702680040942617	2649120.9	56710.0	12.795000000000002	12.803586593670719
-1.917140393110508	-0.9999957089295636	0.42964751711733196	0.14702680040942617	2649120.9	86470.0	12.82	12.832418295720432
-1.917140393110508	-0.9999954298763164	0.21001649980540715	0.14702680040942617	2649120.9	181100.0	12.84	12.858918616480164
-2.2489244111999356	-0.9999941029018093	0.17367532881366038	0.10551265177692434	1927170.8	86224.0	12.5	12.505406256182285
-2.2489244111999356	-0.9999950708330744	0.05770377862496434	0.10551265177692434	1927170.8	13350.0	12.59	12.646240148354195
-1.664826053248013	-0.9999968870003991	0.27090723952174484	0.18922356994482578	3859108.6666666665	164950.0	12.86	12.995178908267796
-1.664826053248013	-0.9999969308144517	0.34488887079233294	0.18922356994482578	3859108.6666666665	139290.0	12.985	13.021022953212348
-1.3585942273609113	-0.9999974939012742	0.14079341205158827	0.25702183737629564	4568937.833333333	93920.0	12.9	12.910014515027322
-1.3585942273609113	-0.9999975015221859	0.2227770129961035	0.25702183737629564	4568937.833333333	90706.0	12.965	12.984533961476535
