-1.8749269112572202	-0.9999951320245408	0.08895554515871283	0.1533661757762725	2116823.2	29870.0	10.15	10.24512576478586
-2.1069039073906786	-0.9999918345760886	0.3753557387027258	0.12161391208619254	1398774.7	91270.0	9.76	9.969844510610145
-2.1069039073906786	-0.9999920784496472	0.3591682838187742	0.12161391208619254	1398774.7	64890.0	9.965	10.042019978432375
-2.1069039073906786	-0.9999918874651458	0.46167802503780075	0.12161391208619254	1398774.7	84761.5	10.065000000000001	10.09907907890781
-2.1069039073906786	-0.9999912812855912	0.3023337564601442	0.12161391208619254	1398774.7	197899.0	10.08	10.080012617702447
-1.445324881835289	-0.9999957713363227	0.06685125283241929	0.23566949937779047	2352845.5714285714	20938.5	10.870000000000001	10.874557803586818
-1.445324881835289	-0.9999953133467689	0.24780151476783538	0.23566949937779047	2352845.5714285714	61510.0	10.84	10.881235839340887
-0.7116293977263382	-0.9999935860021892	0.347551132533942	0.4908437658113012	1798466.0	102267.5	10.53	10.688385546104751
-1.544315499364519	-0.9999949514985238	0.39272231236295724	0.2134579333184186	2357321.125	147404.0	10.85	10.90284071386256
-2.004064429155266	-0.9999935849931795	0.1329305451785807	0.134786338894079	1654520.8	40690.0	9.69	9.866284382710408
-1.3263461071556018	-0.999994977909806	0.33750165633029955	0.26544540053377313	2308243.6666666665	108250.0	10.700000000000001	10.79483065375527
-1.7661771683722567	-0.9999954945940841	0.033680474421269015	0.17098538937655244	2197255.9	19920.0	10.52	10.547267450356394
-0.24531903391638546	-0.9999942064865173	0.16221214389502883	0.7824548687762916	1814851.5	36840.0	10.59	10.676793276108729
-0.24531903391638546	-0.9999938299743363	0.3237055769998669	0.7824548687762916	1814851.5	72960.0	10.700000000000001	10.706334498834499
-0.24531903391638546	-0.999993340378343	0.6211834733893558	0.7824548687762916	1814851.5	177410.0	10.71	10.766490024020785
-0.24531903391638546	-0.9999940355523824	0.4474926516433598	0.7824548687762916	1814851.5	50240.0	10.82	10.839589909443726
-1.1792891571822095	-0.9999937564664763	0.28431820948341785	0.307497243137515	2132640.4	606348.5	10.5	10.557282729286824
