-2.199549956824893	-0.9999988277598899	0.042423950741010456	0.11085303579019137	10366990.3	189585.725	12.72	12.730435651638592
-2.2282671211608145	-0.9999988500223285	0.03934462034846838	0.1077149254171831	10702794.0	221453.875	12.700000000000001	12.713881953836749
-2.2282671211608145	-0.9999989722841266	0.07119459522099092	0.1077149254171831	10702794.0	59839.1	12.81	12.838554717996926
-2.2282671211608145	-0.9999990158937901	0.04179428560480655	0.1077149254171831	10702794.0	37521.125	12.85	12.868661049621787
-1.9819145290747138	-0.9999987797992579	0.049321912786839055	0.13780515262131085	9421266.0	98304.55	12.17	12.279163761263824
-0.26020833837889173	-0.9999989090189644	0.04565703148425787	0.7708909628986769	11142755.0	190332.75	14.175	14.581262320653495
-2.064294011956589	-0.9999987798544209	0.027339397324018962	0.12690785437659097	9564153.6	116967.475	11.975000000000001	12.017226652463453
-1.3726152009900274	-0.9999986666467985	0.06544125719842427	0.2534432869774463	9018717.333333334	166896.58333333334	14.55	14.566348134023427
-1.3726152009900274	-0.9999989419926906	0.010232791186403743	0.2534432869774463	9018717.333333334	13929.958333333334	14.51	14.546106442577031
-1.8814096585260465	-0.9999986012347545	0.07283841611446494	0.15237515735083423	8396840.4	126146.675	13.43	13.635627311523427
-2.1355234386346527	-0.9999989003827545	0.0415299785410143	0.11818271278566723	10573518.0	112062.7	12.5	12.818355327558919
-2.1355234386346527	-0.9999989268517776	0.05164512771161556	0.11818271278566723	10573518.0	84705.875	12.805	12.854670068521404
-2.1355234386346527	-0.9999989401572433	0.05845605752034467	0.11818271278566723	10573518.0	73589.15	12.94	12.985853263619497
-2.1355234386346527	-0.9999989892515396	0.0521942571540035	0.11818271278566723	10573518.0	43789.275	12.98	12.991363249680987
-1.0202493845182619	-0.9999987499334231	0.06156864562834737	0.36050502458987876	9691697.25	182638.0	14.370000000000001	14.429953865510974
-1.0202493845182619	-0.9999987226331133	0.035070695067266226	0.36050502458987876	9691697.25	237957.875	14.45	14.466815188605423
-2.0249497861622983	-0.9999987909424058	0.050918347028434494	0.13200047127165904	9535956.4	101672.35	12.39	12.423321887814371
-2.0249497861622983	-0.9999989229705949	0.02214302222465635	0.13200047127165904	9535956.4	28867.475	12.510000000000002	12.528745789511591
-1.8228186093269263	-0.999998704725512	0.06927619610709142	0.1615697066483571	9214012.7	152461.75	13.23	13.482260332796566
-2.1008964174536766	-0.9999988281212122	0.039864435497659736	0.12234670535948686	10191866.9	153833.5	12.780000000000001	12.782160801526341
