-1.5755527956486917	-0.9999988994621373	0.06465088595376504	0.20689315142995432	10855985.375	154417.6875	13.07	13.13478533313271
-1.5755527956486917	-0.9999989462698349	0.06040470517896909	0.20689315142995432	10855985.375	92899.03125	13.135000000000002	13.22277024433926
-1.661438937980229	-0.9999988663514422	0.06561882661010665	0.18986557865256887	10492814.666666666	146555.19444444444	12.9	12.96690816882459
-1.661438937980229	-0.9999987691452376	0.07978834584148672	0.18986557865256887	10492814.666666666	406414.3333333333	13.01	13.058160284422472
-1.661438937980229	-0.9999988570467716	0.07989587612265397	0.18986557865256887	10492814.666666666	161585.58333333334	13.004999999999999	13.100082870992708
-1.3529589238090642	-0.999998748513414	0.05719991140408963	0.2584743222019778	9813742.166666666	215725.5	12.700000000000001	12.711979985192627
-1.3529589238090642	-0.9999988425751681	0.12067046729467609	0.2584743222019778	9813742.166666666	85704.20833333333	12.81	12.824870775347913
-1.3529589238090642	-0.9999988216187997	0.07986915672300163	0.2584743222019778	9813742.166666666	105273.79166666667	12.835	12.916554302978316
-1.3529589238090642	-0.9999987191332617	0.08736793486666236	0.2584743222019778	9813742.166666666	287820.5416666667	12.934999999999999	12.962615595886861
-2.005053724515476	-0.9999986694333759	0.045313925985363074	0.13465306133069882	8850231.8	130068.35	12.280000000000001	12.28846906830107
-2.005053724515476	-0.9999987516234453	0.07229990591441456	0.13465306133069882	8850231.8	62843.7	12.335	12.436051497373091
-2.005053724515476	-0.9999987659087461	0.08458032321293463	0.13465306133069882	8850231.8	55380.1	12.455000000000002	12.47116848926691
-2.119980085158898	-0.9999989534760958	0.017075114124641813	0.1200340189460683	10300849.6	48053.225	13.275	13.449908451822502
-2.119980085158898	-0.999998771577087	0.10865033587766754	0.1200340189460683	10300849.6	312949.3	13.465	13.603297479843375
-2.119980085158898	-0.999998933787674	0.07204286788450975	0.1200340189460683	10300849.6	58857.575	13.81	13.813108687665371
-2.119980085158898	-0.9999988910178843	0.10251829090140191	0.1200340189460683	10300849.6	91440.8	13.74	13.755923410085554
-2.119980085158898	-0.999999087502758	0.010058139447757667	0.1200340189460683	10300849.6	12081.3	13.77	13.7955119195122
-2.0456209754599546	-0.9999986681674865	0.04352225065108686	0.12929987299440945	8384923.5	70777.725	12.620000000000001	12.636632499870213
-2.0456209754599546	-0.9999986361179908	0.07657727224198832	0.12929987299440945	8384923.5	92599.175	12.635000000000002	12.647680206961432
-2.0456209754599546	-0.9999986914338298	0.0708882130343992	0.12929987299440945	8384923.5	58233.15	12.64	12.650792568866112
-2.0456209754599546	-0.9999986260678363	0.07147255855822109	0.12929987299440945	8384923.5	100740.8	12.63	12.64375925912853
-2.0456209754599546	-0.9999989307700626	-0.006120586805570761	0.12929987299440945	8384923.5	-7826.6	12.66	12.794632204651792
-2.0456209754599546	-0.9999986096549005	0.06818641077979745	0.12929987299440945	8384923.5	115604.325	12.815000000000001	12.873779016880926
-2.154350991747712	-0.9999989209378836	0.02319254394029063	0.1159784371552253	10569944.5	89824.725	13.6	13.61497198331501
-2.154350991747712	-0.9999988215496429	0.12276859615934528	0.1159784371552253	10569944.5	256825.2	13.56	13.599233844295533
-2.154350991747712	-0.9999988891797241	0.0745803553235831	0.1159784371552253	10569944.5	125655.675	13.665	13.670262326886958
-1.4740350868401666	-0.99999891543844	0.06365468850207119	0.2289995851869661	11031650.142857144	157077.92857142858	12.950000000000001	13.175858577203101
-1.4740350868401666	-0.9999989663423147	0.058387667619881255	0.2289995851869661	11031650.142857144	89584.60714285714	13.285	13.304711828154659
-0.727132305918074	-0.9999983530106392	0.061736474694589885	0.4832929410747056	6398539.0	37733.333333333336	12.63	12.637437734006186
-0.727132305918074	-0.999998108674792	0.08177488584143305	0.4832929410747056	6398539.0	180180.16666666666	12.605	12.607746650364847
-0.727132305918074	-0.9999982777832642	0.11135011315070775	0.4832929410747056	6398539.0	61062.583333333336	12.65	12.651115537848606
-0.727132305918074	-0.9999983130309361	0.04943026618345287	0.4832929410747056	6398539.0	48733.25	12.63	12.638631930527723
-0.25527871532059854	-0.9999982682073355	0.03286721889608792	0.7747005469567393	5719744.0	20037.5	12.700000000000001	12.723768788952707
-0.25527871532059854	-0.999998154653883	0.040082716295747584	0.7747005469567393	5719744.0	38364.25	12.684999999999999	12.700684647302905
-1.9614798847085695	-0.9999988517141961	0.04678865492638691	0.14065012086589973	10129127.1	112546.75	12.15	12.264253197764788
-1.9614798847085695	-0.9999988893978968	0.05652277158150414	0.14065012086589973	10129127.1	76835.1	12.295000000000002	12.326284910996833
