-1.9629752598451249	-0.9999969182382243	0.033241363609643824	0.1404399533510053	3150304.0	16455.675	12.8	12.879464050941696
-0.7268137883999509	-0.9999970293227042	0.13035584530008673	0.48344690286128444	4242728.666666667	297680.0	12.91	13.28521695882728
-1.0086428560089409	-0.9999964923991946	0.12240195514072283	0.3647136127393747	3598829.0	303535.0	13.135000000000002	13.146064874093042
-2.1550764946308414	-0.9999960963695206	0.03405646681410725	0.11589432498019053	2469166.7	15346.6	12.38	12.481145289224221
-1.662566286399854	-0.9999964996373206	0.09401577848422177	0.18965165459866243	3328726.888888889	114891.40625	12.620000000000001	12.642999452126272
-1.662566286399854	-0.9999964325028113	0.06355467567794343	0.18965165459866243	3328726.888888889	143661.75	12.6	12.606043661905797
-1.736710635077525	-0.9999963743376338	0.078356269663284	0.17609870186645643	3271684.6	141777.85	12.65	12.680980825170982
-1.736710635077525	-0.9999970074529383	0.0629115466353493	0.17609870186645643	3271684.6	17865.275	12.785	12.7864492266308
-1.8608794531441506	-0.9999967649366507	0.08148941767884739	0.15553578376766863	3666480.1	141674.625	12.565000000000001	12.573811757348343
-1.8608794531441506	-0.9999971920819392	0.08205006440377632	0.15553578376766863	3666480.1	29588.525	12.77	12.792002879107475
-1.8608794531441506	-0.9999972672126373	0.054227091186257785	0.15553578376766863	3666480.1	22463.925	12.805	12.83927166591179
-1.8608794531441506	-0.9999971367437958	0.08931052258331276	0.15553578376766863	3666480.1	36244.55	12.86	12.901648106904231
-2.086554782563622	-0.9999961527679132	0.03869953423905813	0.12411399979180995	2514269.8	15881.6	12.59	12.632273557817802
-1.2062520108374808	-0.9999964030449161	0.10884843024261788	0.29931701667222294	3477658.2	270756.9	13.040000000000001	13.043700760456272
