-1.811664811770555	-0.999997959218614	0.06960244563468848	0.16338191013541015	5722137.0	117903.55	13.63	13.664537670000719
-1.811664811770555	-0.9999980715775755	0.0684111486629288	0.16338191013541015	5722137.0	61987.075	13.690000000000001	13.727163019346653
-1.2074947299453935	-0.9999978346315002	0.07977800840998582	0.2989452807258038	6043292.0	482121.8	13.47	13.475986755280081
-1.359332860640794	-0.9999980241009052	0.10102794393836209	0.2568320625891677	6159530.5	193030.9	13.61	13.71815018540454
-1.009255153279732	-0.9999980874986618	0.12562870364553888	0.3644903679427385	6539144.5	269984.25	13.35	13.614785741483658
-1.009255153279732	-0.9999982461749478	0.08432968938258545	0.3644903679427385	6539144.5	95655.16666666667	13.69	13.691810231305032
-0.2558307607921865	-0.9999983569140398	0.09454718451207335	0.7742729950528595	7332041.0	170615.5	12.97	12.995782855761092
-0.2558307607921865	-0.9999985278291831	0.03819330001853725	0.7742729950528595	7332041.0	48727.375	13.045000000000002	13.08969968038887
-2.1979713733651907	-0.9999971478235894	0.02520348999712377	0.11102816475042009	3581645.9	27322.05	12.71	12.81209886303262
-2.2270162873354176	-0.9999970266490065	0.02109778404186285	0.10784974318913182	3346385.9	20950.8	12.67	12.697372702621271
-2.2270162873354176	-0.9999969742505634	0.02251466935018208	0.10784974318913182	3346385.9	24966.375	12.68	12.708361961510589
-2.2270162873354176	-0.999996560802566	0.06276362240788891	0.10784974318913182	3346385.9	99595.45	12.765	12.769345950459225
-2.280872751065709	-0.9999964700422936	0.01500161347281728	0.102194977008446	2665947.5	12217.2	12.56	12.616753902662994
-2.0598914071778616	-0.9999978949356244	0.01490195630902482	0.12746781123262577	4710294.4	20240.15	13.02	13.123305116096882
-0.7279599888413342	-0.9999978017039671	0.08126346994052618	0.4828930932568778	5775181.666666667	326294.5833333333	13.335	13.339229475100941
-0.7279599888413342	-0.9999980175378352	0.06510862899115798	0.4828930932568778	5775181.666666667	93813.91666666667	13.335	13.339229475100941
-1.9248640729585869	-0.9999979358926483	0.059783080720946694	0.14589558666394373	5607806.9	106415.45	13.504999999999999	13.511025199224639
-1.9248640729585869	-0.999998049660316	0.06674924352365069	0.14589558666394373	5607806.9	56224.65	13.535	13.550172951713082
-1.9248640729585869	-0.9999980879224393	0.06526624057356406	0.14589558666394373	5607806.9	45366.975	13.565000000000001	13.607589917216163
-1.5824558962990527	-0.9999980848110471	0.07948785327464274	0.2054698653771605	6216633.625	148156.0357142857	13.530000000000001	13.630345830385915
-1.5824558962990527	-0.9999981660588407	0.09070164093420914	0.2054698653771605	6216633.625	89404.75	13.655000000000001	13.73341822241672
-1.745065253373003	-0.9999978395959864	0.07209183261364031	0.17463359316401406	5934264.7	369685.0	13.61	13.61612137951949
-1.745065253373003	-0.9999980957501454	0.10520624672685636	0.17463359316401406	5934264.7	80846.72222222222	13.594999999999999	13.636826833152186
