0.0	-0.999999789044067	0.03325583284957462	1.0	61558290.0	436299.5	14.96	15.314987683208368
0.0	-0.9999997744260345	0.16986595962007434	1.0	61558290.0	1072976.0	15.190000000000001	15.337460037070553
0.0	-0.9999997606222778	0.12317080352798188	1.0	61558290.0	2509722.75	15.43	15.823394657575559
0.0	-0.9999997705358183	0.15105551275558057	1.0	61558290.0	1363304.25	16.060000000000002	16.15804277074813
-1.6126588568573623	-0.9999996521901063	-0.005365957432244633	0.19935684745068727	30785156.375	-44683.5	15.27	15.349156876012385
-1.6126588568573623	-0.9999995865772625	0.05664301174721975	0.19935684745068727	30785156.375	336812.15625	15.39	15.4708828017728
-1.6126588568573623	-0.9999995869770233	0.06790055110488852	0.19935684745068727	30785156.375	332692.5	15.495000000000001	15.54839595207354
-1.6126588568573623	-0.9999995731764112	0.05137664082155854	0.19935684745068727	30785156.375	508809.5	15.48	15.50602997548315
-1.7004205778511596	-0.9999996262103399	0.0067511902680096455	0.18260670756353556	29198971.111111112	54954.194444444445	15.700000000000001	15.904121741576157
-1.8435031891151887	-0.9999995084893712	0.013617523744694857	0.15826203202173592	23357246.4	96792.475	15.72	15.969166756391061
-2.270700621487329	-0.9999994165178833	0.0325219258240778	0.10323982270035954	21361490.8	258860.35	16.89	16.918973313706704
-2.0537747219375198	-0.9999992087065941	0.040927624870002705	0.128249881111502	15158702.5	161939.025	15.77	15.973315007017003
-2.0537747219375198	-0.9999991663024645	0.05643076932774147	0.128249881111502	15158702.5	307973.7	15.995000000000001	15.999767355719465
-2.1723355738842534	-0.9999993299555714	0.054111809218235565	0.11391125782235903	18589073.3	256658.35	17.0	17.12544421602638
-2.1723355738842534	-0.9999993643471587	0.046062515412021804	0.11391125782235903	18589073.3	135427.25	17.19	17.57587166456309
-2.1723355738842534	-0.9999993383990422	0.0867059273914985	0.11391125782235903	18589073.3	219376.375	17.465	17.495371470845058
-2.0084172959091187	-0.9999992211296506	0.035333582425107805	0.13420090699852058	15226486.3	141414.65	15.700000000000001	15.738114431368052
-1.5108918351812204	-0.9999995939191758	0.031649036330110035	0.2207130504956241	32936444.285714287	643615.5714285715	15.35	15.355546554633493
-0.7475715429231866	-0.9999997776680861	0.004344763205563289	0.4735150686352056	49380749.333333336	58624.0	15.89	16.14961625863274
-2.135472267453656	-0.9999992554686635	0.06145727969869276	0.11818876048938665	16609409.3	234737.1	16.16	16.278681074988803
-2.135472267453656	-0.999999237612233	0.06489947416299613	0.11818876048938665	16609409.3	315781.975	16.275	16.408256396932657
-2.135472267453656	-0.999999263018274	0.0482303235951163	0.11818876048938665	16609409.3	207072.925	16.475	16.47775545504294
-2.2397301592561596	-0.9999994285397044	0.032530655004227506	0.1064872350974475	21109429.4	173372.025	16.8	16.947095080346703
-2.2397301592561596	-0.9999993820149671	0.07411392869457482	0.1064872350974475	21109429.4	462919.875	16.93	17.052426775024067
-2.2073858048920223	-0.9999993401277394	0.04149602758093461	0.1099878025890552	19197055.0	317299.35	16.86	16.87712842069329
