-1.870153658383607	-0.9999985416358441	0.04800263290814159	0.15409998124178728	7782451.9	84934.625	13.5	13.587522159548751
-1.870153658383607	-0.9999986682990687	0.05462710646197122	0.15409998124178728	7782451.9	31693.5	13.605	13.64726424609178
-1.870153658383607	-0.9999986510969388	0.043936149379676374	0.15409998124178728	7782451.9	36233.725	13.665	13.770138478148617
-1.870153658383607	-0.9999985521072503	0.0689780035981793	0.15409998124178728	7782451.9	78287.475	13.89	13.899342108034116
-1.870153658383607	-0.9999990250940785	0.00532056993809174	0.15409998124178728	7782451.9	1971.7	13.82	13.83135538954109
-2.018581562462964	-0.9999988089615403	0.06072130189103769	0.13284376208348256	10184763.7	185431.325	12.4	12.57445571106341
-2.1650722225049606	-0.9999989189752654	0.05154442971242966	0.11474164736882382	10457946.1	81250.0	12.82	12.883967299316952
-1.9735088099878786	-0.9999987662777235	0.025202579603051303	0.13896838608068857	8867051.2	56356.95	13.49	13.507869673291731
-1.9735088099878786	-0.9999987628897125	0.04362756966557922	0.13896838608068857	8867051.2	58075.725	13.46	13.491704457991105
-1.2141614689659521	-0.9999985411971303	0.040052123855347586	0.29695891919179984	8100576.2	135555.5	13.515	13.529706573408985
-1.6709642071218949	-0.9999984679973736	0.04067866380092355	0.18806564395547723	7556842.777777778	106627.16666666667	13.280000000000001	13.299230801793543
-2.132004461737303	-0.9999989541041386	0.05014444471197913	0.11859932762069736	10835445.6	83511.175	12.63	12.717817410870364
-2.132004461737303	-0.9999990468963791	0.05896386760492984	0.11859932762069736	10835445.6	30554.575	12.735	12.75916818372777
-2.132004461737303	-0.9999989313357295	0.10928546201434439	0.11859932762069736	10835445.6	106878.1	12.795000000000002	12.822775655381372
-2.132004461737303	-0.9999990031423934	0.07645728679219657	0.11859932762069736	10835445.6	49088.3	12.825	12.900844838823735
-1.811533705250148	-0.9999985651053925	0.02398584696345077	0.16340333197338608	7500943.2	47242.15	12.9	12.925045004073912
-1.811533705250148	-0.9999985712962225	0.036537264206164634	0.16340333197338608	7500943.2	45098.475	12.945	13.116747036569988
-1.811533705250148	-0.9999984943064417	0.07422619830667308	0.16340333197338608	7500943.2	80346.95	13.1	13.175436387320886
-1.811533705250148	-0.999998813879045	0.016237954051557483	0.16340333197338608	7500943.2	7309.2	13.17	13.238836429865184
-1.811533705250148	-0.9999986248661366	0.045352338001944	0.16340333197338608	7500943.2	30174.964285714286	13.265	13.280525521405051
-1.811533705250148	-0.9999986018719957	0.047136879678955274	0.16340333197338608	7500943.2	35855.45	13.290000000000001	13.31008982035928
-2.0592007437156776	-0.999998906152351	0.05406700189709088	0.12755587900154303	10447450.5	91849.65	12.84	12.91223363993317
-1.0140665373018742	-0.9999984936170985	0.03362323567337013	0.36274087692174006	7471349.0	77242.0625	13.515	13.74480908556436
-1.0140665373018742	-0.9999982922554262	0.10289960748291911	0.36274087692174006	7471349.0	347720.0	13.76	13.92590981357011
-1.0140665373018742	-0.9999983630890211	0.12235590758516007	0.36274087692174006	7471349.0	204828.5	13.700000000000001	14.000851315191598
-1.5860973968254148	-0.9999984972869261	0.026611263227465192	0.2047230074213682	7263120.375	54960.375	13.19	13.213231681091004
