-1.6291516161595607	-0.9999994133221566	-0.015708638129324836	0.1960958681420661	18895434.0	-65219.71875	16.81	16.93420091641211
-1.6291516161595607	-0.9999996215684739	-0.0004875503104319477	0.1960958681420661	18895434.0	-1273.90625	16.89	16.907614142337962
-1.7172226074391623	-0.9999994345003854	-0.0075261380555092785	0.1795641761884709	18184727.333333332	-29243.777777777777	16.75	16.843212582327
-1.7172226074391623	-0.9999994689488542	0.006277018280833363	0.1795641761884709	18184727.333333332	15630.138888888889	16.94	16.956194487745016
-2.1148650937881133	-0.9999992742258159	0.022158898004684097	0.12064956483107268	15874819.0	100863.55	16.66	16.716782024280217
-2.2250238521836634	-0.9999993829687378	0.016090434685472846	0.1080648410216529	18303387.2	80318.05	17.3	17.342650389649165
-2.2250238521836634	-0.9999993809214937	0.02887588641123248	0.1080648410216529	18303387.2	83384.825	17.330000000000002	17.370587114833967
-0.2680429621099611	-0.9999995779008231	0.02649519508838597	0.7648749197565636	28079010.0	140381.625	16.81	17.07237805612938
-0.2680429621099611	-0.999999584221494	-0.030411046153957594	0.7648749197565636	28079010.0	-117552.5	17.155	17.19230019474318
-0.2680429621099611	-0.9999995488304851	0.08177340196413325	0.7648749197565636	28079010.0	317549.875	17.195	17.35322207162679
-0.2680429621099611	-0.9999995368838689	0.0792879767075438	0.7648749197565636	28079010.0	444115.625	17.53	17.60407362206862
-2.1537523002851753	-0.9999992913777489	0.02406393775462709	0.11604789324469775	16994505.8	169851.375	16.7	16.865758227552494
-2.1537523002851753	-0.9999993381752939	0.03945252518018038	0.11604789324469775	16994505.8	76678.05	16.915	17.172667711967613
-2.190466672175368	-0.999999291827099	0.03539923420658484	0.11186453236967403	18336115.4	435886.75	17.21	17.21251477904234
-2.190466672175368	-0.9999993672897648	0.0691182299184125	0.11186453236967403	18336115.4	109254.875	17.23	17.370853089270604
-1.400821180585844	-0.9999994664163979	-0.016454146667178822	0.2463945464243321	22058130.5	-129294.625	17.07	17.098030718879976
-1.793561420428516	-0.9999994669995497	0.004489699876010195	0.166366611889813	18574197.1	19930.475	17.01	17.329703045198993
