-2.0134107965916432	-0.9999972890731909	0.05309589570840801	0.13353244504943798	4276470.7	108357.35	14.035	14.190358560306422
-2.0134107965916432	-0.9999972629548792	0.09909626561908058	0.13353244504943798	4276470.7	121162.15	14.290000000000001	14.292673347342776
-2.0134107965916432	-0.9999974510343634	0.0846697914644225	0.13353244504943798	4276470.7	54206.625	14.23	14.252308314425
-1.8037198644866659	-0.9999964614390248	0.039304336246728154	0.16468514099358583	3093074.3	56670.8	13.22	13.26706875777988
-1.9676331305610735	-0.9999972361772865	0.04853175089199871	0.13978732331804344	4152047.2	96327.775	14.05	14.1740120605765
-0.7249301390439417	-0.9999951413837794	0.01801739089417512	0.4843584055147056	2005637.6666666667	17061.25	12.02	12.038037700280027
-0.7249301390439417	-0.9999945254734199	0.08653039878654543	0.4843584055147056	2005637.6666666667	58682.666666666664	12.075	12.325560439479911
-1.8626778288865442	-0.9999968987951797	0.05280620573939455	0.15525632334980313	3667611.6	87029.575	13.44	13.812038288231506
-1.8626778288865442	-0.999996816900358	0.10792954535727939	0.15525632334980313	3667611.6	117520.1	13.885000000000002	14.112317754386646
-1.8626778288865442	-0.9999970537544295	0.08772770401183293	0.15525632334980313	3667611.6	49299.25	14.155000000000001	14.21985866218948
-1.7374351175030318	-0.9999964977111471	0.036361911396673705	0.17597116765552506	3113256.8	54366.65	13.02	13.07289483556729
-1.7374351175030318	-0.9999963623865719	0.09488323362928279	0.17597116765552506	3113256.8	82852.125	13.17	13.209460216026082
-1.0031049368676785	-0.9999959851675378	0.042264312820932466	0.36673897019312013	2692866.0	49582.125	12.41	12.588682299561667
-1.0031049368676785	-0.9999958181501114	0.08757393525210855	0.36673897019312013	2692866.0	77741.8125	12.82	12.937416738053365
-1.0031049368676785	-0.9999962008409673	0.10595060530653012	0.36673897019312013	2692866.0	27738.875	12.86	12.86276027430891
-2.09531043692653	-0.9999970829677214	0.05527079677861877	0.12303204403537342	3950438.8	101067.875	14.13	14.306352958488404
-2.2577689966890313	-0.9999966356530101	0.07610926235376096	0.1045835509207766	3475648.2	119763.975	13.88	14.058736892567541
-1.3499673347097223	-0.9999964588585625	0.06474895678548358	0.2592487289425661	3238451.0	95588.0	12.82	13.334873380833393
-1.3499673347097223	-0.9999964420098038	0.10407162362707177	0.2592487289425661	3238451.0	100948.625	13.51	13.562132613315939
-1.917966845354875	-0.9999971777200951	0.04980308665798883	0.14690533997778224	4058283.3	94240.075	14.0	14.042115922445177
-2.13171945016646	-0.9999971495764692	0.06183728296259923	0.11863313461882737	4102207.7	119733.175	14.18	14.317900887951723
-2.13171945016646	-0.9999972213108786	0.07747403370037019	0.11863313461882737	4102207.7	89210.025	14.08	14.184988621550563
-2.13171945016646	-0.9999974126304055	0.06618439513084341	0.11863313461882737	4102207.7	40696.725	14.280000000000001	14.330139441985477
