-1.9220023221927638	-0.9999971376758592	0.02707061548738706	0.14631370145562222	3742271.6	44872.125	16.79	16.89267049368651
-1.9220023221927638	-0.9999970734844246	0.049569227459872876	0.14631370145562222	3742271.6	57056.575	16.88	16.92268281112984
-1.7169980808631242	-0.9999971871239544	0.018877369671439336	0.17960449764457936	3678115.3333333335	31133.833333333332	16.990000000000002	17.09308972957058
-1.8616475903012941	-0.9999972459900033	0.01371384129481309	0.15541635682689878	3624409.8	21625.2	16.73	16.8921262692379
-2.284752505923883	-0.9999964366640484	0.05075198297375216	0.10179925370101402	3069044.0	56163.2	16.04	16.083555263994263
-2.1890569878169073	-0.9999966622402783	0.048696932221837554	0.11202233725262715	3319783.8	64901.45	16.16	16.18196305065402
-2.1890569878169073	-0.9999967100637136	0.04764532975760219	0.11202233725262715	3319783.8	55373.65	16.2	16.20519335517859
-2.1890569878169073	-0.9999972753628531	0.01571623562339325	0.11202233725262715	3319783.8	8476.8	16.2	16.203342955657124
-2.026393657430295	-0.9999968829944955	0.032517986816165266	0.13181001711255957	3465599.2	49132.275	16.69	16.72113817547424
-2.026393657430295	-0.9999968583400859	0.04883312208622714	0.13181001711255957	3465599.2	53514.9	16.689999999999998	16.765123187131735
-2.312634803156166	-0.9999962421840604	0.041033117038030045	0.0990000619434661	2820059.0	40024.125	15.530000000000001	15.602129440065188
-2.312634803156166	-0.9999960765285186	0.03995093193659628	0.0990000619434661	2820059.0	63857.25	15.39	15.39187748467511
-2.2226398963248837	-0.9999966210223663	0.05350017119646447	0.10832277015621422	3279672.9	64985.925	16.2	16.260491350694153
-2.2226398963248837	-0.9999965929125012	0.056164977587445375	0.10832277015621422	3279672.9	71262.0	16.375	16.512086943154436
