-2.244106490472371	-0.9999968173137649	0.010811181773457666	0.1060222299368212	2952026.1	12031.575	15.09	15.30135542634424
-1.7094092456937469	-0.9999981505214492	0.051666298513198754	0.18097267142941556	6433432.111111111	147044.11111111112	16.52	16.83754628849481
-2.213059238920933	-0.9999963449191654	0.014849429781649923	0.10936556083988956	2921354.6	43380.45	14.99	14.995307558482583
-1.3938046098974475	-0.9999981997642935	0.052538331024686614	0.24812947066800298	6678162.166666667	166418.33333333334	16.42	16.553197805664464
-2.0195611110152267	-0.9999974744382625	0.03026918172843042	0.1327136988806674	4295127.0	51410.05	15.83	15.862511910471621
-2.301509159910604	-0.9999962192483784	0.015520403304004133	0.10010765121070866	2556415.4	15758.075	15.25	15.408256713193067
-2.301509159910604	-0.9999957121525958	0.06817570246075746	0.10010765121070866	2556415.4	57612.9	15.47	15.562587325556311
-2.301509159910604	-0.9999958833493459	0.07707537281048059	0.10010765121070866	2556415.4	37191.75	15.625	15.707428262046562
-1.5177640057260005	-0.9999980764390202	0.054732596978577	0.21920147263050155	6236658.714285715	162200.2857142857	16.45	16.552581515989253
-0.26656869694601626	-0.9999988078510046	0.07690143764826782	0.766003379825832	10780089.5	381349.0	16.15	16.55989203726993
