-0.7310600292492421	-0.9999984333712854	0.04730137575413925	0.48139842312100334	7680255.666666667	168064.5	13.88	13.97961817723849
-0.7310600292492421	-0.9999984396004116	0.07703467778591977	0.48139842312100334	7680255.666666667	160213.33333333334	14.15	14.193901698341366
-0.7310600292492421	-0.9999984096667908	0.15234678616530567	0.48139842312100334	7680255.666666667	201624.16666666666	14.17	14.188873544492735
-1.0140690648191537	-0.9999983956534287	0.047480410399127544	0.3627399600890644	7452193.25	155732.375	14.030000000000001	14.134816284528949
-1.0140690648191537	-0.9999983809277524	0.08259064692722311	0.3627399600890644	7452193.25	173795.3125	14.245000000000001	14.3615131297112
-1.0140690648191537	-0.9999983947100612	0.11030235708765912	0.3627399600890644	7452193.25	156831.0625	14.41	14.467658282220379
-1.5932492973073349	-0.9999985573377753	0.032303665527364675	0.20326407214455333	8106886.25	120029.1875	15.13	15.313362787570627
-1.5932492973073349	-0.9999985086397138	0.07629044040926801	0.20326407214455333	8106886.25	178132.4375	14.985	14.997657700375356
-1.5932492973073349	-0.9999985684515481	0.07518297019992574	0.20326407214455333	8106886.25	109687.57142857143	14.940000000000001	14.947876887191525
-1.4891825611009775	-0.9999985216429015	0.03342196560261418	0.2255569592330942	7871684.285714285	113227.17857142857	14.4	14.48252351925818
-1.4891825611009775	-0.9999984515769041	0.08217451637122732	0.2255569592330942	7871684.285714285	196554.0357142857	14.91	15.078218043920183
-1.4891825611009775	-0.9999985084896881	0.08494771504745963	0.2255569592330942	7871684.285714285	125579.0	15.155000000000001	15.219068919056443
-1.939450341571171	-0.999998498797808	0.03221355148997058	0.14378295957716614	7758707.0	114391.175	15.01	15.165714345608608
-1.6815050050347073	-0.999998439779767	0.05326422731384064	0.18609369323355351	8127968.666666667	321713.94444444444	14.85	14.860684041223976
-1.9895887092254092	-0.9999985112015951	0.030973046404666783	0.13675165857622965	7828438.8	115261.475	15.280000000000001	15.563657334867846
-2.035238819745432	-0.9999985438341296	0.03649332754327228	0.13064927715083605	8151986.0	143005.275	15.21	15.619381369097217
-1.2136823581629987	-0.9999983884904753	0.04543217307884841	0.2971012295065003	7384143.0	147209.2	14.46	14.492475907661454
-0.2554796082916385	-0.9999984530012652	0.030825441283402814	0.7745449306938249	7461441.0	103035.625	13.23	13.420848055781073
-0.2554796082916385	-0.9999983940950719	0.0868914872193909	0.7745449306938249	7461441.0	159908.75	13.51	13.55555328307935
-0.2554796082916385	-0.9999983251401032	0.17142677245890042	0.7745449306938249	7461441.0	267497.25	13.58	13.769180939395165
-2.279451765140541	-0.9999983651073223	0.03130631597676468	0.1023402978573857	7034606.6	98796.425	14.17	14.394913739212912
-2.279451765140541	-0.9999983640593973	0.04649527810552977	0.1023402978573857	7034606.6	99527.425	14.415	14.459015470716437
-1.8239847556426059	-0.9999985033432734	0.04202314853723051	0.16138140254663053	7972232.9	152008.15	14.39	14.896834098407151
-1.8239847556426059	-0.9999984977795324	0.07031267215619537	0.16138140254663053	7972232.9	158902.35	14.96	15.078097506506536
-1.8239847556426059	-0.9999985806983831	0.05824656590100612	0.16138140254663053	7972232.9	82042.35	15.030000000000001	15.148065374447823
-2.1552403848021546	-0.9999983894084168	0.04093801429313245	0.11587533259579032	7875068.7	322389.675	14.81	14.810425377968345
