-2.0647942463180478	-0.9999986003011231	0.025247654444880634	0.12684438658280187	8552763.1	158148.0	13.6	13.635416693184489
-2.0647942463180478	-0.999998664425477	0.0378032508194973	0.12684438658280187	8552763.1	91385.45	13.55	13.744207536592391
-1.4867025240913843	-0.9999986818417729	0.017828393311858415	0.2261170430670117	8496767.0	73135.53571428571	12.99	13.133788913279213
-1.4867025240913843	-0.9999986640066908	0.037948671380604405	0.2261170430670117	8496767.0	85102.53571428571	13.225000000000001	13.264665874554435
-1.4867025240913843	-0.9999986692294032	0.06750850549968411	0.2261170430670117	8496767.0	81408.53571428571	13.295000000000002	13.377608092432153
-2.2913518037447758	-0.9999988507552575	0.006991422561441019	0.10112966195566851	8951435.5	29359.05	13.76	13.824304523721956
-2.1030351391925874	-0.9999986757530454	0.02638128078463128	0.1220853194165841	9104562.8	172246.825	13.73	13.810436814786891
-2.1030351391925874	-0.9999987004092916	0.04917379171585531	0.1220853194165841	9104562.8	137612.625	13.775	14.075966644302394
-1.5872402375495935	-0.999998594057004	0.020935298496175866	0.2044891752732119	8055500.875	82914.3125	13.39	13.522241477055497
-1.814210412798629	-0.999998645230458	0.02331636550138481	0.16296653389240248	8454087.7	94214.55	14.030000000000001	14.03198862490137
-1.814210412798629	-0.9999986355992594	0.04200759423570992	0.16296653389240248	8454087.7	102206.825	14.085	14.153638097281966
-1.814210412798629	-0.9999986727119661	0.06411226314742595	0.16296653389240248	8454087.7	74682.125	14.195	14.247441480608536
-0.2598018231445867	-0.9999987983068149	0.057833592654392876	0.771204405524368	10608400.5	343877.125	14.0	14.240149451264847
-1.3678013688456598	-0.9999986120262628	0.027263895899614022	0.2546662616548164	8936374.166666666	243640.375	12.950000000000001	12.953385383487637
-2.2361959666250537	-0.9999988967571194	0.008713139435096218	0.10686424732352826	9558158.5	37984.9	13.950000000000001	14.008867463864684
-1.7473025646116378	-0.9999986017412043	0.03263509708025787	0.17424332020721575	8459505.0	137114.275	13.280000000000001	13.789457443772223
-1.7473025646116378	-0.9999986423295831	0.0438331963204909	0.17424332020721575	8459505.0	97266.45	14.09	14.13869129042136
-1.7473025646116378	-0.9999986726162318	0.06831872342487691	0.17424332020721575	8459505.0	75282.0	14.035	14.038113347313178
-2.173511876741248	-0.9999988810121438	0.02311314077165769	0.11377734246229043	10353986.5	107578.475	14.34	14.39853366685431
-2.173511876741248	-0.9999987675359222	0.07291838387119241	0.11377734246229043	10353986.5	348332.775	14.375	14.483389110444033
