-2.2051057811788675	-0.9999971316478954	0.039433063941493984	0.11023886349075881	3899703.1	72092.675	13.200000000000001	13.39615105454452
-2.173944119967661	-0.9999972437802067	0.046119363919419065	0.1137281736039104	4129075.9	87608.15	13.13	13.42275169657101
-2.2339237117866433	-0.9999973876168271	0.05467161719167429	0.10710734621328033	4477352.1	120156.575	13.68	13.74712960377982
-2.2339237117866433	-0.999997587025987	0.04231981446548561	0.10710734621328033	4477352.1	49203.2	14.005	14.025523913988824
-2.2339237117866433	-0.9999978439094783	0.02517876528937055	0.10710734621328033	4477352.1	15576.4	14.02	14.02633141258963
-1.593900060044226	-0.9999979808416276	0.014187186372657203	0.20313183849168645	5218430.0	37677.1875	14.02	14.020539223222348
-1.9838417321458963	-0.9999976582117718	0.023513901440878636	0.1375398298554987	4651847.2	53831.95	12.96	13.145845777499714
-1.9838417321458963	-0.9999976373048313	0.04612796315645313	0.1375398298554987	4651847.2	59330.575	13.18	13.341989875848935
-2.068079230345465	-0.9999975528544183	0.02585432904493051	0.1264283884466167	4437019.5	51948.775	12.8	12.974726521975821
-1.755434141179451	-0.9999979176488011	0.020946247763851008	0.17283219242990883	5244740.1	55346.725	13.92	14.2344000392261
-1.755434141179451	-0.9999978747011308	0.044791116706864614	0.17283219242990883	5244740.1	69329.5	14.3	14.384486374839828
-1.755434141179451	-0.9999979467586834	0.07087137888242862	0.17283219242990883	5244740.1	47510.025	14.235	14.242527180046647
-1.3691319919348761	-0.9999980517962463	0.015144720407152848	0.2543276221977193	5475193.333333333	42906.083333333336	14.15	14.403375679868699
-2.1409873471170853	-0.9999972913585023	0.03519613707055919	0.11753873418100755	4091807.8	65070.4	12.93	13.207855779149257
-1.0190194705656268	-0.9999983164901189	0.005473708993470872	0.3609486875273085	5722802.25	15280.4375	13.69	13.837129488671241
-1.0190194705656268	-0.9999980122889905	0.04440943244633723	0.3609486875273085	5722802.25	87139.5	13.85	14.003066755128861
-2.028337611442476	-0.9999976847986081	0.02322152221601505	0.13155403339185112	4684551.4	51311.0	13.27	13.367389490734933
-1.822170011129086	-0.9999978860960604	0.01961250501015701	0.16167453446080501	5123127.5	50502.575	14.11	14.268989453888837
