-2.063994086459451	-0.9999976580316187	0.037563871146398385	0.12694592298649357	4834215.7	82583.75	12.86	13.073976416102825
-2.063994086459451	-0.9999978243010943	0.02582248490867317	0.12694592298649357	4834215.7	36966.625	13.2	13.230213904356257
-2.063994086459451	-0.999998315165512	-0.004965760385843301	0.12694592298649357	4834215.7	-3444.6	13.25	13.272546509568757
-1.592378405696231	-0.9999983988752158	0.0324486250617242	0.20344117022524594	7317514.125	122546.40625	13.950000000000001	14.087830820867044
-1.592378405696231	-0.9999984845984105	0.033791518399442666	0.20344117022524594	7317514.125	65444.46875	13.995000000000001	14.05523411493659
-1.7545443602690804	-0.9999983301517179	0.03137985348140874	0.17298604365222023	6948305.1	109382.5	13.6	13.611479583849208
-1.7545443602690804	-0.9999984286084292	0.030196063153946004	0.17298604365222023	6948305.1	55187.4	13.36	13.403800479142184
-1.931187817246801	-0.9999982019156085	0.016919544050360773	0.14497589130510113	6451624.8	109158.55	13.34	13.345430643071753
-1.979765855017328	-0.9999979593412115	0.03188573256299646	0.13810156931511103	5519308.9	77886.925	13.370000000000001	13.403496226447018
-0.2596711552427387	-0.9999982901651611	0.04593383613984923	0.7713051837700313	6937081.5	141670.125	13.9	14.038871987540908
-0.2596711552427387	-0.9999982990436648	0.05413175601815015	0.7713051837700313	6937081.5	133207.75	13.945	14.094964692688455
-0.2596711552427387	-0.9999983168624905	0.13960886096365765	0.7713051837700313	6937081.5	117718.75	14.035	14.09898960280012
-1.3700321354416596	-0.9999985146692757	0.026830048969718898	0.25409879384463135	7790289.166666667	105994.91666666667	13.84	13.986925905526189
-1.3700321354416596	-0.9999985450833576	0.039627102213168515	0.25409879384463135	7790289.166666667	83634.33333333333	13.65	13.860209359722816
-1.3700321354416596	-0.9999985495512668	0.07397017750605059	0.25409879384463135	7790289.166666667	80773.375	13.805	13.84030476724933
-1.8781467293043361	-0.9999982672447844	0.027414485755814778	0.1528731587342107	6571377.7	88130.825	12.98	13.002967088592692
-1.8781467293043361	-0.9999984080820403	0.020506769589714896	0.1528731587342107	6571377.7	34928.75	13.23	13.30268535140732
-1.8781467293043361	-0.9999985853350264	0.01097942217322148	0.1528731587342107	6571377.7	10896.6	13.344999999999999	13.393716688705775
-2.1018445328898507	-0.9999975048353605	0.039892534362407354	0.122230761532322	4522131.5	79495.05	13.19	13.323338266579029
-2.1018445328898507	-0.9999975988964915	0.02551998631666017	0.122230761532322	4522131.5	51952.575	13.275	13.292001285722097
-0.7357342982658915	-0.9999981467216941	0.058115325200413154	0.47915348818946707	6478919.0	163936.41666666666	14.01	14.157326492895125
-0.7357342982658915	-0.9999980753173768	0.08335382204021421	0.47915348818946707	6478919.0	260370.0	14.075	14.187589293280993
-2.1374845426078264	-0.9999973789328648	0.027857738495178194	0.1179511713107237	4476712.1	124711.075	13.450000000000001	13.450421358406587
