-1.8129932561756132	-0.9999970014979509	0.05730407575478008	0.16316501045248627	3763075.1	79505.05	9.77	9.973319292820651
-0.7143460846975549	-0.9999969221668825	0.042934332604403304	0.48951210661742306	3612456.6666666665	67408.33333333333	10.46	10.52734477636172
-0.7143460846975549	-0.999997340539698	0.009907240825407414	0.48951210661742306	3612456.6666666665	14870.25	10.63	10.674303673050316
-0.7143460846975549	-0.999997203790657	0.044069222541583526	0.48951210661742306	3612456.6666666665	24370.875	10.695	10.699726237090248
-1.9559018001692936	-0.9999973597989749	0.04550540861471875	0.14143687137098418	4243431.8	73386.8	9.46	9.480880439778637
-1.9559018001692936	-0.9999973815442055	0.08367994676937979	0.14143687137098418	4243431.8	66918.025	9.450000000000001	9.612225639248638
-1.9559018001692936	-0.9999977035607368	0.05056914074712873	0.14143687137098418	4243431.8	17063.975	9.72	9.720979366176326
-1.444127135073023	-0.9999965695029611	0.03481298095117952	0.235951940870561	3174354.4285714286	53615.57142857143	9.9	10.045823397688071
-2.099196772036405	-0.9999976077140024	0.04410780184236584	0.12255482819397832	4642924.0	66648.45	9.72	9.768291389073083
-2.099196772036405	-0.9999976110895834	0.07612793437675236	0.12255482819397832	4642924.0	65612.025	9.815000000000001	9.878581947144811
-1.912588946574353	-0.9999973348283161	0.042005051279071656	0.14769751022295077	4210955.5	74824.9	9.870000000000001	9.896458468536087
-1.184633786438755	-0.9999967241043494	0.03146604641625979	0.3058581684006187	3297355.8	49107.8	10.4	10.40418769862899
-1.184633786438755	-0.9999970323061197	0.01653309148411702	0.3058581684006187	3297355.8	17773.9	9.915	9.990566492481603
-1.6223974351140718	-0.9999965516334637	0.0405754463195824	0.1974248180698705	3397665.0	122563.69444444444	9.65	9.677908309929085
-1.7569476989684973	-0.999996784053571	0.04257879413932669	0.1725707987859527	3407436.2	57418.1	9.33	9.43385487614466
-1.7569476989684973	-0.9999968735810939	0.04803126237767031	0.1725707987859527	3407436.2	42321.45	9.415	9.62816158971918
-1.7569476989684973	-0.9999972255121637	0.038840819229595834	0.1725707987859527	3407436.2	12756.7	9.68	9.738937667749019
-0.2503205443528356	-0.9999972744294156	0.01578402622045886	0.7785511828845098	3749731.5	27450.0	10.52	10.717893394126907
-1.9954064202885948	-0.9999973889960557	0.05135683080770126	0.13595838668994253	4261668.9	67997.05	9.76	9.80468547661281
-1.9954064202885948	-0.999997406681284	0.08613175075805174	0.13595838668994253	4261668.9	63060.5	9.75	9.795793696275071
