-0.7376405414647881	-0.9999970162301225	0.052734400640646946	0.47824097512361247	3762028.6666666665	74982.83333333333	14.1	14.17289334921194
-0.7376405414647881	-0.9999970419670001	0.0536636431752783	0.47824097512361247	3762028.6666666665	68063.08333333333	13.965	13.976444551951134
-0.7376405414647881	-0.9999970211945177	0.12194948502407935	0.47824097512361247	3762028.6666666665	73595.41666666667	13.94	13.949633008802053
-1.218300436440942	-0.9999962635042432	0.06213124440384152	0.2957323559874871	2979370.8	68349.65	13.85	13.861867578804778
-1.8659436279073154	-0.9999968885136677	0.0388612881187447	0.15475011443923284	3575856.5	67928.7	12.23	12.306455892586785
-1.8659436279073154	-0.9999969170402468	0.06283368915233813	0.15475011443923284	3575856.5	61341.1	12.434999999999999	12.58999874964107
-1.8659436279073154	-0.9999972862208141	0.02900865865098423	0.15475011443923284	3575856.5	16383.4	12.685	12.711343552750225
-1.6711146388124654	-0.9999970827450694	0.03572910923871028	0.18803735505054597	3791085.111111111	63547.694444444445	11.9	12.03184243502052
-1.6711146388124654	-0.9999970368860173	0.04740108982017244	0.18803735505054597	3791085.111111111	75614.55555555556	12.065000000000001	12.141172200559081
-1.808588191995106	-0.999996855091906	0.0357889788592601	0.16388534819772105	3509981.1	62227.475	12.26	12.446078541263198
-1.9188385915923694	-0.9999966619643547	0.03771383888301444	0.14677733160390452	3535179.1	133325.175	12.69	12.716424957945414
-1.4891928937212944	-0.9999969126058484	0.0382985370154467	0.22555462865071507	3588665.5714285714	64835.57142857143	12.200000000000001	12.313784719170132
-2.1568287312311942	-0.9999958033862542	0.05465627393132951	0.11569142851540615	2848906.7	155710.625	12.15	12.192234311839208
-2.05202045353675	-0.999996461516276	0.04802687482469478	0.128475063282573	3199200.1	82479.525	12.51	12.75670763928149
-1.967102567093154	-0.9999969137376158	0.0276256664479751	0.1398615090434519	3571033.4	61152.725	12.5	12.57651129000684
-2.124342922156198	-0.999996222799806	0.04848348695149173	0.11951147081230434	2965098.7	73112.725	11.9	11.927736545724892
-2.124342922156198	-0.9999962225881464	0.05877561489197689	0.11951147081230434	2965098.7	73158.625	11.945	11.99837225810008
