-1.6395516389174023	-0.999996135707505	0.05614110555224345	0.19406703489324711	2851389.625	60997.4375	17.93	18.065931080333165
-1.6395516389174023	-0.9999961587701823	0.05919909939720558	0.19406703489324711	2851389.625	57115.1875	18.1	18.249916800431908
-2.1653874145895156	-0.9999947431051475	0.032212284860777804	0.11470548740877044	1937711.6	26537.35	16.990000000000002	17.187977167244
-1.4099836473256813	-0.9999961458491589	0.07409123173295903	0.24414727558167687	2944351.3333333335	84792.5	18.05	18.130475964126738
-1.4099836473256813	-0.9999963842555674	0.04309069289089742	0.24414727558167687	2944351.3333333335	42024.083333333336	18.160000000000004	18.16120226822572
-2.085155320878987	-0.9999950017072753	0.024652208674701106	0.12428781417396154	2035448.9	26205.675	16.35	16.375084815591315
-2.085155320878987	-0.9999947469218734	0.07287599402393605	0.12428781417396154	2035448.9	44017.8	16.69	16.78636190071334
-2.085155320878987	-0.9999954170158596	0.029573063202141626	0.12428781417396154	2035448.9	11252.45	16.854999999999997	16.943869313382404
-1.9906249149565372	-0.9999954445399506	0.013103319768536178	0.13661002911517384	2030762.0	10414.55	17.55	17.628114732325617
-2.2018658842874914	-0.9999951909431423	0.025475343656905	0.11059660525216919	2100239.7	24346.2	16.830000000000002	16.894738839613126
-1.8065838251003437	-0.9999956089834833	0.05573754686577387	0.16421416398784283	2539604.2	69663.35	18.1	18.109819056754077
-0.2722386261923806	-0.9999967052295408	0.11207797755807772	0.7616724843975673	3577280.5	131440.625	18.32	18.500261023429037
-1.0485923806721056	-0.9999963764909507	0.09782754687363186	0.3504306750950453	3235442.25	123456.75	18.88	18.972192055188145
-1.0485923806721056	-0.9999965893630469	0.05413831809730755	0.3504306750950453	3235442.25	62000.8125	18.86	18.876691651421982
