-1.8990167502924071	-0.9999983132711422	0.03993500727385467	0.1497157548474268	6982344.8	130263.525	15.15	15.21219800715891
-2.164839475465592	-0.9999981131184577	0.04974597887272303	0.11476835625562788	6595139.8	253785.225	15.91	16.24247762539972
-2.164839475465592	-0.9999982046437303	0.06171206666042622	0.11476835625562788	6595139.8	138776.275	16.1	16.473115607479652
-2.164839475465592	-0.9999983574308242	0.061183824313502715	0.11476835625562788	6595139.8	50663.125	16.395	16.482509696267797
-1.8393752763187892	-0.999998390514201	0.033216312905040596	0.15891667411206037	7254528.1	117718.5	14.75	15.20781477699799
-2.0471876499977486	-0.9999981752266525	0.0346621231835267	0.12909746077408626	6328202.8	103520.625	15.15	15.382558013470495
-2.343320552432803	-0.9999983286446735	0.028025274217340673	0.09600830772727352	6826847.3	90226.325	15.43	15.829621532749432
-2.343320552432803	-0.9999982651796563	0.06528523855730967	0.09600830772727352	6826847.3	139155.375	15.885000000000002	16.066812500394363
-2.343320552432803	-0.9999983750151683	0.0713843285806378	0.09600830772727352	6826847.3	65742.975	16.195	16.29552639587446
-1.2241282453166717	-0.9999985394001234	0.049623090954576884	0.29401389662849314	8362107.4	201528.9	15.26	15.668270547389797
-1.2241282453166717	-0.9999985360178941	0.08130412315459765	0.29401389662849314	8362107.4	207310.05	15.81	16.065433648621383
-1.5040292383708593	-0.9999984569523063	0.0446535608921521	0.2222329243477888	7827943.285714285	176113.5357142857	15.860000000000001	16.329988533540227
-1.0242055239569094	-0.9999983355304448	0.042244413012729846	0.35908163386681763	7211642.25	163334.0625	14.780000000000001	15.270387533505362
-1.0242055239569094	-0.9999984120722918	0.05374293069996624	0.35908163386681763	7211642.25	94047.5625	15.190000000000001	15.209896306749487
-2.0020536835108818	-0.9999982827365144	0.038396085460100385	0.13505763259784379	6809290.2	119771.025	15.02	15.284385111997224
-1.607265373406393	-0.9999984241792753	0.042765413903574974	0.2004349801401173	7611342.75	161798.25	15.700000000000001	15.718042366344896
-1.607265373406393	-0.9999983747816488	0.07258208772600291	0.2004349801401173	7611342.75	235646.875	15.825	15.858656335013242
-2.0887768376650873	-0.9999981631643123	0.04448551066327917	0.12383851782681207	6397988.7	127013.175	15.21	15.559583276024826
-2.0887768376650873	-0.9999982140284155	0.04523596230142097	0.12383851782681207	6397988.7	91730.95	15.93	16.096279886724368
-2.0887768376650873	-0.9999983050673227	0.0580171674305758	0.12383851782681207	6397988.7	51233.075	15.950000000000001	15.952837895253015
-0.7410764653369398	-0.9999983668816712	0.03504729584583851	0.47660059526450455	7203506.333333333	128562.5	14.77	14.833400309811164
-2.3179783116440014	-0.9999982080403881	0.027397442050506166	0.09847246513655857	6324250.4	83515.65	15.35	15.352137887926164
-2.3179783116440014	-0.9999981492317594	0.061911622034910824	0.09847246513655857	6324250.4	121141.375	15.305	15.343360623944754
-2.2624473626444033	-0.9999982917559939	0.030081607199539465	0.104095413529659	6731194.4	98569.025	15.27	15.358908231589753
-2.2624473626444033	-0.9999982883578967	0.04797674853063823	0.104095413529659	6731194.4	100849.625	15.34	15.396533829462806
-1.3789517087815741	-0.9999984854913972	0.04775906626123056	0.25184241892764553	8132961.0	223559.95833333334	16.0	16.117905363275423
-1.3789517087815741	-0.9999984982067244	0.08462037509193447	0.25184241892764553	8132961.0	201596.04166666666	15.969999999999999	16.070177347744483
-0.26379690852675386	-0.999998688465631	0.02386366854489926	0.7681295243733359	8835911.0	107860.25	14.91	15.16849206769261
