-1.3325323842534174	-0.9999955077068206	0.012758355726559636	0.26380835057489	2118785.3333333335	13604.166666666666	10.85	10.98872693936272
-1.3325323842534174	-0.9999950747725664	0.044775247552530935	0.26380835057489	2118785.3333333335	34046.083333333336	10.855	10.86129802955665
-1.1854309960299925	-0.9999962840883948	0.0037064054139695555	0.30561443250241804	2238037.4	4089.2	10.870000000000001	10.945349795939455
-1.5494408506191901	-0.9999951733173268	0.011540987923405086	0.21236668533552686	1960220.875	12852.40625	10.58	10.583244248941856
-1.5494408506191901	-0.9999948554148896	0.03381906115960541	0.21236668533552686	1960220.875	23968.15625	10.54	10.5444871899146
-1.6325707273403418	-0.9999948315726691	0.02350245039625948	0.19542653947341942	1937961.7777777778	22385.527777777777	10.46	10.58441379769084
-1.6325707273403418	-0.9999946763699488	0.04296810556090479	0.19542653947341942	1937961.7777777778	30241.13888888889	10.66	10.664284424379233
-1.6325707273403418	-0.9999954791521801	0.02978330222944479	0.19542653947341942	1937961.7777777778	6380.958333333333	10.515	10.526137931034484
-2.0091427256153245	-0.999994500917223	0.04811468818795597	0.13410358897694383	1925842.9	39749.175	10.51	10.521127990221757
-2.0091427256153245	-0.9999943900498763	0.062264029192056196	0.13410358897694383	1925842.9	49210.5	10.63	10.696156000157961
-2.1463297523794678	-0.9999952698914335	0.059773525177356825	0.11691246899971942	2469633.1	118376.35	11.1	11.113893803221016
-0.7150439672759071	-0.9999955903664709	0.02205452784073892	0.4891706038246076	2443074.6666666665	47717.0	10.96	10.998823469123671
-0.7150439672759071	-0.9999955255568668	0.0650998311078988	0.4891706038246076	2443074.6666666665	55903.416666666664	10.91	11.057030466871614
-1.7048769606285576	-0.9999948532199929	0.025635252758185307	0.1817947527114622	1962746.6	24386.475	10.61	10.632535563163156
-1.7048769606285576	-0.9999945726066121	0.04776334660652817	0.1817947527114622	1962746.6	42301.35	10.48	10.502190639480256
-1.8266081276703134	-0.9999936352298319	0.04648151245662738	0.16095859392403775	1742705.5	65637.65	10.43	10.4383066808882
-1.8266081276703134	-0.9999939438424729	0.05878946903485476	0.16095859392403775	1742705.5	38333.25	10.434999999999999	10.491371100164203
-1.9255659846672892	-0.9999936765002035	0.054415891527551136	0.14579321677493118	1782979.9	78799.375	10.59	10.63285122925263
-1.9255659846672892	-0.9999940987424316	0.053396827013601635	0.14579321677493118	1782979.9	37115.75	10.65	10.72241288916612
-1.9693866848185264	-0.9999940989323592	0.05137633428941923	0.1395424134562237	1811983.9	44029.575	10.65	10.654837016741544
-2.1148466389611698	-0.9999947991575824	0.06779835631701642	0.12065179141845804	2299007.8	155868.95	10.98	11.008073179826871
-2.046836346634421	-0.9999945006898551	0.06590207145955802	0.12914282111340655	1998988.9	59459.05	10.700000000000001	10.78604039655765
