-2.0264104171863977	-0.9999993924932282	0.054917478065614415	0.13180780802733286	21810776.8	568179.6	6.11	6.114231653888076
-1.996216679300725	-0.9999994235553049	0.05437231849662315	0.1358482697994783	22973483.4	564074.075	6.01	6.1719588831269165
-1.7744657144371754	-0.9999994529654171	0.04744282078109692	0.1695740262544469	24154074.7	547497.05	5.92	5.984196389476545
-2.0535540763025417	-0.9999993523308035	0.07824191002975138	0.12827818201007585	20838859.3	727003.0	5.96	6.174408751067536
-2.0535540763025417	-0.9999993678011442	0.08614282059054787	0.12827818201007585	20838859.3	526655.075	6.29	6.317703646927649
-1.4592945359795493	-0.999999513503603	0.04846696072638804	0.23240016686903076	27543000.0	659718.65625	6.2700000000000005	6.339287994911926
-1.817754712995126	-0.9999994537900939	0.03993136301350267	0.1623899539640679	23815466.3	446074.55	5.68	5.732173446772531
-1.817754712995126	-0.9999994481344333	0.07134023035663088	0.1623899539640679	23815466.3	510391.75	5.8	5.893976194252123
-1.8966998258660905	-0.9999994323232153	0.05101886614489289	0.15006303709484323	23254090.7	540800.425	5.61	5.732098935071288
-1.8966998258660905	-0.9999994325556358	0.07368708664366254	0.15006303709484323	23254090.7	537885.425	5.805	5.873440186344946
-1.8966998258660905	-0.9999994560931357	0.10584892221447413	0.15006303709484323	23254090.7	311158.075	5.895	5.9013634158764035
-1.3664467175105939	-0.999999526242508	0.04789963372931787	0.2550114794182234	28273614.285714287	656603.1428571428	6.195	6.2981555010272725
-1.7241669623784366	-0.999999442463095	0.04614993296914902	0.17832153846708848	23748938.2	562928.4	5.95	6.017088627159177
-1.7241669623784366	-0.9999994446250731	0.08276790824151317	0.17832153846708848	23748938.2	534754.45	5.925	6.009758383444391
-1.9649132404622176	-0.9999994018943786	0.04935956013408162	0.14016804700326282	21828519.5	467782.2	5.8	5.874520612870562
-1.9649132404622176	-0.9999993927376233	0.08187266157050282	0.14016804700326282	21828519.5	571281.225	5.975	5.99205150278595
-1.9649132404622176	-0.9999994217152367	0.10546618315005636	0.14016804700326282	21828519.5	303487.875	5.985	6.025579040611967
-0.9323377234709805	-0.9999996017416838	0.048155613983774076	0.3936324301710396	34039011.5	771674.5	6.24	6.390901288368597
-0.9323377234709805	-0.9999996176511047	0.035430944697750766	0.3936324301710396	34039011.5	448999.125	6.38	6.420957036473153
-0.9323377234709805	-0.999999625973012	0.10336338742310602	0.3936324301710396	34039011.5	338238.3125	6.42	6.4221868322455435
