-1.9864035187389424	-0.9999997770561893	0.05687178889876262	0.13718793309801364	65787908.9	2343149.875	7.45	7.468780255344695
-0.6655348265994735	-0.9999995634892742	0.08874525350417257	0.513998554082768	32525392.666666668	1465463.4166666667	6.390000000000001	6.429436288650251
-0.6655348265994735	-0.9999995840514669	0.09729342258204457	0.513998554082768	32525392.666666668	750795.0833333334	6.3950000000000005	6.428407503450268
-0.6655348265994735	-0.9999996277561507	0.03632950642944313	0.513998554082768	32525392.666666668	181202.75	6.45	6.452670852174699
-1.9130786053785818	-0.9999997500039004	0.06452939916818864	0.14762520654021952	58672984.0	2345517.75	7.66	7.8586590726482735
-1.3616505579971108	-0.999999518306237	0.07957798088679276	0.25623749287916503	28674618.285714287	996878.1071428572	6.18	6.351938996328244
-1.3616505579971108	-0.9999995279066406	0.09083112128444568	0.25623749287916503	28674618.285714287	756982.6071428572	6.42	6.493113906501709
-1.3616505579971108	-0.9999995573358288	0.0635761221349886	0.25623749287916503	28674618.285714287	325534.28571428574	6.525	6.5456644869501455
-1.5366553917639236	-0.9999995115345385	0.07361919629530052	0.21509932263923467	28208246.0	963909.6666666666	6.5200000000000005	6.608250249851704
-1.5366553917639236	-0.9999995215518335	0.0926926111907212	0.21509932263923467	28208246.0	726636.9166666666	6.53	6.54453424780254
-1.5366553917639236	-0.9999995434566754	0.08081690264570573	0.21509932263923467	28208246.0	391712.6666666667	6.625	6.629148811890422
-1.726346744464548	-0.9999996680456856	0.07495042069139228	0.1779332597072531	43672328.0	1977249.3	7.84	7.932460407927157
-1.726346744464548	nan	nan	0.1779332597072531	43672328.0	nan	7.91	7.966178559943538
-1.726346744464548	nan	nan	0.1779332597072531	43672328.0	nan	7.9350000000000005	7.961015063271469
-2.133930974612148	-0.9999997146791975	0.03849887819009362	0.11837106443566951	48417314.7	998956.075	7.705	7.717567768274999
-1.1135458309564654	-0.9999994910852488	0.08003405732776332	0.32839247002125543	27565703.2	1237485.65	6.28	6.2806782651713124
-1.4558749597861371	-0.9999994699330911	0.08538762739490963	0.2331962372829817	27686913.75	2364119.875	6.57	6.57662392669478
-1.8725427173875933	-0.9999997417070785	0.06115985415779861	0.1537322667148355	56316460.6	2076392.675	7.705	7.75386752197263
-1.8725427173875933	nan	nan	0.1537322667148355	56316460.6	nan	7.74	7.766970018358437
-1.8286058975477064	-0.9999997239132787	0.0597587465266368	0.16063735667947454	52309029.4	1870708.675	7.815	7.85377758267706
-1.8286058975477064	nan	nan	0.16063735667947454	52309029.4	nan	7.79	7.840000614733015
-1.668323145141121	-0.9999996363269541	0.08754753021611231	0.18856299345395053	40007496.9	2083683.45	7.53	7.649137438218923
-1.668323145141121	nan	nan	0.18856299345395053	40007496.9	nan	7.76	7.887356583654318
-0.2190054300448841	-0.999999574829551	0.09734451319044997	0.8033173560924837	33742565.0	1700343.625	6.4	6.465887090930493
-1.2517410241112576	-0.9999994679969171	0.06957078890994009	0.28600641907062835	27165335.666666668	1889913.8333333333	6.125	6.134523943372263
-1.6051983805721637	-0.9999995555075418	0.09664969867956912	0.2008497062781151	32385640.8	1785434.8	7.015000000000001	7.196168355290385
-2.0185369542625025	-0.9999997859498861	0.056465239299765366	0.13284968813682602	68467280.7	2316177.6	7.5	7.582799884114625
-2.0185369542625025	nan	nan	0.13284968813682602	68467280.7	nan	7.54	7.7540329898179765
-2.0185369542625025	nan	nan	0.13284968813682602	68467280.7	nan	7.96	8.028331358761918
