-1.6908738167911008	-0.9999992991918809	0.05643583181487956	0.18435835815959883	19004193.6	608219.75	7.46	7.482341079805821
-1.5570881601116424	-0.9999993541784696	0.055645658201871916	0.2107488455122448	20569902.555555556	588001.1875	7.01	7.0446654511565026
-1.5570881601116424	-0.9999993406943456	0.08187071116726659	0.2107488455122448	20569902.555555556	775956.5277777778	7.25	7.283357065000167
-1.2688353897833202	-0.9999994272294431	0.052927263863308954	0.28115887167656917	23559610.5	725234.15	7.26	7.281660137026053
-1.2688353897833202	-0.9999994169470537	0.08616754222210957	0.28115887167656917	23559610.5	924029.4583333334	7.300000000000001	7.309544683129243
-0.9417616692675244	-0.9999994767115215	0.06346020572432595	0.38994028410270576	26614500.5	1118009.6666666667	7.32	7.380183969599892
-0.9417616692675244	-0.9999994815649687	0.08290099665038211	0.38994028410270576	26614500.5	982532.1875	7.220000000000001	7.224400168069578
-2.0562991336797665	-0.9999992038913794	0.05010826197634719	0.1279265339081359	16287543.0	427902.675	6.67	6.671693692400615
-1.7468132172489503	-0.9999992287201872	0.04683743102720489	0.1743286065820545	16788657.6	420311.05	7.335	7.3794127519338035
-1.7468132172489503	-0.9999992307598184	0.08413936092570723	0.1743286065820545	16788657.6	406162.075	7.355	7.361817277594126
-1.7468132172489503	-0.9999992517255659	0.08656491747565873	0.1743286065820545	16788657.6	285649.2	7.38	7.415433799438417
-2.083910279887724	-0.9999991315876707	0.056051590271495165	0.12444265396826623	15766616.0	883743.9	6.6000000000000005	6.604956597026105
-2.0271203162906946	-0.9999992668998346	0.05346991590868421	0.13171427098733363	17727272.4	440587.375	6.61	6.6656419327461665
-2.0271203162906946	-0.9999992421877739	0.07609204558418642	0.13171427098733363	17727272.4	682789.775	6.61	6.610556453393386
-1.9256902313342665	-0.9999992222869044	0.05263831127597779	0.14577510357895443	16626814.9	412870.5	7.03	7.092140374307082
-1.8866303310098358	-0.9999992293725786	0.04491130258624675	0.15158172947527868	16516455.6	337064.85	7.1000000000000005	7.157126200981439
-1.4778185828283208	-0.9999993659436859	0.05353599107139103	0.22813480315639512	21016875.75	612853.4642857143	7.03	7.133844022770208
-1.4778185828283208	-0.9999993803231509	0.07646398931350354	0.22813480315639512	21016875.75	453009.84375	7.045	7.068874383131616
-1.6276410652396291	-0.999999368036959	0.06043376713929058	0.19639230477102762	21220791.2	667139.3611111111	7.26	7.4006373014848394
-1.6276410652396291	-0.9999993829212931	0.07989582212214148	0.19639230477102762	21220791.2	486453.375	7.484999999999999	7.51217230564968
