-2.068376740497579	-0.9999986203543771	0.12432278716946936	0.12639078031221657	9534701.1	516332.75	5.1000000000000005	5.160096282353844
-1.3271624386973744	-0.999998153484982	0.13159057519781048	0.2652287975026708	6713550.142857143	241993.7142857143	4.91	4.939106242031155
-1.3271624386973744	-0.9999980637753125	0.11660206762173297	0.2652287975026708	6713550.142857143	441944.35714285716	4.975	5.171361136481679
-1.819653862026615	-0.9999987328540502	0.12092017541363446	0.1620818439063391	10073722.0	349714.775	4.96	5.034600442738227
-1.819653862026615	-0.9999986983783553	0.10578579202400303	0.1620818439063391	10073722.0	494930.475	5.140000000000001	5.179947357146195
-2.016662273068074	-0.9999985519194091	0.1234987132055233	0.13309897254024564	8982064.4	445410.175	5.01	5.094419948084456
-2.016662273068074	-0.9999985575259384	0.10954490040073005	0.13309897254024564	8982064.4	423535.475	5.05	5.053183329582246
-1.0816566835303243	-0.9999967496136007	0.127697803485755	0.339033389100379	3814727.4	242639.95	4.92	4.946909168695846
-0.9026422791741217	-0.9999965238874484	0.12383724379962252	0.40549680720797776	3554344.75	232186.9375	4.89	4.902065231934435
-0.9026422791741217	-0.9999966710144397	0.13809174796099477	0.40549680720797776	3554344.75	137634.25	4.905	4.906188965747848
-1.7336901207303523	-0.9999984896510669	0.1081819421173475	0.1766314146502483	8307677.6	281387.625	5.0	5.010949641087601
-1.7336901207303523	-0.9999984461913509	0.10013428327857896	0.1766314146502483	8307677.6	403745.025	5.03	5.039293897334214
-1.894520523475775	-0.9999985939793117	0.11052553152989374	0.15039042644090023	9161265.4	392749.05	5.07	5.081144594050097
-1.894520523475775	-0.9999986228976223	0.10250645392022907	0.15039042644090023	9161265.4	301340.775	5.09	5.103166589876917
-1.4993407025750607	-0.9999984176878642	0.11030172894109014	0.2232773177934398	7929730.444444444	281336.05555555556	5.13	5.1407318874678785
-1.5683622182859411	-0.999998403404527	0.11310881160047491	0.20838619412757847	7903242.2	302028.725	5.1000000000000005	5.1062968517942755
-1.959575995125079	-0.9999985218297649	0.11478659033302857	0.14091815824175186	8708067.5	389260.325	4.76	4.792303011952651
-1.9886582402668858	-0.9999985447102501	0.11795218893006403	0.13687896096583774	8874798.5	406525.05	4.95	4.999873786227166
-0.2050856609732705	-0.9999969325456807	0.14708143071690333	0.8145775359181937	4160211.0	348451.5	4.87	4.926423219042286
-2.0431759215701764	-0.999998563781969	0.12355871418395077	0.1296164049629895	9079820.2	460744.675	5.08	5.0802327024817
-2.0431759215701764	-0.9999986213443112	0.10455647749105428	0.1296164049629895	9079820.2	273195.275	5.09	5.099244083452715
-2.0431759215701764	-0.9999986849783234	0.12359930113710346	0.1296164049629895	9079820.2	153300.275	5.1000000000000005	5.110124258683988
