-1.4654254248836829	-0.9999986887750648	0.11809272348161047	0.23097970605769821	9991295.125	489350.0	6.73	6.7569451704785966
-1.828463381375963	-0.9999984598352873	0.11015600487929646	0.16066025173200632	8961783.8	987194.3	6.58	6.582456484773337
-1.9095172157290035	-0.999998627544596	0.09446310763649303	0.1481518947370679	9383704.9	391881.175	6.49	6.501590585104821
-2.010278073675142	-0.9999985778890008	0.09964410825477583	0.13395142112546735	9690151.7	965566.525	6.34	6.341713742320689
-0.21968870940812857	-0.9999991138881614	0.1349490632570163	0.8027686534008902	15255160.5	742499.125	6.61	6.67537228052532
-0.21968870940812857	-0.9999991292071271	0.10284641266649437	0.8027686534008902	15255160.5	587765.5	6.715	6.721645038114315
-0.21968870940812857	-0.9999991561146078	0.14251781819989576	0.8027686534008902	15255160.5	389884.0	6.725	6.725506313236893
-1.9452776708081543	-0.9999985954306368	0.09797765754485917	0.14294752547195724	9307740.0	476091.025	6.42	6.424696713492569
-1.3713585288390429	-0.999998738509616	0.1196800493958455	0.25376198230387464	10426437.57142857	515477.4285714286	6.75	6.750588542959156
-1.2582319622333353	-0.999998773257737	0.12491571213275351	0.2841559811379098	10749634.5	533401.1666666666	6.7	6.717691704007295
-1.2582319622333353	-0.9999988008417237	0.1054668287922435	0.2841559811379098	10749634.5	396531.4583333333	6.695	6.699852265822348
-1.2582319622333353	-0.9999988364416666	0.15249620467197972	0.2841559811379098	10749634.5	270444.75	6.735	6.747757410325331
-0.933256486128128	-0.9999988667332074	0.13442771927939717	0.3932709414801398	11825926.25	661276.9375	6.74	6.750727857760637
-1.6779170202215077	-0.9999984706444466	0.11629298357820997	0.18676259386376076	8526274.5	460331.925	6.66	6.663357155821192
-0.669511116643841	-0.9999989845669545	0.14191105644906213	0.5119588047543422	13374834.333333334	791153.6666666666	6.74	6.746971176141451
-0.669511116643841	-0.9999990216776945	0.10619087608222894	0.5119588047543422	13374834.333333334	481613.25	6.745	6.753843238605631
-0.669511116643841	-0.9999990577570893	0.1398648434581279	0.5119588047543422	13374834.333333334	297253.1666666667	6.755	6.756265713205394
