-1.4324251936300816	-0.9999970337595324	0.11698327757080416	0.23872925495672584	4071097.5	175579.71875	5.29	5.308193734162455
-1.7441187300566205	-0.9999970934261407	0.10869720956199849	0.17479896618413057	4142349.5	169403.525	5.26	5.278843367701942
-2.0528589583645505	-0.9999965871306324	0.1059617103417293	0.12836738147392585	3513872.0	161519.3	5.18	5.194494503338455
-1.3407103402046885	-0.9999970532579295	0.1096967013917379	0.26165973512033414	4083203.8571428573	168071.14285714287	5.23	5.258344617950557
-1.3407103402046885	-0.9999970543163845	0.11322198908378592	0.26165973512033414	4083203.8571428573	167346.32142857142	5.28	5.286926475655152
-1.3407103402046885	-0.9999972157947635	0.12749505776012682	0.26165973512033414	4083203.8571428573	86549.0	5.285	5.291700209560713
-0.21065725214674688	-0.999996450443293	0.12081061873675834	0.8100516627743005	3430867.0	194473.625	5.42	5.442579920438068
-0.21065725214674688	-0.9999964362751416	0.19564652307845634	0.8100516627743005	3430867.0	204160.375	5.45	5.454160641811025
-0.21065725214674688	-0.9999967447466147	0.15265720780410028	0.8100516627743005	3430867.0	70850.5	5.465	5.469197583934044
-1.6948596676955194	-0.9999970723338228	0.10423838174813771	0.18362499573853686	4091757.6	159419.45	5.24	5.249336149255077
-1.6948596676955194	-0.9999969837248337	0.11114321352358834	0.18362499573853686	4091757.6	229088.225	5.25	5.252548516786538
-0.9141827051179039	-0.9999968410566487	0.11275543736294721	0.4008441000826975	3799517.5	163154.75	5.41	5.4102269883475405
