-1.7613235089802788	-0.9999981672954924	0.11010501888459963	0.1718173115177462	6878790.9	298578.375	5.53	5.537174493601241
-1.7613235089802788	-0.9999982017163807	0.09657387770746834	0.1718173115177462	6878790.9	235628.75	5.5200000000000005	5.545385924563018
-1.7613235089802788	-0.999998271862642	0.12532141296240382	0.1718173115177462	6878790.9	145435.6	5.5600000000000005	5.562557646435198
-1.8853135004486699	-0.9999981105560306	0.11870057288722499	0.15178146841147086	6724223.4	329404.025	5.68	5.682152758940681
-1.8853135004486699	-0.9999981920093267	0.08683594168828697	0.15178146841147086	6724223.4	190484.85	5.675	5.678521386520751
-1.8057682521843506	-0.9999981585326162	0.11464348030766741	0.1643481472415436	6892853.2	325449.075	5.57	5.570084848868951
-1.8057682521843506	-0.999998147103202	0.10281391658198247	0.1643481472415436	6892853.2	352125.45	5.625	5.628809390536067
-2.015039174218958	-0.9999976758702949	0.10861258442388921	0.13331518074557305	5741162.3	623562.475	5.7	5.7013306312540974
-1.5955635129158223	-0.9999982819741513	0.12186190461068162	0.2027942191364293	7565351.5	441294.25	5.8100000000000005	5.825547750546018
-1.9208327902635802	-0.9999980137933113	0.11882611524778587	0.14648492010447384	6377192.9	316924.875	5.66	5.6739622865074395
-1.9208327902635802	-0.9999980931618645	0.09274225474205436	0.14648492010447384	6377192.9	191045.975	5.69	5.697114951135809
-1.4472238029018896	-0.9999983054428805	0.12325262843357883	0.23522240623231094	7690465.625	456768.09375	5.91	5.92359369276508
-1.4472238029018896	-0.9999983728758324	0.11707190507181746	0.23522240623231094	7690465.625	271940.5625	5.92	5.932462558336869
-1.656824234364128	-0.9999980373391334	0.10899144798779861	0.19074377677851279	6391677.2	280601.6	5.83	5.84371759611446
-2.043062899899598	-0.999997868167272	0.0975820237106066	0.12963105525349744	5810141.9	239485.1	5.71	5.7232674506046175
-0.9220908174103576	-0.9999984064985387	0.11389043577188092	0.3976866809947623	8507306.75	771741.125	5.91	5.910203950785092
-0.9220908174103576	-0.9999985348815154	0.12032207632929348	0.3976866809947623	8507306.75	258902.9375	5.905	5.920533506544978
-0.9220908174103576	-0.9999985873483372	0.1442757731599681	0.3976866809947623	8507306.75	165686.875	5.93	5.932292335901751
-1.3543085405115103	-0.9999983196732461	0.11917992282074008	0.25812571623471314	7753032.142857143	454805.5	5.9	5.904633947036649
-2.0695149052410162	-0.999997489911369	0.12545066698039542	0.12624700861562815	5344744.8	670501.8	5.71	5.713408104281923
-1.846936700707467	-0.9999981174682823	0.11825926365017114	0.1577195693091023	6745966.7	327581.85	5.64	5.680667023027178
