-1.8463670623990291	-0.9999981930120866	0.13415227730890472	0.15780943801166875	7137661.5	399378.775	5.86	5.913759907634009
-1.654267459812504	-0.9999981323528314	0.09800435234864405	0.19123208959974575	6589926.6	221383.825	5.895	5.896584770404368
-1.1000367729897416	-0.999998134242091	0.07857601607869487	0.3328588432581936	6444958.4	166829.25	5.8	5.800091362828865
-1.1000367729897416	-0.9999980399531335	0.10133136437210483	0.3328588432581936	6444958.4	306329.7	5.84	5.926271500907157
-1.8047935983663943	-0.9999982244265169	0.12095303506361911	0.1645084078773602	7130233.6	314975.625	5.82	5.83234525361644
-2.016566789590552	-0.9999980853869508	0.14702142931680556	0.13311168189975564	6729628.2	394207.0	5.89	5.905770588235294
-0.658765453484807	-0.9999974885619834	0.09828409771946123	0.5174898055355786	5236555.0	514670.0833333333	5.7	5.705145115856104
-1.7092088136311763	-0.9999981808157503	0.10655444957754602	0.1810089477905705	6841505.5	254219.95	5.9	5.917549506549002
-1.7092088136311763	-0.9999981629888437	0.10259937737778319	0.1810089477905705	6841505.5	287195.5	5.93	5.933604593040684
-1.5926903009629207	-0.9999981695705424	0.09982014629549618	0.20337772778141602	6789226.0	249495.275	5.83	5.859399236829063
-1.3507397496650648	-0.9999982867011503	0.09157203211763629	0.2590485586643878	7209389.857142857	231384.25	5.91	5.9119006616086125
-0.918293940786772	-0.9999975969607546	0.07955429106134482	0.39919951846850643	5022572.25	174456.8125	5.79	5.794513298187564
-0.918293940786772	-0.999997573159047	0.11723551131396018	0.39919951846850643	5022572.25	196610.3125	5.795	5.8025031701977
-0.918293940786772	-0.9999979577653396	0.03555424614767313	0.39919951846850643	5022572.25	28487.9375	5.8100000000000005	5.82103794953813
-2.07136248949836	-0.9999981069238295	0.14502953559545842	0.12601397197367922	6816363.7	401873.725	5.86	5.884116051209614
-2.07136248949836	-0.9999981300402405	0.15110587808688553	0.12601397197367922	6816363.7	343287.275	5.91	5.917066237508434
-2.07136248949836	-0.9999982357307934	0.1513970921484382	0.12601397197367922	6816363.7	167024.3	5.915	5.935157953748733
-1.2386396832336892	-0.999998319215867	0.09314282815679895	0.28977814001127383	7355061.833333333	233810.66666666666	5.86	5.891963136474582
-1.2386396832336892	-0.9999982618495795	0.1099198912577236	0.28977814001127383	7355061.833333333	356539.75	5.91	5.922304919994018
-1.2386396832336892	-0.9999984212841269	0.092777425640698	0.28977814001127383	7355061.833333333	110364.5	5.905	5.912317902929502
-1.7594943115310242	-0.9999982065098971	0.11755664692200399	0.1721318869282683	7041298.0	305130.55	5.82	5.849370372098358
-1.9553113007642837	-0.9999980653545931	0.14569723189224665	0.14152041442300883	6655788.1	391048.675	5.8500000000000005	5.856096663254839
-2.096738431541956	-0.9999982832341864	0.1474250864385366	0.12285648032081925	7674677.5	527351.225	5.95	5.967055072064798
-2.096738431541956	-0.9999983415603414	0.14758753817330547	0.12285648032081925	7674677.5	337050.0	5.965	5.968280855364749
-2.096738431541956	-0.9999984191562535	0.15668216288143583	0.12285648032081925	7674677.5	185806.4	5.97	5.971616109372091
