-0.6804306161722044	-0.9999995677235451	0.09740159219752274	0.5063988818598893	33168362.0	1686053.8333333333	7.7	7.885422149197953
-1.9586492083224283	-0.9999993935397703	0.057691104844569734	0.14104881986944773	22045442.9	640294.05	6.6850000000000005	6.747199121658389
-1.9586492083224283	-0.9999994227627047	0.05280494060704146	0.14104881986944773	22045442.9	336195.75	6.695	6.72215544567009
-1.9920044430129136	-0.9999993412256108	0.05354257676921361	0.1364217016785855	20079282.4	555550.725	6.73	6.737582634143785
-1.9920044430129136	-0.9999993820556978	0.044257114846490545	0.1364217016785855	20079282.4	244721.0	6.68	6.744940038671664
-1.4811276836002714	-0.9999995948257611	0.05812442320638563	0.22738112978147101	33944915.25	939970.84375	6.595000000000001	6.690309470194876
-1.4811276836002714	-0.9999996523927984	0.01338669194589658	0.22738112978147101	33944915.25	133184.34375	6.925000000000001	6.980378477536882
-1.5601810619389818	-0.9999995876686197	0.061439961596422385	0.21009802700054533	33588101.666666664	1034498.5277777778	6.91	7.1843284625987245
-1.7984992555952701	-0.9999995253849445	0.040974517241935175	0.16554714584221625	27978808.1	584879.925	6.86	6.980917312641191
-1.7984992555952701	-0.9999995688426063	0.021974821530328408	0.16554714584221625	27978808.1	173384.025	6.915	6.979820327018023
-2.1081389587555037	-0.9999993220581469	0.056025725776600435	0.12146380537192034	19392682.5	512527.25	7.235	7.292982752209693
-2.1081389587555037	-0.999999347151225	0.05667842165411387	0.12146380537192034	19392682.5	315049.75	7.1899999999999995	7.241915821727437
-2.1081389587555037	-0.9999993884078152	0.06560336674192262	0.12146380537192034	19392682.5	141549.675	7.215	7.233338931835895
-0.22762386855548153	-0.9999994953032822	0.07067062688256849	0.7964237635261687	27213821.5	922391.75	7.67	7.7191840201320625
-1.6294800146528632	-0.999999583413765	0.05909528909733856	0.19603148112730345	33132231.5	987005.175	7.09	7.199261916634907
-1.6294800146528632	-0.999999627447323	0.025012821545441707	0.19603148112730345	33132231.5	229463.025	7.140000000000001	7.231168369898319
-2.0521892356381675	-0.9999992753227845	0.056538953847720015	0.1284533808212696	18000375.8	462526.925	6.78	6.895641935779534
-1.9229145933816836	-0.9999994399069291	0.04948913118409551	0.14618028454669396	23717990.4	587881.325	6.5	6.563691319800093
