-1.4746554136876722	-0.999998531147481	0.11953810782443428	0.228857574647236	8848109.25	440896.4375	7.07	7.0962109100024335
-1.9531306083122573	-0.9999984126321864	0.09017678152571762	0.1418293636617533	7875399.9	268646.75	6.76	6.771828428439319
-1.2666026820891372	-0.9999985104159135	0.12596076547623625	0.2817873185606796	8796224.333333334	490271.0833333333	7.05	7.0677729344697
-1.2666026820891372	-0.9999985299478907	0.14480650106705242	0.2817873185606796	8796224.333333334	412877.2916666667	7.085	7.086332889054752
-1.2666026820891372	-0.9999986522067376	0.09096266459985053	0.2817873185606796	8796224.333333334	140854.79166666666	7.08	7.089710903270246
-1.8783848607542462	-0.999998459929749	0.08901983801571751	0.15283675916138253	8118459.3	269141.875	6.65	6.691624015608167
-1.8783848607542462	-0.9999984977940674	0.06659488488972902	0.15283675916138253	8118459.3	197914.95	6.72	6.725461140572754
-1.8783848607542462	-0.9999985367196029	0.10355547142593134	0.15283675916138253	8118459.3	144289.275	6.72	6.738989631590558
-1.79183292384732	-0.999998558353344	0.08935444785437216	0.16665442467974323	8752427.5	301916.125	6.640000000000001	6.651983062263296
-1.9867752987295486	-0.9999982815994675	0.08705052854407973	0.13713693884944328	7209075.0	239923.2	6.7700000000000005	6.770250177621806
-1.9867752987295486	-0.9999983492600555	0.05806932226138248	0.13713693884944328	7209075.0	147311.0	6.79	6.798987928621414
-1.9867752987295486	-0.9999983721836022	0.10498573081723105	0.13713693884944328	7209075.0	124871.75	6.8	6.802959350457789
-1.7422064947768536	-0.9999986346243769	0.09423483208923324	0.1751335427267166	9354133.6	352181.925	6.59	6.608251080124387
-1.7422064947768536	-0.9999986879716687	0.06597605469696292	0.1751335427267166	9354133.6	213818.675	6.605	6.613595458987749
-1.7422064947768536	-0.9999987315526604	0.09152991644563264	0.1751335427267166	9354133.6	142232.575	6.65	6.654224892627208
-1.9170951919897585	-0.999998471929306	0.08378813251603562	0.14703344633578538	8143041.3	253505.0	6.74	6.770084425644835
-2.0184572279919286	-0.9999981957759402	0.09470917122450916	0.13286028016923407	6902307.8	256095.55	6.8	6.825935988708774
-2.0184572279919286	-0.9999981944947771	0.07439785366272803	0.13286028016923407	6902307.8	258370.25	6.815	6.818434558303668
-0.6751186201415604	-0.9999986598440741	0.14523057558054436	0.5090960279828219	9923554.0	596663.1666666666	7.09	7.09892104185122
-0.6751186201415604	-0.9999986582057943	0.1772454451316811	0.5090960279828219	9923554.0	606442.75	7.115	7.12812911222423
-1.8369480408351437	-0.9999983933112471	0.10276652208636106	0.1593028708079645	8231353.1	554166.6	6.640000000000001	6.645301796879782
-1.8369480408351437	-0.9999985161770172	0.06702116177561593	0.1593028708079645	8231353.1	201564.75	6.65	6.660513048320093
