-2.468882410994446	-0.9999993920800709	-0.006381120725598032	0.08467944295316876	18215496.2	-64443.725	36.46	36.58854402335298
-2.1634400009358736	-0.9999994515703038	0.004808309596474871	0.11492908408804653	18801851.3	30075.325	39.1	39.53989504658407
-2.5006768169159397	-0.9999994436140146	0.004220389848832081	0.08202946090483924	18155533.8	24378.175	36.01	36.472951170908665
-2.5006768169159397	-0.9999994609640988	0.004268660490971597	0.08202946090483924	18155533.8	17790.65	36.730000000000004	36.97664898192771
-2.5006768169159397	-0.9999993989335925	0.016709133770066185	0.08202946090483924	18155533.8	54866.775	37.405	37.70855958988953
-2.5006768169159397	-0.9999994355044168	-0.005596656453835606	0.08202946090483924	18155533.8	-28245.325	37.879999999999995	37.91272837871749
-2.218394588545471	-0.9999994250875313	-0.0036716218602980593	0.10878361116888322	18273695.7	-36524.85	39.31	39.35522111995604
-2.218394588545471	-0.9999993666574438	0.030975658466328854	0.10878361116888322	18273695.7	106244.65	39.83	40.27189409959446
-0.30640720508059643	-0.9999996614576684	-0.0019056417120772386	0.7360868201274219	28593683.0	-15996.25	44.02	44.07617283937079
-2.315276304669601	-0.9999994729835796	0.0030434660462300396	0.09873889821406205	18477002.7	16943.25	37.5	37.87986090290077
-2.315276304669601	-0.9999993924517692	-0.0174910993713291	0.09873889821406205	18477002.7	-75031.025	37.800000000000004	38.1181748316696
-1.6563707438682238	-0.9999994288818534	0.014742507826084389	0.1908302968849749	20344902.285714287	111227.60714285714	42.5	42.651495808486736
-1.1242526305333171	-0.9999994753451499	0.027474459331149385	0.3248951933914515	23578049.75	235704.4375	40.99	42.01024213097886
-2.358004678736256	-0.9999994579267384	0.003516200127361834	0.09460880995839319	18209621.4	19358.7	38.5	38.51995957711082
