-1.7943709957650713	-0.9999991081342209	0.004823867235436434	0.1662319800886469	10991802.888888888	18090.777777777777	24.18	24.317097543654953
-1.7943709957650713	-0.9999992208018779	0.002153395402502698	0.1662319800886469	10991802.888888888	5242.75	24.225	24.307560107831247
-2.116761781585126	-0.9999987717666493	0.017473707489699293	0.12042094715046152	9261153.9	87103.0	25.13	25.134324097811575
-2.116761781585126	-0.9999988367922145	0.028059118246081087	0.12042094715046152	9261153.9	47697.075	25.345	25.433225639411248
-1.0884274365595177	-0.9999990329258349	0.006949153261347833	0.3367456314150868	10552188.5	27030.25	26.93	27.109523943104872
-1.8738838679909569	-0.9999990412142499	0.007763595643862057	0.15352622678874353	10704187.2	28652.25	24.51	24.54626277539843
-1.8738838679909569	-0.9999991032188258	0.006226401446227245	0.15352622678874353	10704187.2	14753.65	24.68	24.74597450991496
-2.0074999002130824	-0.9999988128867671	0.02525015708464411	0.13432407882301747	9533470.7	82231.775	24.88	24.881036430446194
-2.0074999002130824	-0.9999989382221226	0.011939947233175876	0.13432407882301747	9533470.7	24894.15	24.975	25.00672166221398
-2.0074999002130824	-0.999998726586171	0.044295033624975735	0.13432407882301747	9533470.7	187221.575	25.105	25.129151159521637
-2.1648650794267654	-0.9999987046977019	0.03447876250511387	0.11476541776870897	8901347.0	101714.525	25.72	25.92922856711799
-1.464045497752505	-0.9999993220362191	-0.0006630859124394375	0.23129866123767917	11616564.666666666	-2631.2916666666665	26.2	26.264982507551434
