-2.2928285333065284	-0.9999986958432729	0.008982468733448608	0.10098043100828372	8525272.6	67391.675	34.86	34.86593216228607
-1.6444399324890702	nan	nan	0.19312069313670335	12097860.0	nan	37.65	38.21099537989686
-1.7579500511812243	nan	nan	0.17239790872677963	11770882.125	nan	37.39	37.72084332325319
-1.7579500511812243	-0.9999990563094813	0.03054088651986681	0.17239790872677963	11770882.125	66706.3125	37.99	38.01655640653961
-1.7579500511812243	-0.9999990381620641	-0.03476160182629587	0.17239790872677963	11770882.125	-82592.0625	37.925	38.0164434564363
-0.80882051644549	-0.9999989113269101	0.05038970687985261	0.44538307855698356	11641994.666666666	319439.5	39.03	39.21751561958751
-0.80882051644549	-0.9999989516975129	0.09616987776967469	0.44538307855698356	11641994.666666666	199651.16666666666	39.45	39.47216721996349
-1.1175390054929264	-0.9999987334945745	0.06259562459000587	0.3270837562722114	10216747.0	416467.25	39.0	39.73017922927842
-0.30029725866809265	-0.9999990423204079	0.05772105577074148	0.7405980387712513	13505551.5	414152.125	38.77	38.928465610771426
-0.30029725866809265	-0.9999990834206375	0.11538472738921206	0.7405980387712513	13505551.5	237733.5	39.655	39.86206285462207
-2.2472326137759824	-0.9999989563901682	0.0026099468094613557	0.10569130889260671	9371739.6	17683.425	34.79	34.792832935516074
-2.2472326137759824	-0.9999993043784358	-0.0004395138623850465	0.10569130889260671	9371739.6	-677.025	34.845	35.04831453425232
-2.478549225357389	nan	nan	0.08386480631216364	5605347.6	nan	34.980000000000004	35.02603523155522
-2.478549225357389	-0.9999980274868308	0.026145052893667572	0.08386480631216364	5605347.6	63361.15	35.61	35.664010233796716
-2.478549225357389	-0.9999981436391883	0.03331582412221783	0.08386480631216364	5605347.6	33041.425	35.345	35.739134166553455
-1.8556039725237146	nan	nan	0.1563584779262527	11180471.222222222	nan	37.88	38.162149367998374
-2.335058036084588	nan	nan	0.09680486418814206	7761613.1	nan	35.15	35.543051349991494
-2.335058036084588	-0.9999987044394408	0.01332955107220291	0.09680486418814206	7761613.1	23285.75	35.495000000000005	35.580258934426226
-2.335058036084588	-0.9999985701426883	0.023555462751151522	0.09680486418814206	7761613.1	66037.9	35.67	35.77808230093959
