-1.4988971179066304	-0.9999985756496897	0.023138823005113118	0.22337638215851355	7962621.666666667	84250.58333333333	35.980000000000004	36.39226595969475
-1.330788832731177	-0.9999986157971656	0.022672416537758703	0.26426871524425005	8155263.8	79899.65	35.63	36.21719345372871
-1.748106948676334	-0.9999984842584382	0.01790154861253983	0.174103218012602	7272479.625	61278.4375	34.71	34.98263153052686
-1.748106948676334	-0.999998703088158	-0.016319796916968866	0.174103218012602	7272479.625	-12477.53125	35.215	35.274719542531464
-1.844884633873456	-0.9999984316659627	0.02483067033684665	0.15804355271046175	7226814.777777778	83620.80555555556	35.29	35.39220948759206
-2.275527717618488	-0.9999985427568316	0.026419499073463016	0.10274267500680542	7791341.2	85294.65	34.18	34.40755104550023
-2.275527717618488	-0.9999988129872925	-0.009548218681293023	0.10274267500680542	7791341.2	-10387.15	34.235	34.437925237158396
-2.275527717618488	-0.9999985611948994	0.036323689350756264	0.10274267500680542	7791341.2	73880.775	34.625	34.9834838029954
-2.275527717618488	-0.9999988064514046	0.00727145851492825	0.10274267500680542	7791341.2	10929.85	35.185	35.29244361888775
-2.4315974708467625	-0.9999983819937677	0.03842114693161992	0.08789630858026301	7208896.9	116312.0	36.12	36.369831871681654
-2.4315974708467625	-0.9999987625583195	0.007623373659912067	0.08789630858026301	7208896.9	7483.5	36.325	36.325718116136045
-2.4315974708467625	-0.9999983505231509	0.04516662130902796	0.08789630858026301	7208896.9	145932.825	36.41	36.4552872450599
-0.8044680556627531	-0.9999985186883825	0.034216518393736434	0.44732581571642654	8158907.333333333	177349.66666666666	36.68	36.7284261946792
-0.8044680556627531	-0.9999984992311856	0.07647737463109479	0.44732581571642654	8158907.333333333	207861.83333333334	36.875	37.22560277564636
-2.0677032449156916	-0.99999858184275	0.014037742733635089	0.12647593261597964	7583610.1	46851.125	33.0	33.09795382647072
-2.1802588417458773	-0.9999985911607143	0.025951885192569045	0.11301227455981311	8094639.2	89682.825	33.5	33.845572903491814
-2.2298811070675817	-0.9999985249418776	0.025304717611879933	0.1075412152661879	7698015.3	85392.05	33.85	34.2260219848697
-2.3961917576212315	-0.9999985337768429	0.030537075143453163	0.09106408790758116	7861200.0	101342.75	35.800000000000004	36.00118495381359
-2.1262899421134978	-0.999998541766829	0.01868176330563812	0.11927900597378392	7563116.4	61621.8	32.59	32.70117471641124
-2.1262899421134978	-0.9999985470266489	-0.01631632892741987	0.11927900597378392	7563116.4	-59218.525	32.835	33.15821065532868
-2.1262899421134978	-0.9999986896822405	0.010832381283635622	0.11927900597378392	7563116.4	20131.4	32.59	32.9083282710348
-2.1262899421134978	-0.9999990100578597	-0.0012188395689328078	0.11927900597378392	7563116.4	-1783.775	33.105000000000004	33.58690501499031
-0.29795951237873547	-0.9999985034154416	0.024665198025031424	0.7423313943716983	7615529.0	89078.375	35.0	35.30170930787462
-0.29795951237873547	-0.9999986131389029	0.052252435064935064	0.7423313943716983	7615529.0	38625.0	35.129999999999995	35.376500234778526
-0.29795951237873547	-0.9999984283838548	0.07367611708186075	0.7423313943716983	7615529.0	157736.625	35.6	36.097233944841506
-0.29795951237873547	-0.9999985102022546	0.06972101292197527	0.7423313943716983	7615529.0	84591.25	36.335	36.49592385164762
-2.3186629690339116	-0.9999984823188129	0.035742806651714795	0.09840506831010049	7663075.0	112431.1	34.9	35.04147604626237
