-2.3805196855159325	-0.9999992658923068	0.023289986997242773	0.09250249281126299	16313309.1	158850.6	37.0	37.59356062399344
-2.3805196855159325	-0.9999993125376856	0.02094844485608197	0.09250249281126299	16313309.1	74218.725	38.129999999999995	38.14196587130328
-1.6367589032127199	-0.9999992102996923	0.024626751577901937	0.1946097703362707	14786503.857142856	117818.21428571429	36.5	37.122953216078415
-1.6367589032127199	-0.9999992216676343	0.02888826062210015	0.1946097703362707	14786503.857142856	99588.75	37.54	37.73435731704135
-1.6367589032127199	-0.9999992051600912	0.03834690981560557	0.1946097703362707	14786503.857142856	127121.10714285714	38.144999999999996	38.38750720360408
-1.6367589032127199	-0.9999993018698808	0.009119738141512759	0.1946097703362707	14786503.857142856	30420.464285714286	38.230000000000004	38.45759421374549
-1.8499078127934097	-0.9999991896289256	0.02238347711345595	0.15725166223692127	14347534.444444444	112063.16666666667	37.39	37.56780776615758
-2.079695621846641	-0.9999991724981762	0.03432368859414968	0.12496824401360339	14637294.8	182113.0	40.550000000000004	40.81673383295546
-2.079695621846641	-0.9999992103020416	0.02977949123323435	0.12496824401360339	14637294.8	104718.625	40.88	41.493327516155276
-1.3337320181842716	-0.9999992013556017	0.014574434528648374	0.26349206687655685	13897935.8	66137.65	35.92	36.06993918271575
-2.249003368553558	-0.9999991356623683	0.031511065272446355	0.10550432110605452	15126676.8	476657.7	39.5	39.620453984280836
-2.1978740441326847	-0.9999992061742894	0.025538910502790356	0.11103897156238263	15041470.9	153322.65	39.85	39.99603048933245
-2.010823956323137	-0.9999991847088016	0.02993259563535855	0.1338783193233186	14705590.7	161027.825	39.52	39.92260786121492
-2.010823956323137	-0.9999992231267154	0.02729107353500704	0.1338783193233186	14705590.7	91525.2	40.265	40.73715934219439
-1.5011759227718007	-0.9999991831997388	0.019048363076233716	0.22286793052314718	13854578.5	82158.95833333333	35.410000000000004	35.71492845788459
-1.5011759227718007	-0.9999991358237659	0.03157503240761276	0.22286793052314718	13854578.5	158386.125	35.775000000000006	36.13239131256639
-1.5011759227718007	-0.9999991600760586	0.03493117286458939	0.22286793052314718	13854578.5	113185.5	36.085	36.50894629004799
-1.9349324805737422	-0.9999991935751295	0.028395382780448376	0.144434020596524	14756171.0	147227.825	37.94	38.53539223134579
-1.9349324805737422	-0.9999992327273891	0.024779655482021403	0.144434020596524	14756171.0	82618.9	39.015	39.24904857922093
-2.417905161991063	-0.9999992829352671	0.022696444786682094	0.08910808908919343	16683039.6	156813.575	37.550000000000004	38.245495604592875
-2.417905161991063	-0.9999993163483315	0.017267826626190665	0.08910808908919343	16683039.6	89803.275	38.34	38.50413323553714
-2.417905161991063	-0.9999993679078084	0.01283783911633339	0.08910808908919343	16683039.6	37994.35	38.545	38.72632506024328
-2.417905161991063	-0.9999993020665437	0.03370404030127772	0.08910808908919343	16683039.6	113964.55	38.555	38.762144047002984
