-1.3100930682790357	-0.9999987165409756	0.03600498717683082	0.2697949458649044	9127977.4	122440.05	29.39	29.610554097929658
-1.3100930682790357	-0.9999987144968867	0.07295905566060303	0.2697949458649044	9127977.4	124746.05	29.590000000000003	29.76225801972623
-1.8958582888942248	-0.999998778423835	0.01136619448205885	0.15018937383973405	8559944.8	34772.975	28.34	28.63127925552108
-2.0891689718604374	-0.999999071409227	0.0033896354267440123	0.12378996602930287	9983317.6	10618.175	27.54	27.858879921998717
-2.0891689718604374	-0.9999989686407071	0.016267307392826887	0.12378996602930287	9983317.6	29624.4	28.205	28.365476772733295
-2.0891689718604374	-0.9999987858717594	0.07840076054530189	0.12378996602930287	9983317.6	183693.225	28.51	29.52288927753247
-2.0891689718604374	-0.9999988353752318	0.04042143595480465	0.12378996602930287	9983317.6	112062.275	30.02	30.109843315095613
-2.1925809333352957	-0.9999990857433791	0.012219406182120448	0.11162827138043721	12289193.5	75770.425	30.17	30.406276538859323
-2.1925809333352957	-0.9999989568204801	0.06068503860083059	0.11162827138043721	12289193.5	369472.75	30.439999999999998	30.51181304955998
-2.143175960487823	-0.9999990309297481	0.014143163587277668	0.11728176863748432	11222242.7	52845.225	30.61	30.692036910832556
-2.143175960487823	-0.9999990573650877	0.01999246146099441	0.11728176863748432	11222242.7	39279.275	30.630000000000003	30.69041120286506
-2.2808190587207835	-0.9999992428370841	0.01656399805334684	0.10220046424371117	14991426.2	85045.375	30.6	31.360803910394395
-2.2808190587207835	-0.9999992222557816	0.03756900331838917	0.10220046424371117	14991426.2	115784.55	31.58	31.95888283335568
-0.794275835810448	-0.9999988355237445	0.04176787918562793	0.45190837231789394	10169031.666666666	138911.0	29.330000000000002	29.57954153620727
-0.794275835810448	-0.9999988470814486	0.06415636302435335	0.45190837231789394	10169031.666666666	123507.5	29.650000000000002	29.773183042221103
-2.3210163626093885	-0.9999992512343422	0.020153464276656912	0.0981737547472317	15455127.3	106112.925	31.75	32.01291335678018
-1.09594747651566	-0.999998789006131	0.036666605838189203	0.3342227886401201	9746330.0	133617.75	29.68	30.134825250317995
-1.9678036954783622	-0.9999988101961412	0.004887732322639388	0.1397634825380618	8016953.5	13884.525	28.18	28.396834419747087
-1.9678036954783622	-0.9999986910064721	0.022131320391533628	0.1397634825380618	8016953.5	36102.325	28.43	28.514727761776143
