-2.360562114125214	-0.9999987088905217	0.011292867168703227	0.09436716316943022	8369184.4	49291.8	35.34	35.3519632736925
-1.745791527835039	-0.9999986552197524	0.020172699231782283	0.1745068072913291	8323244.625	72614.59375	34.0	34.953275646453676
-1.745791527835039	-0.9999989828503425	0.003852408162570048	0.1745068072913291	8323244.625	4749.40625	35.545	35.99815919652226
-1.4977762917809445	-0.999998758902056	0.01317276849190424	0.22362688860435767	8696673.166666666	48698.458333333336	33.68	33.68362026408151
-1.4977762917809445	-0.9999987715538976	-0.011271450782456591	0.22362688860435767	8696673.166666666	-43624.375	34.425	34.49325573420675
-1.4977762917809445	-0.9999990598698267	-0.0009681192091006271	0.22362688860435767	8696673.166666666	-3553.625	34.525000000000006	34.687975924898865
-2.232870749006347	-0.9999985083650276	0.010679924437127718	0.10722018565978222	7040868.1	36401.95	32.99	33.093305172127785
-2.232870749006347	-0.9999985561917659	-0.03361927411411212	0.10722018565978222	7040868.1	-25994.1	32.53	32.561391687657434
-1.8429886717399433	-0.9999986189772835	0.019682162417286642	0.15834348153885186	8087622.111111111	70910.63888888889	35.86	36.36087291353584
-2.1295276101361393	-0.999998517205747	0.013590553787051507	0.11889344464696307	7264219.2	47634.925	33.42	34.05558602961798
-2.1295276101361393	-0.9999984761392654	-0.03944993485398671	0.11889344464696307	7264219.2	-64192.575	34.095	34.262306833181036
-2.1295276101361393	-0.9999988667484684	-0.0023453230425828633	0.11889344464696307	7264219.2	-3759.05	34.025000000000006	34.373701789350264
-1.3315972116148378	-0.999998776965686	0.013407098037168656	0.264055172318659	8813817.2	48029.95	34.95	35.02700489432342
-2.496287338514821	-0.9999988769571928	0.02085338969823551	0.08239031886143657	10390324.5	116864.525	34.99	35.52848549084076
-2.496287338514821	-0.9999990143204021	0.02266737350419758	0.08239031886143657	10390324.5	28043.025	36.185	36.208420609840694
-2.465142829719123	-0.9999988310692153	0.014468050345297093	0.08499670144968348	9927028.9	109535.125	34.9	34.928282210972604
-2.465142829719123	-0.9999988663933029	0.03442967760958492	0.08499670144968348	9927028.9	77136.625	34.86	35.16992924553268
-0.2994606880932714	-0.9999988014374596	0.03647900210212264	0.7412178605244293	9716042.0	114150.75	36.62	36.81454669228289
-0.2994606880932714	-0.9999988319980601	0.03211717323780772	0.7412178605244293	9716042.0	84824.875	37.015	37.224774503152425
-1.9277018709447309	-0.9999986077615964	0.024521609991784585	0.1454821513623076	8155726.8	85366.1	35.52	35.795023599831964
-1.9277018709447309	-0.9999987220549444	0.007168954871562159	0.1454821513623076	8155726.8	33608.725	35.96	36.05756695679347
-2.432114952365913	-0.9999988826123755	0.008763354207781121	0.0878508356316912	9600870.9	45609.55	33.34	33.54554104971827
-2.432114952365913	-0.999999041566219	-0.009190034444726864	0.0878508356316912	9600870.9	-9913.95	34.260000000000005	34.475742493737684
-2.432114952365913	-0.9999988729967518	0.024551619178394574	0.0878508356316912	9600870.9	50020.725	34.765	34.858948128394275
-2.432114952365913	-0.9999988202859824	0.06401140268167152	0.0878508356316912	9600870.9	82972.95	34.92	35.021129344665084
-1.6335570271682187	-0.9999986941749358	0.014387944783660058	0.195233885334164	8300272.428571428	50954.28571428572	34.9	35.005077375396496
-2.526186156423706	-0.9999989167632755	0.019406422959466697	0.07996340740218068	10718229.4	110235.1	35.9	36.096570107980696
-2.526186156423706	-0.9999990305684024	0.024346300699621324	0.07996340740218068	10718229.4	32550.875	36.129999999999995	36.17449605774401
-2.277905395873873	-0.9999984373585615	0.017072435700059053	0.10249867617285358	7012225.4	57387.2	33.17	33.76437761235599
-2.277905395873873	-0.9999985299411275	-0.03673767842285773	0.10249867617285358	7012225.4	-29981.95	34.53	34.56924102244389
-2.277905395873873	-0.9999986055271541	0.011433207222390171	0.10249867617285358	7012225.4	17646.65	34.540000000000006	34.69423478408643
-2.277905395873873	-0.9999984394549979	0.042610850726946155	0.10249867617285358	7012225.4	56549.725	34.81	34.918215987294865
