-2.303367465420224	-0.9999981559224282	0.051863431958043306	0.09992179335473281	6235313.9	98557.2	27.25	27.41948764308132
-2.303367465420224	-0.999998166944105	0.06961907056310522	0.09992179335473281	6235313.9	92011.425	27.55	27.583367201062256
-2.303367465420224	-0.9999980598779762	0.05908147670253069	0.09992179335473281	6235313.9	179380.45	27.475	27.514704046362983
-2.373655421200295	-0.9999981552014797	0.046382214330405604	0.09313963863870063	6157358.8	85740.0	27.425	27.56723552983862
-2.373655421200295	-0.9999982406203567	0.044329434321314004	0.09313963863870063	6157358.8	50671.15	27.55	27.563359632442246
-2.373655421200295	-0.9999981341490589	0.08586039137255551	0.09313963863870063	6157358.8	97606.9	27.48	27.51090071061832
-2.373655421200295	-0.999998109855933	0.05480560059201551	0.09313963863870063	6157358.8	113355.75	27.535	27.676656067739156
-1.8821018890070367	-0.9999983402110316	0.03594874149038399	0.15226971512174337	6707660.1	68410.775	26.830000000000002	26.98567040517988
-1.8821018890070367	-0.999998368852471	0.03118938914032399	0.15226971512174337	6707660.1	56453.1	27.1	27.244668818004293
-1.8821018890070367	-0.9999983277942622	0.05868136229714704	0.15226971512174337	6707660.1	74352.625	27.26	27.266875
-1.954075962828118	-0.9999983907368332	0.03649194538144317	0.14169534798847586	6910570.4	67569.475	27.11	27.185693384897604
-1.954075962828118	-0.999998382217635	0.04059451316911011	0.14169534798847586	6910570.4	71666.95	27.2	27.255666250691572
-1.954075962828118	-0.999998341232648	0.06270237175778413	0.14169534798847586	6910570.4	95131.75	27.355	27.524581186676762
-1.8008460993025597	-0.9999982055121842	0.0326335421747957	0.16515908809828186	6757658.666666667	184707.86111111112	26.8	26.831678577323828
-1.8008460993025597	-0.9999982213890123	0.05226244372397506	0.16515908809828186	6757658.666666667	165916.5	26.840000000000003	26.88676766299368
-2.2648392456490183	-0.9999982177525769	0.04947976206053633	0.10384672701226973	6422159.0	93513.925	27.09	27.24008031107926
-1.465310970087918	-0.9999982487737651	0.02256313842478245	0.23100614430574418	6432255.333333333	77988.875	27.45	27.54757911899193
-1.465310970087918	-0.9999982267063486	0.06852928801998877	0.23100614430574418	6432255.333333333	89883.20833333333	27.735	27.779094135802467
-2.13008049406256	-0.9999983456285639	0.04204893590355866	0.11882772854082434	6811303.6	78308.65	27.67	27.76100886702923
-2.436289541099569	-0.9999981865182251	0.0439557156067884	0.08748485895557055	6292188.7	90287.875	27.84	27.947586932490584
-2.018644572307515	-0.9999982151976401	0.049071167437345166	0.13283539188238944	7052765.0	292959.075	27.45	27.46562083696444
-2.018644572307515	-0.9999983627281216	0.06766220549910004	0.13283539188238944	7052765.0	103495.575	27.450000000000003	27.525676050363042
-2.018644572307515	-0.9999983886658538	0.044921405540199584	0.13283539188238944	7052765.0	86193.45	27.545	27.569550552200216
-0.29001228051245376	-0.9999979915575563	0.05308386375240663	0.7482543785749278	5677409.0	89566.625	27.75	27.776056292225533
-2.0769905171897483	-0.999998367373098	0.037976186451994874	0.12530675383827677	6816295.5	68080.95	27.560000000000002	27.623016826873997
-2.0769905171897483	-0.9999982355123114	0.06882397823285027	0.12530675383827677	6816295.5	167253.1	27.575000000000003	27.582444001360166
-2.0769905171897483	-0.9999982979869548	0.07323227956096662	0.12530675383827677	6816295.5	109252.25	27.61	27.653414144658807
