-1.8073203110826304	-0.9999991200528383	0.0509562020429633	0.16409326708287536	14028978.0	229751.83333333334	28.54	28.74064146288311
-1.8073203110826304	-0.9999991397451122	0.06212323309449845	0.16409326708287536	14028978.0	174292.66666666666	28.805	29.143550394232687
-1.8073203110826304	-0.9999991375959681	0.06816649109740953	0.16409326708287536	14028978.0	179627.69444444444	29.384999999999998	29.85474490602682
-1.8073203110826304	-0.9999991161489354	0.05833746390854819	0.16409326708287536	14028978.0	242685.83333333334	30.16	30.25454571033186
-1.8906879234938616	-0.9999991679432234	0.047884292824397566	0.15096791872813226	14941193.3	250676.15	30.45	30.53248127660435
-1.8906879234938616	-0.999999135258263	0.05512143976093975	0.15096791872813226	14941193.3	408509.725	30.48	30.498602682168464
-1.8906879234938616	-0.9999991950532735	0.06133713421971765	0.15096791872813226	14941193.3	167185.4	30.335	30.51211709949661
-1.6023252551010345	-0.9999989714490773	0.05946248178360237	0.20142760247169123	12213569.42857143	285579.1785714286	28.900000000000002	28.97525014318757
-1.6023252551010345	-0.9999990867364208	0.028658812363594032	0.20142760247169123	12213569.42857143	69856.17857142857	28.990000000000002	29.142322620898344
-1.4696603946092508	-0.9999989672866035	0.06231366202747195	0.23000358238132743	12269732.5	318416.0	28.88	29.091195111593777
-1.4696603946092508	-0.9999991252773229	0.019929589812583314	0.23000358238132743	12269732.5	45825.291666666664	29.155	29.17240923615671
-2.1954550830514616	-0.9999992858613119	0.04464742251355772	0.11130789564039907	17654226.7	298809.925	31.990000000000002	32.808726543626506
-0.2895626029115487	-0.9999988405424755	0.07207243612770864	0.7485909274723314	11569725.5	669712.5	28.03	28.18714308260047
-0.2895626029115487	-0.9999988684920467	0.07775050230801006	0.7485909274723314	11569725.5	484675.25	28.115000000000002	28.446007727892557
-2.0302175652408794	-0.9999992229601512	0.044470410998010676	0.13130695021233238	16199501.1	292919.9	30.96	31.270132522446747
-2.0302175652408794	-0.9999992540464859	0.05606477985485342	0.13130695021233238	16199501.1	177029.05	31.695	31.733904128851453
-2.0302175652408794	-0.9999992626443344	0.05562935892696757	0.13130695021233238	16199501.1	154012.25	31.595	31.67537820419154
-0.7891172404140081	-0.9999990856271839	0.07400622038624209	0.4542456080105546	14166371.0	422245.5	28.650000000000002	29.01585952039145
-2.2845475689821986	-0.9999993459366566	0.03596948926633212	0.1018201182666204	19793801.8	419323.425	31.78	31.858327956345306
-1.0909566749577615	-0.9999990725589903	0.07243034114858839	0.3358949976149679	14001599.75	436112.5	28.990000000000002	29.324674767053132
-2.241756014719696	-0.9999993260011265	0.04322368787989318	0.1062717257195595	18683232.4	294335.1	31.61	31.73147748638178
-2.1449898254347217	-0.999999239986737	0.03687480617049939	0.1170692281665709	16224391.8	226556.25	31.89	32.04345328640407
