-1.334361705967095	-0.9999899357310703	0.02555617365683672	0.2633262013683964	914854.3333333334	9969.041666666666	11.02	11.105594110088008
-1.334361705967095	-0.9999888088822791	0.05868838237337199	0.2633262013683964	914854.3333333334	27950.958333333332	11.0	11.035784940261184
-1.1874017230226348	-0.9999907887891906	0.015224269736214083	0.3050127429685823	946690.6	6124.2	11.01	11.093395641338706
-1.634756641428708	-0.9999882830836745	0.0374135239874615	0.19499982040307068	888605.4444444445	33245.86111111111	10.88	10.883553747123015
-2.0146772435380615	-0.9999883452632441	0.056060449186554374	0.13336344033249994	852176.5	20575.25	11.22	11.37725053741072
-2.0146772435380615	-0.9999878538553176	0.08714848482484287	0.13336344033249994	852176.5	31276.65	11.36	11.381085342117084
-2.0146772435380615	-0.9999912023323514	0.011702263072887612	0.13336344033249994	852176.5	1801.925	11.38	11.415261412904872
-2.153075263848927	-0.9999856665536322	0.08528530477476483	0.11612648849969781	774268.5	66033.725	11.25	11.250594408171088
-1.8305397923241709	-0.9999890398427923	0.03641703323854169	0.16032700112870243	880243.7	15483.725	10.85	10.854324383591155
-1.9297559582547832	-0.9999890123962926	0.05670423680713971	0.14518362502589857	905170.6	20860.4	11.0	11.030775188266926
-1.9297559582547832	-0.9999884506805681	0.0852888743539178	0.14518362502589857	905170.6	34685.45	11.18	11.294235445432852
-1.974039026507104	-0.9999884193344055	0.05527995175350309	0.13889472227734687	857370.0	20514.075	11.21	11.221290322580643
-1.974039026507104	-0.9999878951114086	0.08445602727349134	0.13889472227734687	857370.0	32155.45	11.24	11.242391254578756
-1.882595156023174	-0.9999881747274474	0.04333341238428802	0.15219462401522277	817096.2	15714.225	10.84	10.84443332449629
