-0.7698113920460402	-0.9999968268311186	0.06682706103341876	0.4631004044945894	3774478.6666666665	159062.41666666666	22.11	22.195546157482283
-0.7698113920460402	-0.999996882037394	0.09134899683957072	0.4631004044945894	3774478.6666666665	129143.0	22.155	22.53673924206924
-1.2750265980814737	-0.9999966487817354	0.04143650689835777	0.2794235359925903	3212218.0	47326.35	22.47	22.68666790470632
-1.2750265980814737	-0.9999964700127416	0.07964820834557464	0.2794235359925903	3212218.0	84042.4	22.58	22.582389587959536
-1.2750265980814737	-0.9999965767252569	0.08240506308130284	0.2794235359925903	3212218.0	59652.3	22.56	22.612607778638615
-1.9742601012643624	-0.9999960528753412	0.02845693465369906	0.13886401955425856	2680498.1	39349.35	22.875	22.922775602275777
-1.9742601012643624	-0.9999959853423248	0.0593221852778443	0.13886401955425856	2680498.1	47158.1	23.175	23.195140120852813
-1.910749720016884	-0.9999961349231394	0.03597315871997581	0.14796940937164516	2722319.6	37121.35	21.62	21.8486010692754
-1.910749720016884	-0.9999959717735427	0.06723616098090077	0.14796940937164516	2722319.6	57878.575	22.275	22.360933539244847
-1.910749720016884	-0.999996073878454	0.07016192762413685	0.14796940937164516	2722319.6	43832.675	22.31	22.67864719479496
-2.0318155996837772	-0.9999960143863059	0.03551594155547539	0.13109728475423174	2685984.0	44590.325	23.36	23.89769252337495
-2.132463476296594	-0.9999963214514669	0.040988094891661386	0.11854490129479092	2988974.4	59579.725	23.85	24.449174506057375
-2.132463476296594	-0.9999966047955227	0.03477577372150083	0.11854490129479092	2988974.4	25543.55	24.28	24.4188756238241
-2.21953982997283	-0.9999969451118551	0.040543985118461176	0.1086590989826208	3630668.2	65596.0	23.0	23.374844525101153
-2.21953982997283	-0.9999972328246013	0.02328992374544084	0.1086590989826208	3630668.2	23078.4	24.130000000000003	24.172990940276396
-2.21953982997283	-0.9999969606831755	0.08908066871430653	0.1086590989826208	3630668.2	61990.4	24.130000000000003	24.292404219841913
-1.6706519360002268	-0.9999962929023133	0.03631289277128397	0.18812438059546335	2869845.625	41721.59375	22.0	22.343317367258848
-0.2787169196711945	-0.9999965688823685	0.058314833035933676	0.7567540950949275	3177732.0	54347.5	21.1	21.30043791697314
-0.2787169196711945	-0.9999964489108281	0.0753242348927437	0.7567540950949275	3177732.0	79570.375	21.765	21.898510230214463
-0.2787169196711945	-0.9999963472425535	0.12793507011229024	0.7567540950949275	3177732.0	109916.375	21.884999999999998	22.06784883964597
-2.084079982256111	-0.9999961090489932	0.041380910283525106	0.12442153754696349	2807128.6	55402.6	23.12	23.637422319525843
-2.084079982256111	-0.999996409065719	0.03382955475871329	0.12442153754696349	2807128.6	23865.1	23.805	23.91173283390286
-2.084079982256111	-0.9999962283916638	0.06815501362209445	0.12442153754696349	2807128.6	39630.9	23.815	23.93711827284599
-2.258055785057407	-0.9999971807862792	0.03994572817215629	0.10455356187530941	3970721.4	72714.675	24.02	24.376813392041417
-2.258055785057407	-0.999997357662922	0.033874674731112775	0.10455356187530941	3970721.4	36024.575	24.8	24.949187890312388
