-2.1520419581489363	-0.9999925325370768	0.0401738472293718	0.11624654467886929	1471337.8	59109.3	16.48	16.494680189581704
-1.7193111453304466	-0.9999934722485931	0.06191085563016303	0.1791895409587	1613788.111111111	37585.77777777778	17.240000000000002	17.250130353037147
-1.4009731669844878	-0.9999936563536374	0.054888895943308515	0.2463571006502719	1688847.8333333333	44955.625	17.3	17.34023094017094
-1.4009731669844878	-0.9999935332166091	0.09006924820458326	0.2463571006502719	1688847.8333333333	55347.958333333336	17.330000000000002	17.414241265580227
-2.0715572601991004	-0.999993494034555	0.04959948151249285	0.12598943053410913	1567539.4	26858.025	16.080000000000002	16.19076268784219
-2.0715572601991004	-0.9999935710670098	0.046861953970284906	0.12598943053410913	1567539.4	23802.925	16.31	16.356313107853516
-1.9778046011226829	-0.9999935394529205	0.05061474299214923	0.13837268733451774	1584578.3	27923.025	16.27	16.279737879403438
-2.188328470559066	-0.9999929986990639	0.04342716732175963	0.11210397719302136	1465631.5	28603.725	16.5	16.503279128544914
-2.188328470559066	-0.9999930307529676	0.05256874577071715	0.11210397719302136	1465631.5	27290.975	16.645	16.705031642428576
-2.188328470559066	-0.999993571654665	0.04122907276938104	0.11210397719302136	1465631.5	12351.15	16.72	16.741957734599282
-2.113194790558507	-0.9999933306870034	0.057598275566494626	0.12085125458349165	1546252.7	30103.9	16.35	16.463261774952546
-2.113194790558507	-0.9999932936294674	0.03884757621384281	0.12085125458349165	1546252.7	31879.3	16.425	16.436468301198126
-1.5260566477359043	-0.9999937267162761	0.06598595337121305	0.21739122951287046	1699164.0	42587.42857142857	17.45	17.514678715805115
-0.27057156395289694	-0.9999941081583746	0.06399029861647128	0.7629432988042059	1798886.5	40083.875	17.38	17.387899710320518
-1.0422948399987582	-0.9999937389454581	0.07812199023518818	0.35264449000288506	1828226.75	93584.1875	17.47	17.474733086745278
