-1.6627232818751623	-0.9999944650308145	0.06330362138068224	0.18962188248411044	2134410.375	135115.90625	21.415	21.45803279024977
-1.8337411093982852	-0.999994283468474	0.05383436979663135	0.15981456423667298	1943690.1	66913.15	21.41	21.438313604670018
-1.8337411093982852	-0.9999945988458591	0.05547386653680765	0.15981456423667298	1943690.1	36248.1	21.490000000000002	21.498747697974217
-1.8337411093982852	-0.9999946255324499	0.09087712205778245	0.15981456423667298	1943690.1	34415.775	21.52	21.538394222770144
-2.0234110817791016	-0.9999944397450845	0.045652387859452234	0.13220373731846283	1886821.7	35996.675	21.5	21.697653033531
-1.2691950116724486	-0.9999952519713583	0.026037214686931865	0.2810577789706561	2069769.4	18532.3	20.45	20.562096557432394
-2.2073943124012767	-0.9999952252296398	0.06337294914971388	0.10998686687078708	2323457.6	65772.775	22.43	22.923504571985863
-2.2073943124012767	-0.9999952575967019	0.09046985239129543	0.10998686687078708	2323457.6	61007.775	22.900000000000002	23.011006212558243
-2.2073943124012767	-0.9999957370164155	0.047681030299769195	0.10998686687078708	2323457.6	20026.5	22.975	23.0825001179825
-2.377898069627351	-0.999995727277173	0.06141915900036453	0.09274531697291567	2611740.4	70208.775	22.580000000000002	22.963992294607678
-2.0751039231626276	-0.9999943985538924	0.06726120860755842	0.12554337995014664	1944116.1	53628.875	21.7	22.049905605625803
-2.0751039231626276	-0.9999945790085596	0.0649357567190398	0.12554337995014664	1944116.1	37760.175	22.105	22.167242217718286
-2.1665529627444022	-0.9999947644155914	0.06778827934939596	0.11457187052314949	2112250.4	63503.45	21.89	22.05035296565566
-2.1665529627444022	-0.9999948338642055	0.08541560297297389	0.11457187052314949	2112250.4	54838.85	22.295	22.440512801412847
-1.5558830757139965	-0.9999951830270246	0.04518164628086655	0.21100296874701244	2174822.4285714286	35455.46428571428	21.150000000000002	21.35540666882398
-1.5558830757139965	-0.9999951272866385	0.05272359430971968	0.21100296874701244	2174822.4285714286	40025.07142857143	21.265	21.288985162599165
-2.1227449720635625	-0.9999946610668163	0.06584527101717744	0.1197025968424196	2053067.9	57594.075	22.0	22.20509679844621
-0.2777249078819358	-0.9999941580648217	0.09527535524007223	0.7575051765580704	1832045.0	44474.25	20.76	21.116999140629584
-0.2777249078819358	-0.9999936650349918	0.13494676674939948	0.7575051765580704	1832045.0	109746.875	21.225	21.397648656831464
-0.2777249078819358	-0.9999941247492977	0.1076505080982608	0.7575051765580704	1832045.0	47273.375	21.535	21.60100798808255
-1.9667975909577273	-0.9999945113094185	0.03599146986080971	0.1399041699709266	1866674.1	28157.275	21.57	21.688103555856546
-1.9667975909577273	-0.9999947189048899	0.034047874193062766	0.1399041699709266	1866674.1	19111.225	21.515	21.58443287790067
