-2.081504560154712	-0.9999932663003155	0.03839967651226241	0.1247423885106386	1589333.9	44447.975	11.43	11.499688112709615
-2.081504560154712	-0.9999933108819635	0.07880121552573792	0.1247423885106386	1589333.9	41407.525	11.385000000000002	11.566895211753591
-1.5881771090297543	-0.9999965001215106	0.03007257006951066	0.2042976849118323	3089903.375	49725.15625	11.85	11.871843809871361
-1.5881771090297543	-0.999996222447974	0.11796210622403196	0.2042976849118323	3089903.375	117273.28125	11.96	12.051938167068544
-2.0064976320274925	-0.999994857638117	0.01136086350832615	0.13445877506338305	1755765.1	8338.675	11.18	11.19407207163718
-1.9167248881811654	-0.9999956556800179	0.055935037473338674	0.14708790346317271	2706941.2	128003.25	11.629999999999999	11.6352540541079
-1.9167248881811654	-0.9999957275683918	0.12428544939472494	0.14708790346317271	2706941.2	105367.725	11.575	11.719285684130535
-2.1479343618547575	-0.9999932054479025	0.030692104798479093	0.11672502057516175	1409675.3	14444.125	11.27	11.305658225725304
-2.1479343618547575	-0.9999925392495191	0.08182560926507254	0.11672502057516175	1409675.3	36945.85	11.315000000000001	11.361740973500638
-2.2067625399035635	-0.9999913388681001	0.048270749523460346	0.11005637550289481	1137833.2	19050.925	11.56	11.64149230923214
-0.2632794646404133	-0.9999930944751365	0.08194242848238376	0.7685270911500189	1557865.5	46997.875	14.94	14.994008467398245
-1.9639925667360352	-0.9999952640076931	0.04393187371957568	0.14029715546565377	2295241.4	52587.125	11.69	11.708817284410504
-2.178014166313733	-0.9999915806076912	0.05965579052403262	0.11326623535919851	1198038.8	24021.8	11.35	11.427770860611423
-2.2597345513923583	-0.9999916579618047	0.04956973908342643	0.10437818812239737	1201800.3	22593.55	11.25	11.517646103464529
-2.2597345513923583	-0.9999914372343078	0.07835398486192949	0.10437818812239737	1201800.3	29457.4	11.66	11.684472894103619
-2.2597345513923583	nan	nan	0.10437818812239737	1201800.3	nan	11.565000000000001	11.590319815455594
-1.8073649750464857	-0.9999963414706233	0.026450559328535902	0.16408593819079542	2876934.9	37246.9	11.73	11.834365379052622
-1.8073649750464857	-0.9999959209899071	0.09724860160293872	0.16408593819079542	2876934.9	124871.25	12.075	12.085426788654562
-2.0448188465605903	-0.9999939575866841	0.03442734671688431	0.1294036297668121	1648070.2	21126.3	10.96	11.029308264876109
-2.0448188465605903	-0.9999937299741154	0.05842977779492543	0.1294036297668121	1648070.2	30742.775	11.165	11.257694428125989
-2.0448188465605903	nan	nan	0.1294036297668121	1648070.2	nan	11.365	11.394252780528875
