-2.1921963915929523	-0.9999962810187439	0.03408988090003832	0.11167120536483414	2927917.8	53575.8	21.1	21.123979925956398
-2.1921963915929523	-0.9999962074370196	0.077102206833373	0.11167120536483414	2927917.8	66456.15	21.16	21.309301298414592
-2.1051027941828537	-0.9999958924967126	0.04220659939242413	0.12183314988628746	2847677.3	120190.775	21.03	21.07547820463934
-1.8629386922929012	-0.9999952183561894	0.03869557088172539	0.15521582793855074	2196056.0	36342.025	24.87	25.21395922983106
-2.2311746282273717	-0.9999964423199343	0.03763121510397428	0.10740219835873083	3097068.8	60983.8	21.42	21.946502431308218
-2.2311746282273717	-0.9999963755892753	0.08013463915049071	0.10740219835873083	3097068.8	74984.45	22.275	22.32817776685005
-1.688582975012153	-0.9999955361261105	0.03326361607498664	0.18478117811066183	2320800.25	31562.59375	24.7	25.087264334521123
-1.688582975012153	-0.9999952804453008	0.08047059892327688	0.18478117811066183	2320800.25	57132.375	25.025	25.24896166778749
-1.688582975012153	-0.9999961216530547	0.02134870728975112	0.18478117811066183	2320800.25	8109.125	25.375	25.38580474934037
-1.9343695390359201	-0.9999948789351552	0.04286196780242935	0.1445153513962873	2174123.0	68446.675	24.96	24.969546853006975
-1.9343695390359201	-0.9999950882495079	0.06279645835710496	0.1445153513962873	2174123.0	43422.225	24.88	25.027393907876323
-2.366728818173261	-0.9999963190246084	0.03567868763752629	0.09378701942817536	2970264.8	56019.425	22.400000000000002	22.547861725808566
-1.9990771101480975	-0.9999956190460366	0.04856588915550367	0.13546024044811822	2522613.8	63034.6	22.43	22.501228344819275
-1.9990771101480975	-0.9999957557633944	0.06631934608773979	0.13546024044811822	2522613.8	44647.225	22.435000000000002	22.43744787922358
-1.0759036610009338	-0.9999960979401215	0.03199115558651691	0.34098947714027594	2685060.5	35498.25	23.900000000000002	24.050362746328606
-1.0759036610009338	-0.9999959221750931	0.07082269273178465	0.34098947714027594	2685060.5	56907.875	24.88	24.910253841320984
-1.2871508379966399	-0.9999961861817638	0.030353907828811266	0.2760561924935707	2723980.8	32491.6	24.76	24.964700203585735
-1.2871508379966399	-0.9999959366731709	0.07449076856082312	0.2760561924935707	2723980.8	64113.4	24.53	24.914920530008022
-1.2871508379966399	-0.9999969552879774	0.010086897063313241	0.2760561924935707	2723980.8	3997.75	25.235	25.255885386560692
-2.2683761596267225	-0.9999964264595169	0.03722339233702025	0.10348007885567942	3084913.0	61331.275	22.27	22.541432282501216
-2.395908522938105	-0.9999960200543302	0.025123706803048415	0.09108988406867516	2574180.9	28143.3	22.3	22.460785133878346
-1.4494489672982966	-0.9999958531325971	0.03231186196469429	0.2346995796120411	2502388.5	32113.833333333332	24.990000000000002	25.052181312387496
-2.150446589432881	-0.9999960724567706	0.03508108439725005	0.11643214879373204	2773814.2	53866.1	20.94	21.085451888958463
