-2.383168044964195	-0.99999590401157	0.02773924586511119	0.09225783707160556	2574012.6	37914.9	22.14	22.147583659278574
-2.383168044964195	-0.9999956839503668	0.08078460204578901	0.09225783707160556	2574012.6	66806.2	22.245	22.59728149100257
-1.9757980789789158	-0.9999971366534101	0.034148923793981975	0.13865061393543912	3789351.6	51544.85	21.63	22.12518069128968
-1.9757980789789158	-0.999997864235048	0.0026846591900040505	0.13865061393543912	3789351.6	3271.025	22.299999999999997	22.4201605355518
-1.070149861853429	-0.9999970563593706	0.048477534945169556	0.34295711737809326	3703604.0	54288.125	22.53	22.93622692255365
-2.253082611411499	-0.9999962228996259	0.04058537986249439	0.10507481997299827	2926839.3	63256.3	22.19	22.23278824387062
-2.253082611411499	-0.9999961680499165	0.07819884579975725	0.10507481997299827	2926839.3	74271.95	22.44	22.50614600425255
-2.253082611411499	-0.9999968404141529	0.024045863250805863	0.10507481997299827	2926839.3	10378.625	22.555	22.559784552845528
-0.2823673856936131	-0.9999950911326444	0.08801549242761629	0.7539966260690969	2245527.5	61266.0	22.88	23.01942371090988
-2.3219667365383407	-0.9999961883753877	0.04915696556716574	0.09808049729195893	2879610.8	58453.0	22.5	22.723875717017208
-2.175046487794911	-0.9999965439256862	0.04495455201868626	0.11360287240097383	3186486.2	60640.4	21.3	21.48855281084182
-2.175046487794911	-0.9999966941334293	0.03564665007830582	0.11360287240097383	3186486.2	37574.15	21.64	21.97016335257746
-1.9135283367432665	-0.9999970762189863	0.025807801456071755	0.14755882978159418	3581185.3	35262.425	21.38	21.72053176279125
-1.2791041162815449	-0.9999971170790938	0.04547157000750316	0.27828650115455134	3809785.2	58882.1	22.68	22.967067342969987
-2.411365965430158	-0.9999953321714328	0.046135577527982245	0.08969269373807606	2496735.3	115188.325	22.69	22.788233629629513
-1.6742961722076488	-0.9999973003553503	0.02594047003414816	0.1874400585890574	3889878.25	36361.34375	21.71	21.86588711892337
-2.084532046302734	-0.9999967260838704	0.04224658147323176	0.12436530375480843	3376079.3	63132.1	22.37	22.514201117969023
-1.5677199978531464	-0.9999973600333953	0.015856955741727713	0.2085200669826997	4025272.285714286	41215.107142857145	21.78	21.79652818459855
