-1.367275426880227	-0.9999968008402238	0.05512652158581592	0.25480023655742395	3139801.5	23033.0	13.81	13.874067979127133
-1.367275426880227	-0.9999968556170336	0.04506466316018176	0.25480023655742395	3139801.5	19393.375	13.88	13.89831843737883
-1.367275426880227	-0.9999962816087895	0.06122867644110889	0.25480023655742395	3139801.5	117595.0	13.89	13.96053629598378
-1.367275426880227	-0.999996646552084	0.09346678877004458	0.25480023655742395	3139801.5	37389.083333333336	13.84	13.884518750558152
-1.367275426880227	-0.9999966151902886	0.046692123717873756	0.25480023655742395	3139801.5	41258.25	13.905000000000001	14.018203053614242
-1.6770462804422974	-0.9999968192992424	0.0656007833513695	0.18692528630461708	3462637.111111111	60693.75	14.14	14.233227721158414
-1.6770462804422974	-0.9999970621570018	0.06166267220943955	0.18692528630461708	3462637.111111111	26177.25	14.295000000000002	14.345608493799155
-1.6770462804422974	-0.9999966993417343	0.07629936542109717	0.18692528630461708	3462637.111111111	91947.30555555556	14.415	14.417903827409463
-1.6770462804422974	-0.9999968365807471	0.09441692048693855	0.18692528630461708	3462637.111111111	57168.333333333336	14.495000000000001	14.567358096470825
-1.5906307013195904	-0.9999967934819902	0.041368115229883	0.2037970361324574	3068834.0	18773.8125	13.9	13.941723892886952
-1.5906307013195904	-0.9999966550442391	0.059094602097169144	0.2037970361324574	3068834.0	28712.25	13.96	14.08707204696985
-1.5906307013195904	-0.999996781366624	0.05744902449433581	0.2037970361324574	3068834.0	19485.0	14.145	14.16374914158571
-1.5906307013195904	-0.9999965888325196	0.10320811091582414	0.2037970361324574	3068834.0	35181.59375	14.14	14.154377420972802
-1.8813204084331343	-0.999997534947174	0.027465515708218154	0.15238875745468158	3941653.9	16586.175	14.450000000000001	14.596762992411824
-1.8813204084331343	-0.9999972159037552	0.10076722613910123	0.15238875745468158	3941653.9	58333.2	14.64	14.67881470653269
-1.2162209786136358	-0.9999967158414091	0.04003934160830643	0.2963479587881345	2960625.6	16699.0	13.72	13.741008291873964
-1.2162209786136358	-0.9999960248184121	0.05010632759744543	0.2963479587881345	2960625.6	129187.05	13.74	13.747376724818409
-0.7356534736859435	-0.9999967409633406	0.08460878421241147	0.47919221713398485	3245366.3333333335	39212.166666666664	13.81	13.929072507794121
-1.9351982796742173	-0.9999976478040884	0.022024954732838973	0.14439563526539065	4020456.6	12795.175	14.41	14.556913430072338
-1.9351982796742173	-0.9999969376193668	0.08126693764090452	0.14439563526539065	4020456.6	222384.675	14.57	14.629893480837156
-1.9351982796742173	-0.9999973904705534	0.08814950576273527	0.14439563526539065	4020456.6	36007.125	14.395	14.483300146721637
-1.9351982796742173	-0.9999973551937311	0.101267799158258	0.14439563526539065	4020456.6	41494.025	14.555	14.6288448030215
-1.9351982796742173	-0.9999972881874615	0.09223775200259854	0.14439563526539065	4020456.6	54323.175	14.675	14.795223880482762
-1.9351982796742173	-0.9999972693007995	0.07907853245327412	0.14439563526539065	4020456.6	58608.825	14.83	14.832251834056835
