-1.9820008476058606	-0.9999958995289949	0.06723307431343283	0.13779325799632275	2453930.2	23440.65	13.46	13.608070255474452
-2.067155408182028	-0.999995609204988	0.0785289040437685	0.12654523976055748	2306689.3	25038.25	13.0	13.087149679152366
-2.067155408182028	-0.999995757606827	0.0653176585206721	0.12654523976055748	2306689.3	17779.95	13.105	13.14937963587323
-2.067155408182028	-0.9999958112340394	0.05852528511055193	0.12654523976055748	2306689.3	15711.025	13.16	13.24862148953334
-2.067155408182028	-0.999995664690238	0.10215535669736717	0.12654523976055748	2306689.3	22030.15	13.31	13.318848484848484
-2.1737033046721064	-0.9999947162044038	0.0647623298838047	0.11375556438557688	2051657.3	51047.825	13.700000000000001	13.704812059143984
-0.25954789747576545	-0.9999943752313202	0.10885754830971657	0.7714002589838966	1868462.0	36667.25	13.9	13.951875450386284
-0.25954789747576545	-0.9999944822007959	0.1360394148710827	0.7714002589838966	1868462.0	30024.375	13.925	14.008374220842205
-0.25954789747576545	-0.9999945472039602	0.14596822669495596	0.7714002589838966	1868462.0	26590.375	14.01	14.03735551352374
-2.1046637832807087	-0.9999952744331548	0.08890348039029095	0.12188664770953488	2150641.6	25924.975	13.18	13.338131148580985
-2.1046637832807087	-0.9999954225428523	0.0677662945645485	0.12188664770953488	2150641.6	18852.8	13.43	13.49593492671278
-1.4905450325023326	-0.9999962170423523	0.06921832956300855	0.22524985358560082	2681847.8571428573	25470.535714285714	14.09	14.145752395479217
-1.4905450325023326	-0.9999959429146724	0.143352860841641	0.22524985358560082	2681847.8571428573	53128.392857142855	14.165	14.181446800292184
-1.4905450325023326	-0.9999956295332263	0.08300457744539098	0.22524985358560082	2681847.8571428573	123120.5	14.18	14.190646466773545
-1.4905450325023326	-0.999996339822544	0.06144868084641596	0.22524985358560082	2681847.8571428573	18324.321428571428	14.175	14.192737679752504
-1.4905450325023326	-0.9999959861480026	0.08418381223662692	0.22524985358560082	2681847.8571428573	47312.0	14.19	14.215847229825409
-2.1402060250410058	-0.9999945900310152	0.05782346198226774	0.11763060567475699	2137235.9	105068.775	13.530000000000001	13.534373476820887
-2.1402060250410058	-0.9999954308561018	0.08360042850416625	0.11763060567475699	2137235.9	17418.375	13.615	13.682352762574723
-2.1402060250410058	-0.9999956077107324	0.042865405673499564	0.11763060567475699	2137235.9	11935.525	13.65	13.68256768142156
-1.368661251071559	-0.9999957910821858	0.06949318347132832	0.2544473727856943	2397524.0	24123.458333333332	13.98	13.994639990451466
-1.368661251071559	-0.9999954750035525	0.1490943039151079	0.2544473727856943	2397524.0	51470.708333333336	14.06	14.101218884145947
-1.0181132235837334	-0.9999949002546417	0.11484918585306411	0.36127594445140077	2034110.25	31997.5	14.09	14.135106259728314
-1.0181132235837334	-0.9999948154321132	0.1426369551476229	0.36127594445140077	2034110.25	38023.375	14.115	14.116683793233157
-1.8210034779341275	-0.9999960948972548	0.06877736860533247	0.16186324321814824	2594053.2	25084.475	13.620000000000001	13.758887954173485
-1.8210034779341275	-0.9999955607100848	0.08433110543814809	0.16186324321814824	2594053.2	100282.275	13.780000000000001	13.789032788960627
-0.7354341612856032	-0.9999943984244131	0.13231640243050705	0.4792973214542679	2057150.6666666667	101040.33333333333	14.1	14.120738946165673
