-2.3723474638863893	-0.9999985716791915	0.008611188836533149	0.09326154101444595	7006496.2	22191.825	17.650000000000002	17.679883336671338
-2.3723474638863893	-0.9999984297630848	0.02959719973900388	0.09326154101444595	7006496.2	59984.55	17.905	18.076641844454535
-2.3723474638863893	-0.9999985019674942	0.051718469908723495	0.09326154101444595	7006496.2	36168.05	17.77	18.17408627800184
-2.3723474638863893	-0.9999987594898609	0.008077970063380551	0.09326154101444595	7006496.2	5951.875	18.28	18.349817850015295
-2.3723474638863893	-0.999998495259066	0.021886322244780314	0.09326154101444595	7006496.2	37908.675	18.265	18.305687313867708
-1.5491114359455522	-0.9999989642790229	0.02069609765653878	0.21243665356151561	11201022.714285715	109220.60714285714	19.63	20.08893150975431
-1.5491114359455522	-0.9999989925180954	0.04193765213180584	0.21243665356151561	11201022.714285715	79603.64285714286	20.365000000000002	20.50872825746298
-0.7660043091409476	-0.9999987011770517	0.06750703463818497	0.4648668264517753	9115380.666666666	138587.66666666666	19.990000000000002	20.147577635741495
-2.1077526896606167	-0.9999989056174626	-0.02931501678231773	0.1215107321486813	10181369.3	-69030.125	18.7	18.71617455400064
-2.1077526896606167	-0.9999989965553329	0.007618102504533566	0.1215107321486813	10181369.3	27348.15	18.905	18.92775557889121
-2.1077526896606167	-0.9999989719106006	0.018014432980285575	0.1215107321486813	10181369.3	35148.225	19.04	19.042010945273635
-2.1077526896606167	-0.9999989729212532	0.03555093193916311	0.1215107321486813	10181369.3	34788.4	19.045	19.07984741227888
-2.1077526896606167	-0.9999992108878611	-0.0021166329406509523	0.1215107321486813	10181369.3	-3083.8	19.119999999999997	19.13178172852323
-2.318025762960063	-0.9999987574019462	-0.005953519263382759	0.09846779259935191	7485431.3	-10952.15	17.240000000000002	17.296459415371046
-2.318025762960063	-0.9999986221664816	0.03186074550577986	0.09846779259935191	7485431.3	30141.1	17.39	17.578095333466855
-2.318025762960063	-0.9999989683869446	-0.0027624415913377375	0.09846779259935191	7485431.3	-2256.625	17.54	17.5631041331238
-2.318025762960063	-0.9999990447646678	0.001953184908354978	0.09846779259935191	7485431.3	1273.55	17.585	17.61121049092132
-1.8948245992439727	-0.9999990899802855	-0.017592722016726917	0.1503447033084512	11704937.7	-42264.4	19.8	19.9856064595958
-1.0573873692348703	-0.9999986564312294	0.05917324336929529	0.3473621548951841	9064663.75	194656.9375	19.88	19.922823526258206
-1.0573873692348703	-0.9999986514286404	0.03511105752092488	0.3473621548951841	9064663.75	203687.25	20.005000000000003	20.037160705248063
-2.0122022371373314	-0.9999990415440965	-0.028445232986176273	0.1336939245074677	11652839.7	-70878.25	19.04	19.229513714987135
-2.0122022371373314	-0.9999990775411924	-0.027744261262730007	0.1336939245074677	11652839.7	-46594.75	19.15	19.15536493357389
-2.258017109893478	-0.9999987929630936	-0.010270540432086157	0.10455760557964917	8259773.1	-21371.3	16.15	16.196449755271743
-2.258017109893478	-0.9999987842696402	0.02309562944803393	0.10455760557964917	8259773.1	22962.4	16.495	16.571433519802106
-2.258017109893478	-0.9999988051482878	-0.021040073686720385	0.10455760557964917	8259773.1	-19324.95	16.735	16.81786897152818
-2.258017109893478	-0.9999990864606723	-0.002814249001930672	0.10455760557964917	8259773.1	-1891.45	16.71	16.817053756030322
-2.258017109893478	-0.999998825830802	-0.005788166820354045	0.10455760557964917	8259773.1	-16290.05	16.92	16.93733370149104
-2.2885251709514063	-0.9999987770040982	0.006573502561102336	0.10141592276102633	7767237.6	13349.375	17.035000000000004	17.340261176913966
-2.2885251709514063	-0.9999986932618249	0.026725969494895932	0.10141592276102633	7767237.6	25583.6	17.445	17.62765693656261
-2.2885251709514063	-0.9999988560002785	-0.00889396357449959	0.10141592276102633	7767237.6	-7227.0	17.525	17.651525104840406
-0.2775677262002945	-0.9999987491697158	0.07479278337321119	0.7576242518535562	9639632.0	172394.0	19.98	20.155583139727845
-0.2775677262002945	-0.9999987476409364	0.06856578200421028	0.7576242518535562	9639632.0	174953.375	20.1	20.145416231654238
