-1.0155416763509018	-0.9999938738747417	0.050613068332856656	0.36220617816398315	1653584.0	25084.9375	13.5	13.509387100282794
-1.0155416763509018	-0.9999940146907262	0.10511718254136165	0.36220617816398315	1653584.0	19873.875	13.59	13.630120331535853
-1.866104954061864	-0.9999951451121561	0.01554090081149948	0.1547251512120192	2067593.0	22877.025	12.030000000000001	12.032226865731587
-1.866104954061864	-0.9999953853506841	-0.04766644284478186	0.1547251512120192	2067593.0	-13920.875	11.975000000000001	12.02645104196403
-1.866104954061864	-0.9999959862532835	0.011043090045147762	0.1547251512120192	2067593.0	4018.025	12.065000000000001	12.144998052067514
-1.866104954061864	-0.999995451363775	0.04218587011684183	0.1547251512120192	2067593.0	12144.675	12.13	12.200552232255887
-1.866104954061864	-0.999995049542079	0.07871923558302721	0.1547251512120192	2067593.0	27875.3	12.21	12.241333691375576
-1.8088882959881905	-0.9999957468725132	0.01836068547454882	0.1638361729295351	1985355.9	4645.975	12.200000000000001	12.294774737762237
-1.8088882959881905	-0.9999952266135531	0.06576556854806408	0.1638361729295351	1985355.9	13053.275	12.27	12.28791793164235
-1.9181951120855096	-0.9999956393284549	0.04763737416797912	0.14687181020312437	2228915.0	16639.025	12.24	12.418334902639781
-1.4847452684241393	-0.999995086233298	0.007018397694746683	0.2265600453239313	1521951.142857143	1768.607142857143	13.09	13.111853488372095
-1.4847452684241393	-0.9999930435542733	0.10106282988018664	0.2265600453239313	1521951.142857143	39630.142857142855	13.1	13.108356815537407
-2.009578092253728	-0.9999959872197666	0.03600877267884613	0.13404521745564157	2373820.5	13705.425	12.15	12.195057288314121
-2.1549236700307794	-0.9999961490120354	0.03806802906551859	0.11591203783750066	2515131.7	16085.6	12.200000000000001	12.316779705118734
-2.1549236700307794	-0.9999961513875109	0.05312674745102652	0.11591203783750066	2515131.7	15989.775	12.344999999999999	12.371049609652236
-2.1549236700307794	-0.9999954714010343	0.0772548774831854	0.11591203783750066	2515131.7	88433.975	12.35	12.351480504651771
-2.1549236700307794	-0.9999956654258425	0.08244907986455217	0.11591203783750066	2515131.7	54285.175	12.36	12.361876572234241
-2.1549236700307794	-0.9999955921173539	0.09749840668316317	0.11591203783750066	2515131.7	65276.675	12.370000000000001	12.409926824629368
-2.0498957552233343	-0.9999960281231303	0.034884555898804626	0.12874832422858148	2513852.8	21691.325	12.24	12.26414594789602
-2.0498957552233343	-0.99999637270509	0.03319165326646514	0.12874832422858148	2513852.8	9121.375	12.295000000000002	12.32247859660903
-2.0498957552233343	-0.9999966338195728	0.01178076897600517	0.12874832422858148	2513852.8	4730.9	12.27	12.280225891033666
