-2.1223149900695457	-0.9999980469149797	0.028098706450962078	0.11975407787086335	6086832.1	145523.625	17.88	17.924620816987698
-2.1223149900695457	-0.9999981712415208	0.048117532244579014	0.11975407787086335	6086832.1	68277.2	17.985	17.98629616748974
-2.1223149900695457	-0.9999987939143599	0.0021278793919409945	0.11975407787086335	6086832.1	1541.625	18.045	18.128328464503223
-1.2477124438544847	-0.999998576186743	0.016750942661238284	0.28716094286825417	7032380.8	22309.15	16.77	16.97632928058882
-1.2477124438544847	-0.9999986698292077	0.00997683045937485	0.28716094286825417	7032380.8	11547.0	16.990000000000002	17.026942634905936
-1.2477124438544847	-0.999998604344736	0.0220156143801464	0.28716094286825417	7032380.8	18301.25	17.055	17.06852594635247
-1.2477124438544847	-0.9999984644687843	0.056250910824479465	0.28716094286825417	7032380.8	48943.4	17.23	17.25543206593991
-1.9837033163182318	-0.9999985228617039	0.005973553593532956	0.13755886886250457	6094424.0	8120.8	17.71	17.84217704918033
-1.9837033163182318	-0.9999983701538429	0.024706046327300328	0.13755886886250457	6094424.0	20597.5	17.75	17.78504189779299
-1.9837033163182318	-0.9999982864056326	0.05218394686822184	0.13755886886250457	6094424.0	34315.125	17.845	17.917596006144393
-2.079714994996758	-0.9999986760969815	0.0020004662397843593	0.12496582300850353	5889825.9	2433.65	17.240000000000002	17.508853131085374
-2.079714994996758	-0.9999980068123531	0.04982307807682322	0.12496582300850353	5889825.9	125432.15	17.509999999999998	17.561607269189953
-2.079714994996758	-0.9999981691008185	0.07455335527703041	0.12496582300850353	5889825.9	48226.15	17.5	17.636648187633263
-2.079714994996758	-0.9999981034901353	0.03204653249823584	0.12496582300850353	5889825.9	70976.125	17.685000000000002	17.749887786496437
-1.7210637960765072	-0.9999984817543678	0.016765005004132246	0.17887575933117666	6622044.111111111	23245.027777777777	18.03	18.215448077384284
-1.7210637960765072	-0.9999985006288149	0.02058226445404799	0.17887575933117666	6622044.111111111	20513.805555555555	18.23	18.23033108522379
-1.9283429642754264	-0.9999981704266362	0.02781089753368191	0.14538891361557613	6368402.8	114857.95	17.29	17.35802716147209
-1.9283429642754264	-0.9999983388557983	0.06413342573597446	0.14538891361557613	6368402.8	39293.325	17.535	17.63587750294464
-1.9283429642754264	-0.9999985986830923	0.011473482905271276	0.14538891361557613	6368402.8	7510.2	17.665	17.813111114286123
-2.1994264632244613	-0.9999984192562944	0.009063114461044273	0.1108667262760261	6241531.7	19268.175	17.830000000000002	17.83114036597258
-2.1994264632244613	-0.9999981201266741	0.030112973195288537	0.1108667262760261	6241531.7	124651.975	17.86	17.872242676504044
-1.0466775577465774	-0.999998721818758	0.012033421860648817	0.3511023306310132	7552982.25	15584.25	17.31	17.407979063975805
