-1.885463565285541	-0.9999984524328782	0.04698556634223093	0.15175869305910616	7392344.2	92979.85	15.3	15.484614457778868
-1.885463565285541	-0.9999984663154338	0.07544382156275144	0.15175869305910616	7392344.2	83911.025	15.575	15.758685038776532
-1.885463565285541	-0.9999985151708342	0.07715310341915753	0.15175869305910616	7392344.2	58474.8	15.850000000000001	15.904198717365247
-1.885463565285541	-0.9999983252151192	0.07677621183353468	0.15175869305910616	7392344.2	238132.4	15.83	15.83210434269269
-1.8252602951319457	-0.9999983329668651	0.047880572143109104	0.16117568542288657	6919580.2	102248.325	14.89	15.06970344962498
-1.7581464714197088	-0.9999984574598485	0.038836030725943015	0.1723640496138497	7281095.3	75460.8	15.04	15.104078345790944
-2.0381832161408404	-0.9999986203229098	0.043866667683092345	0.13026515966470914	8892397.7	212911.675	15.67	15.673438470628774
-2.0381832161408404	-0.9999987542003743	0.08421122017165165	0.13026515966470914	8892397.7	64739.725	15.844999999999999	15.886687644075613
-1.2206750624369282	-0.999998363271791	0.04056534259821937	0.29503093538250663	7238675.6	139767.75	14.1	14.10486790938217
-1.2206750624369282	-0.9999984725345189	0.08266228699583154	0.29503093538250663	7238675.6	63374.15	14.09	14.111642734060885
-1.2206750624369282	-0.9999984144042504	0.10128339970184533	0.29503093538250663	7238675.6	96529.4	14.14	14.279432509417015
-1.9917301418486613	-0.9999987020845037	0.03318513934598351	0.13645912744291594	8758097.6	86444.6	15.84	16.122294866259583
-1.595074370613846	-0.9999980333610279	0.0441781478155022	0.20289343863185316	5799896.25	89885.40625	14.030000000000001	14.070211670023957
-1.595074370613846	-0.9999980173845756	0.06471557354476755	0.20289343863185316	5799896.25	98612.53125	14.115	14.258081917551081
-1.595074370613846	-0.9999981201054126	0.08078300698210597	0.20289343863185316	5799896.25	54348.65625	14.219999999999999	14.314486138558856
-1.6813728468937839	-0.9999983710918791	0.04448469306577567	0.18611828865529562	6883532.111111111	74059.77777777778	14.49	14.683798646375239
-1.6813728468937839	-0.9999985229195132	0.03599011955695397	0.18611828865529562	6883532.111111111	26042.694444444445	14.745000000000001	14.795563706792251
-1.6813728468937839	-0.9999982109838083	0.0864330529902596	0.18611828865529562	6883532.111111111	222959.61111111112	14.754999999999999	14.827830161116385
-1.6813728468937839	-0.9999983372729075	0.11753617615988582	0.18611828865529562	6883532.111111111	93472.69444444444	14.63	14.781159630918983
-1.6813728468937839	-0.9999983534706945	0.09853898822801949	0.18611828865529562	6883532.111111111	83610.58333333333	14.905000000000001	14.97115984729292
-1.6813728468937839	-0.9999983036547065	0.11622011716485	0.18611828865529562	6883532.111111111	117811.22222222222	14.97	15.109875584947833
-2.308678936671467	-0.9999984389194073	0.004340363154558585	0.09939246861296058	5726792.1	7630.075	14.9	14.913044394719176
-2.308678936671467	-0.9999982678947918	0.010868678017808973	0.09939246861296058	5726792.1	20319.925	14.89	14.890762351889112
-2.308678936671467	-0.9999980605037524	0.07126455932088478	0.09939246861296058	5726792.1	66641.1	14.89	15.015249866389167
-2.308678936671467	-0.999998094733139	0.0449696740679602	0.09939246861296058	5726792.1	54778.275	15.095	15.136380350384176
-2.25294947165422	-0.9999985888218244	0.01702963176948561	0.10508881054035524	7536198.4	41560.05	15.285	15.344224897540984
-1.371705883229367	-0.9999980295970881	0.06358942272125014	0.2536738522722867	6568444.333333333	417683.5833333333	14.14	14.153569497042229
-2.2228595210870057	-0.9999985933716915	0.02155473237297029	0.10829898240587134	7755715.0	54687.475	14.700000000000001	14.852873714160648
-2.2228595210870057	-0.9999985947457857	0.04105263453396228	0.10829898240587134	7755715.0	54107.75	14.835	14.92828487764066
-2.2228595210870057	-0.9999985271702773	0.04484237379338758	0.10829898240587134	7755715.0	91385.0	14.86	14.932351396860458
-2.2228595210870057	-0.9999986777025726	0.050118803364567685	0.10829898240587134	7755715.0	28433.6	14.915	14.988597712279851
-2.2228595210870057	-0.9999987694012203	0.030740009458396708	0.10829898240587134	7755715.0	13962.1	15.030000000000001	15.044769749727966
-2.2228595210870057	-0.9999985695734974	0.0425031552795609	0.10829898240587134	7755715.0	65773.025	14.975000000000001	14.987135447587221
-0.2628427602365673	-0.999998901080725	0.07419174736460235	0.7688627836090517	11335058.0	256866.0	14.76	15.015221328571794
