-2.1922921475322954	-0.9999976962656081	0.04826882814585276	0.11166051269561825	4680500.4	48175.65	17.105	17.309481126381076
-2.1922921475322954	-0.9999977253193276	0.05937163124272419	0.11166051269561825	4680500.4	42050.225	17.485	17.64295024082731
-2.1922921475322954	-0.9999980363440453	0.010467911278943831	0.11166051269561825	4680500.4	9806.4	17.715	17.735801301190065
-2.1922921475322954	-0.9999979193877948	0.03297701501780943	0.11166051269561825	4680500.4	16953.8	17.75	17.795524489657037
-2.1922921475322954	-0.9999975403304917	0.06321961778252336	0.11166051269561825	4680500.4	99954.875	17.775	17.790395835849704
-0.7532731316067893	-0.9999979100801755	0.06582633019228225	0.47082296241248434	6180203.0	406820.0833333333	17.1	17.101009744038418
-2.115994737657901	-0.9999977142766485	0.043250907426975696	0.1205133507409598	4656628.8	41929.35	17.42	17.48964863711469
-2.115994737657901	-0.9999973816554906	0.05317466656308425	0.1205133507409598	4656628.8	197334.075	17.53	17.532160564778128
-1.5207561669800045	-0.9999981618233534	0.019398981100587038	0.21854656675788045	5399661.714285715	20444.785714285714	16.155	16.393119123876435
-1.5207561669800045	-0.9999981630111571	0.028551817276079708	0.21854656675788045	5399661.714285715	20314.071428571428	16.46	16.575967144268773
-1.5207561669800045	-0.999998010991158	0.08568651752339329	0.21854656675788045	5399661.714285715	46163.892857142855	16.66	16.662361139163806
-1.5207561669800045	-0.9999980063722436	0.08707046329636413	0.21854656675788045	5399661.714285715	47329.75	16.755000000000003	16.7927879494008
-1.5207561669800045	-0.9999979940906855	0.10007113316416652	0.21854656675788045	5399661.714285715	50574.96428571428	16.745	16.750511571694
-1.5207561669800045	-0.999998055872842	0.05373950106928256	0.21854656675788045	5399661.714285715	36228.5	16.805	16.815681538461536
-1.5207561669800045	-0.9999980541226896	0.037750331927764495	0.21854656675788045	5399661.714285715	36572.5	16.825000000000003	16.83483924211939
-1.713476342815734	-0.9999980338433212	0.026397576996533292	0.18023813273091713	5499374.111111111	49642.916666666664	16.94	16.996332263745373
-1.713476342815734	-0.999998044435618	0.07643110849029232	0.18023813273091713	5499374.111111111	46833.72222222222	17.155	17.161232134658693
-1.9761661634564545	-0.9999979326272436	0.03369991466455291	0.1385995881881171	5040407.0	33535.85	17.61	17.74966529054024
-1.9206739389818368	-0.9999980717146864	0.023615666775539324	0.1465081912700667	5240481.7	24467.55	17.64	17.74327805347825
-1.9206739389818368	-0.9999980427216969	0.032867469409595416	0.1465081912700667	5240481.7	28482.525	17.765	17.846744515030835
-1.62408158095278	-0.9999981371235841	0.027252168019890888	0.1970926057096149	5513712.75	28892.3125	16.85	16.941318721130333
-1.62408158095278	-0.9999981405988693	0.034471307140279274	0.1970926057096149	5513712.75	28343.9375	17.08	17.28911430309737
-1.62408158095278	-0.9999980334203304	0.08568446834165723	0.1970926057096149	5513712.75	51181.625	17.295	17.357991742617443
-2.0732830713257413	-0.9999977651580161	0.045072660040088024	0.12577218409014032	4796419.9	45216.55	17.495	17.57346073100415
-2.0271106710894435	-0.9999978603349922	0.03644097176334491	0.1317155414041115	4897636.5	35570.55	17.7	17.767943777138523
-2.0271106710894435	-0.9999978986758983	0.03796636310507016	0.1317155414041115	4897636.5	29480.6	17.68	17.722352129727433
-1.8590312247756016	-0.9999979805600386	0.02927600943547894	0.15582351523037224	5420305.4	56724.625	17.5	17.51988687017536
-1.8590312247756016	-0.9999979803760475	0.05049516744638428	0.15582351523037224	5420305.4	56781.225	17.505000000000003	17.585871740154907
-1.8590312247756016	-0.9999980432160521	0.07639935143114339	0.15582351523037224	5420305.4	40390.175	17.65	17.691741382460417
-0.2706545625038485	-0.9999981004061762	0.0824093200320214	0.7628799782437407	6459765.5	213400.5	17.23	17.231816468759806
-1.398425059067116	-0.9999983339066314	0.007354505956184847	0.24698564558901948	5383379.666666667	7856.416666666667	16.12	16.185476934349445
-1.398425059067116	-0.9999977471501219	0.05494673121185008	0.24698564558901948	5383379.666666667	184968.5	16.125	16.15673944935235
-1.398425059067116	-0.9999980214624907	0.07910042540256577	0.24698564558901948	5383379.666666667	42243.041666666664	16.2	16.35369202397195
-2.290696330779437	-0.9999973994319331	0.04272462892744091	0.1011959714447389	4057014.0	38197.1	17.34	17.510720446473872
-2.290696330779437	-0.9999974584072285	0.048728646352169065	0.1011959714447389	4057014.0	30068.825	17.46	17.597644859639107
-2.290696330779437	-0.9999971754674535	0.03660575853159785	0.1011959714447389	4057014.0	94765.2	17.675	17.678878642871208
-1.790451121638588	-0.9999981755147478	0.024458632760698058	0.1668848673082604	5593198.0	27029.125	17.05	17.274491400722685
-1.790451121638588	-0.999998124487808	0.04308231939277392	0.1668848673082604	5593198.0	35957.15	17.255000000000003	17.37447309312937
-1.790451121638588	-0.9999979232932238	0.06636763630022725	0.1668848673082604	5593198.0	110793.475	17.455	17.45906577947015
-1.790451121638588	-0.9999981040583253	0.07576163087699146	0.1668848673082604	5593198.0	40309.9	17.495	17.530556132285334
-1.790451121638588	-0.9999981032014972	0.0761047658452206	0.1668848673082604	5593198.0	40503.55	17.505000000000003	17.529878222362804
-1.790451121638588	-0.9999980726964579	0.07553466518487491	0.1668848673082604	5593198.0	48039.05	17.535	17.567862600604474
-2.22716910691881	-0.9999974729758271	0.04409661772865499	0.10783326289559654	4515021.4	90179.475	17.78	17.792239448261487
-2.22716910691881	-0.9999978546265949	0.0321527563043876	0.10783326289559654	4515021.4	16096.3	17.705	17.70991605839416
-2.22716910691881	-0.9999978181288188	0.049657655654175965	0.10783326289559654	4515021.4	18980.025	17.675	17.69814923189466
-2.22716910691881	-0.9999977208943859	0.05773496643301654	0.10783326289559654	4515021.4	29441.975	17.695	17.723104895104896
-2.22716910691881	-0.9999975903390239	0.07593970243036517	0.10783326289559654	4515021.4	53085.125	17.72	17.814720831854913
