-2.2255229105513754	-0.9999986238491361	0.027139751307977314	0.10801092381352159	7886319.7	51675.875	19.62	20.029832011826368
-1.8206075987163735	-0.9999985304058701	0.035391500840252554	0.161927334197563	8590750.4	304039.55	20.814999999999998	20.85877111400507
-1.2601519036671516	-0.9999987142516685	0.022568346563076852	0.2836109416853963	8405213.2	49363.6	19.14	19.36746611131617
-2.18812899612272	-0.9999986268649671	0.011020338810431112	0.11212634130114386	7801725.1	44927.25	19.32	19.34998456102635
-2.18812899612272	-0.9999986118274775	0.03319587086939095	0.11212634130114386	7801725.1	50519.8	19.745	19.847453163366595
-2.3516264846990858	-0.9999980160375379	0.015637832076165856	0.0952141718113701	5284439.0	35742.675	18.35	18.385180664827285
-2.3516264846990858	-0.9999988535465049	0.0007908508010636983	0.0952141718113701	5284439.0	426.675	18.22	18.3824785920764
-2.3516264846990858	-0.999998168653516	0.045140304415613515	0.0952141718113701	5284439.0	15955.775	18.575000000000003	18.62058603157613
-2.3516264846990858	-0.9999980451361863	0.02889908680767781	0.0952141718113701	5284439.0	30648.1	18.595	18.681176977861043
-2.060782048427358	-0.999998846184696	0.008999189071545023	0.12735433368335336	8471493.2	17579.375	18.7	18.86214584521772
-1.4170455094544965	-0.9999986981618055	0.029443063518904068	0.24242921467696635	8509874.333333334	64761.333333333336	19.645	20.040133581033263
-1.4170455094544965	-0.9999986458019321	0.03671076166801428	0.24242921467696635	8509874.333333334	101118.20833333333	19.925	19.93948432331732
-1.4170455094544965	-0.9999987306991702	0.05975347056007659	0.24242921467696635	8509874.333333334	49097.833333333336	20.03	20.094994353960875
-1.4170455094544965	-0.9999987778792728	0.03353353595951422	0.24242921467696635	8509874.333333334	32861.708333333336	20.145000000000003	20.31824438008852
-1.740663596912653	-0.9999987581652141	0.027320311077850927	0.1754039644586503	8782343.333333334	54513.36111111111	19.78	20.321220571196523
-1.740663596912653	-0.9999988237710803	0.023119855666678433	0.1754039644586503	8782343.333333334	30638.527777777777	20.410000000000004	20.568633267350112
-1.740663596912653	-0.999998648594398	0.04338155865370389	0.1754039644586503	8782343.333333334	142700.16666666666	20.68	20.71522151914347
-1.740663596912653	-0.9999987555789295	0.06956651820298372	0.1754039644586503	8782343.333333334	55765.75	20.61	20.674286226814182
-1.740663596912653	-0.9999987647326163	0.051985709402822315	0.1754039644586503	8782343.333333334	51458.083333333336	20.485	20.83924421460892
-1.740663596912653	-0.9999989101675687	0.013415270241135044	0.1754039644586503	8782343.333333334	14345.805555555555	20.96	21.25255205946868
-2.1063893963307008	-0.9999987615484723	0.015611268741050144	0.12167649988868565	8357399.8	31263.375	19.0	19.296362217457197
-1.0552040259293682	-0.9999987935370985	0.0233114092010694	0.34812139426915456	9077864.0	57073.125	20.2	20.231654584221747
-1.8912170050886459	-0.9999986058119975	0.03176571584691766	0.15088806550722791	8624117.2	166647.275	21.06	21.09572226923248
-1.8912170050886459	-0.9999987332468802	0.07168593830528011	0.15088806550722791	8624117.2	55526.15	21.06	21.226850085186783
-2.260661212670339	-0.9999985339922721	0.015507510215098533	0.10428150969819287	6960226.5	27003.15	19.81	20.014565865637607
