-1.5161565246214284	-0.9999979540831472	0.021311985962223435	0.2195541182154705	5158589.857142857	38331.21428571428	16.43	16.461684052048607
-1.5161565246214284	-0.9999979273323512	0.029875403651549226	0.2195541182154705	5158589.857142857	44003.28571428572	16.5	16.603579784658848
-1.5161565246214284	-0.9999979985447864	0.05693729172977885	0.2195541182154705	5158589.857142857	30474.75	16.555	16.695190713911785
-1.5161565246214284	-0.9999980244549306	0.033874282204553595	0.2195541182154705	5158589.857142857	26661.85714285714	16.84	16.84573193817095
-1.5161565246214284	-0.9999980676739791	0.042546826467274895	0.2195541182154705	5158589.857142857	21333.428571428572	16.715	16.738876297105406
-1.237524211962526	-0.9999978468216411	0.029288011547811996	0.29010155955053457	5207219.2	74017.6	16.25	16.252342383801196
-1.237524211962526	-0.9999978553004395	0.03200173048031221	0.29010155955053457	5207219.2	70820.7	16.330000000000002	16.395308209370235
-1.0362700898032111	-0.999997876240532	0.04627363114872971	0.3547754979122766	5228547.75	66447.1875	16.65	16.831433108894522
-2.1932331293300407	-0.9999991292019867	0.053396510712635674	0.11155549160486143	14071300.7	209662.825	20.66	21.01767902282976
-2.295155323729046	-0.999999123225894	0.04049769840296468	0.100745743848352	13697151.7	164275.775	18.88	19.316386073573575
-2.295155323729046	-0.9999991160973954	0.02326269991074443	0.100745743848352	13697151.7	181124.975	19.43	19.47893361276118
-2.295155323729046	-0.9999992272343724	0.039158714260987784	0.100745743848352	13697151.7	39523.975	19.240000000000002	19.40058450583894
-2.295155323729046	-0.999999271695377	0.018103548899073747	0.100745743848352	13697151.7	21496.65	19.44	19.522172548429307
-2.295155323729046	-0.9999992026192803	0.05196606673845508	0.100745743848352	13697151.7	55371.85	19.595	19.656396485132166
-2.295155323729046	-0.9999992157268351	0.022769224455515283	0.100745743848352	13697151.7	46271.75	19.689999999999998	20.09599427307395
-2.067391691593091	-0.9999988103607073	0.07311238517962294	0.1265153427518758	10094319.0	164159.275	18.25	18.699036913818354
-1.784114963960681	-0.9999984150998736	0.04388260889933931	0.16794563318263292	6914102.2	57419.775	16.27	16.637544828735383
-1.784114963960681	-0.9999984209487369	0.03555596828876406	0.16794563318263292	6914102.2	55144.025	16.810000000000002	16.829721066919173
-1.784114963960681	-0.999998413514628	0.06983195131204811	0.16794563318263292	6914102.2	58052.6	16.924999999999997	17.146415451102985
-1.784114963960681	-0.9999984976269959	0.035260573206510416	0.16794563318263292	6914102.2	32452.4	17.11	17.215699470673712
-1.784114963960681	-0.9999983420620261	0.10403982934342973	0.16794563318263292	6914102.2	95143.55	17.245	17.32911859143747
-2.0209466982047184	-0.9999987744663142	0.055167700646396645	0.1325299398161304	9411602.8	102152.95	17.8	18.143566256591065
-2.0209466982047184	-0.9999986681871127	0.052153960266301355	0.1325299398161304	9411602.8	277753.775	18.325000000000003	18.334420685927366
-2.0209466982047184	-0.9999988023127625	0.06877413999431442	0.1325299398161304	9411602.8	78601.325	18.29	18.431851242991154
-2.1113124710968325	-0.9999989615592245	0.07777640526111823	0.12107894948200203	11798393.3	209384.575	19.61	20.058306632230988
-2.1113124710968325	-0.9999988825115687	0.05765882515791811	0.12107894948200203	11798393.3	532089.05	20.235	20.286458033883772
-0.26678273564507926	-0.9999974883630208	0.075473756001975	0.7658394430039741	4645868.5	116859.375	16.29	16.70279632718766
-2.3256108449984696	-0.9999991331255941	0.030449967633823075	0.09772373176295124	14026624.2	190863.975	20.05	20.355606595224838
-2.3256108449984696	-0.9999992929452424	0.012936694748262215	0.09772373176295124	14026624.2	20283.075	20.175	20.312150046175947
