-2.1624526500640657	-0.9999958026445424	0.06287344978978193	0.11504261545784236	2668844.1	73282.25	20.900000000000002	21.780180665562924
-2.1624526500640657	-0.9999958842776218	0.07368736489744865	0.11504261545784236	2668844.1	58935.825	22.095	22.13642467294425
-2.0210537370461474	-0.9999955932629617	0.03792124849174928	0.13251575472410926	2384831.1	36654.675	20.56	20.81010368563748
-2.0210537370461474	-0.9999954050950639	0.07211013255584786	0.13251575472410926	2384831.1	57414.65	20.85	20.85289575275742
-2.0210537370461474	-0.999995613146455	0.07580565974766486	0.13251575472410926	2384831.1	34957.075	20.880000000000003	20.930903181115788
-0.276852387672616	-0.9999973179947486	0.07647921835746221	0.7581664035582931	4431623.5	145165.625	20.36	20.660824279813006
-0.276852387672616	-0.9999972786010357	0.13142427348191899	0.7581664035582931	4431623.5	172855.25	20.82	21.053070205965927
-0.276852387672616	-0.9999974149018259	0.1045762747508109	0.7581664035582931	4431623.5	94482.625	21.189999999999998	21.19063366987912
-2.203397123857501	-0.9999959395926435	0.056539856577484573	0.11042738494537735	2720640.2	62748.6	22.12	22.157121625301755
-2.203397123857501	-0.9999959565220561	0.07255002223452564	0.11042738494537735	2720640.2	59923.975	22.595	22.59692720011452
-0.7669766121472876	-0.9999972561597792	0.06509608035331207	0.4644150547039738	4241708.666666667	113387.0	20.93	21.060305979594364
-0.7669766121472876	-0.9999971961390999	0.1096878544253912	0.4644150547039738	4241708.666666667	146261.91666666666	21.009999999999998	21.028270525857028
-0.7669766121472876	-0.9999972635651762	0.1294740629251754	0.4644150547039738	4241708.666666667	109880.66666666667	21.215	21.3066752452821
-2.241942890460577	-0.9999962590423054	0.0495437084451815	0.10625186796760484	2957258.5	63765.225	22.400000000000002	22.685726056938698
-1.0612135810770964	-0.999996943801766	0.0567968534911794	0.34603561313784276	3717044.5	85820.5	21.18	21.23439694078264
-1.9035836119886653	-0.9999963175073763	0.04638277531229184	0.14903358258011445	2949148.6	52062.425	20.71	20.721065360732347
