-2.2750241841293715	-0.9999985787798188	0.00985734697584008	0.10279442241161502	7203455.0	27935.675	17.925	17.932724742429833
-1.2891766375232134	-0.999997187323194	0.08395478746768963	0.2754975240556962	4291176.2	174501.05	24.94	25.668353938893485
-1.2891766375232134	-0.999997426321964	0.05100066296815096	0.2754975240556962	4291176.2	62573.05	26.130000000000003	26.308351974730712
-1.2891766375232134	-0.9999973264345923	0.11632366215282479	0.2754975240556962	4291176.2	96060.15	26.490000000000002	26.70320418903599
-2.031269267462687	-0.9999984838565434	0.03241484143467482	0.1311689269934403	7644246.6	107986.9	18.695	18.87312353173034
-2.031269267462687	-0.9999985145918927	0.036367621338216236	0.1311689269934403	7644246.6	85375.475	18.6	18.757892753261842
-2.3343559752282057	-0.9999981124640411	0.018671083611580878	0.09687285095662791	5664182.8	43972.775	17.03	17.33697530291312
-2.3343559752282057	-0.9999986987145687	0.0007488652352918511	0.09687285095662791	5664182.8	1587.775	17.5	17.58104094767544
-2.3343559752282057	-0.9999981298062651	0.04772656381432936	0.09687285095662791	5664182.8	39858.625	17.645000000000003	17.682978477997704
-1.6830920075148057	-0.9999977621674833	0.0630793115185685	0.18579859630257722	5384301.25	170955.5	20.08	20.412242146330932
-2.0796983146044603	-0.9999985176491355	0.034528622835207794	0.12496790750484021	7880810.4	118434.775	18.88	18.97304940575603
-2.0796983146044603	-0.9999985387403172	0.041304857410494084	0.12496790750484021	7880810.4	100297.95	19.225	19.410194975783046
-0.2864635572390685	-0.9999964917373086	0.07994151171905087	0.7509144434280028	3347781.5	126107.375	25.165	25.263519053617124
-0.2864635572390685	-0.9999967041076283	0.06861777111853967	0.7509144434280028	3347781.5	61939.375	25.115000000000002	25.12850417753774
-2.1667864455135097	-0.9999984205593664	0.021281039870098772	0.11454512308821205	7397272.7	118603.9	19.38	19.3892469081856
-2.1667864455135097	-0.9999984621137845	0.0363279455039165	0.11454512308821205	7397272.7	87216.8	19.435000000000002	19.511677300888405
-2.1667864455135097	-0.9999985753472751	0.03506301040808864	0.11454512308821205	7397272.7	37741.6	19.505000000000003	19.574934502009135
-1.848358740656652	-0.9999978710284316	0.05880868793003355	0.15749544517528108	5635188.6	162291.625	20.2	20.711873948270718
-0.7814676254793186	-0.9999964692398061	0.0728016979842029	0.45773373640771264	3263306.3333333335	100905.75	24.88	24.98506680184545
-1.5792629934397926	-0.9999977008165809	0.0674745996821109	0.20612695915788518	5254021.0	176301.75	19.42	19.58356681394275
-1.5792629934397926	-0.9999978474318292	0.057832026007940844	0.20612695915788518	5254021.0	81603.39285714286	20.09	20.249136069601004
-1.5792629934397926	-0.9999978260795082	0.0921338136483197	0.20612695915788518	5254021.0	91291.5	20.299999999999997	20.425372597667003
-2.1249394326019897	-0.9999985267226824	0.024226250201243364	0.11944020222991311	7652837.8	78805.625	19.26	19.69397591329654
-2.1249394326019897	-0.999998517865639	0.0347292825442593	0.11944020222991311	7652837.8	84332.45	19.51	19.532096887236
