-1.6682343353565428	-0.99999845072455	0.022665119580544582	0.18857974043641554	7335245.625	86189.5625	22.01	22.020307077940846
-1.6682343353565428	-0.9999983430500012	0.07503614077526626	0.18857974043641554	7335245.625	189876.65625	22.21	22.501708051870875
-2.1322130085695177	-0.9999980962989252	0.03921488751218457	0.11857459668548793	6542597.5	256567.225	23.56	23.620696127384075
-2.1769321184288395	-0.999998028157409	0.03600921362420076	0.11338886118113996	5877132.7	107879.625	23.7	23.727018041876068
-1.270271777939496	-0.999998476837128	0.03095224045937931	0.2807553083094959	7509094.2	92740.7	22.16	22.466077916727553
-1.5609722532961599	-0.9999986542993108	0.01080844368972487	0.20993186499906002	7737653.714285715	33274.142857142855	21.85	21.964986838036527
-1.5609722532961599	-0.9999984088207515	0.0615308523950589	0.20993186499906002	7737653.714285715	222345.89285714287	22.05	22.07579211714655
-1.9734865387863667	-0.9999983646378774	0.0264199223657085	0.1389714811080835	6937265.2	84535.675	23.0	23.182626524774566
-1.9100524746568843	-0.999998423479383	0.026084211253248994	0.14807261633185734	7171304.5	81283.4	21.72	22.638675061453988
-1.9100524746568843	-0.999998322724653	0.07395735043097507	0.14807261633185734	7171304.5	167417.55	22.935000000000002	22.939373579974898
-0.7664005929278173	-0.9999985232830065	0.05110724801170291	0.4646826437621161	8104085.666666667	157540.0	21.1	21.487199484905656
-0.7664005929278173	-0.9999984648128672	0.08803797306134974	0.4646826437621161	8104085.666666667	253035.25	22.185000000000002	22.45564398845248
