-2.158990511477441	-0.9999968952664526	0.02398084199332289	0.1154415992059084	3315738.7	29568.1	20.830000000000002	20.868416234771487
-2.3908742922194097	-0.9999963859236759	0.02085249711260221	0.09154960776788429	2816113.8	26307.575	20.2	20.29580047639674
-2.3908742922194097	-0.9999961818593052	0.058564953435390664	0.09154960776788429	2816113.8	46737.275	20.425	20.44633207739551
-2.3908742922194097	-0.9999962117112453	0.08356531456324161	0.09154960776788429	2816113.8	42968.775	20.445	20.453674351585015
-1.5489171317676729	-0.9999954638828639	0.032930998579459615	0.2124779349012759	2239778.4285714286	25844.64285714286	20.22	20.293578956916882
-1.5489171317676729	-0.9999949915701323	0.08698214288397008	0.2124779349012759	2239778.4285714286	74440.82142857143	20.425	20.701511304997467
-1.5489171317676729	-0.9999954605416601	0.058031504285706095	0.2124779349012759	2239778.4285714286	26038.785714285714	20.910000000000004	21.04214108302663
-0.7652306957040599	-0.9999950079482186	0.04774473651983415	0.46522659281718626	2127341.6666666665	40936.416666666664	20.06	20.190210951786593
-0.7652306957040599	-0.9999948968883717	0.06689542964344974	0.46522659281718626	2127341.6666666665	51846.5	20.32	20.36840504232764
-1.8973167923396275	-0.9999963502224637	0.028715910872453784	0.14997048178673553	2793805.6	26815.4	20.8	20.91999893957506
-1.8973167923396275	-0.9999960031357301	0.06599771575461104	0.14997048178673553	2793805.6	70717.45	20.655	20.67397179725501
-1.8973167923396275	-0.9999964413175123	0.03677017703070274	0.14997048178673553	2793805.6	20789.825	20.8	20.815201838876117
-1.2639680881175208	-0.9999943795516137	0.032780710640012825	0.2825306925457622	1970657.4	64599.55	20.0	20.08000593432758
-1.7473963813199216	-0.9999957380628123	0.04639633958604789	0.17422697403925738	2759299.3333333335	128021.38888888889	21.05	21.132899783566735
-2.2710180160942897	-0.9999963518370972	0.026526618914405827	0.1032070601370164	2838550.4	31428.25	19.22	19.63215115270039
-2.2710180160942897	-0.999995975132364	0.06650690508513232	0.1032070601370164	2838550.4	91562.65	19.590000000000003	19.739630272553097
-2.303739619621484	-0.9999963217352021	0.028358837677639137	0.09988461395820185	2834493.5	33724.775	20.31	20.353466932667835
-2.303739619621484	-0.9999961373566284	0.06739130692367758	0.09988461395820185	2834493.5	56875.5	20.314999999999998	20.350633317827654
-2.303739619621484	-0.9999962133920026	0.08647545242837033	0.09988461395820185	2834493.5	45848.325	20.27	20.2773159441966
-0.27752650899864073	-0.9999957590120427	0.022640029213419767	0.7576554796486794	2366891.5	22877.625	20.3	20.300735296985515
-2.363491369602372	-0.9999966337467758	0.018309462380874556	0.09409114210532661	2995992.8	23986.075	19.71	19.763796743603507
-2.363491369602372	-0.999996360509962	0.06249964088129225	0.09409114210532661	2995992.8	54386.3	19.939999999999998	19.966707463807964
-2.363491369602372	-0.9999963844163674	0.0851040680306392	0.09409114210532661	2995992.8	50627.125	19.98	20.04470692287444
