-1.52940121162683	-0.9999975769729642	0.015261452103712094	0.21666536518288462	4333700.857142857	36339.0	17.8	17.825019894973654
-1.045100342818703	-0.9999977435739129	-0.002485497890705636	0.3516565314000729	3742173.0	-4645.8125	17.67	17.73521540831438
-2.162153000637682	-0.9999973090843115	0.05817544377040842	0.11507709307691538	4245395.6	91490.525	17.965	18.07051467617884
-2.2964383168215883	-0.9999967709263928	0.0554530865819682	0.10061657063677967	3500582.7	81115.3	17.1	17.150271665617133
-2.2964383168215883	-0.9999967848242565	0.0625314828843178	0.10061657063677967	3500582.7	77263.4	17.215	17.254151487872747
-1.4037226898138169	-0.9999975513251051	0.009188988609743563	0.245680666539528	3971334.8333333335	16721.458333333332	17.42	17.604425132545956
-1.4037226898138169	-0.9999972135375518	0.049127987959568895	0.245680666539528	3971334.8333333335	63956.583333333336	17.66	17.70099458026233
-1.4037226898138169	-0.9999973694435911	0.07316117273320578	0.245680666539528	3971334.8333333335	34433.708333333336	17.72	17.787771995745935
-2.080483360097261	-0.9999974382318411	0.03210606375151503	0.12486984051087113	4227287.5	50478.9	17.18	17.203272027092538
-2.080483360097261	-0.999997381705897	0.03844740365084433	0.12486984051087113	4227287.5	64104.275	17.41	17.45899819597774
-2.3524236611529443	-0.9999965472890621	0.06343708790416523	0.09513829956133216	3294493.2	87109.5	17.34	17.415265185589025
-2.1226544092244066	-0.9999974588567799	0.040545925745229	0.11971343794033681	4350002.0	63193.85	17.45	17.716828169286245
-2.1226544092244066	-0.9999974303096701	0.03997219746093309	0.11971343794033681	4350002.0	71549.45	17.78	17.88820321019767
-1.633374156463852	-0.9999976214067255	0.012748169259432183	0.19526959115696632	4223992.0	23089.09375	17.6	17.641139559047545
-1.633374156463852	-0.9999974612288337	0.03225310244618595	0.19526959115696632	4223992.0	45420.875	17.72	17.79206660399956
-1.7224903711170403	-0.9999975823601227	0.024451033179917606	0.17862076156752682	4426122.444444444	44389.02777777778	17.84	17.939196690518493
