-1.8451866558899561	-0.9999976738383474	-0.003548243586703837	0.15799582728540465	4028407.6	-11738.65	13.745000000000001	13.776719625842963
-1.8451866558899561	-0.9999976496783861	0.009794343149748815	0.15799582728540465	4028407.6	12938.675	13.594999999999999	13.891066057255697
-1.3949709076587116	-0.9999943413644059	0.019601489085384987	0.2478402465153848	1736980.0	18562.208333333332	16.18	16.42926341234137
-1.2411814490447686	-0.9999945583126979	-0.011957214766374645	0.2890425271160885	1710476.8	-11023.55	16.45	16.456607073324033
-2.085590069615544	-0.9999980126600273	0.016508056080817148	0.12423379194767813	5431690.6	48756.575	14.17	14.184397288035322
-2.085590069615544	-0.999997907965604	0.04428643776522485	0.12423379194767813	5431690.6	86100.625	14.34	14.454117669264589
-2.085590069615544	-0.9999981894442583	0.02681827116952866	0.12423379194767813	5431690.6	18663.5	14.48	14.493728873239437
-2.001229253526875	-0.9999981464851534	0.0047514708343358485	0.1351690240706523	5021254.7	11013.525	13.72	13.87418227384449
-2.001229253526875	-0.9999978165662755	0.032722187253885336	0.1351690240706523	5021254.7	57731.575	13.895	14.001764589913611
-2.0448500266146414	-0.9999980280106674	0.013626127853977611	0.12939959501754375	5292701.5	34102.35	13.92	14.122784983371963
-2.0448500266146414	-0.999997881212144	0.03885204189071879	0.12939959501754375	5292701.5	74168.75	14.190000000000001	14.236835142977734
-1.9544319305358593	-0.9999980621889274	0.0020268101668946166	0.14164491799651158	4318218.9	4305.55	13.200000000000001	13.40628145820029
-2.1238732876351105	-0.999997988036505	0.0211423483465321	0.11956761070624809	5416382.1	54043.5	14.35	14.440621874957788
-2.1238732876351105	-0.9999978806760655	0.0494517538474886	0.11956761070624809	5416382.1	96669.95	14.45	14.57060862935129
