-2.15552607108283	-0.9999964813374429	0.02018816295856361	0.11584223333122701	2900821.3	27091.475	16.98	17.013957239759982
-2.191817524497155	-0.9999963086859804	0.01877180138749093	0.11171352192576499	2741149.8	24795.175	16.66	16.71908726679676
-2.191817524497155	-0.9999959508618501	0.08726080914179177	0.11171352192576499	2741149.8	66123.475	16.775	16.887767326716613
-1.6245824100498376	-0.999996519954586	0.015957039747653678	0.19699392071208255	2853443.0	20538.625	16.15	16.43840737857053
-1.6245824100498376	-0.9999962827687227	0.04448806686305126	0.19699392071208255	2853443.0	40412.03125	16.815	16.887715952861402
-1.3988655491648296	-0.9999964593844575	0.00565362508406047	0.2468768748158431	2723238.0	15396.166666666666	15.940000000000001	16.12270189590828
-1.712132825140023	-0.9999963727556216	0.024724086719793703	0.1804804485894487	2859275.222222222	31928.63888888889	16.81	17.188133089121116
-1.712132825140023	-0.9999961799190745	0.06040231758725225	0.1804804485894487	2859275.222222222	55417.166666666664	17.18	17.296913828363675
-1.712132825140023	-0.9999967123660644	0.0276009024210189	0.1804804485894487	2859275.222222222	12090.40625	17.54	17.68997176064921
-1.976244337190725	-0.9999964593040824	0.033760527705256616	0.13858875376422933	3027852.4	45282.8	17.325000000000003	17.406592621497865
-1.976244337190725	-0.9999962413326061	0.09379626583429695	0.13858875376422933	3027852.4	87612.475	17.95	17.979036182662288
-1.976244337190725	-0.999996700588975	0.048615180805127334	0.13858875376422933	3027852.4	21809.125	17.865000000000002	17.87931493519937
-2.2260151116920692	-0.9999955292316977	0.03873810040748374	0.10795777379493614	2535449.9	83733.725	16.95	16.951588926574445
-2.2260151116920692	-0.999995725568699	0.07499906432410752	0.10795777379493614	2535449.9	50898.4	16.91	16.987725468522335
-1.7903403576888612	-0.9999965877957704	0.026744892821330364	0.16690335315907712	3087271.7	37585.55	17.37	17.671382284565446
-1.7903403576888612	-0.9999964373924303	0.06099690902588515	0.16690335315907712	3087271.7	59797.6	17.405	17.61176213026477
-1.7903403576888612	-0.9999968659265787	0.03464905410057362	0.16690335315907712	3087271.7	15925.444444444445	17.655	17.748319264331165
-2.2579371766164487	-0.9999957291596568	0.014515590855792635	0.10456596354573688	2262004.7	15687.15	16.990000000000002	17.249529391495503
-2.2579371766164487	-0.9999952327171342	0.08261298743481939	0.10456596354573688	2262004.7	48223.2	17.455	17.530311755501124
-2.2579371766164487	-0.9999954910080496	0.08753263142266818	0.10456596354573688	2262004.7	26885.0	17.58	17.666274504733508
-1.5224349177849041	-0.9999967586731234	0.0068864786647520795	0.2181799893152069	2804889.8571428573	8879.07142857143	16.3	16.511537744468335
-2.3453342299343545	-0.9999954612999508	0.0035837487790694386	0.09581517247935475	1785135.1	3300.7	17.13	17.274067683738952
-2.3453342299343545	-0.9999944799111983	0.04362165375379291	0.09581517247935475	1785135.1	19035.325	17.085	17.15195752813761
-1.8593717886420194	-0.999996369436452	0.029954077289241134	0.15577045640701842	2918538.5	39971.2	17.77	17.79062684817558
-1.8593717886420194	-0.9999962248030415	0.06686057032483296	0.15577045640701842	2918538.5	60964.15	17.665	17.696307905096287
-1.8593717886420194	-0.9999966937777373	0.03452630369880322	0.15577045640701842	2918538.5	15510.5	17.64	17.680923829332738
