-2.188940517932559	-0.9999979668809127	0.03482851022435174	0.11203538524112545	5617572.5	91234.0	17.755000000000003	18.264408471606718
-2.3449201979470056	-0.999997777695912	0.05594718274087705	0.09585485123920563	5351915.6	146323.775	17.76	17.78312424117284
-2.1519432602990167	-0.9999978370139532	0.017323668611168234	0.11625801852910254	4835844.0	34885.775	16.65	16.80346779483331
-2.1519432602990167	-0.9999977490945757	0.029779840018784035	0.11625801852910254	4835844.0	53370.25	16.69	17.07044866292964
-2.1519432602990167	-0.9999977603629852	0.06973337270285075	0.11625801852910254	4835844.0	50539.75	17.22	17.344629837701817
-1.2463695101991124	-0.9999976542072906	0.017511871460209785	0.287546840022082	4497476.8	38182.1	17.12	17.19561300119106
-1.6263171216360035	-0.9999978377645241	0.02030336005095812	0.19665248930354956	4934565.25	43030.6875	16.86	16.873604586026417
-2.07120989876027	-0.9999978529981133	0.020145799844728234	0.12603320200579748	4947499.0	41038.475	16.55	16.857612775851905
-2.0258145703594077	-0.9999981040340167	0.006314265943707906	0.13188636869425624	4978800.8	12576.15	16.7	16.7483153199394
-1.8591405534622794	-0.9999978570969186	0.015544899183651206	0.15580648018132523	5133034.7	59848.95	17.0	17.108854449741326
-1.8591405534622794	-0.999998037172637	0.012752600672010436	0.15580648018132523	5133034.7	23747.175	17.125	17.380246585343677
-0.2714922177086434	-0.9999969746012419	0.08452688208963907	0.7622412154281794	3994610.5	177244.25	17.7	18.069120742035526
-1.4001583870617815	-0.9999977408090863	0.016502077479920364	0.24655790926600288	4887663.166666667	62451.666666666664	16.1	16.253217254883815
-1.4001583870617815	-0.9999978246179675	0.023726082118940523	0.24655790926600288	4887663.166666667	41461.083333333336	16.27	16.38181487237906
-1.4001583870617815	-0.9999982124536896	0.01045066842605305	0.24655790926600288	4887663.166666667	6227.708333333333	16.445	16.468885979704744
-1.791307460959192	-0.9999977509725263	0.020872600693965737	0.16674201840666567	4746902.3	43299.25	16.68	16.7982890152922
-1.791307460959192	-0.999998003070051	0.007957199990001902	0.16674201840666567	4746902.3	13084.125	16.985	17.01634402831354
-1.791307460959192	-0.99999785306516	0.039779028393162254	0.16674201840666567	4746902.3	26668.875	16.965	16.971696996944832
-2.223810494852062	-0.9999980138279263	0.04363825184579113	0.10819604186945361	5891118.5	120664.2	17.81	17.89497903601612
