-2.2655204297009504	-0.9999964413586836	0.03770542782021305	0.10377601236556273	3038434.0	49646.175	17.21	17.261579644012134
-1.0457455752086697	-0.9999969542832022	0.07002630408606528	0.35142970440180277	3818724.0	112503.875	17.91	18.086744240854834
-1.0457455752086697	-0.9999971020507306	0.0555498042157104	0.35142970440180277	3818724.0	63988.125	18.145	18.159180198335854
-1.0457455752086697	-0.9999971562260676	0.07422428077323341	0.35142970440180277	3818724.0	52029.625	18.22	18.25919590844095
-1.8011107025614992	-0.9999969291437809	0.04254784868178834	0.1651153922466148	3915285.5	166586.975	17.34	17.401822765982534
-1.8689819776969572	-0.9999973778340677	0.042916397962207	0.15428064303191824	4282025.0	75219.575	17.78	17.85709814453178
-1.8689819776969572	-0.9999973907504925	0.04334222074119057	0.15428064303191824	4282025.0	71172.2	17.884999999999998	17.937476303455334
-1.8689819776969572	-0.9999974124210563	0.11412240184960667	0.15428064303191824	4282025.0	64864.925	17.835	17.91762264001809
-2.2335266491939727	-0.9999966417715497	0.037468221176743505	0.10714988297818212	3240905.9	53299.575	17.13	17.237167892740636
-2.1628187032664554	-0.9999971000725034	0.030722331503068336	0.1150005114466669	3723715.9	48946.625	17.080000000000002	17.193017787999047
-2.1628187032664554	-0.9999969925859087	0.056291827636802974	0.1150005114466669	3723715.9	73038.5	17.150000000000002	17.255661628310268
-2.1628187032664554	-0.9999971934458717	0.07186734153174666	0.1150005114466669	3723715.9	34571.375	17.295	17.342079058677207
-2.3242812576059286	-0.999995847533517	0.0501715090921291	0.09785375042108567	2589352.1	46731.625	17.12	17.257386205057852
-2.3242812576059286	-0.9999957483575453	0.06374423299674413	0.09785375042108567	2589352.1	60414.4	17.29	17.3241897629544
-2.3242812576059286	-0.9999961453099651	0.05116584113180498	0.09785375042108567	2589352.1	21614.15	17.26	17.295676911585197
-1.5315325263231063	-0.999997140971197	0.04261900137815299	0.2162040748579383	3884300.0	66523.5	17.6	17.643856715358083
-0.2724051901230058	-0.9999967091895743	0.0828477630992361	0.761545627799877	3594914.5	137334.5	18.09	18.30978823706366
-1.9855887599254118	-0.9999971348798439	0.03318449066439769	0.13729975372284925	4012592.1	98375.625	17.63	17.634078332819133
