-1.8495275844085248	-0.9999986012487262	0.1148635539232622	0.15731146515113634	9661676.6	739907.975	3.47	3.4760790732882465
-1.8495275844085248	-0.9999986687491556	0.13891811932187123	0.15731146515113634	9661676.6	385429.1	3.465	3.4859493026953037
-1.8495275844085248	-0.9999986855162939	0.12539132539424994	0.15731146515113634	9661676.6	327785.075	3.4850000000000003	3.499804092148629
-1.0492113055102767	-0.9999984477796713	0.1080977797758995	0.3502138519517077	8502981.4	539554.3125	3.52	3.535045285004671
-1.459908459774474	-0.9999983071657276	0.12640451154980756	0.23225753466377763	8180987.666666667	1034113.75	3.52	3.5255709404377904
-1.183425502180787	-0.9999984096838683	0.11374914236674769	0.3062279553695656	8275537.833333333	519550.55	3.5500000000000003	3.5588123115082753
-1.183425502180787	-0.9999986499372086	0.06379717638863905	0.3062279553695656	8275537.833333333	71145.45	3.5700000000000003	3.572418607866178
-0.872946804798976	-0.9999984419863022	0.11119448548448467	0.4177187980424271	8432070.0	507513.5	3.48	3.533606642389601
-0.19290123547522242	-0.9999982982966654	0.14937028787694492	0.8245634077307805	7541544.0	374545.25	3.365	3.368534693508105
-0.19290123547522242	-0.9999984219247375	0.10514093672556116	0.8245634077307805	7541544.0	147431.25	3.375	3.3800806546915623
-0.19290123547522242	-0.9999983509065199	0.12834728502521803	0.8245634077307805	7541544.0	251879.75	3.385	3.385871177857907
-1.6410303946488518	-0.9999987040176114	0.11162502397043293	0.19378026923355104	10077556.2	469927.275	3.5500000000000003	3.5643631828991817
-1.6410303946488518	-0.9999986505807866	0.13169670800673192	0.19378026923355104	10077556.2	805200.6	3.5700000000000003	3.57700786737036
-1.8143799739083568	-0.9999987024084638	0.10336147231248345	0.16293890344865775	9926849.8	392775.6	3.42	3.4207551024717016
-1.8143799739083568	-0.9999986360005346	0.12391784877425985	0.16293890344865775	9926849.8	759348.8	3.435	3.4405072501523573
-0.6214726019112333	-0.9999979501414574	0.13069973812675487	0.5371528425829504	6537664.333333333	660852.25	3.455	3.4594459263828248
-0.6214726019112333	-0.9999979801185912	0.13816662869957644	0.5371528425829504	6537664.333333333	543239.0833333334	3.455	3.4603238037000774
-1.6898223764239226	-0.9999987677747326	0.108614008476802	0.18455230192167732	10610811.1	476826.25	3.6	3.610941046246631
-1.6898223764239226	-0.9999989436064	0.06503147432134003	0.18455230192167732	10610811.1	73804.825	3.605	3.61124399494311
-1.5272733216969727	-0.9999986077559503	0.10842585026961257	0.21712689610095484	9326982.4	436015.6666666667	3.5100000000000002	3.537898309273523
-1.5272733216969727	-0.9999987628359752	0.09064960694632786	0.21712689610095484	9326982.4	102641.47222222222	3.535	3.5386405608521896
-1.5272733216969727	-0.9999986275055792	0.15551747551570147	0.21712689610095484	9326982.4	362662.725	3.555	3.580502768397415
