-1.8147571288423845	-0.9999989433827454	0.09454701324683808	0.16287746182451115	11873454.9	280883.075	3.4	3.4080346147357763
-1.2928639271865563	nan	nan	0.2744835554298208	11070233.857142856	nan	3.515	3.5257258219106613
-1.2928639271865563	nan	nan	0.2744835554298208	11070233.857142856	nan	3.54	3.5692587326555905
-1.2928639271865563	nan	nan	0.2744835554298208	11070233.857142856	nan	3.555	3.5681396299069097
-0.872903567231464	nan	nan	0.41773685957762413	9581878.75	nan	3.5500000000000003	3.554070770211402
-0.872903567231464	nan	nan	0.41773685957762413	9581878.75	nan	3.5500000000000003	3.566891377684973
-1.5892139701211907	-0.9999990756148555	0.11262275479363396	0.20408596637160292	14743925.4	829903.25	3.5500000000000003	3.550505531473787
-1.4612088075974072	nan	nan	0.23195571536178283	11557396.777777778	nan	3.59	3.5930601273483136
-1.6428261183330126	-0.9999990730402593	0.10582390758301562	0.19343260566184392	14134514.2	489981.825	3.4450000000000003	3.4806129272260042
-1.8497350461025654	-0.99999885037078	0.08918929985054304	0.15727883243322055	10823029.5	253334.75	3.37	3.3713288416524323
