-1.7229450163470998	-0.9999996101015642	0.10373768210518745	0.178539570948153	37454089.9	2198510.425	6.6000000000000005	6.694742975294889
-0.6615485754663109	-0.9999994605799569	0.13063068936438993	0.5160515706025693	25605929.0	996844.75	6.13	6.19922326347388
-0.6615485754663109	-0.999999477040069	0.11410932114288161	0.5160515706025693	25605929.0	654007.0	6.205	6.218806522494702
-2.03559964067695	-0.9999996239736829	0.05501373173254174	0.13060214466065828	35254612.9	571866.3	6.9	6.945750901563878
-1.6057040674923586	-0.9999995848444087	0.10451332324545255	0.20074816488496636	33693778.5	1188449.05	6.53	6.572729808423434
-1.9022767820110849	-0.9999995653133401	0.05564781952178191	0.1492284714490685	30148444.7	491454.525	6.49	6.510314783084797
-1.9022767820110849	-0.9999995534791967	0.08932116238177826	0.1492284714490685	30148444.7	702152.8	6.545	6.550459954414247
-1.9022767820110849	-0.9999995556874441	0.10008716143945863	0.1492284714490685	30148444.7	656928.85	6.54	6.543973678432225
-1.9022767820110849	-0.9999995518137684	0.10285214029090245	0.1492284714490685	30148444.7	738308.075	6.545	6.557500932698931
-1.6676579020399376	-0.999999602378315	0.10104127584537764	0.18868847541786207	35159044.5	1178788.375	6.46	6.509713007151075
-1.6676579020399376	-0.9999995995647871	0.10618722732949448	0.18868847541786207	35159044.5	1301357.75	6.5200000000000005	6.520309863163888
-1.6676579020399376	-0.9999996065851371	0.12346984013035141	0.18868847541786207	35159044.5	1016717.325	6.49	6.52239562040042
-1.6676579020399376	-0.9999996116084288	0.1104329063114112	0.18868847541786207	35159044.5	852113.8	6.505	6.587506248311691
-1.105135184522764	-0.9999995626935747	0.13690947590426417	0.33116611068321	32315418.0	1371943.9	6.23	6.398687611319423
-1.105135184522764	-0.9999995773029093	0.1243718420588272	0.33116611068321	32315418.0	855663.1	6.45	6.468358079694093
-1.105135184522764	-0.9999995688875174	0.13560378365764922	0.33116611068321	32315418.0	1123072.95	6.51	6.57235853351747
-1.2462511290505325	-0.9999995984618985	0.1315808611339249	0.2875808821622083	35652432.666666664	1649214.25	6.565	6.670359519158992
-1.8204182664226523	-0.9999996264067335	0.08618150445005579	0.1619579951736276	37100276.5	1045925.325	6.61	6.653462958990031
-1.3600772455773678	-0.9999995851742634	0.11786548007891019	0.2566409518093646	35312205.85714286	2299980.8928571427	6.545	6.560921323516472
-1.3600772455773678	-0.9999996064415839	0.1284850977461281	0.2566409518093646	35312205.85714286	1085351.9642857143	6.57	6.622456518791733
-2.0048114443052745	-0.9999996165770831	0.04890305128914921	0.1346856890550687	34096807.8	476153.425	6.8	6.819266612283883
-2.0048114443052745	-0.9999995980740863	0.10789381552528365	0.1346856890550687	34096807.8	894830.425	6.845000000000001	6.8999521746023555
-2.0048114443052745	-0.9999995999862591	0.10096641960080337	0.1346856890550687	34096807.8	838349.575	6.915	6.9421161699220795
-1.5351661038436417	-0.9999995943016828	0.10694682923792213	0.2154199061234034	34675910.333333336	1287171.4444444445	6.55	6.5860323738199025
