-1.8963748358575512	-0.9999990420590781	0.11843514411945257	0.15011181400812554	13787164.0	544316.825	6.1000000000000005	6.123542685939218
-2.1056804912585463	-0.9999994656789581	0.02680178383631693	0.12176278755788823	23236018.8	246591.825	5.76	5.784956119812145
-1.361514135787683	-0.9999992087276571	0.10026096400772265	0.2562724517486108	17500276.714285713	1032490.0714285715	6.140000000000001	6.146345459708282
-1.361514135787683	-0.9999992295161102	0.09963675340272131	0.2562724517486108	17500276.714285713	717608.8214285715	6.165	6.171417687559415
-1.4543010840616721	-0.9999992275625389	0.09901782586473247	0.2335635481548885	17286072.75	629328.4375	6.19	6.204827321274513
-1.4543010840616721	-0.999999231459333	0.11460320832093962	0.2335635481548885	17286072.75	588332.875	6.21	6.21319304284195
-1.4543010840616721	-0.9999992621544591	0.12108461776942589	0.2335635481548885	17286072.75	346088.15625	6.215	6.226596306068601
-1.4543010840616721	-0.9999992524013834	0.08869603009588112	0.2335635481548885	17286072.75	409643.125	6.24	6.2538827804877215
-0.928486490345442	-0.9999992739717228	0.10378454222280695	0.39515132335391956	18711818.5	794372.75	6.23	6.26162093438104
-1.9323496540678282	-0.9999990320149913	0.12133106546766932	0.144807550787464	13621805.3	532693.475	6.09	6.099837485298835
-1.5339430322020222	-0.9999992376553735	0.10287487231805588	0.2156835412911076	17559390.666666668	651026.4722222222	6.2700000000000005	6.295342237963535
-1.6038394021248288	-0.9999992508931601	0.10218658986386181	0.20112284225101476	17895518.0	663745.075	6.28	6.290805891720025
-1.6038394021248288	-0.9999992289947676	0.10920215198018744	0.20112284225101476	17895518.0	982187.0	6.2700000000000005	6.271714486523257
-1.6038394021248288	-0.9999992780258632	0.1314775760909495	0.20112284225101476	17895518.0	408439.35	6.26	6.2892139400513365
-0.2184043446972246	-0.9999992213421531	0.12408818316977496	0.8038003635345569	17531710.0	848480.5	6.28	6.342604375523164
-1.965635285761394	-0.9999992976396914	0.0861859155574542	0.14006687585330144	18813924.9	548066.7	6.0	6.145893185359506
-1.965635285761394	-0.9999993094856852	0.09939912333515304	0.14006687585330144	18813924.9	438573.275	6.175	6.233199281928823
