-1.8820256398158386	-0.9999990946566238	0.06165777110664503	0.15228132600702005	13626639.5	227927.625	5.49	5.494470958132316
-1.8820256398158386	-0.9999990571778253	0.07842684324668124	0.15228132600702005	13626639.5	379836.15	5.53	5.729164738643212
-1.8820256398158386	-0.9999990795749926	0.07129262605309164	0.15228132600702005	13626639.5	279930.375	5.665	5.745439802700885
-1.5928984481797739	-0.9999993373524473	0.0850053493820632	0.20333539967879968	20804425.0	970920.9	5.7	5.708885166448458
-1.5240259297677639	-0.9999993956551179	0.0691946165159678	0.21783313833298654	21960046.777777776	580381.0555555555	5.71	5.735771228747653
-0.6576562317073367	-0.9999994496049739	0.11079977814233523	0.5180641349679678	25500124.0	1245615.8333333333	5.785	5.865829614602426
-0.6576562317073367	-0.999999485204259	0.1172681204301517	0.5180641349679678	25500124.0	502501.1666666667	5.845000000000001	5.851517661029744
-1.9824491011227143	-0.9999988566537524	0.08852068773084883	0.13773150552524238	12146856.6	1075248.1	5.55	5.557180378155592
-0.9173807112974455	-0.9999994529250754	0.11636631930734397	0.3995642457554056	27012962.0	2618504.125	5.88	5.882103279833965
-0.9173807112974455	-0.999999510420539	0.11224458347419909	0.3995642457554056	27012962.0	554038.5625	5.895	5.89653003764068
-0.9173807112974455	-0.999999480854915	0.15363553274481984	0.3995642457554056	27012962.0	1231379.5	5.89	5.961516877461298
