-1.2555977444173434	-0.9999990977952873	0.10620227072572863	0.28490549664608267	15282845.166666666	973111.4583333334	6.6000000000000005	6.6023547184320694
-1.2555977444173434	-0.9999991786314443	0.11359259679131474	0.28490549664608267	15282845.166666666	282898.9166666667	6.605	6.606927301348612
-1.8255104752821376	-0.9999990360891619	0.11439260959944397	0.16113536750928123	13515908.3	455034.4	6.58	6.584355499566442
-1.8255104752821376	-0.9999990136227962	0.136366161071873	0.16113536750928123	13515908.3	616480.65	6.615	6.616760415482927
-1.8255104752821376	-0.9999990555081988	0.13975638214568514	0.16113536750928123	13515908.3	349990.65	6.62	6.630948150897359
-1.7299479408011718	-0.9999991052484722	0.10945951512401034	0.1772936394944643	14827370.4	577700.35	6.55	6.560847057069591
-1.7797885533909852	-0.9999990117897115	0.11208465476661714	0.1686738090031296	13151314.5	440762.75	6.51	6.53129751473051
-1.7797885533909852	-0.9999989597344403	0.12316018335344223	0.1686738090031296	13151314.5	874019.875	6.53	6.532379730569744
-0.6671219924589965	-0.9999991552603426	0.08997893882033672	0.5131834001892195	16007860.666666666	745994.4166666666	6.57	6.662059519901674
-0.6671219924589965	-0.9999992040856206	0.15695263495410292	0.5131834001892195	16007860.666666666	341425.0833333333	6.66	6.665009550051564
