-1.973506549846763	-0.9999989701286938	0.13786432437264814	0.13896870016920654	12925316.7	604049.325	5.4	5.404015752006866
-1.7924296025798365	-0.9999990344654032	0.11852488227457347	0.16655501518957072	13722068.0	567575.825	5.39	5.414034158986643
-1.7924296025798365	-0.9999990769877819	0.12012944669170776	0.16655501518957072	13722068.0	316675.625	5.415	5.41789096304905
-1.7924296025798365	-0.9999990664083832	0.1362086645775647	0.16655501518957072	13722068.0	366152.4	5.405	5.405688596251752
-1.7924296025798365	-0.9999990540158736	0.11744244028165438	0.16655501518957072	13722068.0	434024.475	5.42	5.4244971708047585
-1.8724231639519353	-0.9999990287277561	0.13318720007636706	0.1537506470341861	13756754.9	635109.45	5.45	5.45248278912066
-1.8724231639519353	-0.9999990513876161	0.12758881450388038	0.1537506470341861	13756754.9	465015.45	5.45	5.450203141776879
-1.8339198876742946	-0.9999990178488234	0.12798082512949116	0.15978599541821567	13580612.6	620457.9	5.41	5.429296962185205
-1.9084621052023418	-0.9999990319386072	0.13662016867903495	0.14830829385541855	13820202.1	646160.075	5.46	5.463298296430118
-2.0574418671724506	-0.9999988397368401	0.13035589275169054	0.1277804314672113	11263233.3	473691.975	5.32	5.332567903103881
-1.2324705727144578	-0.9999991562726908	0.07648580032266625	0.2915713389170615	15311660.833333334	407935.3333333333	5.3500000000000005	5.366520908261031
-1.2324705727144578	-0.9999991823034278	0.09967618735851853	0.2915713389170615	15311660.833333334	273837.1666666667	5.36	5.362773307916129
-1.6427011374776226	-0.9999991712009721	0.09901687689283681	0.1934567825451522	15955205.1	553300.575	5.45	5.507710997948366
-1.5820604025504463	-0.9999990560601265	0.09607032130562185	0.20555114349587864	14285947.3	718609.875	5.41	5.411529741086576
-2.082418766948244	-0.9999987333963616	0.1193392017312913	0.12462840028396535	11131760.4	1328455.4	5.34	5.374342761912716
-2.0029610399710536	-0.9999988824419116	0.13234927461036247	0.13493514276178648	12645354.3	1372188.2	5.36	5.361160787486518
-2.0029610399710536	-0.9999989254316489	0.1266486639325392	0.13493514276178648	12645354.3	796750.025	5.375	5.375113043126924
-1.942076414553864	-0.9999990083585322	0.13643741789086375	0.14340587038023372	13428155.8	606775.7	5.38	5.384256198347107
-1.942076414553864	-0.9999990518592025	0.12750542498818523	0.14340587038023372	13428155.8	338330.8	5.385	5.394510722507168
