-0.6908101071894123	-0.999994378189637	0.13463317605698955	0.5011699032276139	1919223.6666666667	48508.333333333336	8.41	8.42771876064011
-0.6908101071894123	-0.9999946714582424	0.11701489376720549	0.5011699032276139	1919223.6666666667	27629.166666666668	8.42	8.420921698314487
-0.6908101071894123	-0.9999948413429133	0.12471336251824057	0.5011699032276139	1919223.6666666667	19941.666666666668	8.42	8.421040462427746
-0.6908101071894123	-0.9999950205181755	0.04797451975714143	0.5011699032276139	1919223.6666666667	14138.666666666666	8.465	8.472079403377935
-0.6908101071894123	-0.9999945557824732	0.1518888415985441	0.5011699032276139	1919223.6666666667	34497.5	8.495000000000001	8.520973298880275
-0.6908101071894123	-0.9999945138914258	0.14053000877083072	0.5011699032276139	1919223.6666666667	37385.666666666664	8.53	8.544738796075311
-1.5051084715245047	-0.9999940549982385	0.12588443673714803	0.22199321258370952	1789831.125	41794.71875	8.58	8.58919397993311
-1.5874541836976233	-0.9999941692141251	0.12397867285174813	0.20444543028155152	1813945.4444444445	39210.583333333336	8.540000000000001	8.559353821907013
-2.0641425643028546	-0.9999953925950292	0.06221062416691823	0.12692707572885428	2283909.8	37155.625	8.55	8.589792147806005
-2.0641425643028546	-0.9999955900371523	0.091105731664225	0.12692707572885428	2283909.8	23668.85	8.57	8.5742415206858
-1.959955715678345	-0.9999948383243615	0.1119444811849047	0.14086465887878571	2079131.4	45788.125	8.700000000000001	8.711896250397203
-1.9199423860452915	-0.9999946464577705	0.11506447839990505	0.14661540898055217	2005287.9	45952.875	8.67	8.69530343387805
-1.9199423860452915	-0.9999946535989426	0.09936925055893078	0.14661540898055217	2005287.9	45299.5	8.67	8.680921645151606
-1.9199423860452915	-0.9999948090173494	0.16042318180015494	0.14661540898055217	2005287.9	33169.45	8.71	8.71485243232241
-1.9199423860452915	-0.9999948599102773	0.13005036799027378	0.14661540898055217	2005287.9	29951.25	8.705000000000002	8.741820367842985
-1.148697941633068	-0.9999943980157212	0.11157256681505479	0.31704931745645476	1879015.2	37279.05	8.540000000000001	8.549980930689932
-1.148697941633068	-0.999994515088384	0.12466144422684279	0.31704931745645476	1879015.2	29917.5	8.555	8.56854049243548
-1.148697941633068	-0.999994250964386	0.0780841604845488	0.31704931745645476	1879015.2	49143.75	8.58	8.593761263922332
-1.148697941633068	-0.9999950593687966	0.038081357276102894	0.31704931745645476	1879015.2	10758.25	8.61	8.618963102330929
-1.148697941633068	-0.9999945048290024	0.1470800842941809	0.31704931745645476	1879015.2	30499.85	8.605	8.61278993760523
-1.778816586501061	-0.9999947015295403	0.11877738558105393	0.16883783406122765	2021965.8	44949.9	8.66	8.675506115702479
-0.23420143904588983	-0.999994397932372	0.11553607723577236	0.7912024207811751	1914461.0	45475.0	8.45	8.49481686746988
-1.9970981276172766	-0.9999954982739899	0.07019687102913243	0.1357285793289884	2365806.8	42200.625	8.700000000000001	8.808422398899824
-1.292731288264905	-0.9999940638851623	0.1132403855366868	0.27451996504723686	1771229.3333333333	36834.625	8.6	8.627133961928482
-1.292731288264905	-0.9999935812362001	0.10315944169647084	0.27451996504723686	1771229.3333333333	86603.125	8.645	8.65143291175016
-1.7218512113930284	-0.9999945016207854	0.12708459289925028	0.17873496525750465	1955912.9	46832.35	8.6	8.660378218031571
-1.7218512113930284	-0.9999947506813296	0.10878483118454384	0.17873496525750465	1955912.9	28772.5	8.665	8.673286147623863
-1.6587056713259594	-0.9999941940698506	0.1261625434568669	0.1903852417729102	1822015.1	39279.85	8.49	8.501626774726324
-1.6587056713259594	-0.9999943932943164	0.11150675427498674	0.1903852417729102	1822015.1	27322.5	8.515	8.523641025641025
-1.6587056713259594	nan	nan	0.1903852417729102	1822015.1	nan	8.515	8.56220559948707
-1.6587056713259594	-0.9999946713030083	0.07231786860596945	0.1903852417729102	1822015.1	16463.575	8.55	8.563991731740927
-2.1759280177347087	-0.9999954070221493	0.044420966864936066	0.11350277219485204	2220583.6	26877.75	8.03	8.07311047437122
-2.0946199923471993	-0.9999947573712604	0.0869198030477418	0.1231170201755435	2268859.7	146500.225	8.5	8.501979256344033
-2.0946199923471993	-0.9999953910297645	0.17826362094497308	0.1231170201755435	2268859.7	34789.75	8.535	8.545983146067416
-2.031828208247372	-0.9999952180058298	0.07070432945519894	0.1310956318162004	2295290.0	58456.975	8.555	8.560795631825274
-2.031828208247372	nan	nan	0.1310956318162004	2295290.0	nan	8.56	8.566964826182863
