-2.1628777826142014	-0.9999964773992024	0.07086717188712303	0.11499371749215337	2926225.6	29968.175	9.03	9.046287519747235
-2.1628777826142014	-0.9999958184653105	0.1300227759276954	0.11499371749215337	2926225.6	206098.4	9.040000000000001	9.06421662376083
-2.1628777826142014	-0.999996392183514	0.13641067743888746	0.11499371749215337	2926225.6	38455.575	9.024999999999999	9.045008861113702
-2.1628777826142014	-0.9999963015610732	0.15048338528184266	0.11499371749215337	2926225.6	50133.6	9.08	9.103428722141633
-1.7913546793444348	-0.9999968623031235	0.03391854185429417	0.16673414530368344	3264368.6	28073.0	8.78	8.838644682857927
-1.7913546793444348	-0.9999966741912945	0.11487494309153362	0.16673414530368344	3264368.6	51877.8	8.85	8.86770254795305
-1.7913546793444348	-0.9999967783693477	0.12127339362514888	0.16673414530368344	3264368.6	36922.0	8.875	8.88115783369695
-2.0431519692961246	-0.9999963946315823	0.053367788239668715	0.12961950960782437	2799403.2	24169.3	9.040000000000001	9.058861852433282
-2.0431519692961246	-0.9999961923940549	0.10259567269401726	0.12961950960782437	2799403.2	42574.075	9.055	9.09047970874826
-2.0431519692961246	-0.9999961978382856	0.141481986491598	0.12961950960782437	2799403.2	41930.125	9.1	9.109908261603444
-2.0431519692961246	-0.9999963434320153	0.11810627051415372	0.12961950960782437	2799403.2	27894.15	9.105	9.108838295388209
-2.0431519692961246	-0.9999957946946669	0.10428090525029046	0.12961950960782437	2799403.2	129616.775	9.11	9.132495068875288
-0.6968784721085864	-0.9999949366852268	0.11835863626372768	0.498137830534783	2386341.0	176802.75	9.120000000000001	9.122478044381824
-0.23681074016874595	-0.9999953331451877	0.05949631981526916	0.7891406265070837	2128564.5	20612.5	8.97	9.028791798877227
-0.23681074016874595	-0.9999947316898028	0.16478442505013693	0.7891406265070837	2128564.5	74155.875	9.01	9.076407556742113
-2.1065790579433283	-0.999996636691262	0.06377236169826685	0.12165342471580437	3062817.3	29767.325	9.16	9.204732314543062
-2.1065790579433283	-0.9999964805649996	0.10521123686986182	0.12165342471580437	3062817.3	48019.65	9.235	9.246429356036714
-1.6711864510501546	-0.9999966929907019	0.03135425862140915	0.18802385215215306	3055071.1	24418.775	9.06	9.079597188429306
-1.6711864510501546	-0.9999964206005881	0.12261999698491804	0.18802385215215306	3055071.1	56123.05	9.07	9.07801137677473
-1.6711864510501546	-0.9999966130871734	0.11674633155725946	0.18802385215215306	3055071.1	31170.5	9.08	9.08567977915804
-1.6711864510501546	-0.999996277189042	0.1054660753430745	0.18802385215215306	3055071.1	86980.625	9.075	9.076577812748631
-2.135638430268814	-0.9999961096929819	0.0915069222698503	0.11816912354373403	2903133.7	80343.7	9.15	9.150367247435561
-1.9711937151249639	-0.9999964141342671	0.058764148435885566	0.1392904837769111	2889325.8	31593.375	8.92	8.930721317692667
-1.9711937151249639	-0.9999960645676526	0.12413134037633962	0.1392904837769111	2889325.8	86745.575	8.945	8.980366834499444
-1.9711937151249639	-0.9999964588347444	0.10198213452730324	0.1392904837769111	2889325.8	27765.35	9.045000000000002	9.09220626987733
-1.9711937151249639	-0.9999964395326534	0.08842080930774687	0.1392904837769111	2889325.8	29357.875	9.085	9.087052532242843
-1.9711937151249639	-0.9999964183480046	0.09542877602112387	0.1392904837769111	2889325.8	31211.05	9.07	9.082503984416505
-1.9711937151249639	-0.9999962230034765	0.09729233365597002	0.1392904837769111	2889325.8	54882.8	9.075	9.138526944902445
-1.1581346312508958	-0.9999951868932372	0.10619456258034456	0.31407149395033096	2491181.2	161186.1	9.1	9.107153190143212
-1.1581346312508958	-0.999996083485843	0.06362466445660575	0.31407149395033096	2491181.2	17269.35	9.14	9.146326257367983
-1.9318134386949515	-0.9999963013471774	0.07550646045629322	0.14488521964406129	3160793.4	119451.9	8.950000000000001	8.959971829953878
-1.8887940511022314	-0.9999968139142318	0.03268386587686734	0.15125410361472175	3221676.7	28695.725	8.88	8.912245620244205
-1.4196202007416687	-0.9999968193124048	0.038487109913433626	0.24180583713690793	3293763.4285714286	35468.642857142855	9.219999999999999	9.223300881280856
-2.0757412459410842	-0.9999964841235476	0.07105290147871829	0.12546339378562968	2952989.1	32283.575	9.120000000000001	9.128572521029824
-2.0757412459410842	-0.9999963565755416	0.1139136904401621	0.12546339378562968	2952989.1	47050.25	9.13	9.167202059516388
-2.0757412459410842	-0.9999963358402897	0.14816364111901278	0.12546339378562968	2952989.1	50021.275	9.184999999999999	9.188233431249953
-2.0757412459410842	-0.999996252115312	0.11446743380060843	0.12546339378562968	2952989.1	64051.775	9.21	9.221193482688392
-1.5992898009446623	-0.9999960692178017	0.08922544337822098	0.20203995563962218	3195459.6666666665	285116.30555555556	9.06	9.06200738562588
