-1.8716751829332374	-0.9999991471268592	0.024664445330319643	0.15386569262037372	13029876.6	67024.725	9.76	9.900099568905576
-2.001267101091283	-0.9999989832883399	0.030936292974630488	0.13516390834911718	11049598.2	75677.95	10.040000000000001	10.076019785878845
-1.9181419420236523	-0.9999989604267427	0.04370083674826842	0.146879619593969	12012306.9	265048.8	9.89	9.903442803908243
-1.9181419420236523	-0.9999990211269562	0.07656266226606587	0.146879619593969	12012306.9	127837.55	10.004999999999999	10.006895569309362
-1.9181419420236523	-0.9999990153054075	0.09332624353178992	0.146879619593969	12012306.9	137097.325	10.004999999999999	10.040535654502845
-1.9181419420236523	-0.9999989983782006	0.07844591703851027	0.146879619593969	12012306.9	168010.625	10.07	10.071613264232138
-2.1356387833471224	-0.999998191700527	0.05784863911008803	0.11816908182078707	6850323.6	239769.275	10.0	10.012894870866731
-2.1356387833471224	-0.9999984093156197	0.11849407025198275	0.11816908182078707	6850323.6	53997.025	10.085	10.107563798808679
-1.5377382276341078	-0.9999989037396172	0.07411268506241298	0.2148665314371069	10894028.125	153688.78125	10.540000000000001	10.715014187808027
-1.5377382276341078	-0.9999989714891954	0.043384387944775456	0.2148665314371069	10894028.125	73468.5	10.75	10.876014000974582
-0.9813808750526494	-0.9999984187817547	0.07664227699590158	0.3747931987779538	7762722.25	214176.0	10.24	10.279575279148553
-1.1741833226132548	-0.9999986341063276	0.05176672410906946	0.30907128817862484	8798562.4	165693.45	10.42	10.432243496878634
-1.1741833226132548	-0.9999985947690407	0.06413592150063173	0.30907128817862484	8798562.4	234218.1	10.4	10.405317788858683
-1.1741833226132548	-0.9999986067456915	0.17367357128321068	0.30907128817862484	8798562.4	210792.65	10.450000000000001	10.465976056684728
-2.0726265986423487	-0.9999988774279736	0.006410802506458697	0.12585477720042038	8405089.4	12521.95	9.98	10.082573542906445
-1.439332832205975	-0.9999988042801866	0.04622523561340212	0.2370858819937503	9309661.857142856	68304.60714285714	10.41	10.4321108114734
-1.439332832205975	-0.9999988111204637	0.05898072015038837	0.2370858819937503	9309661.857142856	64090.46428571428	10.450000000000001	10.502345641340508
-1.439332832205975	-0.9999987703630848	0.09780007765370653	0.2370858819937503	9309661.857142856	93666.25	10.475000000000001	10.489005510194772
-1.439332832205975	-0.9999987346954472	0.07671236579312689	0.2370858819937503	9309661.857142856	130555.0	10.485	10.530703247572797
-1.439332832205975	-0.9999986836888519	0.09941822613574867	0.2370858819937503	9309661.857142856	209904.2857142857	10.55	10.59061927971738
-2.191924593389369	-0.9999977187764881	0.07856887149430891	0.11170156152303204	5416857.8	232596.175	10.1	10.101506181596113
-0.24313260841133624	-0.9999977423720371	0.052407279909728995	0.7841675196674578	4914727.5	65881.375	10.18	10.223107916222933
-1.3214883069876544	-0.9999987169536985	0.03306754654793603	0.26673801834261557	8401304.5	48013.708333333336	10.4	10.401277560189897
-1.6219923129109253	-0.9999989011662138	0.061401985517519554	0.19750481545038617	11508037.111111112	310337.8333333333	10.68	10.702952262143326
-1.6219923129109253	-0.9999988488150519	0.10055185378597488	0.19750481545038617	11508037.111111112	566865.5	10.745000000000001	10.791217278113029
-1.9613941098162297	-0.9999990059852353	0.028901915956873806	0.14066218563229416	11251471.7	71977.95	10.07	10.095041383570106
