-2.0812824092336997	-0.9999992378858465	0.017196847786115854	0.1247701032254462	13622045.8	32258.05	10.74	10.828622266045178
-2.0812824092336997	-0.9999991773491683	0.04595061487549901	0.1247701032254462	13622045.8	73583.325	10.83	10.851278521064748
-2.1444340417438212	-0.9999988480598412	0.02599313361403666	0.11713431141872187	9720928.6	72978.075	10.515	10.532966192319765
-2.1444340417438212	-0.999998698993435	0.061806998884982235	0.11713431141872187	9720928.6	310826.05	10.535	10.543158795462974
-2.1444340417438212	-0.9999988649560005	0.07234435615151015	0.11713431141872187	9720928.6	61924.15	10.52	10.522787593246957
-2.1444340417438212	-0.9999988658553974	0.07599618787846374	0.11713431141872187	9720928.6	61385.1	10.524999999999999	10.54657130712556
-2.1444340417438212	-0.9999987628113828	0.04989849233866732	0.11713431141872187	9720928.6	167144.875	10.57	10.583478128445446
-0.9837088763618587	-0.9999982961757939	0.11228087005704701	0.37392169454561247	7001758.75	151715.0625	10.44	10.494161878800588
-1.696598933733954	-0.9999988549084525	0.09641789787655712	0.18330590059575336	11817117.2	752893.975	10.83	10.90750882459923
-1.696598933733954	-0.9999990190709922	0.11570648085322759	0.18330590059575336	11817117.2	108200.775	10.81	10.81826469634418
-1.696598933733954	-0.9999989805907029	0.11298234688208388	0.18330590059575336	11817117.2	170497.05	10.81	11.111941144188648
-1.7625285064419187	-0.9999990803132657	0.06745048945678854	0.1716103967844027	12874926.2	138814.2	11.07	11.141308798026515
-1.5388633711622062	-0.999998608073579	0.1096541587406565	0.21462491170378498	8758236.875	196971.875	10.46	10.595305197234588
-1.5388633711622062	-0.9999986798518069	0.08518318138116739	0.21462491170378498	8758236.875	105046.78125	10.645	10.685687875796464
-1.5388633711622062	-0.9999985151844776	0.09826528105467475	0.21462491170378498	8758236.875	444348.21875	10.715	10.734453154480153
-1.5388633711622062	-0.9999987236967488	0.10051503396244174	0.21462491170378498	8758236.875	71550.03125	10.695	10.705916953631776
-1.5388633711622062	-0.9999986857122657	0.12811033374275424	0.21462491170378498	8758236.875	99791.0	10.684999999999999	10.71675266194214
-1.5388633711622062	-0.999998630252541	0.10765145325568831	0.21462491170378498	8758236.875	162196.9375	10.73	10.78139801189183
-1.6233635356036646	-0.9999988019757653	0.10039631107807571	0.19723417796005505	10556172.111111112	310688.72222222225	10.71	10.775910525987916
-1.6233635356036646	-0.9999988802021759	0.09027663190943863	0.19723417796005505	10556172.111111112	136049.11111111112	10.885	10.9327792738248
-1.6233635356036646	-0.999998894568719	0.11952851806834858	0.19723417796005505	10556172.111111112	116904.69444444444	10.945	11.005499986485459
-1.6233635356036646	-0.9999988807476092	0.11589807298306395	0.19723417796005505	10556172.111111112	135268.02777777778	11.024999999999999	11.068796729483264
-2.1138094576499733	-0.9999990613316756	0.01697389730595483	0.12077699411940652	11599586.8	53537.95	10.450000000000001	10.50221949141434
-2.1138094576499733	-0.9999990158629857	0.07422966781214203	0.12077699411940652	11599586.8	90723.5	10.495000000000001	10.498812147272238
-2.1138094576499733	-0.99999889860538	0.05565321848403829	0.12077699411940652	11599586.8	353528.6	10.475000000000001	10.476712782567548
-2.045777390895278	-0.9999991511916255	0.04527539743358321	0.129279650080117	14213597.1	173618.3	10.78	10.798047255979046
-2.045777390895278	-0.9999991523521711	0.0983098811597143	0.129279650080117	14213597.1	170777.85	10.805	10.867982706698578
-1.1755395939978617	-0.9999984847377589	0.1059479815744254	0.308652387770196	7883704.4	154179.55	10.3	10.386743794586796
-1.1755395939978617	-0.9999983376540797	0.09600432814913118	0.308652387770196	7883704.4	491610.4	10.43	10.46802116955107
-1.1755395939978617	-0.9999984020257088	0.10917361875326652	0.308652387770196	7883704.4	295952.3	10.4	10.497066133734977
-1.323221773645411	-0.9999985028736748	0.10097981913544644	0.266276037411417	8068248.333333333	176165.875	10.540000000000001	10.607295515793433
-1.9672055094794452	-0.9999991798620559	0.042423517030842045	0.1398471121070008	13925945.2	91234.2	10.790000000000001	10.820210284174495
-1.9232666726094871	-0.9999991918235199	0.04509629374300373	0.1461288265641656	14249527.3	100320.25	11.03	11.061047880451357
-2.201017761039581	-0.9999986475859555	0.031839312494548196	0.11069044459226149	7810065.6	38654.425	10.42	10.462687508209642
-2.201017761039581	-0.9999986380412711	0.04234739832469596	0.11069044459226149	7810065.6	41646.1	10.465	10.48926310326933
-2.201017761039581	-0.9999985652653695	0.07604786309686778	0.11069044459226149	7810065.6	73523.325	10.49	10.493446530857597
-2.201017761039581	-0.9999986109767964	0.06825011206141669	0.11069044459226149	7810065.6	51448.825	10.47	10.478856287101292
-2.201017761039581	-0.9999986130984193	0.0771722131185667	0.11069044459226149	7810065.6	50603.325	10.495000000000001	10.501593562280403
-2.201017761039581	-0.9999985889231706	0.0584446966358835	0.11069044459226149	7810065.6	61119.5	10.49	10.505837348734246
-2.201017761039581	-0.999998650241395	0.02278727884705433	0.11069044459226149	7810065.6	37861.0	10.535	10.573034094164836
-1.440970130328261	-0.9999984755650785	0.10257055001347251	0.23669801933439008	7893785.142857143	168308.82142857142	10.370000000000001	10.428630079178461
-1.440970130328261	-0.9999984709179783	0.07166703970550319	0.23669801933439008	7893785.142857143	174597.60714285713	10.434999999999999	10.436210452970863
-1.440970130328261	-0.9999984722731377	0.12842376913818085	0.23669801933439008	7893785.142857143	172739.82142857142	10.47	10.504046660910936
-0.7089139841215905	-0.9999982565258547	0.12307724525144677	0.4921784209009983	6726416.333333333	123911.75	10.290000000000001	10.30922770065422
-0.7089139841215905	-0.9999982664788111	0.06716762782430619	0.4921784209009983	6726416.333333333	115887.66666666667	10.295000000000002	10.29621687608319
-0.7089139841215905	-0.9999983044781163	0.10142445575954462	0.4921784209009983	6726416.333333333	89749.25	10.34	10.385481904509206
-1.8745691449297708	-0.9999990489489271	0.07324329313916583	0.15342105484609125	13877970.5	539639.65	11.115	11.133015133099326
