-2.0328542789127484	-0.9999959844095401	0.07036747914433518	0.13096118742055565	2568874.4	30197.5	6.72	6.735812389380531
-2.0328542789127484	-0.9999952388044756	0.09550288205070208	0.13096118742055565	2568874.4	205029.35	6.735	6.762139083425482
-1.1413839492193656	-0.9999920486139888	0.08154049650885069	0.3193767146666367	1318222.4	35655.8	8.0	8.000700548606305
-1.8115585265714413	-0.9999959487776232	0.06485638860187182	0.16339927613711855	2519998.5	27147.425	7.140000000000001	7.217782128871485
-2.089341674969011	-0.9999959071581246	0.06562010728677395	0.12376858896335542	2489294.0	26588.9	6.71	6.74682454797235
-2.089341674969011	-0.9999959209493352	0.10286338532645643	0.12376858896335542	2489294.0	25691.55	6.73	6.77083421111706
-2.089341674969011	-0.999996099005725	0.09250378596668349	0.12376858896335542	2489294.0	16492.5	6.805	6.805091790786284
-2.089341674969011	-0.9999959583352299	0.07718569212278686	0.12376858896335542	2489294.0	23408.375	6.815	6.8338664904163915
-2.089341674969011	-0.999995927516545	0.11782457412916862	0.12376858896335542	2489294.0	25274.95	6.83	6.841803941384538
-2.089341674969011	-0.9999960103618336	0.06279140420568595	0.12376858896335542	2489294.0	20564.75	6.86	6.9209128774731
-2.089341674969011	-0.9999954424127332	0.14359377011329505	0.12376858896335542	2489294.0	84555.45	6.94	6.951045690936107
-1.4941669309694183	-0.9999942652004303	0.041243367307446446	0.22443549713461575	1756596.0	23710.75	7.53	7.531596173080452
-1.8558911626364785	-0.9999960444876269	0.0508854715493029	0.15631357976480806	2669878.5	38588.575	6.74	6.792384559130798
-1.8558911626364785	-0.9999966287035961	0.026911528904557617	0.15631357976480806	2669878.5	8109.8	6.745	6.749763018397256
-1.8558911626364785	-0.9999963020581624	0.06304161465876916	0.15631357976480806	2669878.5	19399.525	6.695	6.72456159476717
-1.8558911626364785	-0.9999963064357268	0.06865704456131907	0.15631357976480806	2669878.5	19174.1	6.76	6.775205548549811
-1.8558911626364785	-0.9999977417541991	0.0013507716739529238	0.15631357976480806	2669878.5	414.4	6.7700000000000005	6.789287374128582
-0.23237413240746574	-0.9999942446738717	0.08422858315562179	0.7926495119539999	1749513.0	23599.375	8.01	8.011545692648165
-0.23237413240746574	-0.9999942306044067	0.09384093113482056	0.7926495119539999	1749513.0	24187.5	8.05	8.081399538106236
-1.9342443238954448	-0.9999964568289695	0.056637190018434674	0.1445334480392765	2882545.0	27263.75	6.61	6.611692717799588
-1.9342443238954448	-0.9999966034947663	0.05706248310995349	0.1445334480392765	2882545.0	17863.65	6.655	6.691167491749175
-1.9342443238954448	-0.9999969610629954	0.02223099046749865	0.1445334480392765	2882545.0	6372.3	6.6850000000000005	6.6861670020120725
-1.9342443238954448	-0.9999959342784389	0.08107133993875625	0.1445334480392765	2882545.0	122960.35	6.735	6.741886890337256
-1.644029392026138	-0.9999948552122493	0.05669136322446427	0.19319999327230888	1901958.2	17767.3	7.4	7.401230721776681
-0.6873331896163097	-0.9999937723372364	0.06682429890504445	0.5029154624956043	1562965.6666666667	16874.583333333332	7.930000000000001	7.954992393509127
-1.2845637172359223	-0.9999932806042188	0.07522240736866591	0.27677130784631615	1450902.0	17139.25	8.0	8.005774503610107
-1.2845637172359223	-0.9999932471527736	0.07886469900642899	0.27677130784631615	1450902.0	17991.666666666668	8.01	8.043987915407856
-1.7605201639128072	-0.9999954867616726	0.047825407106452854	0.1719553955646029	2174345.6	18274.925	7.26	7.327007407407407
-1.7605201639128072	-0.9999958289462455	0.030176269320506162	0.1719553955646029	2174345.6	8683.65	7.3	7.3116757560733765
-2.0021687360713956	-0.9999958596580004	0.07509494220952136	0.13504209476524734	2627181.3	52966.25	6.65	6.658032887342063
-2.0021687360713956	-0.9999963630058831	0.07544336950130953	0.13504209476524734	2627181.3	14114.7	6.68	6.706894775570272
-2.0021687360713956	-0.9999961953744996	0.06779013427070635	0.13504209476524734	2627181.3	21925.275	6.71	6.721798469387755
-0.9541186871428855	-0.9999929345779183	0.08792762645496394	0.38515143393163187	1404924.25	20462.1875	7.95	7.954039238315061
-0.9541186871428855	-0.9999930206575908	0.0797240848631417	0.38515143393163187	1404924.25	18131.25	7.97	7.97360473723168
-0.9541186871428855	-0.999992278766313	0.08834670116874058	0.38515143393163187	1404924.25	51417.25	7.96	7.965816146140248
-0.9541186871428855	-0.9999938441864816	0.03928506818514658	0.38515143393163187	1404924.25	5700.3125	7.945	7.959595782073814
-0.9541186871428855	-0.9999928006089954	0.11108612547785024	0.38515143393163187	1404924.25	24700.0	7.98	7.984800747198007
-0.9541186871428855	-0.9999931042585748	0.15869939707149008	0.38515143393163187	1404924.25	16121.875	7.98	7.9842009440323665
-0.9541186871428855	-0.9999929466385393	0.07339084327855935	0.38515143393163187	1404924.25	20118.375	7.995	7.996713384723195
-1.9696282438221464	-0.9999960459352362	0.0704638498131592	0.13950870980074115	2614989.4	30940.0	6.79	6.797870877192983
