-1.9176439423341773	-0.9999965264342051	0.0948041843379125	0.1469527838152847	3571695.1	244388.35	5.76	5.770137938187098
-1.9176439423341773	-0.9999967771973031	0.10133008426478274	0.1469527838152847	3571695.1	99793.525	5.755	5.771593760994488
-1.9176439423341773	nan	nan	0.1469527838152847	3571695.1	nan	5.78	5.813355688507189
-1.6498915715813551	-0.9999966775409149	0.10789565705286074	0.19207073341762626	3360128.4	70535.75	5.78	5.787488995402524
-1.6498915715813551	-0.999996449995651	0.10977334698943936	0.19207073341762626	3360128.4	151518.625	5.775	5.792389621909302
-1.6498915715813551	-0.9999966785076221	0.12393703285855309	0.19207073341762626	3360128.4	70307.0	5.79	5.810046356635071
-1.5195867004691401	-0.9999959991762578	0.09222125027190697	0.21880229915485905	2819607.0	79279.75	5.63	5.631592830571525
-1.5195867004691401	-0.9999962260920887	0.10135831275283708	0.21880229915485905	2819607.0	41810.9375	5.63	5.651444209039548
-1.5195867004691401	-0.9999961234956238	0.1535368117137554	0.21880229915485905	2819607.0	55837.5	5.655	5.6691280148423004
-1.5195867004691401	-0.9999959927800726	0.158659315297561	0.21880229915485905	2819607.0	80722.52777777778	5.675	5.676479927779456
-1.5195867004691401	-0.9999958964665022	0.11928636235647466	0.21880229915485905	2819607.0	105909.72222222222	5.68	5.6820218348002705
-1.2370473891458043	-0.9999961438383016	0.08480064603983913	0.2902399195772821	2823658.3333333335	53555.0	5.65	5.701478502938447
-1.2370473891458043	-0.9999958786694275	0.09946156278546835	0.2902399195772821	2823658.3333333335	113235.0	5.695	5.6958464413642735
-0.21381339143374548	-0.9999942577186249	0.1464654884961654	0.8074990572052012	1861675.0	43925.0	5.7	5.72954131054131
-2.0125192871753557	-0.9999962710014823	0.08364774008422943	0.13365154356241415	3004018.6	73274.45	5.5200000000000005	5.556872333442731
-2.0125192871753557	-0.9999964673784767	0.07073189482231104	0.13365154356241415	3004018.6	40620.825	5.55	5.55516157989228
-1.7044629991694378	-0.999996804922943	0.10769082846733889	0.18187002431125068	3511364.8	74538.25	5.75	5.7804471480486646
-1.7044629991694378	-0.9999964783382117	0.11569210331224203	0.18187002431125068	3511364.8	234646.4	5.795	5.800898849615545
-1.7044629991694378	-0.9999968031281219	0.1260600305866931	0.18187002431125068	3511364.8	75009.5	5.78	5.804068399452804
-1.7044629991694378	-0.9999967396903584	0.12580065342151028	0.18187002431125068	3511364.8	93725.525	5.82	5.824122174909925
-1.7044629991694378	-0.9999967229891283	0.11496306797676178	0.18187002431125068	3511364.8	99386.4	5.84	5.868310025239704
-2.040158132614773	-0.999995957673182	0.06842367653274677	0.13000815072403749	2908348.8	127578.675	5.55	5.550291655657435
-2.040158132614773	-0.9999963504657703	0.10277616462567858	0.13000815072403749	2908348.8	40704.5	5.545	5.619335566722501
-2.0918580861023397	-0.9999958218075577	0.04950303071061289	0.1234575278510997	2510442.9	35921.3	5.47	5.488152610441767
-1.9833353431306509	-0.9999968079112251	0.08075179172319873	0.13760949615213122	3495686.0	70159.45	5.53	5.530601741554915
-1.8427411965758806	-0.9999965207036371	0.10512611550489773	0.15838267246711457	3394194.8	134511.125	5.89	5.892571428571428
-0.6572621774932805	-0.9999943249341939	0.13009297015168814	0.5182683205509558	2078850.0	132933.33333333334	5.69	5.691142091152815
-0.6572621774932805	-0.9999946163430301	0.18823529411764706	0.5182683205509558	2078850.0	72533.33333333333	5.69	5.691142091152815
-0.6572621774932805	-0.9999948495088846	0.11213027653432625	0.5182683205509558	2078850.0	44670.833333333336	5.695	5.706878024361755
-1.3482403099939733	-0.999996013379021	0.09230916255405495	0.2596968447471317	2740750.285714286	55620.916666666664	5.68	5.690544097272302
-1.3482403099939733	-0.9999962761955129	0.06704824624785813	0.2596968447471317	2740750.285714286	27064.583333333332	5.67	5.686268286635259
-1.3482403099939733	-0.9999960975280517	0.10875074384913715	0.2596968447471317	2740750.285714286	44164.583333333336	5.68	5.6892151266500175
-1.8002736438440972	-0.9999968829122526	0.11089779264223847	0.16525366138669326	3662624.8	90827.0	5.88	5.955041344812332
-1.5881686990570385	-0.9999965009505561	0.11412885414309502	0.20429940305701308	3188112.6	69936.94444444444	5.61	5.6276857653849275
-1.5881686990570385	-0.9999967133446654	0.08641696488721574	0.20429940305701308	3188112.6	35532.36111111111	5.65	5.687079647567832
-1.5881686990570385	-0.9999966140664664	0.11561944279786604	0.20429940305701308	3188112.6	48762.5	5.6850000000000005	5.697504539035707
-1.5881686990570385	-0.9999964992521437	0.12663078277573236	0.20429940305701308	3188112.6	70316.66666666667	5.73	5.7986375826070296
