-1.953687543039627	-0.9999980823427175	0.07014259746865004	0.1417503959557395	5824216.3	70886.6	10.19	10.219634121804729
-1.953687543039627	-0.9999979193298967	0.10909174254614779	0.1417503959557395	5824216.3	183187.825	10.245000000000001	10.264663881258357
-1.7521255078739437	-0.9999978400795706	0.07190408150935187	0.17340497782393605	5928945.0	364414.3	10.190000000000001	10.205051990524519
-1.7521255078739437	-0.9999980003288345	0.053566552779720965	0.17340497782393605	5928945.0	140917.975	10.215	10.221804726318853
-1.61439224001968	-0.9999978275447894	0.07063595053199566	0.19901158497055682	5805254.222222222	300034.1111111111	9.98	10.220017267418273
-1.61439224001968	-0.9999980336539048	0.051774296593055935	0.19901158497055682	5805254.222222222	90683.25	9.96	10.3262438375669
-1.9100366761520193	-0.9999980340110155	0.06819480642276467	0.14807495567628579	5640743.2	65488.1	10.1	10.131274031240613
-2.1300799685398872	-0.9999982523491079	0.059774367135430426	0.11882779098750632	6210748.3	51751.075	10.120000000000001	10.128000518672199
-2.1300799685398872	-0.9999982497272161	0.08885178334642443	0.11882779098750632	6210748.3	52600.7	10.13	10.151756952380952
-2.1300799685398872	-0.9999980506463245	0.08968141988679483	0.11882779098750632	6210748.3	181124.425	10.16	10.222826215755047
-2.1300799685398872	-0.9999981574239942	0.09104796527369213	0.11882779098750632	6210748.3	93317.7	10.200000000000001	10.241882588005613
-2.1300799685398872	-0.9999982005681703	0.09790157974869237	0.11882779098750632	6210748.3	71382.225	10.254999999999999	10.280277995110024
-2.1300799685398872	-0.9999982622340636	0.07569066800952964	0.11882779098750632	6210748.3	48669.425	10.26	10.275858077029648
-2.1300799685398872	-0.999998079681372	0.10521870342611273	0.11882779098750632	6210748.3	151237.85	10.290000000000001	10.390687379770807
-0.702755685010085	-0.999998143415491	0.05635431198635204	0.4952187548674905	5878918.0	54978.083333333336	9.44	9.543642807224407
-0.702755685010085	-0.9999983774884406	0.024225244642751213	0.4952187548674905	5878918.0	13884.666666666666	9.58	9.59706964622516
-0.702755685010085	-0.9999982168969062	0.012918804634068096	0.4952187548674905	5878918.0	35692.25	9.625	9.961201511188156
-0.702755685010085	-0.9999983498622517	0.04638394547519879	0.4952187548674905	5878918.0	16333.333333333334	9.57	9.585167575993765
-0.702755685010085	-0.9999981715043903	0.019320673204269768	0.4952187548674905	5878918.0	46609.25	9.59	10.016812565494693
-1.6873264121959193	-0.9999981133359351	0.08063815944371748	0.18501351320946818	5981309.8	79595.25	10.1	10.168716434089085
-1.6873264121959193	-0.9999982098428769	0.06641467189902275	0.18501351320946818	5981309.8	44688.075	10.165	10.185275137568784
-1.6873264121959193	-0.9999982358843287	0.07772540158132618	0.18501351320946818	5981309.8	38242.25	10.16	10.17529908809504
-1.6873264121959193	-0.9999981913403038	0.08396647319231337	0.18501351320946818	5981309.8	49917.85	10.235	10.290792432446013
-1.4327797533062236	-0.9999979590209722	0.09427767576308964	0.23864462619326277	5625334.285714285	96875.21428571429	10.16	10.184903184022126
-0.9765309254811686	-0.9999979874299576	0.07399878676170367	0.37661534197135627	5605215.0	79290.625	9.895	9.978251322543079
-0.9765309254811686	-0.9999982018354072	0.03785622463620245	0.37661534197135627	5605215.0	23838.5	9.97	9.978180185138854
-0.9765309254811686	-0.9999985660021543	0.007545099951243296	0.37661534197135627	5605215.0	3095.0	9.985	9.985737672190059
-0.9765309254811686	-0.9999980075437668	0.030496097506058934	0.37661534197135627	5605215.0	70836.625	9.965	9.970238321663269
-2.0319797041328473	-0.9999981252890661	0.048740671047163	0.13107577287168864	5702852.4	43966.225	10.17	10.178594174054641
-2.0319797041328473	-0.9999981166921257	0.07440952863006	0.13107577287168864	5702852.4	46175.525	10.165	10.204877192658348
-2.0319797041328473	-0.9999981091673151	0.10213965689287953	0.13107577287168864	5702852.4	48200.225	10.200000000000001	10.200119205298014
-2.0319797041328473	-0.9999980477479169	0.08530690885468782	0.13107577287168864	5702852.4	68417.975	10.200000000000001	10.295557201184852
-2.1874034399419315	-0.9999982948623622	0.0636547439399846	0.11220772478167752	6491292.0	64121.225	10.200000000000001	10.20091891891892
-1.3144956439941542	-0.9999979984255964	0.09369758453217973	0.2686097640288944	5699424.333333333	90022.125	10.01	10.017642144831491
-1.3144956439941542	-0.9999979236983192	0.08175350694468474	0.2686097640288944	5699424.333333333	137821.83333333334	10.065000000000001	10.068930836754708
-1.3144956439941542	-0.9999981419155359	0.07371295912962901	0.2686097640288944	5699424.333333333	39734.958333333336	10.120000000000001	10.131225330080127
-1.3144956439941542	-0.9999980185659582	0.04644631930879118	0.2686097640288944	5699424.333333333	80259.54166666667	10.145	10.146819042808435
-1.3144956439941542	-0.9999980075260783	0.09888318746959499	0.2686097640288944	5699424.333333333	85471.875	10.14	10.147637952322158
-0.24304805903634732	-0.9999976963486884	0.03963749975784527	0.78423382334406	4660957.0	46036.875	9.700000000000001	9.799491330434204
-2.066926547588588	-0.9999981511944992	0.05715312998571013	0.12657420429351982	5874842.8	52126.175	10.040000000000001	10.054248683091071
