-1.9685690906862154	-0.9999960915898448	0.08399478310964215	0.13965654916665968	2649357.9	31405.725	8.6	8.64662142017853
-1.515262612405504	-0.999996391510144	0.06984252334277884	0.21975046807049195	2919352.375	37587.5	8.950000000000001	8.95336030899393
-1.1589917171312523	-0.9999968438895336	0.049701416276804675	0.31380242303235756	3278047.2	31127.5	8.85	8.90428651790737
-1.1589917171312523	-0.9999968949425079	0.08003163502758641	0.31380242303235756	3278047.2	26330.6	8.895	8.90951933124347
-1.1589917171312523	-0.9999970278388811	0.06853718446883239	0.31380242303235756	3278047.2	17031.6	8.92	8.92341124447252
-1.6690166321451945	-0.9999961859738568	0.07641626478298282	0.18843227280031716	2766181.8	38187.5	8.9	8.916694185211773
-1.6690166321451945	-0.9999962859809668	0.10251177921972184	0.18843227280031716	2766181.8	28958.45	8.94	8.949992357661444
-1.6690166321451945	-0.9999962962985028	0.0999071168084675	0.18843227280031716	2766181.8	28143.625	8.955000000000002	8.987275803722504
-1.9294850206170862	-0.9999961511207582	0.08291872538796671	0.1452229660635386	2685996.9	30885.6	8.66	8.674451210099312
-0.23849664408502855	-0.9999969083821942	0.0905935843306023	0.7878113320805489	3969306.0	213538.5	9.18	9.184956447737632
-0.23849664408502855	-0.9999971571469661	0.11275690999291282	0.7878113320805489	3969306.0	79550.0	9.165	9.244646212847556
-0.23849664408502855	-0.9999973272199362	0.06444939528962444	0.7878113320805489	3969306.0	40500.0	9.21	9.211523489932885
-1.302935253494267	-0.999996728436792	0.050968448278395806	0.2717330160162297	3139692.8333333335	28902.083333333332	8.91	8.910287929125138
-1.302935253494267	-0.9999965545197778	0.08291816917870061	0.2717330160162297	3139692.8333333335	49897.666666666664	8.934999999999999	8.95753684769619
-1.5974296379029387	-0.9999962720431882	0.07276898298260115	0.2024161326648835	2829802.111111111	38152.77777777778	8.92	8.927515122187273
-1.5974296379029387	-0.9999963925430607	0.09525610664835615	0.2024161326648835	2829802.111111111	27128.833333333332	8.91	8.933272041489863
-1.5974296379029387	-0.999996442807549	0.08600879474686877	0.2024161326648835	2829802.111111111	23531.805555555555	8.93	8.939549402823019
-2.005436802335722	-0.999996110190643	0.07645233983681113	0.1346014886082886	2647309.3	29658.225	8.51	8.575084899546338
-0.9695851954826217	-0.9999971709040426	0.026485191386178625	0.37924031607761755	3447357.25	17203.125	8.97	8.987057827926657
-0.9695851954826217	-0.999996712287823	0.08777340940943043	0.37924031607761755	3447357.25	83609.0	8.98	8.98960929250264
-0.9695851954826217	-0.9999968542717916	0.10802068392048084	0.37924031607761755	3447357.25	51247.875	8.99	9.004067695961995
