-1.985734161339018	-0.9999963340487882	0.08560533818504636	0.13727979159586606	2794053.2	28080.4	6.8500000000000005	6.870793841712774
-1.985734161339018	-0.9999962678452968	0.1110057003926207	0.13727979159586606	2794053.2	33786.25	6.88	6.910801033591731
-1.985734161339018	-0.9999958871337926	0.1194735760321012	0.13727979159586606	2794053.2	97885.8	6.9350000000000005	6.935223524935671
-1.985734161339018	-0.999996432804475	0.12214555859866258	0.13727979159586606	2794053.2	21309.05	6.9350000000000005	6.948749488140612
-1.985734161339018	-0.9999961432639649	0.1435174771694633	0.13727979159586606	2794053.2	47853.75	6.95	6.975618494311305
-0.938762950495323	-0.9999931371171054	0.08495256234142284	0.3911113603392722	1538121.75	38404.25	6.97	6.975493809147427
-0.6738849147592734	-0.999993975262049	0.10378325061671322	0.5097244900814707	1694626.6666666667	27163.916666666668	6.88	6.917656823596939
-1.9157366229747836	-0.9999960643441165	0.0624622271507897	0.1472333371721455	2505342.6	19151.075	6.78	6.7821449221711
-1.9157366229747836	-0.9999951740604612	0.11249840037632113	0.1472333371721455	2505342.6	178193.675	6.7700000000000005	6.782661278807437
-1.9157366229747836	-0.999995783483517	0.10984658004785754	0.1472333371721455	2505342.6	38707.65	6.745	6.785430950997482
-1.9157366229747836	-0.9999956292240977	0.1499834140472489	0.1472333371721455	2505342.6	56969.625	6.8100000000000005	6.829438910505837
-1.9157366229747836	-0.9999953949529946	0.16183483656234568	0.1472333371721455	2505342.6	102458.25	6.835	6.837570593485676
-1.3754667512443144	-0.9999940317141267	0.05968848423166321	0.2527216101459112	1616650.857142857	15499.607142857143	6.78	6.828751695792021
-1.3754667512443144	-0.9999926155006201	0.11214864358254219	0.2527216101459112	1616650.857142857	152993.5	6.8500000000000005	6.8779498097961875
-1.7375465916714996	-0.99999222630074	0.11088715033853454	0.17595155250924774	1550742.8	171957.45	6.94	6.949089525741821
-2.129003860590274	-0.9999961316728503	0.0496036766764878	0.11895573134449418	2669427.0	30521.425	6.86	6.865016436554898
-2.129003860590274	-0.9999958888062346	0.09041935184037675	0.11895573134449418	2669427.0	58367.5	6.86	6.861428571428571
-2.04791506444948	-0.9999966105620958	0.06979970542145485	0.1290035875619422	3115457.7	38546.65	7.01	7.153849925249339
-1.6819797497463165	-0.9999937527821569	0.056606478808378255	0.1860053672046436	1534660.7	14578.325	6.84	6.8512176165803105
-1.6819797497463165	-0.999992243555037	0.11523295425703897	0.1860053672046436	1534660.7	147783.625	6.84	6.873368473572646
-0.22443317414341882	-0.999994382790644	0.12777785962095153	0.7989689667015674	1861131.5	34694.5	6.92	6.920963327859879
-1.6203124861599907	-0.9999939611802046	0.0619675037207671	0.19783686814023108	1606533.9	16342.225	6.7700000000000005	6.802541345093715
-1.6203124861599907	-0.9999940521923669	0.07710796130375373	0.19783686814023108	1606533.9	14119.1	6.805	6.826302021403092
-1.6203124861599907	-0.9999935709944491	0.08635168736491934	0.19783686814023108	1606533.9	30588.6	6.84	6.8435629389519175
-2.0177594979297186	-0.9999962350907785	0.10142912491846534	0.13295301312830635	2764217.7	33090.4	6.97	6.986941142360104
