-1.979220936945719	-0.9999898628198847	0.0914682494633872	0.1381768438633167	1003535.8	26186.125	6.5600000000000005	6.568859894939852
-1.4663836103447472	-0.9999933733706206	0.06568031743143427	0.23075849066116635	1609216.5	42772.8125	6.54	6.5421523786589955
-1.4663836103447472	-0.9999952843328711	0.011516073033859417	0.23075849066116635	1609216.5	1974.40625	6.6000000000000005	6.60752009184845
-1.4663836103447472	-0.9999940033782623	0.05713183567100515	0.23075849066116635	1609216.5	15518.65625	6.595000000000001	6.59614810868407
-1.4663836103447472	-0.9999932488340278	0.08749461902712011	0.23075849066116635	1609216.5	52264.28571428572	6.59	6.593987874705288
-1.2600030434721554	-0.999993588550459	0.07354880902290568	0.2836531632079527	1618903.1666666667	32192.375	6.63	6.670755266696549
-1.7832397733439154	-0.999991645925306	0.07836246824948873	0.16809268196339155	1297020.9	50786.7	6.5600000000000005	6.561070631879008
-1.7832397733439154	-0.9999932195703937	0.052048506034649424	0.16809268196339155	1297020.9	6595.925	6.555	6.571578354002255
-1.7832397733439154	-0.9999925891646928	0.09837571746661697	0.16809268196339155	1297020.9	14942.15	6.58	6.593529411764706
-2.0108230193072725	-0.9999877808804587	0.13624346907267157	0.1338784447694865	964564.4	131415.6	6.55	6.560137627305258
-1.1201339010404918	-0.9999939074537264	0.07973195095511848	0.32623610834393235	1732243.8	38320.85	6.69	6.691485967699231
-0.22468190926601564	-0.9999933367773067	0.14335434725505647	0.7987702597714046	1532925.0	27287.5	6.86	6.890857392825897
-0.22468190926601564	-0.9999931419080677	0.13617434758467517	0.7987702597714046	1532925.0	36787.5	6.8950000000000005	6.941255865304996
-1.7331060776634597	-0.9999934713196863	0.04227137724183684	0.17673460513428035	1440362.1	12131.75	6.63	6.636297968397291
-1.8288810997020486	-0.999990703492513	0.09610180132047501	0.16059315501532406	1126874.4	35453.175	6.55	6.581341292134831
-1.8288810997020486	-0.9999922838924071	0.040856963430726895	0.16059315501532406	1126874.4	5972.475	6.53	6.542755102040816
-2.0405354180842963	-0.9999878024052369	0.07877151772827058	0.12995910978964745	808901.9	19275.8	6.59	6.597877697841727
-2.0405354180842963	nan	nan	0.12995910978964745	808901.9	nan	6.635	6.63646803900325
-2.1212702458136374	-0.9999871748419819	0.07942977737316892	0.1198792556338291	714951.2	9597.5	6.61	6.627334123222749
-2.1453535503702943	-0.9999870776731818	0.09109085593768924	0.11702665491204484	719462.2	10905.625	6.49	6.503391023760634
-2.1453535503702943	-0.9999840523211495	0.1600557014227965	0.11702665491204484	719462.2	96157.4	6.5	6.508366183516284
-1.67743363090019	-0.9999939385688092	0.049212389538052036	0.18685289473073502	1579402.1	14376.75	6.63	6.651669316375199
-1.67743363090019	-0.9999935411045908	0.1385677479364779	0.18685289473073502	1579402.1	26934.3	6.66	6.662345436702649
-1.67743363090019	-0.9999928319842463	0.07511438364496999	0.18685289473073502	1579402.1	82550.625	6.585	6.634775166070516
-1.908974763280605	-0.9999925353447319	0.04490170281529854	0.14823228189623744	1230257.0	9733.625	6.48	6.497890148212729
-1.908974763280605	-0.9999909508708377	0.1161910725847428	0.14823228189623744	1230257.0	68373.45	6.5	6.552973105177573
-1.908974763280605	-0.9999913599555544	0.1271904775825011	0.14823228189623744	1230257.0	41334.425	6.49	6.5649002972085295
-1.908974763280605	-0.9999909185051101	0.1649824109935522	0.14823228189623744	1230257.0	71150.925	6.640000000000001	6.658928903602475
