-1.5526844986689772	-0.9999978421403678	0.07293489132753997	0.21167895852564028	5210334.5	76355.65625	11.18	11.235838026248304
-2.0484440245340667	-0.9999975127745642	0.07964585494221128	0.12893536785769427	4400921.9	56730.5	10.39	10.419849620495405
-1.3342715575940365	-0.9999979340344382	0.07317794301692795	0.26334994086705593	5725385.0	137096.58333333334	11.19	11.193676613225309
-1.3342715575940365	-0.9999980402526818	0.09888812870296185	0.26334994086705593	5725385.0	74629.75	11.205000000000002	11.244131980575789
-1.9717983840053603	-0.9999975521554006	0.0721237576112748	0.13920628461490778	4418248.1	49769.85	10.200000000000001	10.220314516129033
-1.9717983840053603	-0.9999977795736419	0.03786722553591034	0.13920628461490778	4418248.1	18221.175	10.24	10.271730894941633
-1.9717983840053603	-0.9999975957155622	0.08092871292983649	0.13920628461490778	4418248.1	41056.35	10.28	10.304129590421915
-1.9717983840053603	-0.9999976108391961	0.04810289277099107	0.13920628461490778	4418248.1	38402.55	10.31	10.311973162292176
-1.8826005694695438	-0.9999977600593754	0.0722957838292923	0.15219380012001796	4996122.3	72475.475	10.22	10.275457270149857
-2.0829122761456764	-0.9999974423980436	0.08287603046379763	0.12456691019637392	4289425.2	58140.925	10.3	10.342178426028735
-2.0829122761456764	-0.9999975815129694	0.06769492527541962	0.12456691019637392	4289425.2	32012.7	10.370000000000001	10.383456487412866
-2.0829122761456764	-0.9999976035146977	0.05934183239012544	0.12456691019637392	4289425.2	29129.6	10.375	10.379766210851345
-1.8316295568249688	-0.9999979612534319	0.062241856994845315	0.16015237762088463	5380403.5	58061.725	10.11	10.177089786113696
-2.011341084979021	-0.9999975267343035	0.07760331774669657	0.13380910490591674	4421899.5	56191.15	10.28	10.330719277696437
-2.011341084979021	-0.9999977198692829	0.04661927350494814	0.13380910490591674	4421899.5	23919.925	10.375	10.405862548692264
-2.011341084979021	-0.999997634609014	0.06692673799357098	0.13380910490591674	4421899.5	34873.85	10.395	10.442264071688603
-2.011341084979021	-0.9999977436401513	0.05277023726931129	0.13380910490591674	4421899.5	21533.175	10.44	10.44364360479465
-2.1151434790179753	-0.9999973747009475	0.09863378383243394	0.12061598244887094	4280299.0	75890.875	10.38	10.469572397250795
-0.715011961530746	-0.9999977434583767	0.09681080428420427	0.48918626034484175	5450814.0	219692.5	11.15	11.17341984516031
-0.715011961530746	-0.9999979450295967	0.12175519841698745	0.48918626034484175	5450814.0	73221.75	11.305	11.319685754787304
-0.2477930476106397	-0.9999970972627394	0.08750563949580606	0.7805214573451413	3948705.0	95039.0	11.09	11.142214749873862
-0.9918147129637119	-0.9999980764513351	0.07720106934199879	0.3709029974489481	6031640.25	109332.0	11.31	11.414814026579911
-1.9291647443265774	-0.999997448973271	0.06318870903749367	0.14526948498546235	4643014.0	139308.425	10.200000000000001	10.201786970351648
-1.9291647443265774	-0.9999979475688412	0.030381472893894226	0.14526948498546235	4643014.0	13758.25	10.235	10.256130536130536
-1.9291647443265774	-0.9999978762671545	0.01796405402904067	0.14526948498546235	4643014.0	19157.875	10.235	10.238632161302773
