-1.7014323215710003	-0.9999983984419548	0.08500905324653264	0.18242204980287388	7455279.7	153285.375	10.23	10.241518279158559
-1.448245703090672	-0.9999986274316971	0.08591902469398735	0.2349821551881774	8887967.42857143	198657.4642857143	10.72	10.735731868964212
-1.329369304798556	-0.9999985729939721	0.09033262843208066	0.26464411845188845	8644743.666666666	227771.20833333334	10.73	10.75598588979443
-1.7647827371357363	-0.999998363835141	0.08701071770010521	0.1712239830570673	7302463.4	154512.075	10.1	10.158502465802883
-1.9641285051308177	-0.9999977144898035	0.07037174125105643	0.14027808499178143	4759709.5	53015.825	10.35	10.35275302478963
-1.9641285051308177	-0.9999979912874761	0.022291007040513174	0.14027808499178143	4759709.5	14197.45	10.370000000000001	10.374860291984918
-0.24455606566958943	-0.9999985033003397	0.12200336301437625	0.7830520847951773	8059449.5	173263.625	10.66	10.69578592973864
-0.24455606566958943	-0.9999985521359082	0.10651869426088446	0.7830520847951773	8059449.5	116888.875	10.76	10.804774961297422
-0.24455606566958943	-0.999998588452422	0.1267125874588082	0.7830520847951773	8059449.5	87228.375	10.790000000000001	10.817671883108666
-1.821584988184091	-0.9999981824407508	0.07868924578957628	0.16176914544518595	6481465.6	130671.275	10.21	10.278956563849189
-1.821584988184091	-0.9999980900831016	0.04899272570366417	0.16176914544518595	6481465.6	237769.375	10.32	10.326580748780454
-1.5455399580892895	-0.9999984992615958	0.07357808436087952	0.2131967228429542	8222698.375	228688.21875	10.35	10.357637535183821
-1.5455399580892895	-0.999998700950321	0.05761958393077751	0.2131967228429542	8222698.375	43550.25	10.36	10.388483224723688
-2.076363477974442	-0.9999975332969517	0.04105800222848279	0.12538535072596632	4182259.9	30223.05	10.0	10.021406306675019
-2.076363477974442	-0.9999975755895151	0.03756430337411833	0.12538535072596632	4182259.9	25323.175	10.01	10.030320599831944
-0.987857207522253	-0.999998648531453	0.09953669138527732	0.3723737564283712	9329591.0	299133.5625	10.92	11.235656712015082
-2.0043689678224217	-0.9999976095470539	0.07283117024374242	0.13474529749174563	4556133.5	53701.925	10.38	10.400024505212267
-2.0043689678224217	-0.9999978108790323	0.03673415167161565	0.13474529749174563	4556133.5	21458.6	10.385000000000002	10.390106824332971
-1.9207090260017154	-0.9999978641230233	0.059835360873970934	0.14650305082442927	5097352.9	53492.675	10.265	10.289227753858018
-1.9207090260017154	-0.9999980904170636	0.02626393599382533	0.14650305082442927	5097352.9	16877.875	10.290000000000001	10.312740052418395
-1.9207090260017154	-0.9999978929842175	0.08279210737091129	0.14650305082442927	5097352.9	46174.425	10.325	10.336924084841536
