0.0	-0.9999995026375005	0.13737593544573848	1.0	25993991.0	411858.0	12.200000000000001	12.22353677207345
0.0	-0.9999995251979555	0.06620599330481305	1.0	25993991.0	229118.75	12.245000000000001	12.25952264212824
0.0	-0.9999995345154731	0.14490996058055844	1.0	25993991.0	179835.0	12.265	12.269932546985848
-1.6493058181218725	-0.9999995430278911	0.038452761663082854	0.1921832724710432	26390218.555555556	172747.80555555556	11.790000000000001	11.814269183742882
-1.6493058181218725	-0.999999519431208	0.08147519557874958	0.1921832724710432	26390218.555555556	322001.77777777775	11.825	11.890401095451647
-1.788123546359386	-0.9999995228905549	0.053618564140967405	0.16727375680910336	26137275.0	260494.475	11.86	11.999088668003337
-1.788123546359386	-0.9999995055708646	0.09690804672234378	0.16727375680910336	26137275.0	409637.475	12.025	12.06095374075128
-2.198756333689213	-0.9999995169565197	0.08712430559325117	0.11094104624300112	28500420.5	952591.325	11.71	11.71291887283748
-2.198756333689213	-0.9999995702654106	0.07745235627119272	0.11094104624300112	28500420.5	208482.775	11.68	11.696635279272991
-2.198756333689213	-0.9999995632549132	0.0882912511919814	0.11094104624300112	28500420.5	254591.275	11.715	11.739687321058328
-0.25381938650450686	-0.9999995698306547	0.07778100702030116	0.775831915107043	29171674.0	281744.625	12.16	12.170923578690813
-1.7230818560847778	-0.9999995192100036	0.043009498253670286	0.17851514131160995	25203481.0	183061.25	11.82	11.831022123937414
-2.104801809584974	-0.9999995571718081	0.11436379330442152	0.12186982530700595	30049800.2	601328.725	11.81	11.94458909446668
-2.104801809584974	-0.9999995618884339	0.11471447524331777	0.12186982530700595	30049800.2	521864.425	11.995000000000001	12.009851788250948
-1.947543293991921	-0.9999994506125712	0.07175158619950807	0.14262402684555758	25475594.7	1197768.3	11.71	11.713756655508881
-1.947543293991921	-0.9999995219812	0.09042256335806427	0.14262402684555758	25475594.7	194426.225	11.754999999999999	11.761240478181367
-1.1964168848924492	-0.9999994884428978	0.05954204429010035	0.302275361227721	24257150.4	244975.5	12.15	12.150486951857102
-1.0004659802940505	-0.9999995349143361	0.05689413509012869	0.3677080565353028	26625815.5	238775.9375	12.05	12.084557385489228
-1.0004659802940505	-0.9999995338261572	0.0684387975650588	0.3677080565353028	26625815.5	245795.375	12.094999999999999	12.120559768139387
-2.2262896226491358	-0.9999995618649483	0.10217394546156212	0.10792814227040408	29994638.0	509762.55	11.71	11.87603260911811
-2.2262896226491358	-0.9999995144212973	0.08434257370128943	0.10792814227040408	29994638.0	2115405.2	11.93	11.943610013847431
-0.7235468666817885	-0.9999995433050204	0.03991293804009276	0.48502886872013395	27709955.0	313324.3333333333	11.88	11.89016619552654
-2.069464394116277	-0.9999995784692746	0.0847649952916431	0.12625338565508268	30591073.6	398345.475	11.65	11.702277837090865
-2.069464394116277	-0.9999995706965491	0.10900326208352669	0.12625338565508268	30591073.6	505271.65	11.665	11.699991866920493
-2.069464394116277	-0.9999995838915171	0.08269571666770324	0.12625338565508268	30591073.6	337460.0	11.69	11.71167748948933
-2.069464394116277	-0.9999995934648981	0.08707430012666509	0.12625338565508268	30591073.6	251787.625	11.705000000000002	11.70759334318869
-2.069464394116277	-0.9999995736029313	0.06373053584054991	0.12625338565508268	30591073.6	462287.35	11.73	11.764264030226878
-2.069464394116277	-0.9999995695783784	0.10660474029309482	0.12625338565508268	30591073.6	522854.025	11.805	11.829325095991269
-2.1694624087111603	-0.9999995568723288	0.10678622962708713	0.1142390143049417	29800859.4	543390.55	11.92	11.92838269812964
-1.899749705149169	-0.9999995051235213	0.06846453112529582	0.1496060601633142	25490238.5	300894.85	11.82	11.83392647773637
-1.899749705149169	-0.9999994856808299	0.06409316173231021	0.1496060601633142	25490238.5	493913.8	11.8	11.810916921592277
