-1.6476665136592012	-0.9999996151382521	0.06201759997828577	0.1924985777373103	33367900.777777776	377764.3888888889	11.49	11.5190810376706
-1.9849581976404345	-0.9999996215509216	0.0621942998568068	0.13738635707081662	36694201.4	1073984.125	11.25	11.25084313804309
-1.9410429469908683	-0.9999996663659994	0.04935513212709055	0.14355415230469656	38336295.7	358716.95	11.02	11.1559203351314
-1.9410429469908683	-0.9999996613938089	0.08245839717014242	0.14355415230469656	38336295.7	434045.55	11.254999999999999	11.316794200903459
-0.25242996870292306	-0.9999995829404901	0.12411380423330513	0.7769106189925853	35489481.5	2679726.75	11.97	11.972177842645873
-0.25242996870292306	-0.9999996372773812	0.11953474818209112	0.7769106189925853	35489481.5	389584.125	12.01	12.036002706485359
-2.062640540325254	-0.9999996491011948	0.05765550519542771	0.1271178664902851	36792281.4	404483.05	11.14	11.173228771052987
-2.097311776890693	-0.9999996566527696	0.055311322592348215	0.12278606131839784	37395732.5	376893.725	11.0	11.007566957771273
-2.097311776890693	-0.9999996492323358	0.10100366327796736	0.12278606131839784	37395732.5	497430.8	11.02	11.065098638869312
-1.8425661770592603	-0.9999996107257426	0.053733038236503675	0.15841039495180798	36198068.8	1317143.05	10.91	10.916930223728341
-1.8425661770592603	-0.9999996157213827	0.07052203612966078	0.15841039495180798	36198068.8	1099254.65	11.0	11.0057935717727
