-1.2718774299842164	-0.9999993901025439	0.13432696279095957	0.28030487469124526	22380442.166666668	847269.0416666666	7.15	7.202013916113044
-1.1311566174884942	-0.9999994011345511	0.12248264440450192	0.3226598464963629	22609255.0	759108.75	7.26	7.260269344141224
-1.1311566174884942	-0.9999994401435762	0.09182263727243449	0.3226598464963629	22609255.0	314246.65	7.25	7.261514838854494
-1.1311566174884942	nan	nan	0.3226598464963629	22609255.0	nan	7.255	7.2565425264677135
-1.4792144674537453	-0.9999993267267884	0.12846839028271667	0.22781657544839934	20091028.125	749191.34375	7.15	7.1611306446124185
-1.4792144674537453	-0.9999993764851197	0.0859147480098372	0.22781657544839934	20091028.125	275695.25	7.155	7.155636354712983
-1.4792144674537453	-0.9999993797934463	0.12967933575345272	0.22781657544839934	20091028.125	257966.09375	7.18	7.1807957535224975
-1.9251606566645978	-0.9999993723652388	0.10536812071167649	0.14585232282615213	22192335.4	1119821.925	7.33	7.353848065524715
-1.9251606566645978	-0.9999994094773907	0.13762329483659658	0.14585232282615213	22192335.4	491429.5	7.4	7.451053579451876
-1.9251606566645978	-0.9999993714701072	0.14111694718756565	0.14585232282615213	22192335.4	1142289.7	7.5	7.514666679146326
-2.059494266577428	-0.9999995489032122	0.0915232890859732	0.12751844392919887	29415678.7	579149.8	7.57	7.579199897261136
-2.059494266577428	-0.9999995273610578	0.12421789812137803	0.12751844392919887	29415678.7	1091424.575	7.565	7.652194582673792
-0.6788449723929707	-0.9999993711418911	0.12622931076605853	0.507202487044129	23495397.333333332	2611070.25	7.3100000000000005	7.320752762924335
-0.6788449723929707	-0.9999994409190537	0.13978095223734918	0.507202487044129	23495397.333333332	506777.3333333333	7.29	7.3206913390571495
-0.6788449723929707	-0.999999432974647	0.11798391737545846	0.507202487044129	23495397.333333332	610775.25	7.34	7.3578112771202715
-0.6788449723929707	-0.9999994617227493	0.1030081229327039	0.507202487044129	23495397.333333332	310840.3333333333	7.38	7.397321364573119
-1.8438756022399034	-0.999999339074879	0.10335643891397636	0.15820310413730682	19857261.8	500899.7	7.17	7.196545066499183
-1.8438756022399034	-0.9999993498915108	0.1258760246779361	0.15820310413730682	19857261.8	404081.55	7.19	7.235662133530975
-1.8438756022399034	-0.9999993235593138	0.10391312939127027	0.15820310413730682	19857261.8	681640.95	7.2700000000000005	7.2873595065969585
-1.8438756022399034	-0.9999993948599771	0.0985326167711405	0.15820310413730682	19857261.8	165448.925	7.26	7.267998647575926
-1.8438756022399034	-0.9999993594738058	0.12150965456774457	0.15820310413730682	19857261.8	334065.825	7.2700000000000005	7.311791940231156
-1.8862784111594104	-0.9999993101182478	0.11013989589323693	0.15163508348245938	19120134.9	535325.525	7.2700000000000005	7.306139401153457
-1.8862784111594104	-0.999999329964359	0.10240088806796016	0.15163508348245938	19120134.9	366285.775	7.335	7.343251207057854
-1.8862784111594104	-0.999999360913167	0.0909744553599982	0.15163508348245938	19120134.9	202687.675	7.305	7.306710046109327
-1.8862784111594104	-0.9999993709191288	0.10234551853734752	0.15163508348245938	19120134.9	167393.925	7.3	7.305400361017157
-1.8862784111594104	-0.9999993342099098	0.1243576276204833	0.15163508348245938	19120134.9	337727.075	7.3100000000000005	7.310917954522873
-1.8862784111594104	nan	nan	0.15163508348245938	19120134.9	nan	7.305	7.306562722029762
-1.797951865181942	-0.9999992458230876	0.09584078206022337	0.1656377895692943	17265378.3	451868.95	7.08	7.118872566248761
-1.797951865181942	-0.999999269402251	0.11101169973938035	0.1656377895692943	17265378.3	300752.575	7.135	7.15378718448922
-1.797951865181942	-0.9999992410456762	0.09551364821655196	0.1656377895692943	17265378.3	490721.225	7.140000000000001	7.143568506054654
-1.797951865181942	-0.9999993198794006	0.0799367579816561	0.1656377895692943	17265378.3	125810.425	7.125	7.12554549998119
-1.797951865181942	-0.9999992841259419	0.11732666942156868	0.1656377895692943	17265378.3	233242.075	7.12	7.1578320521353005
-1.797951865181942	nan	nan	0.1656377895692943	17265378.3	nan	7.16	7.173282568022606
-1.797951865181942	-0.9999992559361643	0.11527724371252206	0.1656377895692943	17265378.3	379473.85	7.1850000000000005	7.198434179434853
-0.22710022318015144	-0.9999993206862998	0.1436750902100985	0.7968409163572855	19969955.5	779075.375	7.34	7.345431302910003
-0.9450427830635012	-0.9999993718180494	0.14214773382262008	0.3886629423547021	21740986.25	853664.875	7.3500000000000005	7.357022118144772
-0.9450427830635012	-0.9999994299051919	0.06910782635973624	0.3886629423547021	21740986.25	241450.375	7.3500000000000005	7.3521017262484705
-1.9622664022702798	-0.9999994043226299	0.1062253410353627	0.1405395405681555	23528244.3	1221074.625	7.49	7.491329751910649
-1.9622664022702798	-0.9999994401452841	0.1403059939608847	0.1405395405681555	23528244.3	525653.025	7.5	7.513235490695106
