-1.94976382335822	-0.9999997337662392	0.04083291337004533	0.14230767736724725	49387966.2	513364.825	7.98	8.10734417625
-1.94976382335822	-0.999999716363227	0.10219680641972712	0.14230767736724725	49387966.2	1212557.75	8.165	8.180594799161636
-1.1430736400721135	-0.9999996157587446	0.08366241599558082	0.3188375224156762	37499177.8	1809806.7	8.120000000000001	8.129734641936324
-1.1430736400721135	-0.9999996440982001	0.14807494435966567	0.3188375224156762	37499177.8	625322.8	8.235	8.237899824335356
-1.1430736400721135	-0.9999996339765271	0.07729996822388786	0.3188375224156762	37499177.8	913993.0	8.18	8.188811610907996
-1.8224151153032702	-0.9999997459259872	0.024337647909316733	0.1616349122135369	49426702.1	284371.575	8.0	8.048545015228562
-1.9109281518300694	-0.9999997499046193	0.019521958890501723	0.14794300927701343	49173298.8	219259.3	7.86	7.877106376776012
-1.9109281518300694	-0.9999997348255172	0.08324428113898037	0.14794300927701343	49173298.8	460239.325	7.87	7.899931907658048
-1.9109281518300694	-0.9999997262149001	0.1133155988220916	0.14794300927701343	49173298.8	702861.475	7.9	7.930210897317029
-1.9109281518300694	-0.9999997348562697	0.07617012201520569	0.14794300927701343	49173298.8	459543.875	7.930000000000001	7.93871631661313
-1.9109281518300694	-0.9999997116021535	0.09193347268014926	0.14794300927701343	49173298.8	1441900.775	7.930000000000001	7.935132070355487
-0.23265098586767133	-0.9999996755061787	0.07679138321547845	0.7924300945685179	42489740.5	972531.0	8.14	8.164923736105289
-0.23265098586767133	-0.9999996801938149	0.10996556680199794	0.7924300945685179	42489740.5	796896.875	8.2	8.214077106227084
-1.2855600462727101	-0.9999996690443157	0.0729637577460057	0.2764956898816496	40363403.166666664	633171.2083333334	8.18	8.235302759356575
-1.2855600462727101	-0.9999996548273726	0.1118485968092041	0.2764956898816496	40363403.166666664	1123928.875	8.25	8.30886676653774
-1.2855600462727101	-0.9999996603275776	0.11575489786850379	0.2764956898816496	40363403.166666664	900165.4166666666	8.35	8.351634790621949
-1.2855600462727101	-0.9999996816678268	0.08463710094602246	0.2764956898816496	40363403.166666664	380395.6666666667	8.370000000000001	8.396943455034183
-1.2855600462727101	-0.9999996631787115	0.13247224033881233	0.2764956898816496	40363403.166666664	802311.5	8.41	8.465025884781825
-1.5817453383269804	-0.9999996932349889	0.044703726427382656	0.20561591551042316	42275171.0	428712.1388888889	8.49	8.5164684728119
-1.9865129074268293	-0.9999997057132033	0.055160567753106036	0.13717292711077578	45323241.7	620344.35	8.1	8.142558390345107
-1.9865129074268293	-0.9999997074529474	0.0973562195051975	0.13717292711077578	45323241.7	573308.375	8.120000000000001	8.127598173822799
-1.9865129074268293	-0.9999997090523143	0.10476317930713815	0.13717292711077578	45323241.7	533220.55	8.145	8.155273527836435
-1.9865129074268293	-0.9999996879440357	0.07347394083000908	0.13717292711077578	45323241.7	1388017.7	8.16	8.163791713010395
-2.052855204128295	-0.9999997313291853	0.06390752423208565	0.12836786339630815	50662084.3	815390.35	8.21	8.254815617896275
-2.052855204128295	-0.9999997330451942	0.10715765345779937	0.12836786339630815	50662084.3	747496.975	8.280000000000001	8.312159543076493
-2.052855204128295	-0.9999997070624468	0.08855074656242831	0.12836786339630815	50662084.3	2787976.6	8.325	8.344164027593237
-0.9555561556516915	-0.9999996442681606	0.08901211571647237	0.3845981886058653	38452884.5	872322.25	8.07	8.098832552001035
-0.9555561556516915	-0.9999996573379382	0.08547264736563509	0.3845981886058653	38452884.5	527731.4375	8.155000000000001	8.155473568177747
-0.9555561556516915	-0.9999996787579872	0.06365453294914555	0.3845981886058653	38452884.5	231579.3125	8.14	8.16293675504657
-0.9555561556516915	-0.9999996522956439	0.16932247698020214	0.3845981886058653	38452884.5	640647.0	8.165	8.200495819630381
