-2.0002583246363574	-0.999999321641428	0.09561474579431305	0.1353003273139667	19531212.4	567595.1	7.19	7.206706697787494
-2.0002583246363574	-0.999999343699414	0.12254108980211997	0.1353003273139667	19531212.4	368923.075	7.1850000000000005	7.193885296272726
-1.4862456587900224	-0.9999997758103675	0.030268716876853115	0.22622037169987172	59104230.25	568384.78125	7.23	7.262102412564911
-1.4862456587900224	-0.9999997750112253	0.061078272390541595	0.22622037169987172	59104230.25	595875.28125	7.2700000000000005	7.2936921238846635
-1.4862456587900224	-0.9999997808853947	0.049574324092445804	0.22622037169987172	59104230.25	421088.25	7.3	7.351884425149089
-1.891322591212152	-0.9999994662353093	0.07174708780213275	0.1508721346623605	24711418.2	535031.35	7.13	7.152064168925544
-1.891322591212152	-0.9999994733652575	0.09963801673612883	0.1508721346623605	24711418.2	448601.0	7.135	7.149566548996783
-1.891322591212152	-0.9999994589722208	0.10256481896022253	0.1508721346623605	24711418.2	640216.8	7.15	7.154360234855072
-1.891322591212152	-0.9999994391418329	0.1070151591831633	0.1508721346623605	24711418.2	1045075.575	7.16	7.164606691898679
-1.804186025007355	-0.9999995010891366	0.07394957632208468	0.16460838917323475	27625301.3	967588.225	7.08	7.083584764642472
-1.804186025007355	-0.999999513643344	0.0991484916889325	0.16460838917323475	27625301.3	684023.6	7.1000000000000005	7.1375411659419195
-1.804186025007355	-0.999999543740217	0.08674009323754751	0.16460838917323475	27625301.3	297839.675	7.095000000000001	7.145862972578631
-2.0316523590539393	-0.9999993645465644	0.10551107338553083	0.13111868690436781	22046386.8	1214024.475	7.17	7.184343575494617
-2.0316523590539393	-0.9999993980009008	0.14622185232005883	0.13111868690436781	22046386.8	580649.9	7.26	7.310101458086632
-2.0316523590539393	-0.9999994129647752	0.14682828744297885	0.13111868690436781	22046386.8	417484.725	7.3500000000000005	7.361017262841981
-1.1360399113214483	-0.9999998197755224	0.026026071189212525	0.3210880445666647	73889976.8	607301.6	7.54	7.577451739657306
-2.117159043743727	-0.9999994323746797	0.10473399414982294	0.1203731179660472	23875428.8	768577.45	7.390000000000001	7.39661940417066
-2.117159043743727	-0.9999994446191652	0.09623320954489316	0.1203731179660472	23875428.8	573752.75	7.4	7.4047001458671655
-2.0901820487077236	-0.9999994407355127	0.09836184242664077	0.12366462078369578	24070685.5	702133.025	7.390000000000001	7.403476535239313
-2.0901820487077236	-0.9999994150759971	0.12180463551642945	0.12366462078369578	24070685.5	1302141.725	7.41	7.410957182316748
-0.22927461866303386	-0.9999998964909773	0.019983019710732342	0.7951101514338188	131932250.5	852712.0	7.78	7.803672333429789
-1.84969186548092	-0.9999995047733323	0.06933977501450952	0.1572856239776072	26717964.3	557627.6	7.1000000000000005	7.168611163181056
-2.1430114038936408	-0.9999994372633537	0.10249463046787294	0.11730106971390705	23980317.1	725489.475	7.42	7.425870525999386
-2.167269295248217	-0.9999994529172958	0.10609675354291276	0.11448982835651443	24685593.6	733116.525	7.3	7.323297524208244
-2.167269295248217	-0.9999994596852886	0.09107779004968065	0.11448982835651443	24685593.6	620318.15	7.335	7.355343956729224
-1.698915469942782	-0.9999996338266878	0.07274020968089237	0.1828817573010561	37212022.2	827403.875	7.23	7.231159037645733
-1.9301254312601668	-0.9999994185079943	0.09879546610036127	0.14512999350393757	23131402.2	694344.85	7.19	7.233739744057645
-1.9301254312601668	-0.9999994348631208	0.12183603843484127	0.14512999350393757	23131402.2	475635.15	7.245	7.247587714163971
