-1.748834090588547	-0.9999996741700153	0.10088177801857333	0.17397666628184363	42029311.6	885943.825	7.25	7.340407128554923
-1.748834090588547	-0.9999997049113526	0.08471316535596199	0.17397666628184363	42029311.6	243377.4	7.37	7.391822923215513
-1.748834090588547	-0.9999996857026355	0.11201276279371038	0.17397666628184363	42029311.6	545632.0	7.405	7.454136587001468
-1.748834090588547	-0.9999996944181444	0.0917246327441056	0.17397666628184363	42029311.6	378280.925	7.515000000000001	7.51721074646863
-1.748834090588547	-0.9999997053324079	0.0877323275763698	0.17397666628184363	42029311.6	239108.3	7.5	7.504857466296182
-1.8883856573388926	-0.9999997717823516	0.11271724404775083	0.15131588746252767	60829465.7	1069130.95	7.3	7.346391605502378
-1.8883856573388926	-0.9999997941246893	0.12258067431496372	0.15131588746252767	60829465.7	274657.875	7.4	7.449421270104049
-1.8883856573388926	-0.9999997587298795	0.10583855583601179	0.15131588746252767	60829465.7	2365102.925	7.485	7.485612209007113
-1.8883856573388926	-0.9999997711009643	0.08798352416145272	0.15131588746252767	60829465.7	1114375.975	7.47	7.507491136950159
-1.2748350999106015	-0.9999995510104731	0.10569974246317251	0.2794770502124055	30773235.666666668	1001349.875	7.16	7.172698989500694
-1.2748350999106015	-0.9999995414613613	0.07128684505059116	0.2794770502124055	30773235.666666668	1343403.4583333333	7.175	7.179001542132676
-1.2748350999106015	-0.9999995807661871	0.09234155271327167	0.2794770502124055	30773235.666666668	400784.2083333333	7.21	7.216254148369469
-1.2748350999106015	-0.9999995995547921	0.062186794188347806	0.2794770502124055	30773235.666666668	224805.375	7.24	7.244632278983663
-1.8459590024767607	-0.9999997548180799	0.10830938019006142	0.15787384685911796	56229468.2	971355.65	7.3100000000000005	7.38113626781327
-1.8459590024767607	-0.999999776511449	0.11039397376007411	0.15787384685911796	56229468.2	286828.25	7.385	7.395563995460174
-1.8459590024767607	-0.9999997503491942	0.12605407088369242	0.15787384685911796	56229468.2	1248846.95	7.42	7.513532411508579
-1.8459590024767607	-0.9999997626247283	0.10403715600017156	0.15787384685911796	56229468.2	626236.7	7.66	7.660870106801326
-1.1346936376468777	-0.9999995372235708	0.10221936087526225	0.32152060805737076	29847882.2	997388.2	7.3	7.312617400164281
-1.9990682633361234	-0.9999998038361797	0.10475482102146852	0.13546143884469644	71030442.9	1125347.175	7.34	7.425264638189962
-1.9990682633361234	-0.9999998076868394	0.109268014386844	0.13546143884469644	71030442.9	856053.2	7.475	7.482624638421549
-1.9990682633361234	-0.9999998105129535	0.10785546317482472	0.13546143884469644	71030442.9	700358.35	7.57	7.605838659948009
-1.6936478586445503	-0.9999996177101325	0.10454083218529514	0.183847649049759	35847670.6	894660.975	7.0	7.000645012366171
-1.6936478586445503	-0.9999996323543888	0.08710338784600682	0.183847649049759	35847670.6	529260.95	7.035	7.068501573580104
-1.6936478586445503	-0.9999996449940263	0.09234456580908938	0.183847649049759	35847670.6	336426.25	7.035	7.071344643431269
-1.6936478586445503	-0.999999653253318	0.09093601012975477	0.183847649049759	35847670.6	250210.25	7.1	7.157999954067504
-1.6936478586445503	-0.9999996459430318	0.09191128565066572	0.183847649049759	35847670.6	325173.60714285716	7.195	7.2198610008781685
-1.6936478586445503	-0.9999996579579206	0.0763181638477744	0.183847649049759	35847670.6	211378.8	7.23	7.23744137781258
-0.22995559267046597	-0.99999960313316	0.105173631297579	0.7945688864022723	35390562.5	1258385.25	7.48	7.508889327434395
-1.4824332976732706	-0.9999995519542957	0.10093165264017544	0.22708445149431117	30485519.0	855040.96875	7.17	7.173161479483097
-1.4824332976732706	-0.9999996046805654	0.049023873946556135	0.22708445149431117	30485519.0	171358.35714285713	7.21	7.2111067848595125
