-1.2650099351986435	nan	nan	0.2822364920509807	24372715.833333332	nan	6.95	6.961615436195328
-1.4721664560023582	nan	nan	0.22942790093106355	25191595.625	nan	6.83	6.8326660793885905
-0.939365014327736	-0.9999994339123442	0.12518288061793587	0.39087595720573315	25503572.25	1862177.1875	7.0	7.010330603736683
-0.2232203605342023	-0.9999995369874907	0.12303179412680593	0.7999385549838081	32211714.5	3000910.875	7.0600000000000005	7.060179040814754
-2.015880391027288	nan	nan	0.13320308093145877	27269027.2	nan	6.47	6.477959799704511
-2.0731093970113963	nan	nan	0.12579402938490422	25778801.0	nan	6.44	6.4455042884122005
-2.0731093970113963	-0.9999995119185057	0.0961421110235833	0.12579402938490422	25778801.0	291312.625	6.44	6.449062985601018
-1.552215542627308	nan	nan	0.21177824993196784	24098595.555555556	nan	6.84	6.845288610128108
-1.62199168074571	nan	nan	0.19750494030609986	24919008.2	nan	6.84	6.851610229413669
-1.951127407860717	-0.9999994785860478	0.11273252952189126	0.1421137610644823	27329471.7	1544123.825	6.47	6.472454512608433
-1.951127407860717	-0.9999995305829	0.11979699346661851	0.1421137610644823	27329471.7	372845.225	6.48	6.490003383567422
-1.951127407860717	-0.9999995349642011	0.0926162306897254	0.1421137610644823	27329471.7	330770.375	6.49	6.498424419751763
