-1.691400724065576	-0.9999989871956172	0.06252643102707642	0.18426124398690316	13342678.222222222	739346.25	15.225000000000001	15.281478633119615
-1.691400724065576	-0.9999991688121661	0.048751273822379725	0.18426124398690316	13342678.222222222	65529.555555555555	15.184999999999999	15.282232992865351
-1.691400724065576	-0.9999991150318982	0.048759989850299994	0.18426124398690316	13342678.222222222	134300.77777777778	15.275	15.463339013150883
-1.768068622174877	-0.9999990617256591	0.06470493576058878	0.17066228407732553	12874262.7	176236.95	15.450000000000001	15.564639896860896
-1.5012245923264511	-0.9999990844293588	0.06189371883235901	0.2228570839041749	13902731.714285715	337368.14285714284	15.44	15.553760140169642
-1.5012245923264511	-0.9999991410151675	0.09929737124013208	0.2228570839041749	13902731.714285715	153618.75	15.58	15.596716025649545
-1.3772133311312675	-0.9999990367233813	0.07035473767169821	0.2522805969091673	14108051.0	798072.25	15.41	15.427081802816925
-1.3772133311312675	-0.9999992293587118	0.03588124151429616	0.2522805969091673	14108051.0	52692.458333333336	15.41	15.422782808453139
-1.3772133311312675	-0.9999992049354064	0.05937945338498179	0.2522805969091673	14108051.0	74369.29166666667	15.465	15.500830467261796
-2.0427699996087982	-0.9999992590140244	0.03537306319838063	0.12966902978838252	15008958.3	67603.35	14.75	14.846140682005313
-2.0427699996087982	-0.9999992195471864	0.05503965385987588	0.12966902978838252	15008958.3	122244.15	14.96	15.232112493344946
-2.0427699996087982	-0.9999992672284647	0.03759267449627679	0.12966902978838252	15008958.3	59761.725	15.395	15.399198715047593
-2.0427699996087982	-0.9999992200920368	0.08530128986942029	0.12966902978838252	15008958.3	121248.55	15.379999999999999	15.455205572547847
-2.0427699996087982	-0.9999992189889714	0.06942252647511109	0.12966902978838252	15008958.3	123272.65	15.48	15.574944273914133
-2.0427699996087982	-0.9999992249377322	0.045382680819450565	0.12966902978838252	15008958.3	112743.25	15.625	15.67828142043222
-2.0427699996087982	-0.9999991752282865	0.08822169204718645	0.12966902978838252	15008958.3	237746.45	15.61	15.757054720555596
-0.2606949444826599	-0.9999983876698331	0.059655467152220934	0.7705159339038897	6944217.0	72864.5	14.5	14.600876869525813
-0.2606949444826599	-0.9999982565816184	0.12069153695801055	0.7705159339038897	6944217.0	181075.625	14.575	14.69040068170368
-0.2606949444826599	-0.9999982119385046	0.19733771086696747	0.7705159339038897	6944217.0	246886.25	14.700000000000001	14.738588129234884
-0.7381073101220997	-0.9999985820494066	0.06946711927942303	0.4780177993155708	8257720.0	121665.5	14.745000000000001	14.838783057491137
-1.6040427905351278	-0.9999990836322578	0.07779508010113202	0.2010819403554812	13433247.0	221857.3125	15.26	15.344393843456237
-1.6040427905351278	-0.9999990361127504	0.062347606932415485	0.2010819403554812	13433247.0	420051.71875	15.265	15.268060638312795
-1.6040427905351278	-0.9999991870170705	0.039605687170542456	0.2010819403554812	13433247.0	55325.125	15.280000000000001	15.284573654390934
-1.6040427905351278	-0.9999991651079986	0.059452910933284656	0.2010819403554812	13433247.0	74257.71875	15.285	15.289794525294527
-1.021435085197875	-0.9999991078696262	0.09465627291128985	0.3600778268515922	14275569.25	339648.3125	14.85	15.382520571392835
-1.021435085197875	-0.999999062654808	0.08643023824443002	0.3600778268515922	14275569.25	647668.75	15.565000000000001	15.612100238650816
-1.021435085197875	-0.9999992809315263	0.018237947380448042	0.3600778268515922	14275569.25	28712.1875	15.760000000000002	15.831091637190164
-1.9983630618954311	-0.9999991424873274	0.0328643665795139	0.1355570001375484	12946300.0	66277.2	14.61	14.672124696049071
-1.9983630618954311	-0.9999991379107328	0.03955870764824689	0.1355570001375484	12946300.0	70322.85	14.700000000000001	14.70209121537103
-1.9983630618954311	-0.999998989668298	0.05169395919376966	0.1355570001375484	12946300.0	479287.175	14.695	14.712042414450499
