-2.0470501751031907	-0.9999987826805304	0.040633059859655436	0.12911520965387863	8980464.6	55942.325	15.17	15.18914891393497
-2.0470501751031907	-0.9999987991851889	0.03201318750983495	0.12911520965387863	8980464.6	48235.675	15.19	15.257201305478223
-2.0470501751031907	-0.9999987347854489	0.06377255663083924	0.12911520965387863	8980464.6	86008.625	15.254999999999999	15.258194174027128
-1.6955960961987662	-0.9999989431410956	0.02046962698793891	0.18348981883793689	10509189.111111112	66617.0	15.01	15.012095540636045
-1.6955960961987662	-0.999998781388132	0.04979964862328691	0.18348981883793689	10509189.111111112	364623.22222222225	15.045000000000002	15.047234731162296
-1.2278758900455053	-0.9999990357651253	-0.010692716377448331	0.29291409911098065	10028434.6	-15830.65	15.4	15.665052216965696
-2.2284086564989334	-0.9999989539309769	0.018158488452488578	0.1076996810276291	9800852.5	28348.6	15.01	15.072600524929936
-2.2284086564989334	-0.9999988660547986	0.04167071239856395	0.1076996810276291	9800852.5	67078.225	15.115	15.186262844316953
-2.2284086564989334	-0.9999988216602717	0.08474736028995294	0.1076996810276291	9800852.5	103644.725	15.225000000000001	15.28330562466004
-0.7421898247573896	-0.9999991281917096	-0.025379559844710554	0.4760702627820894	12285922.666666666	-44844.083333333336	14.76	14.846807532124181
-0.7421898247573896	-0.9999990335500276	0.02602019280646235	0.4760702627820894	12285922.666666666	143447.25	14.940000000000001	14.956167756865023
-0.7421898247573896	-0.9999990953708467	0.06154381403674041	0.4760702627820894	12285922.666666666	67116.75	15.025	15.051892546650516
-0.7421898247573896	-0.9999991127021924	0.035068819646624526	0.4760702627820894	12285922.666666666	54244.333333333336	15.115	15.2311607182733
-0.7421898247573896	-0.9999990649851923	0.04854886861716741	0.4760702627820894	12285922.666666666	97490.41666666667	15.295000000000002	15.305135386365299
-1.8980055444448005	-0.9999987338996194	0.04001953810537731	0.1498672248649841	8616803.2	54705.5	15.030000000000001	15.178870878461828
-1.8980055444448005	-0.9999985271952336	0.062230323696832394	0.1498672248649841	8616803.2	324767.8	15.17	15.1719411689
-1.8980055444448005	-0.9999987394088597	0.05535395061969423	0.1498672248649841	8616803.2	52169.15	15.17	15.170346575780792
-1.8980055444448005	-0.9999986778756053	0.09427639093010841	0.1498672248649841	8616803.2	88652.05	15.184999999999999	15.194128876930376
-1.8980055444448005	-0.999998688176184	0.07773331043822446	0.1498672248649841	8616803.2	81122.475	15.19	15.211770848692572
-1.8980055444448005	-0.9999987412300334	0.045112709634121916	0.1498672248649841	8616803.2	51356.85	15.225000000000001	15.22521889019624
-1.7712715639912593	-0.9999990005104167	0.017663195341654097	0.17011653717552203	10242499.3	27923.825	15.06	15.080397736569514
-1.7712715639912593	-0.9999989417989904	0.031017221347445563	0.17011653717552203	10242499.3	50950.175	15.040000000000001	15.053777684115556
-1.7712715639912593	-0.9999989649235052	0.028130733030230514	0.17011653717552203	10242499.3	40204.95	15.035	15.095676491188541
-1.7712715639912593	-0.9999989391567075	0.048233336794723046	0.17011653717552203	10242499.3	52347.925	15.17	15.267553027805967
-1.0267215339955362	-0.9999990713262237	0.007937132903507652	0.3581793164671355	10979254.25	26798.6875	15.200000000000001	15.42997812857106
-1.0267215339955362	-0.9999990415926553	0.02440614153387223	0.3581793164671355	10979254.25	37144.5	15.565000000000001	15.630546136244833
-2.286863642467014	-0.9999990151396978	0.019796453130517117	0.10158456827132623	10571455.6	33235.6	15.15	15.24519478413352
-2.286863642467014	-0.9999988241577312	0.0489112914825015	0.10158456827132623	10571455.6	250286.2	15.275	15.284674780037587
-2.286863642467014	-0.9999989652645538	0.047533815327544214	0.10158456827132623	10571455.6	56310.825	15.31	15.33134432920118
-2.286863642467014	-0.9999989490525184	0.05109367452364206	0.10158456827132623	10571455.6	66838.175	15.36	15.399121240457431
-2.286863642467014	-0.9999990035081238	0.0338024871721907	0.10158456827132623	10571455.6	37584.35	15.36	15.40785247084878
-2.286863642467014	-0.9999988764244411	0.09320309842423821	0.10158456827132623	10571455.6	144036.525	15.450000000000001	15.454069643238626
-1.3811580256716491	-0.9999992608877076	-0.0009978971371481897	0.25128738725815175	9788998.0	-1386.375	15.44	15.485731001671596
-1.3811580256716491	-0.9999988949397031	0.03271193235678493	0.25128738725815175	9788998.0	49881.875	15.530000000000001	15.531544982255102
-1.3811580256716491	-0.9999988700773186	0.04533462605437337	0.25128738725815175	9788998.0	63627.125	15.545000000000002	15.547281634864381
-1.3811580256716491	-0.999998897855765	0.054426908104555895	0.25128738725815175	9788998.0	48478.083333333336	15.56	15.622380867015387
-1.3811580256716491	-0.9999988588640276	0.0557551556095238	0.25128738725815175	9788998.0	71009.125	15.63	15.675998812398728
-1.3811580256716491	-0.9999988198889702	0.06696707519393007	0.25128738725815175	9788998.0	103994.66666666667	15.705000000000002	15.758505959257478
-1.9521315716510346	-0.9999985893589957	0.04635136708775335	0.14197112719738308	8588723.2	182699.8	15.17	15.23739507914708
-0.26536968791679655	-0.999999207709303	-0.037052971351529775	0.7669223756266901	14135311.5	-73076.5	15.1	15.335239970366025
-2.1635779655850023	-0.9999987563045536	0.03232992566170705	0.11491322903102956	8666373.3	47968.9	14.615	14.691914261686083
