-1.7337037067894836	-0.9999987217525421	0.038414483135026926	0.17662901494170577	9134085.8	117666.95	9.41	9.459868677248426
-1.7337037067894836	-0.9999987031817952	0.07653514841750685	0.17662901494170577	9134085.8	139419.35	9.47	9.573075728088307
-1.7337037067894836	-0.9999988287001929	0.03743847628841357	0.17662901494170577	9134085.8	44299.575	9.530000000000001	9.564129485935984
-1.7337037067894836	-0.9999987531273606	0.08357428892951957	0.17662901494170577	9134085.8	88347.25	9.59	9.610476051711826
-1.5975297663565124	-0.9999984627463863	0.03910570317265536	0.20239586606518986	8105544.222222222	257886.09375	8.855	8.879813871250786
-1.5975297663565124	nan	nan	0.20239586606518986	8105544.222222222	nan	9.065000000000001	9.084669159956382
-1.5975297663565124	nan	nan	0.20239586606518986	8105544.222222222	nan	9.1	9.187560634095114
-0.9632290264985076	-0.9999987150398829	0.021548072095558306	0.38165850869121865	8887857.5	91174.58333333333	9.485	9.569707372098959
-0.236405898289356	-0.9999984782542363	0.0421030342058841	0.7894601683590194	7825357.0	148478.75	8.77	8.77723554116497
-0.236405898289356	-0.9999985970871731	0.09108045083560047	0.7894601683590194	7825357.0	58587.5	8.815000000000001	8.82850790513834
-1.7912457958476249	-0.9999986639603021	0.04116455892007193	0.1667523008888656	8795115.3	126831.575	9.4	9.458197400940763
-1.7912457958476249	nan	nan	0.1667523008888656	8795115.3	nan	9.485	9.493424060087836
-2.1354913522726653	-0.9999985044127306	0.032363277933030496	0.11818650489980768	8059153.0	171641.075	8.18	8.190407444039398
-1.9755170858717168	-0.9999986181872204	0.0487694569252448	0.1386895792765036	8513519.0	128551.075	8.344999999999999	8.388298165676023
-1.9755170858717168	-0.9999986393861339	0.07611416371915862	0.1386895792765036	8513519.0	107323.475	8.545	8.557298750438468
-1.9755170858717168	-0.9999988076991015	0.04271500330278168	0.1386895792765036	8513519.0	25607.416666666668	8.545000000000002	8.561816018737868
-1.9755170858717168	nan	nan	0.1386895792765036	8513519.0	nan	8.620000000000001	8.658606798815471
-1.8436456021800693	-0.9999987325283906	0.04289033306738731	0.15823949504551943	9305719.0	132551.575	9.540000000000001	9.566719995311768
-1.4192678613269647	-0.9999986310980977	0.029927869598330915	0.24189104987505836	8395656.0	98009.45833333333	9.24	9.257801946312036
-1.4192678613269647	-0.9999986693164212	0.042225778717173666	0.24189104987505836	8395656.0	71107.45833333333	9.2	9.201220883534136
-1.8913869608729115	-0.9999985530546999	0.051065143096192436	0.15086242338679337	8068612.0	117575.0	9.355	9.413633448588651
-1.8913869608729115	-0.9999985441116913	0.08911198982549162	0.15086242338679337	8068612.0	126372.6	9.45	9.473086160537763
-1.6693333461962276	-0.9999987161168634	0.037608060061796234	0.18837260310146794	9104070.4	119199.52777777778	9.1	9.214465017564404
-1.6693333461962276	-0.9999987019205726	0.07356826830638591	0.18837260310146794	9104070.4	135645.36111111112	9.32	9.417028399288881
-1.6693333461962276	-0.9999987090961878	0.05477169860958722	0.18837260310146794	9104070.4	127067.19444444444	9.4	9.4437988230328
-1.6693333461962276	-0.9999987562559483	0.07869640827761186	0.18837260310146794	9104070.4	82712.11111111111	9.4	9.495709718935526
