-2.304743578630539	-0.9999989545723079	0.060611680899483766	0.09978438422184466	11366031.1	144691.15	14.94	15.145278705735732
-1.4935189225950711	-0.9999987812788674	0.054249421985097926	0.22458098034833932	9200315.0	74058.07142857143	14.55	14.801611589367495
-1.4935189225950711	-0.9999987925161644	0.06414567386801348	0.22458098034833932	9200315.0	66783.85714285714	14.875	14.889326545424597
-1.4935189225950711	-0.9999986980618962	0.12130146206469698	0.22458098034833932	9200315.0	159250.60714285713	14.985	15.038500583032336
-1.99185887704538	-0.9999989313670153	0.03715095436349635	0.13644156148100353	10488752.7	73763.075	14.425	14.691718708653083
-1.99185887704538	-0.9999989194434397	0.06992427194309288	0.13644156148100353	10488752.7	83589.95	14.68	14.778138073479324
-0.7373565236375019	-0.999998487792462	0.03488483479806001	0.4783768233770361	6882991.333333333	33139.5	14.200000000000001	14.211904750351788
-0.7373565236375019	-0.9999984843284054	0.04802598995306714	0.4783768233770361	6882991.333333333	33939.166666666664	14.17	14.197612015438832
-0.7373565236375019	-0.9999981659207627	0.0915538368176959	0.4783768233770361	6882991.333333333	303746.3333333333	14.21	14.347672490899278
-0.7373565236375019	-0.9999985655686315	0.027390515817872003	0.4783768233770361	6882991.333333333	19401.916666666668	14.195	14.217944707693539
-0.7373565236375019	-0.999998274283518	0.10968412045223387	0.4783768233770361	6882991.333333333	144074.33333333334	14.23	14.418119730264356
-2.036719350896036	-0.9999990130066709	0.0360285578813052	0.13045598994538138	11396583.6	76752.325	14.44	14.639825707099678
-2.036719350896036	-0.9999990021517532	0.07301095319381576	0.13045598994538138	11396583.6	86859.7	14.61	14.629712986184908
-2.036719350896036	-0.9999989771428615	0.08040621865247678	0.13045598994538138	11396583.6	115504.9	14.715	14.841116889449832
-2.036719350896036	-0.9999990177646512	0.04513316262483346	0.13045598994538138	11396583.6	72701.225	14.925	15.01819412711951
-2.036719350896036	-0.9999990659342687	0.032112607891473126	0.13045598994538138	11396583.6	41987.8	14.995000000000001	14.996728489395762
-2.036719350896036	-0.9999989326071851	0.07124039046297306	0.13045598994538138	11396583.6	191880.15	14.97	15.057055626972657
-2.248891438817606	-0.9999990108676073	0.049006195954563854	0.1055161308377756	11847313.4	122829.6	14.75	14.955232917360698
-1.828169544654071	-0.9999988051295591	0.04363898052364434	0.16070746655009757	9344028.4	70607.325	14.950000000000001	15.037478809942243
-1.828169544654071	-0.9999987101028602	0.07344367303436675	0.16070746655009757	9344028.4	171584.25	14.955000000000002	14.96856297937976
-1.828169544654071	-0.9999988041575048	0.0647301249522711	0.16070746655009757	9344028.4	71251.575	14.95	14.999728949122417
-1.3709867231219766	-0.9999986524617954	0.027418077723268094	0.253856350001807	8069342.333333333	52771.583333333336	14.32	14.419418500780196
-1.3709867231219766	-0.9999985911554267	0.09152151387885014	0.253856350001807	8069342.333333333	86546.54166666667	14.385000000000002	14.47820643953036
-1.3709867231219766	-0.999998615117502	0.07360626353732871	0.253856350001807	8069342.333333333	71330.33333333333	14.635000000000002	14.640279607038218
-1.3709867231219766	-0.9999985612417501	0.09665128840799786	0.253856350001807	8069342.333333333	110174.83333333333	14.605	14.617613027461488
-1.3709867231219766	-0.9999986092020327	0.0755372755245207	0.253856350001807	8069342.333333333	74817.83333333333	14.64	14.6745479821214
-1.2192849919107052	-0.9999984369257966	0.03217604146605992	0.2954413343657869	7023778.0	58610.5	14.14	14.172662610679028
-1.2192849919107052	-0.9999984219985906	0.07848295242576118	0.2954413343657869	7023778.0	65089.35	14.24	14.298790891226448
-1.2192849919107052	-0.9999984400894977	0.07534894719726251	0.2954413343657869	7023778.0	57322.45	14.335	14.415021668295429
-1.0211027933770074	-0.9999984675576551	0.03157971889112892	0.3601974976500434	6774567.25	32260.625	14.31	14.334996166103176
-1.9427576695171134	-0.999998918077794	0.03650999318120333	0.1433082076896516	10330930.9	71485.475	14.36	14.485037351962207
-1.9427576695171134	-0.9999989295340515	0.05377454957256845	0.1433082076896516	10330930.9	63506.275	14.575	14.69144613592233
-1.9427576695171134	-0.9999988661081133	0.08745837341871913	0.1433082076896516	10330930.9	122290.0	14.74	14.767739537363385
-1.9427576695171134	-0.9999989389372024	0.041945064751301435	0.1433082076896516	10330930.9	57627.15	14.555	14.559161059533318
-1.9427576695171134	-0.9999990320093601	0.018519538157519114	0.1433082076896516	10330930.9	22030.85	14.690000000000001	14.692157497303128
-1.9427576695171134	-0.9999988868445373	0.10175499607600094	0.1433082076896516	10330930.9	98708.075	14.58	14.582936369958276
-1.684103549737709	-0.9999987725487577	0.04588373929737919	0.18561074820162127	9534810.555555556	120995.27777777778	15.0	15.123763403902473
-2.187382565644096	-0.9999988831929554	0.04210471858594515	0.1122100670635907	10155828.9	84295.975	13.885000000000002	14.04390944022568
-2.187382565644096	-0.9999989901315631	0.02380127426641346	0.1122100670635907	10155828.9	28453.2	14.125	14.187041060494574
-2.187382565644096	-0.9999989629940712	0.02913626719786352	0.1122100670635907	10155828.9	37482.45	14.27	14.31735615429839
-2.187382565644096	-0.9999988955294136	0.05089306079132459	0.1122100670635907	10155828.9	74369.475	14.34	14.367843821365136
-2.2188227229621122	-0.9999989375000994	0.044533071532121785	0.10873704712952051	10783410.5	94595.2	14.565000000000001	14.726700067222902
-2.2188227229621122	-0.9999989717324681	0.05073395792203181	0.10873704712952051	10783410.5	65395.95	14.69	14.759009232361231
-2.2188227229621122	-0.999998960258612	0.031157769731278276	0.10873704712952051	10783410.5	74009.2	14.71	14.720442984025219
-2.2188227229621122	-0.9999988843575112	0.04519011269820117	0.10873704712952051	10783410.5	167782.7	14.745000000000001	14.746346940872657
-2.2188227229621122	-0.9999989272632354	0.07298934418351505	0.10873704712952051	10783410.5	105635.675	14.780000000000001	14.787476315789474
-0.26158312008041246	-0.9999983089126168	0.04268404667186033	0.7698318842767781	6312090.0	43229.25	14.200000000000001	14.245742079366195
-2.154390937976447	-0.9999988966265143	0.032640270090634936	0.11597380434657859	10503191.7	107897.175	14.045000000000002	14.07160445194354
-2.277665775167981	-0.9999989493483205	0.05489430173303256	0.10252323992086489	11209425.7	130247.825	15.0	15.015644779537475
-2.277665775167981	-0.9999989842369408	0.05639677384989431	0.10252323992086489	11209425.7	88089.55	14.945	15.018037359546122
