-2.204800712618455	-0.9999988030881126	0.014381353869391999	0.11027249903245775	8932936.2	43998.675	13.3	13.371393669117648
-2.204800712618455	-0.9999988304514842	0.03253275727609016	0.11027249903245775	8932936.2	34457.2	13.42	13.448993440124031
-2.204800712618455	-0.9999991480384046	0.002590383472883065	0.11027249903245775	8932936.2	2018.325	13.4	13.437179401841473
-1.2103489045057216	-0.9999984899725167	0.01993280738051032	0.2980932552038163	6844475.6	30801.35	13.530000000000001	13.656403953561044
-1.2103489045057216	-0.9999984719957282	0.034759942866300395	0.2980932552038163	6844475.6	34834.35	13.61	13.659244611109873
-1.929279444314958	-0.9999988317272271	0.07288336993768439	0.14525282353277494	10339908.4	176279.8	14.040000000000001	14.07854326675837
-2.2340077211166958	-0.9999985642587589	0.024108651475652085	0.10709834857482942	8418843.1	177597.425	13.4	13.418679090046036
-2.2340077211166958	-0.9999988157965737	0.027073527252094175	0.10709834857482942	8418843.1	21366.425	13.425	13.551771483903245
-2.2340077211166958	-0.9999987424671273	0.043026749902681814	0.10709834857482942	8418843.1	39614.35	13.594999999999999	13.605976678353208
-2.2340077211166958	-0.9999987426305004	0.0428855360900694	0.10709834857482942	8418843.1	39559.9	13.594999999999999	13.602659140043238
-2.2340077211166958	-0.9999987067741049	0.049575296966875515	0.10709834857482942	8418843.1	53500.55	13.615	13.636448123827597
-1.5841440666589899	-0.9999982970486686	0.02922136232203782	0.20512328986213574	6497998.5	63943.78125	13.42	13.426194406808733
-1.9775955546302653	-0.9999988884135762	0.07593552746945693	0.1384016166831355	10949259.2	193115.3	13.56	13.670191712300085
-1.9775955546302653	-0.9999989975811434	0.04385526620710855	0.1384016166831355	10949259.2	58438.3	13.735	13.77215879448673
-1.9775955546302653	-0.9999989052945524	0.03516852434444522	0.1384016166831355	10949259.2	160525.4	13.690000000000001	13.823126817467195
-1.9775955546302653	-0.9999990241317736	0.042133313598598385	0.1384016166831355	10949259.2	43695.975	13.715	13.80335523521623
-1.9775955546302653	-0.9999990127094533	0.04062819860115877	0.1384016166831355	10949259.2	49517.425	13.9	14.03852613583758
-2.06422760636918	-0.9999989275341724	0.078160612491126	0.1269162820470266	11396812.8	203350.7	13.73	13.963904928673115
-2.06422760636918	-0.9999990523299568	0.035502988994575116	0.1269162820470266	11396812.8	49040.3	14.035	14.125928285368353
-2.06422760636918	-0.9999990589119429	0.03213795505657504	0.1269162820470266	11396812.8	45496.125	14.1	14.104103539707262
-1.7452054716465029	-0.999998633973165	0.05569546476446841	0.17460910805975513	9081175.2	244049.15	14.31	14.335695290276226
-1.7452054716465029	-0.9999987767263032	0.06525959323367458	0.17460910805975513	9081175.2	66752.55	14.465	14.497617908860098
-1.7452054716465029	-0.9999988857009219	0.027245945317374405	0.17460910805975513	9081175.2	24812.55	14.55	14.59980056346382
-1.7452054716465029	-0.9999988140678686	0.05735833747546833	0.17460910805975513	9081175.2	47554.725	14.594999999999999	14.650082628962497
-1.7452054716465029	-0.9999987348465188	0.07513447113304789	0.17460910805975513	9081175.2	97642.7	14.6	14.60658399371711
-0.7329005514920796	-0.9999986399754116	-0.01092843336167795	0.48051321348947934	7079249.666666667	-15182.333333333334	13.08	13.107885653989996
-0.7329005514920796	-0.9999985145425835	0.015879953777061112	0.48051321348947934	7079249.666666667	36897.416666666664	13.035	13.036011234388619
-0.7329005514920796	-0.9999984868728179	0.04277977043222756	0.48051321348947934	7079249.666666667	44881.583333333336	13.01	13.08688807491547
-1.012608455168349	-0.9999987653375011	0.003482796234440266	0.36327016869514506	6852558.0	4723.875	13.075	13.229029205728235
-1.012608455168349	-0.9999982568161853	0.038292542152060856	0.36327016869514506	6852558.0	154085.3125	13.31	13.331385063236617
-1.012608455168349	-0.9999984142643168	0.052706145468933825	0.36327016869514506	6852558.0	52382.4375	13.34	13.344772474759674
-1.012608455168349	-0.999998461232187	0.04303670663315187	0.36327016869514506	6852558.0	37966.875	13.4	13.40646637554585
-1.012608455168349	-0.9999986086203784	0.019126524407639234	0.36327016869514506	6852558.0	13827.8125	13.42	13.421355632013706
-1.012608455168349	-0.9999984453999505	0.05056098472368792	0.36327016869514506	6852558.0	42317.8125	13.405000000000001	13.423153304260316
-2.022691988940202	-0.9999989117852597	0.07650532983483307	0.13229883826835223	11205254.0	197544.175	14.01	14.041082366934285
-2.022691988940202	-0.9999989602264696	0.029839612635258524	0.13229883826835223	11205254.0	114796.675	14.115	14.126283500278214
-2.022691988940202	-0.9999989762096855	0.04323172320396058	0.13229883826835223	11205254.0	95972.8	14.01	14.019534453117018
-1.8131284111627788	-0.9999987586783511	0.07330651427867015	0.16314295937778256	9685487.2	166508.05	14.55	14.582889942091574
