-1.7639663005360213	-0.9999981084132717	0.004370391247251836	0.17136383366539332	5065248.25	14491.0625	39.0	39.02240797505451
-1.7639663005360213	-0.9999983964313552	0.011191361303620665	0.17136383366539332	5065248.25	3368.34375	39.095	39.132723269057564
-1.7639663005360213	-0.9999984299371711	-0.0047254719861082334	0.17136383366539332	5065248.25	-2842.40625	39.155	39.20728748940977
-2.3038009736494267	-0.9999966727014014	0.047893461611893055	0.09987848582280079	3035381.8	24332.8	39.15	39.34417180413891
-2.3038009736494267	-0.9999965736892609	0.06622462742012937	0.09987848582280079	3035381.8	32863.925	39.465	39.551740870798284
-2.3038009736494267	-0.9999968474743107	0.0340002204166635	0.09987848582280079	3035381.8	14314.8	39.620000000000005	39.62055490751542
-2.4260603989588536	-0.999996449506391	0.04893413828616745	0.08838434666362685	3384744.9	165629.575	40.2	40.209792789807665
-0.30324133026868855	-0.9999983809860549	-0.030330058633787592	0.7384208715584882	6929719.5	-74555.5	40.9	41.1624636698361
-0.30324133026868855	-0.9999984645753223	0.048099868450216895	0.7384208715584882	6929719.5	41774.375	41.33	41.475897424264765
-2.3472447348397387	-0.9999967643472979	0.0536709892760061	0.09563229187509514	3197046.0	31085.55	39.7	40.14766226858881
-2.3472447348397387	-0.9999966745287681	0.07392847404052892	0.09563229187509514	3197046.0	41425.85	40.144999999999996	40.357907533223155
-1.9469926155769153	-0.9999977643019131	-0.020984272147240805	0.14270258844770664	4518016.3	-24364.425	38.15	38.152270756383494
-1.9469926155769153	-0.9999979019912536	0.021228990295740737	0.14270258844770664	4518016.3	13078.975	38.265	38.29022671782351
-1.121772658510757	-0.9999985880754014	-0.010722358458885844	0.3257019243029044	7374153.0	-33246.9375	39.71	39.72721266421488
-1.121772658510757	-0.9999984789727613	0.08978541219671655	0.3257019243029044	7374153.0	74330.3125	40.04	40.067708592441996
-2.0217497748421813	-0.9999980409889091	0.004364781055081418	0.13242355084266696	4192975.8	3691.6	38.47	38.82707244322092
-2.0217497748421813	-0.9999975717346211	0.04191914671227217	0.13242355084266696	4192975.8	26413.225	39.025000000000006	39.14053401447681
-2.0217497748421813	-0.9999976634248643	0.021229621871036573	0.13242355084266696	4192975.8	17982.375	39.265	39.39394953314846
-2.0217497748421813	-0.9999976353204171	0.055815292164716764	0.13242355084266696	4192975.8	20231.475	39.540000000000006	39.74901212189872
