-0.733230739704521	-0.9999975695862652	0.06362103597700972	0.4803545798813777	4628290.333333333	76776.0	13.13	13.14222956791581
-2.109840222262287	-0.9999952196937596	0.05646296291839624	0.12125733910900323	2428860.2	110269.925	11.6	11.621519460752339
-2.109840222262287	-0.9999958117189579	0.08093687103685589	0.12125733910900323	2428860.2	26178.95	11.475000000000001	11.531103550295859
-2.109840222262287	-0.9999956871310138	0.09219485875484223	0.12125733910900323	2428860.2	35430.475	11.625	11.701400708359614
-2.109840222262287	-0.99999568621637	0.07371353145261385	0.12125733910900323	2428860.2	35509.275	11.635000000000002	11.656071684587813
-1.5703093640061567	-0.9999974167786093	0.058191588693173806	0.20798083062051367	4279581.625	63265.21875	11.61	11.797307716264699
-1.5703093640061567	-0.9999976208472482	0.03764575329449607	0.20798083062051367	4279581.625	26416.40625	11.934999999999999	11.99402811014499
-1.5703093640061567	-0.9999976542970094	0.04846535484038283	0.20798083062051367	4279581.625	22892.9375	12.0	12.082061933534742
-1.5703093640061567	-0.9999981137684002	0.0048707960168084255	0.20798083062051367	4279581.625	3203.40625	12.1	12.19897214174664
-1.3530612852035628	-0.9999975585862966	0.05610037669236054	0.2584478657639973	4545015.666666667	65923.375	11.26	11.392838985511492
-1.3530612852035628	-0.9999975895016802	0.016885518420773238	0.2584478657639973	4545015.666666667	57281.625	11.38	11.612717324612333
-1.6552769861794125	-0.9999972559848777	0.05980075444025593	0.1910391331767815	4025753.777777778	62737.416666666664	12.15	12.224167584557936
-1.6552769861794125	-0.9999974644232366	0.041159550635346986	0.1910391331767815	4025753.777777778	27107.63888888889	12.24	12.272056357782667
-1.6552769861794125	-0.9999974688342688	0.02552422887222023	0.1910391331767815	4025753.777777778	26630.5	12.115	12.145404914025987
-1.6552769861794125	-0.9999978936598795	0.007913146952860429	0.1910391331767815	4025753.777777778	4814.555555555556	12.125	12.17472574213558
-1.6552769861794125	-0.9999975519380335	0.03282442543572424	0.1910391331767815	4025753.777777778	19058.0	12.205000000000002	12.217448583775903
-1.9062986821338188	-0.9999968736231246	0.049847774240053024	0.1486294947610441	3403993.9	41862.425	11.895	11.903047895464692
-1.9062986821338188	-0.9999969230545974	0.0583763192362892	0.1486294947610441	3403993.9	35379.05	12.075	12.110515759312321
-2.1423831958349706	-0.9999957382400114	0.04766884593940422	0.11737478234220138	2520797.1	46305.25	11.735	11.754268719954371
-2.1423831958349706	-0.9999958854643785	0.04887789485762368	0.11737478234220138	2520797.1	31948.425	11.995000000000001	12.007146051011434
-2.1423831958349706	-0.9999959254701639	0.08582827554954647	0.11737478234220138	2520797.1	28883.575	11.99	12.023166280417149
-2.1423831958349706	-0.9999958514576966	0.0907523081066551	0.11737478234220138	2520797.1	34808.075	12.030000000000001	12.077001334222816
-2.203036358175075	-0.9999959192764672	0.05623410301234856	0.1104672305432958	2613278.7	42789.35	12.379999999999999	12.497374502252105
-2.1733802702484715	-0.9999955793152016	0.05990852599490555	0.1137923172846597	2487543.9	59672.75	12.094999999999999	12.096405320644534
-2.1733802702484715	-0.9999963192395814	0.03293056506938625	0.1137923172846597	2487543.9	9470.6	12.175	12.205416458053794
-2.1733802702484715	-0.9999956905889767	0.10815105601524112	0.1137923172846597	2487543.9	45244.075	12.260000000000002	12.309307375897397
-2.2578535647762044	-0.9999959868188522	0.06865636623607624	0.10457470686389325	2723820.6	55891.5	12.3	12.381272136194458
-2.2578535647762044	-0.9999961802211286	0.07993954989779653	0.10457470686389325	2723820.6	33003.275	12.395	12.399675657285426
-2.2578535647762044	-0.9999963264159091	0.07519586054796844	0.10457470686389325	2723820.6	22162.1	12.43	12.435016237061092
-1.7948311069593612	-0.9999970758436826	0.04545428685418057	0.166155512486908	3605847.7	37950.425	12.200000000000001	12.292657052404294
-1.7948311069593612	-0.9999971181844733	0.05181483994537443	0.166155512486908	3605847.7	32576.85	12.23	12.295117756394164
-1.7948311069593612	-0.999997283914718	0.04552518922785685	0.166155512486908	3605847.7	17921.1	12.16	12.192911540714704
-1.7948311069593612	-0.999997972737857	-0.0028861051087542083	0.166155512486908	3605847.7	-1494.175	12.215	12.224758228362454
-1.7948311069593612	-0.9999972658008145	0.03733008231993649	0.166155512486908	3605847.7	19130.775	12.205000000000002	12.223814931931365
-2.0373269899427107	-0.9999961963966879	0.0608399880923947	0.13037674387096093	2799921.1	42182.7	11.52	11.691212744090443
-2.0373269899427107	-0.9999961453028463	0.06226999210341406	0.13037674387096093	2799921.1	48670.45	11.665	11.718347152005393
-2.0373269899427107	-0.999996284724896	0.08512238687021882	0.13037674387096093	2799921.1	32940.125	11.785	11.813842217072228
