-1.7580939015586037	-0.9999916506188472	0.07447993132646749	0.17237311100617334	1354558.2	81610.275	14.38	14.387379252185626
-1.9388694152896635	-0.9999934263917561	0.06664069660180835	0.14386651114351812	1524014.1	22431.625	14.51	14.52326518504997
-1.2220516432804198	-0.9999921476536259	0.08706325626363169	0.29462508085849365	1473566.4	105973.5	14.280000000000001	14.28813020718763
-1.2220516432804198	-0.9999922274056197	0.10057113879583206	0.29462508085849365	1473566.4	94223.35	14.0	14.356997372199972
-2.248128208265738	-0.999996103272709	0.08514015795753604	0.1055966947130405	2833608.2	62428.825	15.200000000000001	15.295081737200617
-2.248128208265738	-0.9999959372148576	0.1293411998815566	0.1055966947130405	2833608.2	99940.6	15.36	15.376192218645194
-2.248128208265738	-0.9999961454019617	0.08676678416453627	0.1055966947130405	2833608.2	55403.75	15.325	15.38397578249943
-2.114322597432568	-0.9999942738833024	0.09278582075251951	0.12071503453722449	1852457.2	40431.375	14.870000000000001	15.133551570682535
-1.9881740368445753	-0.9999935034506838	0.06849282096527516	0.13694525427560816	1536972.2	21697.875	14.52	14.541176765147721
-1.9881740368445753	-0.9999933166992451	0.10472112121625914	0.13694525427560816	1536972.2	28912.025	14.51	14.539891232977928
-1.9881740368445753	-0.9999931685854663	0.08629190172867139	0.13694525427560816	1536972.2	36303.4	14.55	14.568176654359556
-2.075023498280108	-0.9999935323558244	0.10946087577307974	0.12555347716775855	1650447.0	43238.25	14.6	15.035621338295162
-2.075023498280108	-0.9999933212495783	0.15577555401801163	0.12555347716775855	1650447.0	61261.525	15.004999999999999	15.068767343655741
-1.682454713118743	-0.9999925299991007	0.049597803082598355	0.1859170424453198	1380199.6666666667	30033.222222222223	14.0	14.269390624384478
-1.4958202561046674	-0.9999930634596095	0.044071760709441056	0.2240647388624014	1413980.7142857143	18180.035714285714	13.88	13.916637943389466
-0.2616156183478552	-0.9999852213912869	0.08530252180537157	0.7698068664808366	645709.5	13941.375	14.450000000000001	14.504594400154414
-1.022627548325957	-0.9999917196151353	0.08303498948858315	0.35964870322773124	1256173.75	32911.3125	14.61	14.63639932885906
-1.8248367368983356	-0.9999926014527928	0.06260501665940199	0.16124396717113262	1448866.7	45228.675	14.39	14.395899363077065
-1.8248367368983356	-0.9999934417564496	0.050836196230015104	0.16124396717113262	1448866.7	13385.75	14.38	14.44518076148955
-1.8248367368983356	-0.9999922808055144	0.12346421709894331	0.16124396717113262	1448866.7	71974.7	14.450000000000001	14.47647311827957
