-1.9259615888522217	-0.999994666736804	0.03438627944607164	0.14573555177524988	1864830.5	20859.9	14.4	14.436524199332263
-1.9259615888522217	-0.9999950622964989	0.03204687092905623	0.14573555177524988	1864830.5	9975.425	14.450000000000001	14.45575115670013
-1.9259615888522217	-0.999994996633938	0.030617827028309945	0.14573555177524988	1864830.5	11274.975	14.47	14.527477477477477
-1.9259615888522217	-0.9999945315080113	0.04565411425914354	0.14573555177524988	1864830.5	26843.35	14.46	14.553617313209429
-2.181201186956321	-0.9999917462057442	0.03505619464256795	0.1129058281466713	1154251.7	13723.75	14.64	14.660939590443686
-1.868775194669524	-0.9999948860207434	0.028302482817727348	0.1543125489490461	1911875.3	17627.825	14.05	14.059678794769757
-1.868775194669524	-0.9999953239574705	0.023953440334067818	0.1543125489490461	1911875.3	7630.275	14.120000000000001	14.188697312156384
-1.868775194669524	-0.9999953330333314	0.019638868985514535	0.1543125489490461	1911875.3	7499.0	14.205000000000002	14.387215241183624
-1.868775194669524	-0.999994665191137	0.044875517917362204	0.1543125489490461	1911875.3	26888.45	14.38	14.485400688298919
-1.80620946818039	-0.9999947608840853	0.03193699961660946	0.16427565020466336	1890154.5	19984.025	13.91	13.98074486498533
-2.3509847945043933	-0.999991187262527	0.020819082089606936	0.09527528941900489	1001660.7	6817.35	14.56	14.569177115301843
-2.3509847945043933	-0.99998979500978	0.05864715436889725	0.09527528941900489	1001660.7	27498.9	14.57	14.571933823104066
-2.3509847945043933	-0.9999902170783366	0.09106772807682588	0.09527528941900489	1001660.7	18017.75	14.545000000000002	14.57737030411449
-2.3509847945043933	-0.9999901513542764	0.06067545462685852	0.09527528941900489	1001660.7	19243.9	14.585	14.635733806105682
-1.5545241380310797	-0.9999952020205668	0.03418968123212347	0.21128990355155214	2108678.4285714286	24769.178571428572	14.530000000000001	14.558280400608846
-1.5545241380310797	-0.9999954813900743	0.041166043865940645	0.21128990355155214	2108678.4285714286	13742.142857142857	14.5	14.569415190487746
-1.5545241380310797	-0.9999965163293826	0.0038480840411829905	0.21128990355155214	2108678.4285714286	1548.892857142857	14.6	14.601745791564214
-1.5545241380310797	-0.9999957677691489	0.011445885932608355	0.21128990355155214	2108678.4285714286	7512.178571428572	14.55	14.58279195642324
-1.1014186899992766	-0.9999959071379512	0.025325882995935346	0.3323991776439382	2402801.5	18662.6875	15.22	15.43643997125887
-1.1014186899992766	-0.9999958221017526	0.057281153495145086	0.3323991776439382	2402801.5	22893.6875	15.52	15.565533181579408
-2.108943251102478	-0.9999911506971685	0.07529458290910827	0.1213661522389233	1298446.0	97765.95	14.67	14.673574386818947
-2.3001145138234156	-0.9999912383603654	0.03256079389698764	0.10024736335662061	1084193.3	13349.525	14.4	14.608441192480427
-2.3001145138234156	-0.9999912845220683	0.08226830333367455	0.10024736335662061	1084193.3	12697.8	14.475000000000001	14.495103169538396
-2.3001145138234156	-0.9999909568443888	0.09049653043178514	0.10024736335662061	1084193.3	18114.6	14.475000000000001	14.514412229836584
-2.3262383419014703	-0.9999910801211517	0.03605610703709101	0.09766242965937186	1074981.9	14598.0	14.5	14.59210785144989
-1.4385327759740187	-0.9999955355918686	0.029496895524684107	0.237275639929536	2249726.0	23009.25	14.39	14.591556833690777
-1.4385327759740187	-0.9999964685597902	0.005478122963158197	0.237275639929536	2249726.0	2819.7916666666665	14.56	14.567040182270091
-2.244219270296136	-0.999990434040537	0.053921698384099825	0.10601027344265217	1070877.1	28111.425	14.22	14.28227800953516
-2.244219270296136	-0.9999906173977665	0.11298465632015807	0.10601027344265217	1070877.1	23099.6	14.25	14.308298078998488
