-1.2178133192857168	-0.9999918833580738	0.0024399131834600073	0.29587644738329005	790222.2	609.3	13.68	13.75788688138256
-1.2178133192857168	-0.9999886333753305	0.06075419847328244	0.29587644738329005	790222.2	7958.8	13.71	13.726465576005454
-1.2178133192857168	-0.9999883860380696	0.08578900709219858	0.29587644738329005	790222.2	9677.0	13.760000000000002	13.78412098765432
-2.1438435312410373	-0.9999912180340091	0.045261426892078994	0.11720350088639406	1088435.7	14165.075	14.370000000000001	14.544482461634827
-2.1438435312410373	-0.9999909948321385	0.09664417068266001	0.11720350088639406	1088435.7	18060.65	14.450000000000001	14.455450874831763
-2.1438435312410373	-0.9999900495278244	0.08558550624692192	0.11720350088639406	1088435.7	50535.4	14.4	14.425808855172074
-2.1779637367078752	-0.999991333506089	0.04831891853777595	0.11327194747483334	1111690.1	15281.375	14.3	14.513010403120937
-2.1779637367078752	-0.9999910935678741	0.11066160199392373	0.11327194747483334	1111690.1	19953.15	14.495000000000001	14.526290443942814
-2.1779637367078752	-0.9999915267333693	0.0690857444529817	0.11327194747483334	1111690.1	12327.225	14.52	14.546952853598015
-1.8781876601556247	-0.9999888643511515	0.055693782672152935	0.15286690163373962	853274.8	13382.375	13.58	13.663063560188023
-1.8781876601556247	-0.9999890079034024	0.07124518517047551	0.15286690163373962	853274.8	11839.475	13.725000000000001	13.72777749874435
-1.8781876601556247	-0.9999889205059651	0.08635355592878192	0.15286690163373962	853274.8	12756.225	13.695	13.758057618726086
-1.8781876601556247	-0.9999881814807642	0.0786502316719267	0.15286690163373962	853274.8	23966.275	13.8	13.846825950044332
-2.0260876456332895	-0.9999909960546445	0.04878182704049966	0.1318503587049463	1060593.2	14037.0	14.3	14.359910489269703
-2.0260876456332895	-0.9999895635468258	0.08273259080662712	0.1318503587049463	1060593.2	64139.5	14.36	14.43964202965709
-1.9808062934067134	-0.9999893881198786	0.0753139890196548	0.13795795786315018	981027.7	33207.075	14.0	14.01705465423168
