-1.7701905017050616	-0.9999925048972816	0.048247362982878114	0.17030054319118235	1423463.3	43001.075	14.9	14.90096429070532
-1.50364404783439	-0.999993423368992	0.0683521512708168	0.2223185428558003	1581223.4285714286	32829.82142857143	15.620000000000001	15.778160594394743
-1.3796764409991542	-0.9999920358042013	0.07454593047734816	0.2516599667353723	1263854.3333333333	23518.458333333332	15.17	15.250331439910164
-1.3796764409991542	-0.9999921344957936	0.07990666196234404	0.2516599667353723	1263854.3333333333	20760.416666666668	15.280000000000001	15.319904903050512
-1.3796764409991542	-0.9999911502374168	0.10422240089867718	0.2516599667353723	1263854.3333333333	72027.04166666667	15.405000000000001	15.492957618511054
-1.8366849466696826	-0.9999931373868943	0.05644541878103203	0.1593447879776549	1503891.8	30351.3	14.91	15.186468833011899
-1.8366849466696826	-0.9999933778014665	0.06744508355937713	0.1593447879776549	1503891.8	21142.125	15.31	15.31900119474313
-0.2631501367366152	-0.9999863932428583	0.11172018673079644	0.7686264895750858	726892.0	19743.75	15.07	15.108738792588165
-1.025763768722042	-0.9999902323462081	0.07231216513939742	0.35852253251209987	1017202.25	20653.3125	15.15	15.217465373335527
-1.025763768722042	-0.9999909020522255	0.04472980203317282	0.35852253251209987	1017202.25	10450.0	15.31	15.319713142094729
