-1.9827479216466133	-0.9999954053457286	0.04726441619977186	0.13769035467326973	2232869.3	28544.725	6.65	6.660951749213836
-1.9827479216466133	-0.9999966334289433	-0.005221277647279369	0.13769035467326973	2232869.3	-1838.25	6.69	6.708177988414955
-1.9827479216466133	-0.999995582356115	0.060017513517563466	0.13769035467326973	2232869.3	19225.05	6.71	6.73215533374922
-1.9827479216466133	-0.9999947978018402	0.10920054928652456	0.13769035467326973	2232869.3	110837.4	6.74	6.827427141817207
-0.6755917188750351	-0.9999957904948263	0.02615591800299929	0.508855232261333	2457073.0	31039.916666666668	6.87	6.973371526019877
-1.3762683141329966	-0.9999956501713225	0.04914937515579259	0.25251911904756685	2391384.8571428573	32928.17857142857	6.62	6.69952034912038
-1.5500820800307396	-0.9999956358910164	0.055451888413108705	0.21223055322147866	2388692.6666666665	33674.13888888889	6.62	6.628488112927191
-1.4700130887281695	-0.9999955288161497	0.05297988614589699	0.2299224757742437	2329273.0	33342.15625	6.69	6.710315978664192
-1.4700130887281695	-0.9999964621440333	-0.0067540481975471404	0.2299224757742437	2329273.0	-3790.9375	6.69	6.70626539408867
-1.8322799484284231	-0.9999952783446815	0.07356777553388602	0.16004824972483198	2281470.9	47681.475	6.68	6.775343982849955
-1.2642022700403888	-0.9999957174856837	0.03465745578948957	0.2824645367114652	2356328.1666666665	24124.125	6.6000000000000005	6.642081879416425
-1.2642022700403888	-0.9999957725359916	0.028712904828583047	0.2824645367114652	2356328.1666666665	21189.166666666668	6.51	6.526030196078432
-1.2642022700403888	-0.9999955756393165	0.10486455788769429	0.2824645367114652	2356328.1666666665	33698.75	6.5600000000000005	6.5843490607252075
-1.2642022700403888	-0.9999953599020658	0.07038783112322779	0.2824645367114652	2356328.1666666665	56026.25	6.605	6.648966310029927
-1.6192594947774746	-0.9999956546840933	0.05416337984378018	0.1980452983758889	2383128.4	31426.725	6.61	6.628108076009501
-1.6192594947774746	-0.9999972399667629	-0.0013989946340198852	0.1980452983758889	2383128.4	-717.75	6.640000000000001	6.718386449184441
-1.6192594947774746	-0.9999957221862532	0.06630293914306175	0.1980452983758889	2383128.4	26756.75	6.735	6.785011344168171
-1.6192594947774746	-0.9999951696421414	0.10901263643247204	0.1980452983758889	2383128.4	99842.875	6.755000000000001	6.782683085147003
