-2.05688476638213	-0.999994030730161	0.06895757686887143	0.12785163787930176	1702221.1	25873.6	13.61	13.620173841973891
-2.2798021579875987	-0.9999930770919361	0.0961144957426204	0.10230444483073965	1641400.7	86099.125	13.1	13.192017679820374
-2.2798021579875987	-0.9999937422649633	0.11441467892959771	0.10230444483073965	1641400.7	28894.775	13.265	13.274447971781305
-2.2798021579875987	-0.9999932477565934	0.12926671804460266	0.10230444483073965	1641400.7	65063.675	13.265	13.321527316481374
-1.9696199049527698	-0.9999931391610681	0.09669651022743743	0.13950987315049956	1654609.0	85135.05	13.290000000000001	13.290259532840887
-1.9696199049527698	-0.9999928764033837	0.1394469550854478	0.13950987315049956	1654609.0	131499.65	13.36	13.616381075701582
-0.730691752891283	-0.999993457628357	0.0976762135797597	0.48157574342843196	1652013.3333333333	49417.75	12.97	13.012569715237234
-0.730691752891283	-0.9999930034531568	0.11690862604484857	0.48157574342843196	1652013.3333333333	104650.25	13.040000000000001	13.070617016175984
-0.730691752891283	-0.9999933871952867	0.19425847086953987	0.48157574342843196	1652013.3333333333	55515.833333333336	13.015	13.1506501315295
-1.5801395398515004	-0.9999928499868526	0.112886972729316	0.20594635847548254	1623280.75	109805.90625	13.07	13.09104752733213
-1.5801395398515004	-0.9999933350038381	0.16589583057528326	0.20594635847548254	1623280.75	49968.09375	13.100000000000001	13.20140903746675
-1.5801395398515004	-0.9999931698101616	0.13324623412776307	0.20594635847548254	1623280.75	65336.125	13.200000000000001	13.23585748795512
-1.8082713017663556	-0.9999935038328615	0.09669160846207807	0.1639372900927051	1629405.2	39531.9	13.49	13.496717530537765
-1.0106877518849358	-0.9999933474172042	0.08854146377740554	0.363968573400322	1606347.5	43753.9375	12.99	13.004238858014602
-1.0106877518849358	-0.9999928517890959	0.11101676438955597	0.363968573400322	1606347.5	97003.3125	13.0	13.037197554498858
-1.0106877518849358	-0.9999933553577575	0.17332614474146146	0.363968573400322	1606347.5	43199.375	12.97	12.971511461318052
-1.0106877518849358	-0.9999934159339195	0.09061091203329096	0.363968573400322	1606347.5	39193.75	12.99	13.103400809716598
-1.9211874844748906	-0.9999935552715433	0.09127497580088485	0.1464329719646653	1587826.2	27807.825	13.24	13.250295566502462
-1.9211874844748906	-0.9999924591326914	0.12335391525350788	0.1464329719646653	1587826.2	158511.175	13.23	13.244119626290344
-1.6661357996426736	-0.9999934741755052	0.10020537896920419	0.18897589728589734	1630806.5555555555	41870.36111111111	13.3	13.471060145802298
-1.741540803433285	-0.9999927416344159	0.11208810200434768	0.1752501664234643	1647207.9	155753.625	13.49	13.505000121505207
-1.741540803433285	-0.9999933548634703	0.16794430776728608	0.1752501664234643	1647207.9	56721.225	13.49	13.54243267265132
-2.164634526309239	-0.9999935466181276	0.0986023357529404	0.11479188034395721	1669036.5	47615.275	12.620000000000001	12.7408052837581
-2.195704671434399	-0.9999934302090541	0.10112440903563698	0.11128011794935683	1647221.9	50105.375	12.94	13.01946201558729
-2.195704671434399	-0.9999935821078535	0.12844422861657998	0.11128011794935683	1647221.9	39013.65	13.129999999999999	13.1341733389521
-2.253368111650186	-0.9999934545234314	0.09503560610526893	0.10504482536875301	1650949.8	49327.3	13.040000000000001	13.0998465688754
