-1.7768836480936048	-0.9999860129183964	0.05124335688433327	0.16916450280889112	720909.0	23941.5625	41.0	41.00985667879765
-2.431902133585343	-0.9999864188733039	0.018215092856440993	0.08786953392900619	614778.0	4226.55	39.33	39.3798738170347
-2.431902133585343	-0.9999871262191734	0.027011796139176078	0.08786953392900619	614778.0	2735.725	39.28	39.324212917485276
-0.3053706969485573	-0.9999813526848331	0.1151888459151029	0.7368501756461296	541150.5	24124.0	44.550000000000004	45.695346504752514
-0.3053706969485573	-0.9999832356954731	0.11632377008115961	0.7368501756461296	541150.5	8707.125	45.985	45.99138475938772
-0.3053706969485573	-0.9999830612712249	0.0993188717922105	0.7368501756461296	541150.5	9569.125	46.07	46.0978272517881
-2.354279349323284	-0.9999870162090413	0.017189421780338332	0.09496191625111687	642160.5	4177.375	38.2	39.678131632208206
-1.6619378991824088	-0.9999862412457865	0.041694627781875125	0.18977086672594526	705780.8571428572	16491.571428571428	41.62	41.62860220945859
-2.39424198377447	-0.9999875429288855	0.014451753431718756	0.09124181549255678	654053.6	3454.05	38.1	38.25144159037837
-2.39424198377447	-0.9999880109773222	0.0233442147694381	0.09124181549255678	654053.6	2542.925	38.28	38.52754424849828
-2.39424198377447	-0.9999895300237571	-0.006406398193810013	0.09124181549255678	654053.6	-940.925	38.885000000000005	39.49267016123832
-2.035417377317764	-0.9999868964522731	0.036972552232691525	0.13062595081569	737247.1	15685.45	39.730000000000004	39.784473425601114
-0.8177012735921938	-0.9999805195700759	0.1104132830171983	0.4414452509251415	508291.6666666667	19964.083333333332	45.910000000000004	45.96013004037968
-0.8177012735921938	-0.9999804457213125	0.08189581942243944	0.4414452509251415	508291.6666666667	20727.75	45.9	45.92768587443282
