-1.5064639098890416	-0.9999848611398587	0.039436521541575446	0.22169251829902814	563819.8333333334	5091.833333333333	38.480000000000004	38.63163069544365
-2.4870314493555106	-0.9999849822953529	0.029539302276636356	0.08315645468509239	575860.8	5698.35	37.800000000000004	38.54919423088384
-1.117290934230065	-0.999984379031659	0.022425300293698668	0.32716490641778473	502167.25	2550.25	37.58	37.95984150537634
-1.117290934230065	-0.999985275605108	0.015241343741941533	0.32716490641778473	502167.25	1625.375	38.075	38.3184572803516
-0.809448456718055	-0.9999858433780325	0.018240450084003892	0.4451034923761369	543690.3333333334	2200.3333333333335	38.2	38.25862105286748
-1.336661999731543	-0.9999843866697805	0.020214379580112407	0.26272116989122607	588182.2	9734.0	38.02	38.25529736901468
-1.336661999731543	-0.9999850525432128	0.041049245992874836	0.26272116989122607	588182.2	6579.25	38.025000000000006	38.38327133754059
-2.0816847712228643	-0.9999815611472096	0.045482878765230814	0.1247199105770083	538864.1	20660.675	38.07	38.25377220045171
-2.0816847712228643	-0.9999833239912028	0.05814414639932354	0.1247199105770083	538864.1	7990.25	38.125	38.236182420447896
-2.0816847712228643	-0.9999833759340951	0.052860289920542966	0.1247199105770083	538864.1	7769.675	38.394999999999996	38.897402217812704
-2.0145386085854464	-0.9999847264135324	0.026530244353128295	0.13338193044838956	537969.9	3701.375	37.910000000000004	38.00568508881911
-2.142768326884495	-0.9999845999068383	0.050038692192057845	0.11732958637283437	587102.9	8444.925	39.08	39.58108960151745
-2.142768326884495	-0.9999846613251423	0.055289110913521254	0.11732958637283437	587102.9	8145.8	39.800000000000004	40.13429635158071
-1.642779647850472	-0.9999839144415349	0.027892297188171992	0.19344159477723083	550654.5714285715	7026.5	37.2	37.32469811154915
-1.642779647850472	-0.99998418964013	0.04261457868093999	0.19344159477723083	550654.5714285715	6038.321428571428	37.215	37.24009042033236
-1.642779647850472	-0.9999854991902328	0.01847153139919867	0.19344159477723083	550654.5714285715	2935.3928571428573	37.12	37.16058823529412
-2.2500600390148278	-0.9999842198407755	0.04052350631341376	0.10539289668621968	568867.6	7916.425	39.69	39.826947506993584
-2.341013874429124	-0.9999850488175817	0.041160629758391076	0.09623002359412687	599080.8	7760.775	38.7	38.80113974167586
-1.7564568476603726	-0.9999852847260217	0.03747035024080264	0.17265552618085608	583124.5	5327.5625	37.300000000000004	37.828724609176305
-1.7564568476603726	-0.9999855064100157	0.034495439293276975	0.17265552618085608	583124.5	4681.40625	38.010000000000005	38.160771956167174
-2.198760478013163	-0.9999839313343099	0.044729603466541416	0.11094058646831897	608363.8	17597.95	39.62	39.7271915437142
-2.198760478013163	-0.9999850142683273	0.06455102521132311	0.11094058646831897	608363.8	9105.8	39.875	39.93029336958763
-2.3810447559058954	-0.9999840629896809	0.03619425109352413	0.09245393524047701	551904.7	6604.85	37.12	37.24961920487088
