-2.2318976942476194	-0.9999923717489708	-0.012203420106791053	0.10732456754808065	1098360.4	-4351.775	15.0	15.064841392420103
-2.2318976942476194	-0.9999918795759932	0.03650033458538277	0.10732456754808065	1098360.4	7472.75	15.06	15.097225688073394
-1.6054913737399323	-0.9999964176768567	0.03560445837047055	0.20079086730655665	2872533.75	29445.90625	16.2	16.295671112141132
-1.6054913737399323	-0.9999964230697678	0.09717319372885887	0.20079086730655665	2872533.75	28993.25	16.08	16.15215193320022
-2.2003830673201588	-0.9999930196391665	-0.00835366495060668	0.11076072142201629	1159457.5	-3271.9	14.84	14.84028125
-2.2003830673201588	-0.9999922317122896	0.036361448575223054	0.11076072142201629	1159457.5	8159.0	14.88	14.90419235511714
-2.2003830673201588	-0.9999926795648101	-0.021833131068507053	0.11076072142201629	1159457.5	-4853.85	14.925	14.935626062322946
-2.2003830673201588	-0.9999912515857874	0.07684386432478721	0.11076072142201629	1159457.5	25422.125	14.89	14.894629669156883
-1.2244330127595473	-0.999992492931893	0.07656440712063509	0.29392430441813566	1417868.4	41940.65	14.94	15.221082366381067
-1.3772833344048085	-0.9999944006806298	0.0761831089062077	0.25226293705966363	1951531.0	55671.708333333336	15.09	15.097100760238298
-1.3772833344048085	-0.99999458431125	0.11072780159593797	0.25226293705966363	1951531.0	38904.25	15.115	15.271692230099397
-1.3772833344048085	-0.9999941936583658	0.09418341368942516	0.25226293705966363	1951531.0	83386.66666666667	15.42	15.599596808862437
-2.0037186294025244	-0.9999956195387062	0.05194696765015796	0.13483295603637513	2705982.3	140567.575	15.610000000000001	15.610498555169622
-2.2899317805795496	-0.9999920776805323	0.007547374568283426	0.10127337042886893	975509.1	2270.725	14.790000000000001	14.959333870534515
-1.5008554300739003	-0.9999957954267038	0.06216616434628381	0.22293936951470206	2582461.4285714286	51954.78571428572	15.540000000000001	15.541468477695
-1.5008554300739003	-0.9999956440505188	0.1005004338514004	0.22293936951470206	2582461.4285714286	76807.57142857143	15.98	16.06177007369073
-0.2621753639292781	-0.999992202654917	0.06966119796530848	0.7693760910623408	1323794.0	30395.375	14.63	14.747058272278071
-0.2621753639292781	-0.9999922649138482	0.14810834049871024	0.7693760910623408	1323794.0	27990.625	14.780000000000001	14.78890625
-1.9539344872201472	-0.9999963122583897	0.02587893423708203	0.14171539584208678	2692200.2	20498.15	15.290000000000001	15.39304776638948
-1.9539344872201472	-0.9999956418793428	0.06516159763918232	0.14171539584208678	2692200.2	124607.65	15.5	15.521718479048172
