-2.279545064264829	-0.9999934178008653	0.09842607666962383	0.10233075004262461	1815326.9	154637.15	13.700000000000001	14.074569921898995
-2.279545064264829	-0.9999940697073509	0.12606424285116052	0.10233075004262461	1815326.9	47353.625	14.085	14.121356528153886
-1.8940658220913733	-0.9999948902697989	0.07366263289061459	0.15045882472522246	2314799.4	137035.2	14.33	14.339865143791712
-1.8940658220913733	-0.9999954856943839	0.10073537111891517	0.15045882472522246	2314799.4	34533.425	14.344999999999999	14.42840628507295
-1.8940658220913733	-0.9999951718322738	0.1147388879543193	0.15045882472522246	2314799.4	71412.325	14.42	14.438812149606507
-1.028305094759918	-0.9999968445521553	0.06611159401069587	0.3576125666148147	3588591.25	82751.75	15.17	15.209043952208749
-2.157203630140818	-0.9999946826512748	0.0609293674312739	0.1156480640541554	1935718.0	29520.9	14.41	14.482033238624004
-0.7431377237324001	-0.999997017883227	0.06903199998771535	0.4756192100779363	3763855.0	74924.91666666667	15.21	15.216866209887375
-0.7431377237324001	-0.9999967219108357	0.16899367098916274	0.4756192100779363	3763855.0	228261.66666666666	15.190000000000001	15.228460359098884
-0.264655300768244	-0.9999972165105511	0.09838084787926668	0.7674704508614181	4152114.5	104543.375	15.15	15.253188402308991
-0.264655300768244	-0.9999969947648014	0.1867850195452301	0.7674704508614181	4152114.5	262518.5	15.335	15.370996508623058
-1.9473515664599752	-0.9999948744138112	0.06789317459866658	0.14265137441977857	2215793.2	85581.75	14.39	14.395284595720838
-1.9473515664599752	-0.9999952571561264	0.1104125022030546	0.14265137441977857	2215793.2	36648.725	14.465	14.515541428638558
-1.3810516685381633	-0.9999966562517024	0.05122299936143156	0.2513141148856534	3268524.8333333335	55776.416666666664	15.08	15.117274377437141
-1.5040010767451601	-0.9999960673076943	0.09324878829375034	0.22223918287634697	3081863.714285714	183508.5	14.97	14.974567100338621
-2.1906956489717717	-0.9999942346215693	0.07057301868443988	0.11183892091974669	1944990.5	74131.275	14.27	14.350196065377318
