-1.764978040593059	-0.9999997886702563	0.12797608340270153	0.17119054568652298	73739919.5	5858698.95	8.42	8.421363951942338
-1.764978040593059	-0.9999998008872738	0.1248096050496174	0.17119054568652298	73739919.5	2379868.95	8.415	8.471364433014442
-1.764978040593059	-0.9999998119123363	0.11647721075063389	0.17119054568652298	73739919.5	1055545.475	8.485	8.505091962343972
-2.024474276261513	-0.9999998908797879	0.07737718994441536	0.132063253728314	143376900.6	6232684.15	9.38	9.520550277772779
-2.024474276261513	-0.9999998971535273	0.0745035370898085	0.132063253728314	143376900.6	2535263.4	9.435	9.436770108358479
-0.6834434085331483	-0.9999996487850432	0.13040575777597965	0.504875503141213	42225698.333333336	2758772.6666666665	7.78	7.827716365795851
-0.22888314066954377	-0.9999996129428703	0.11548781235717197	0.7954214804957679	37534927.5	2039389.0	7.76	7.79799704935251
-2.089348976892409	-0.999999902486986	0.06810219657010552	0.12376768521789933	159254107.2	5550218.225	9.35	9.634293300276969
-2.089348976892409	-0.9999999040464258	0.07193375274151569	0.12376768521789933	159254107.2	4329664.25	9.89	9.897089819213978
-1.6440843674299326	-0.999999751897583	0.12876446091494545	0.1931893723166139	61681554.7	4427486.425	8.27	8.419016747398812
-2.1200853286781016	-0.9999999043145005	0.06513939094088071	0.12002138680822715	162050898.1	5421705.25	9.89	9.898812901978847
-1.9500380001156032	-0.9999998720036707	0.09944252054721267	0.14226866525806714	123278982.3	7125974.75	9.17	9.200354582018202
-1.9500380001156032	-0.9999998796089064	0.10352122985983628	0.14226866525806714	123278982.3	2790387.825	9.195	9.275919021173099
-1.7077718537933269	-0.9999997805042086	0.13239717897600542	0.18126923734686792	70410330.2	5151358.175	8.35	8.453022805552086
-1.7077718537933269	-0.9999997927865688	0.12162312944514395	0.18126923734686792	70410330.2	2169409.675	8.46	8.473177968242553
-1.8162887830895467	-0.9999998312100103	0.12086965116887122	0.1626281808232265	92784801.5	6332119.225	8.59	8.984920338331609
-1.8162887830895467	-0.9999998409334346	0.12037859401449785	0.1626281808232265	92784801.5	2568825.375	8.825	8.995801172222025
-2.175599872954906	-0.999999903406553	0.05021832570369838	0.11354002364864166	156507044.1	3676804.55	9.700000000000001	9.71364146025365
-2.175599872954906	-0.9999999063506612	0.051933226291793734	0.11354002364864166	156507044.1	2319311.125	9.93	10.020785580947887
-2.175599872954906	-0.9999999071335212	0.09517830330477464	0.11354002364864166	156507044.1	2051860.725	10.024999999999999	10.154184456645499
-1.4903314676522337	-0.999999700477679	0.1397760063073104	0.22529796417399905	50140909.0	3329461.5	8.08	8.083681146110516
-1.9086829869482071	-0.9999998646357408	0.10804706182265122	0.14827553887816694	116660313.6	7214740.6	9.06	9.291924718361784
-1.2802069635610551	-0.9999996575084541	0.13189643508811072	0.2779797628176885	42888821.333333336	2395394.0416666665	7.8100000000000005	7.841247300348748
-1.8645329178136627	-0.9999998462948201	0.11453104873761856	0.1549685760444318	102182711.7	6622688.35	9.040000000000001	9.048692439863999
-1.8645329178136627	-0.9999998549727526	0.12162889892540986	0.1549685760444318	102182711.7	2728539.5	8.93	8.997812614393359
-1.8645329178136627	-0.9999998612078894	0.11605155387368195	0.1549685760444318	102182711.7	1442882.675	8.985	9.038452747520644
-1.3943898907989047	-0.9999996896686071	0.14669407117991398	0.24798428771828057	48410265.0	3345827.714285714	7.88	8.015023076084352
-1.3943898907989047	-0.9999996951755319	0.12876204491688345	0.24798428771828057	48410265.0	2562856.1785714286	8.040000000000001	8.046913725831162
-2.0581116235592516	-0.9999998933840085	0.06949062197616332	0.12769487836019594	149649880.2	8495696.0	9.32	9.323260542946471
-2.0581116235592516	-0.9999999012075477	0.06815097269005803	0.12769487836019594	149649880.2	2634695.75	9.41	9.44225700349518
-1.5722498414298505	-0.9999997342435119	0.1313993823601955	0.2075776398319611	57060352.44444445	3852214.0555555555	8.25	8.300948573868295
-1.5722498414298505	-0.9999997464932014	0.12607997071399774	0.2075776398319611	57060352.44444445	1914920.6666666667	8.22	8.254692286624948
