-2.0002583246363574	-0.9999992935146811	0.102418200735207	0.1353003273139667	19531212.4	983146.875	7.19	7.199671058174213
-2.0002583246363574	-0.999999318988633	0.11138825934955815	0.1353003273139667	19531212.4	597778.75	7.1450000000000005	7.161511026122525
-1.4862456587900224	-0.9999997609058291	0.04293855356653592	0.22622037169987172	59104230.25	1371583.125	7.23	7.278750273640765
-1.891322591212152	-0.9999994371503996	0.08526272229449443	0.1508721346623605	24711418.2	1097791.45	7.13	7.151406415727803
-1.891322591212152	-0.9999994391418329	0.1070151591831633	0.1508721346623605	24711418.2	1045075.575	7.16	7.164606691898679
-1.804186025007355	-0.9999994970223373	0.07665808859378032	0.16460838917323475	27625301.3	1082635.125	7.08	7.083584764642472
-1.804186025007355	-0.9999995082115442	0.10669565633443018	0.16460838917323475	27625301.3	794766.0	7.095000000000001	7.146027683841369
-2.0316523590539393	-0.9999993645465644	0.10551107338553083	0.13111868690436781	22046386.8	1214024.475	7.17	7.184343575494617
-2.0316523590539393	-0.9999993711075315	0.14306850838981675	0.13111868690436781	22046386.8	1050530.325	7.26	7.3334103134399236
-1.1360399113214483	-0.9999998071125111	0.03886694217799815	0.3210880445666647	73889976.8	1547964.55	7.54	7.589712179926451
-1.1360399113214483	-0.9999998094479295	0.06151071869441787	0.3210880445666647	73889976.8	1302618.85	7.515000000000001	7.531699954857111
-1.1360399113214483	-0.9999998200692523	0.07596272498922932	0.3210880445666647	73889976.8	594262.9	7.51	7.517519983941543
-2.117159043743727	-0.9999994217461392	0.09611407295477156	0.1203731179660472	23875428.8	990591.85	7.390000000000001	7.393310228229666
-2.0901820487077236	-0.9999994288335768	0.09294190452801959	0.12366462078369578	24070685.5	935060.275	7.390000000000001	7.402159666789543
-0.22927461866303386	-0.9999998874739048	0.036991815692907624	0.7951101514338188	131932250.5	2801934.5	7.78	7.823357992102348
-1.84969186548092	-0.9999994801134986	0.07812614701795087	0.1572856239776072	26717964.3	1077665.9	7.1000000000000005	7.168171509690916
-2.167269295248217	-0.9999994433373203	0.09227098515753407	0.11448982835651443	24685593.6	928706.1	7.3	7.322319303090971
-1.9301254312601668	-0.9999993919596158	0.10826529022726213	0.14512999350393757	23131402.2	1283146.6	7.19	7.236418213796342
