-0.6908637127633583	-0.999999727654896	0.08660616448010619	0.5011430384473643	55355869.333333336	3526793.6666666665	8.47	8.474428072877432
-0.6908637127633583	-0.999999732693256	0.14205978620309026	0.5011430384473643	55355869.333333336	2668419.25	8.48	8.55001455551864
-0.6908637127633583	-0.9999997489533814	0.14144852521909404	0.5011430384473643	55355869.333333336	1084796.4166666667	8.58	8.605281515412422
-1.586438053307491	-0.9999996707553978	0.07744536447456213	0.2046532790792401	43292625.222222224	1550150.4166666667	8.51	8.585047746151476
-2.0641640978672213	-0.9999996369418751	0.07499268473913086	0.12692434256592663	38712925.2	1270652.675	8.27	8.307743127746653
-1.8775743823393383	-0.9999996595849838	0.08887413428188612	0.15296068026659437	42198746.3	1732517.875	8.57	8.601942872875485
-1.8775743823393383	-0.9999996633053897	0.08346013495110656	0.15296068026659437	42198746.3	1480795.15	8.655000000000001	8.668409332140142
-1.292727723485902	-0.9999996925740258	0.06937196768195537	0.2745209436519884	46237952.666666664	1490686.0	8.48	8.555525851740278
-1.7218926352613553	-0.9999996942303498	0.07674749369866926	0.17872756151718525	46988953.6	1737217.625	8.8	8.845954259536304
-1.7218926352613553	-0.9999997018027057	0.09383111474502702	0.17872756151718525	46988953.6	1217095.7	8.76	8.778867541185374
-1.7218926352613553	-0.9999997132565946	0.10496002429463083	0.17872756151718525	46988953.6	710533.35	8.754999999999999	8.784520809787214
-1.657974636562676	-0.9999997020283107	0.08437617043920063	0.19052447088752325	48494061.6	1885789.125	8.620000000000001	8.84614322997927
-2.1747054828305394	-0.9999995491864715	0.06805784331619298	0.1136416181503005	30298794.1	855212.375	8.03	8.082098357610732
-2.032242778433063	-0.9999996716293837	0.08183125441415719	0.13104129473981932	43452330.4	1572957.05	8.370000000000001	8.380042857365742
