-1.9691396504242018	-0.9999996103967901	0.07273636414089735	0.13957688949002225	36353202.3	1415967.5	8.78	8.816562423444937
-2.180169754453355	-0.9999997219260236	0.057464078673794605	0.11302234296585224	50839431.5	1379348.925	8.18	8.180027463493262
-2.180169754453355	-0.9999997178013417	0.10435424768547322	0.11302234296585224	50839431.5	1701156.325	8.16	8.174195709262472
-1.8870263191626766	-0.9999997006921758	0.06504839271187622	0.1515217167891599	47897198.1	1682860.45	8.620000000000001	8.639947166883521
-1.8870263191626766	-0.9999997010477731	0.0895068201808856	0.1515217167891599	47897198.1	1654440.475	8.635000000000002	8.6426651956084
-1.9295672696482162	-0.9999996694448893	0.07031606443060429	0.14521102210647815	43461639.3	1734910.55	8.64	8.66226817319121
-1.9295672696482162	-0.999999682338441	0.10400928122625831	0.14521102210647815	43461639.3	990624.75	8.645	8.704638112496566
-1.9295672696482162	-0.9999996941519613	0.09534418297368456	0.14521102210647815	43461639.3	592825.55	8.735	8.742265610118839
-2.129062339126635	-0.9999996771099898	0.05875485433710488	0.11894877519082829	43537808.7	1274319.3	7.91	8.01875614968331
-2.129062339126635	-0.9999996693394619	0.1011235490513271	0.11894877519082829	43537808.7	1787332.225	7.915	7.920121608545448
-1.302417934569019	-0.9999997647638039	0.06021356207167396	0.2718736250147417	61659367.333333336	1991730.7083333333	9.200000000000001	9.225443210090344
-0.9691495107456661	-0.9999997203884525	0.0547643105598899	0.3794055812941227	50859383.0	1499841.6875	9.040000000000001	9.040038550752564
-1.6695203809555936	-0.9999997404429387	0.05967048897517986	0.18833737417159568	55570668.7	1837210.45	8.9	8.957958959777528
-1.6695203809555936	-0.9999997503655795	0.08165972246807668	0.18833737417159568	55570668.7	1058486.625	8.91	8.91380859332176
-0.2372210290038766	-0.9999997467745736	0.07812306365767716	0.7888169173303514	58035495.0	2412230.875	9.03	9.123360552618756
-2.154838919440284	-0.9999997055773043	0.06874265569370688	0.11592186186744323	50148562.8	2584065.925	7.930000000000001	7.967609218111751
-2.154838919440284	-0.9999997143788415	0.10430442673826043	0.11592186186744323	50148562.8	1661929.775	8.0	8.102968450903159
-2.154838919440284	-0.999999730402663	0.1120519315462024	0.11592186186744323	50148562.8	744090.275	8.24	8.24988324108641
