-1.2718774299842164	-0.9999993750461075	0.11742684758652633	0.28030487469124526	22380442.166666668	1186767.2916666667	7.15	7.209205901657981
-1.2718774299842164	-0.9999993911636098	0.10192502473434448	0.28030487469124526	22380442.166666668	827385.8333333334	7.155	7.176309654821801
-1.1311566174884942	-0.9999993842630026	0.10997882869777358	0.3226598464963629	22609255.0	1111647.7	7.26	7.260496191665541
-1.4792144674537453	-0.9999993100470529	0.11177256255271967	0.22781657544839934	20091028.125	1047443.625	7.15	7.159187553346814
-1.9251606566645978	-0.9999993723652388	0.10536812071167649	0.14585232282615213	22192335.4	1119821.925	7.33	7.353848065524715
-1.9251606566645978	-0.9999993710305898	0.13378680418376993	0.14585232282615213	22192335.4	1153486.025	7.4	7.458479343695772
-1.9251606566645978	-0.9999994044495879	0.14073191101514945	0.14585232282615213	22192335.4	549438.8	7.53	7.5501138825848475
-2.059494266577428	-0.9999995261583153	0.10074477980384841	0.12751844392919887	29415678.7	1130729.85	7.57	7.574418365743534
-0.6788449723929707	-0.9999993711418911	0.12622931076605853	0.507202487044129	23495397.333333332	2611070.25	7.3100000000000005	7.320752762924335
-0.6788449723929707	-0.9999994057950135	0.1233228306977947	0.507202487044129	23495397.333333332	1156699.6666666667	7.29	7.345765186273425
-1.8438756022399034	-0.9999993052725714	0.10994035535736676	0.15820310413730682	19857261.8	980074.05	7.17	7.227710313625722
-1.8438756022399034	-0.9999993178728341	0.11300803079145824	0.15820310413730682	19857261.8	763124.45	7.26	7.298690316633592
-1.8862784111594104	-0.9999992788621084	0.10489176262608935	0.15163508348245938	19120134.9	973110.325	7.2700000000000005	7.323698478735154
-1.8862784111594104	-0.9999992923389515	0.12227407606483963	0.15163508348245938	19120134.9	752061.5	7.3	7.308065776711201
-1.797951865181942	-0.9999992135895344	0.09937014222537173	0.1656377895692943	17265378.3	788330.675	7.08	7.1312293938671445
-1.797951865181942	-0.9999992275577911	0.10863509189919031	0.1656377895692943	17265378.3	619399.25	7.125	7.166137891724398
-1.797951865181942	-0.9999992559361643	0.11527724371252206	0.1656377895692943	17265378.3	379473.85	7.1850000000000005	7.198434179434853
-0.9450427830635012	-0.9999993584382159	0.11455127327986235	0.3886629423547021	21740986.25	1141878.25	7.3500000000000005	7.3548921931088245
-0.9450427830635012	-0.9999993663650099	0.11326376708572618	0.3886629423547021	21740986.25	961114.25	7.32	7.323863038362009
-1.9622664022702798	-0.9999994043226299	0.1062253410353627	0.1405395405681555	23528244.3	1221074.625	7.49	7.491329751910649
-1.9622664022702798	-0.9999994071077544	0.12888598123889555	0.1405395405681555	23528244.3	1143624.0	7.5	7.51076299131564
