-1.1738747163966008	-0.9999998774526832	0.026336350516065615	0.3091666842186945	115135323.2	1341802.2	10.01	10.050400817883393
-1.8991696627998966	-0.9999998479575006	0.045723650055907616	0.14969286318619768	95849753.2	2133417.2	9.5	9.520803963719711
-1.8991696627998966	-0.9999998583272961	0.028540638734053138	0.14969286318619768	95849753.2	789608.425	9.44	9.462367158154024
-0.980459043349922	-0.9999998815984322	0.01732944852595682	0.3751388543241969	115462280.0	865371.1875	9.88	10.263277601989621
-0.980459043349922	-0.9999998754250661	0.05064647083008453	0.3751388543241969	115462280.0	1765077.8125	10.225000000000001	10.364720777773824
-1.6829243588121294	-0.999999878958235	0.030744580019343274	0.18582974780738812	118490599.7	1693504.725	8.92	9.073212047532827
-1.8012327613983463	-0.9999998561346478	0.04018605878950843	0.16509523968381587	100981086.9	2038406.925	9.22	9.270695108458858
-1.8522226548855152	-0.9999998535840742	0.04576731956468805	0.15688807046125372	99965740.9	2272920.35	9.35	9.407259706164108
-1.9823393233714022	-0.9999998275354106	0.04004188565893344	0.13774662621014597	83288904.2	1731305.125	8.99	9.036570820407423
-1.9823393233714022	-0.9999998314108764	0.059570496346440203	0.13774662621014597	83288904.2	1253691.0	8.96	9.05161971446613
-1.320498898341927	-0.9999998848043489	0.02828321433947433	0.2670020618460304	123287906.16666667	1472143.3333333333	10.01	10.068505437248971
