-1.6476665136592012	-0.9999995883092502	0.06396840916021199	0.1924985777373103	33367900.777777776	924728.0833333334	11.49	11.514155644456595
-1.9849581976404345	-0.9999996215509216	0.0621942998568068	0.13738635707081662	36694201.4	1073984.125	11.25	11.25084313804309
-1.9410429469908683	-0.9999996387137071	0.05901005054473029	0.14355415230469656	38336295.7	1035481.6	11.02	11.270459242225632
-1.9410429469908683	-0.9999996467649696	0.06672787559825591	0.14355415230469656	38336295.7	760492.3	11.280000000000001	11.302583257966338
-0.25242996870292306	-0.9999995780906251	0.12538062617566556	0.7769106189925853	35489481.5	3183031.625	11.97	11.983299343582571
-0.25242996870292306	-0.9999996114194913	0.09195862903491556	0.7769106189925853	35489481.5	975318.875	12.01	12.040439721268303
-2.062640540325254	-0.9999996235928548	0.06165356151265944	0.1271178664902851	36792281.4	1033928.975	11.14	11.163149951755328
-2.097311776890693	-0.999999627425678	0.06979361987176774	0.12278606131839784	37395732.5	1124319.8	11.0	11.059831223887716
-2.097311776890693	-0.999999623210735	0.07696680346325892	0.12278606131839784	37395732.5	1316266.4	11.035	11.061918410232767
-1.8425661770592603	-0.9999996070652578	0.05290813790810135	0.15841039495180798	36198068.8	1503758.45	10.91	10.922726633797696
-1.8425661770592603	-0.9999996157213827	0.07052203612966078	0.15841039495180798	36198068.8	1099254.65	11.0	11.0057935717727
