-1.3374991327760868	-0.9999995602216643	0.0579159218853856	0.2625013293491386	30993908.166666668	831052.4166666666	11.38	11.397881260385118
-1.5550502610723336	-0.9999996344387356	0.08158792681273551	0.2111787683028804	38926541.5	1513650.84375	11.58	11.76082353190735
-1.4559802280394938	-0.9999995928376868	0.06978475070172914	0.23317169041441918	34237436.0	1132788.392857143	11.32	11.478808408564726
-1.4559802280394938	-0.9999996008537336	0.08968798601034343	0.23317169041441918	34237436.0	860908.5714285715	11.545000000000002	11.56192751113218
-1.7807670723996585	-0.9999996670441164	0.08243772744877059	0.16850883920096146	43047209.4	1677509.9	12.05	12.11018437984691
-1.7807670723996585	-0.9999996738831148	0.08790753072834634	0.16850883920096146	43047209.4	1249708.7	12.095	12.110372591823161
-1.7807670723996585	-0.9999996942309184	0.11543257737574183	0.16850883920096146	43047209.4	520478.45	12.05	12.09031180823307
-1.892892398669966	-0.9999996963431851	0.09555746644454041	0.15063548025971316	47695340.0	1949365.55	11.81	12.073729566941386
-1.892892398669966	-0.9999996988578164	0.09637259913532319	0.15063548025971316	47695340.0	1729042.35	12.25	12.395724248949877
-0.9949286454334016	-0.9999995775863143	0.059557449494349365	0.3697498269414468	32519290.5	924115.4375	11.23	11.256052725920656
-0.9949286454334016	-0.9999995815976148	0.0933191240677048	0.3697498269414468	32519290.5	811100.6875	11.254999999999999	11.278469833322252
-0.9949286454334016	-0.9999995901786402	0.13588392871428595	0.3697498269414468	32519290.5	613599.8125	11.3	11.349789754214536
