-2.1688526173734313	-0.9999996966304585	0.06828370763828634	0.11430869751024374	46769129.3	1451820.175	11.1	11.161316996529376
-0.9850303234584898	-0.9999998025370902	0.026458970058550822	0.37342790313945357	69144760.5	850453.0	10.17	10.271534259913782
-1.6206256061119522	-0.9999997462241365	0.05526819006211323	0.19777493116693987	56073668.55555555	1513814.2222222222	10.27	10.429274982003115
-1.75874217685115	-0.9999997087711423	0.08365768430862115	0.1722614019902185	50183090.7	2223879.45	10.83	10.879842973687866
-1.43997623384683	-0.9999997557978132	0.03311348985926385	0.2369333896104373	55871457.14285714	842333.1071428572	9.98	10.049423018395215
-1.9617366433361623	-0.9999996739884803	0.08587699070609126	0.1406140123696777	44583217.1	2052649.325	10.51	10.531577191042862
-2.0396403052498635	-0.9999996885786553	0.0921644677124044	0.13007548993568224	46957784.6	2243742.925	10.33	10.480442616860163
-1.5371464084176796	-0.9999997527998924	0.049613297571522524	0.21499373121530257	57055705.375	1334644.8125	10.200000000000001	10.343526810722434
-1.6933215309600647	-0.999999750205063	0.06924045729468313	0.1839076534173822	58087001.8	2002362.825	10.41	10.64061296742567
-1.6933215309600647	-0.9999997606486407	0.07623332065723953	0.1839076534173822	58087001.8	1091651.15	10.780000000000001	10.799256213571276
-1.6933215309600647	-0.9999997669126582	0.09288716036336446	0.1839076534173822	58087001.8	758686.1944444445	10.774999999999999	10.782313393661953
-2.1073032190204573	-0.9999997065242358	0.08650423738049672	0.12156535993111882	49410467.2	1984294.75	10.53	10.725593122666833
-2.1073032190204573	-0.9999997136031278	0.09030150575324705	0.12156535993111882	49410467.2	1398628.325	10.950000000000001	11.068276522650669
-2.1073032190204573	-0.9999997391200437	0.06937469867904253	0.12156535993111882	49410467.2	396407.5	11.085	11.095218713101762
-1.917957533481182	-0.9999996960902008	0.07870382630685882	0.14690670794812205	47696403.5	1973667.225	10.43	10.547131822018779
