-1.8703098980114718	-0.9999984926199712	0.06276635124767249	0.15407590659881965	7877848.9	143616.975	5.0	5.041830884607765
-1.4312642163254377	-0.9999973417311113	0.1263493723453029	0.2390065751537633	4439353.375	133384.0	5.37	5.38360829928961
-1.4312642163254377	-0.9999973598137896	0.14132551906745455	0.2390065751537633	4439353.375	123094.96875	5.395	5.403740414279418
-1.4312642163254377	-0.9999974059159998	0.07179062365252802	0.2390065751537633	4439353.375	100312.5	5.425	5.438371390374741
-0.2086345572825199	-0.9999979470254521	0.17893519508474817	0.8116918083101354	6056276.5	251042.5	5.33	5.372826058671045
-0.2086345572825199	-0.9999979967765904	0.09629223036464639	0.8116918083101354	6056276.5	185733.75	5.375	5.396887642706375
-0.2086345572825199	-0.9999979833810148	0.0789129344657912	0.8116918083101354	6056276.5	201430.0	5.385	5.412169286878678
-1.510111831068022	-0.9999973218510971	0.11348727264699297	0.2208852747419257	4718709.555555556	307860.97222222225	5.45	5.47904310702626
-1.510111831068022	-0.9999975227100071	0.07781160605725333	0.2208852747419257	4718709.555555556	119324.69444444444	5.455	5.513507028932662
-1.695557605431018	-0.9999979245120496	0.08409645947148532	0.18349688163786337	5776124.8	160857.025	5.4	5.458485729763096
-1.905372036394645	-0.9999983747973632	0.05972323979739012	0.1487672854808119	7569950.1	220289.6	5.03	5.035236156455916
-1.905372036394645	-0.9999985767563316	0.0336354631347316	0.1487672854808119	7569950.1	47756.125	5.0600000000000005	5.072388486852644
-1.905372036394645	-0.9999984765044623	0.041169948166661786	0.1487672854808119	7569950.1	102004.825	5.07	5.116255384971232
