-1.9639228825055997	-0.9999989582257605	0.0702447931694918	0.1403069323056066	11821521.7	223094.85	6.16	6.237189179388899
-2.0249406385479207	-0.9999988455608316	0.10243146278824024	0.13200167876659072	12157315.4	1245291.6	6.355	6.41058638342837
-0.9163643548546841	-0.9999993749698276	0.11824493634681914	0.39997055189183045	22253186.25	1097902.3125	6.08	6.2462413993381665
-1.5977719079305892	-0.9999991713824182	0.10577500473448145	0.2023468635446074	16145637.8	646001.95	6.11	6.119954001349767
-1.5977719079305892	-0.9999992129481914	0.09987908147108777	0.2023468635446074	16145637.8	330198.875	6.1000000000000005	6.106202934226958
-1.5977719079305892	-0.999999228006459	0.09071028867289807	0.2023468635446074	16145637.8	258932.9	6.105	6.113047634189679
-1.5977719079305892	-0.9999991961404802	0.1094068328565768	0.2023468635446074	16145637.8	433142.625	6.13	6.137289200672882
-1.6593304194220793	-0.9999992125001653	0.10604618791140197	0.19026633610249635	17081043.0	694756.775	6.12	6.1860920527731516
-1.6593304194220793	-0.9999992442329005	0.10269802474954798	0.19026633610249635	17081043.0	404047.55	6.245	6.27533881640166
-1.4472741807603264	-0.9999992022405314	0.10755862965503664	0.23521055652971248	17472907.0	1131637.34375	6.19	6.200011850956928
-1.4472741807603264	-0.9999992837726658	0.0893944362317996	0.23521055652971248	17472907.0	272275.5625	6.23	6.230535672364854
-1.4472741807603264	-0.9999992522446643	0.1197166442270439	0.23521055652971248	17472907.0	472341.40625	6.23	6.233226298153364
-1.995292414837465	-0.9999989005014027	0.07322125691573636	0.13597388757072776	11183254.2	218811.9	6.140000000000001	6.242571037367878
-1.995292414837465	-0.999998901763123	0.0988811085224086	0.13597388757072776	11183254.2	215746.1	6.24	6.27653573683103
-1.995292414837465	-0.9999988847581049	0.11727441740392065	0.13597388757072776	11183254.2	260935.825	6.265000000000001	6.295999426399129
-1.1004071438963121	-0.9999993452519177	0.11296602489571854	0.33273558485372856	21004614.6	939149.6	6.15	6.160180254321787
-1.1004071438963121	-0.999999381190447	0.09585479453375413	0.33273558485372856	21004614.6	441464.95	6.18	6.187745858037369
-1.1004071438963121	-0.9999994074778689	0.06878491123051271	0.33273558485372856	21004614.6	254153.85	6.21	6.224717588061047
-1.1004071438963121	-0.9999993766152317	0.10835044698981643	0.33273558485372856	21004614.6	485995.55	6.195	6.199332494658388
-2.0809909826271102	-0.9999987860287345	0.07506522417949957	0.12480646985207695	10096497.3	210418.325	6.4	6.415583219160892
-2.0809909826271102	-0.9999988313587204	0.06668567927709608	0.12480646985207695	10096497.3	133142.6	6.47	6.5326698120963345
-2.0809909826271102	-0.9999987905419425	0.11400654125666619	0.12480646985207695	10096497.3	201045.2	6.495	6.497492353472282
-1.3534820659756308	-0.9999992456497442	0.10740390441008091	0.25833913874822484	18571765.714285713	1214223.5714285714	6.16	6.163130295677124
-1.3534820659756308	-0.9999993253000289	0.08608748289387219	0.25833913874822484	18571765.714285713	276610.64285714284	6.19	6.2006519313483555
-0.6550876497346009	-0.9999991884065657	0.1489626141746854	0.5193965356233642	16868387.666666668	882286.0	5.9	5.998933031075932
-0.6550876497346009	-0.9999992231714296	0.10891607598909445	0.5193965356233642	16868387.666666668	490825.25	6.075	6.107083172385619
-1.7143326743057654	-0.9999992220124033	0.10560708070291269	0.1800838552079335	18032329.5	1237901.15	6.19	6.244766163382793
-1.7143326743057654	-0.9999993010833188	0.09218153630574275	0.1800838552079335	18032329.5	297477.1	6.215	6.281927574084689
-1.7143326743057654	-0.9999992692258239	0.10705125063448359	0.1800838552079335	18032329.5	528373.575	6.26	6.385105457850413
-0.21051395554696006	-0.9999988163473319	0.1019188544462417	0.8101677487403912	10754920.0	337758.625	5.7	5.772780911297819
-0.21051395554696006	-0.9999988174548416	0.11397575893344225	0.8101677487403912	10754920.0	333759.375	5.82	5.820156604327296
-0.21051395554696006	-0.9999988501922831	0.1448010372137128	0.8101677487403912	10754920.0	234705.25	5.8100000000000005	5.831329568928957
-0.21051395554696006	-0.999998832407739	0.06974141940170489	0.8101677487403912	10754920.0	284178.5	5.84	5.863724496582748
