-1.3614183250227867	-0.9999987153032827	0.04254235057641154	0.25629700658452464	9026727.0	108727.20833333333	13.46	13.484527018580389
-1.3614183250227867	-0.999998654169633	0.0647440535362205	0.25629700658452464	9026727.0	188798.95833333334	13.5	13.630255909752696
-1.584068656034549	-0.999998670497229	0.058182917269846694	0.20513875892077	9555658.0	329150.625	13.55	13.579882919665735
-1.9729416083417661	-0.9999990073486804	0.04309929041908847	0.13904723153655335	11904519.9	135541.075	13.200000000000001	13.28223540456865
-1.9729416083417661	-0.9999989631593756	0.06544404259923771	0.13904723153655335	11904519.9	229368.575	13.34	13.443661882463784
-1.9729416083417661	-0.9999989390531121	0.05765564408482608	0.13904723153655335	11904519.9	305608.475	13.540000000000001	13.552166560734474
-0.7312298468199422	-0.9999983919678975	0.06549595645679161	0.4813166801511428	7395937.333333333	146224.41666666666	13.26	13.283389400278464
-0.7312298468199422	-0.9999984993324258	0.02908305526016648	0.4813166801511428	7395937.333333333	66093.66666666667	13.32	13.353354927904391
-0.7312298468199422	-0.9999983283505872	0.08049317027785066	0.4813166801511428	7395937.333333333	234078.08333333334	13.370000000000001	13.37963439005643
-1.4828894894729683	-0.99999872916319	0.055859394523009094	0.22698088105548922	9396220.42857143	153438.67857142858	13.5	13.523665487830248
-1.8122559292007887	-0.999998845793413	0.04043973363301228	0.16328536077935912	10125436.2	118995.0	13.43	13.443206908381926
-1.8122559292007887	-0.9999987884426363	0.07226278205574614	0.16328536077935912	10125436.2	212679.6	13.46	13.473300396583282
-1.8122559292007887	-0.999998878710342	0.04640251131759278	0.16328536077935912	10125436.2	85266.35	13.43	13.47168077095111
-1.9247688941020507	-0.9999989641788978	0.03452593777014802	0.14590947349991223	11155065.2	104259.925	13.05	13.056204785041224
-1.9247688941020507	-0.9999988835023851	0.05935754682968975	0.14590947349991223	11155065.2	256427.125	13.040000000000001	13.04108194146408
-1.9247688941020507	-0.999998879666142	0.055175963661872544	0.14590947349991223	11155065.2	267638.775	13.075	13.121790967497628
-0.25781319737082775	-0.9999983818490952	0.049364690490654985	0.7727395684083521	7236357.0	121723.75	13.31	13.366200242882202
-1.0127174021198257	-0.9999984720417595	0.0548732889867169	0.3632305936735314	7700038.0	128711.5	13.39	13.419377339381846
-1.0127174021198257	-0.9999984876517648	0.04525949646741633	0.3632305936735314	7700038.0	114134.1875	13.45	13.49168582800887
