-1.6036669106131123	-0.9999975067299665	0.12007106192429523	0.20115753722632365	4959899.9	234770.925	4.22	4.270901250957916
-1.6036669106131123	-0.9999977257526315	0.12087338053429494	0.20115753722632365	4959899.9	79223.375	4.295	4.3074003446295235
-1.6036669106131123	-0.9999975950838857	0.1249457838967986	0.20115753722632365	4959899.9	151469.05	4.3100000000000005	4.314078527443268
-1.4757444411156504	-0.9999973289881116	0.12152354819529645	0.2286084781324317	4613125.0	224517.125	4.1	4.111065393299396
-1.4757444411156504	-0.9999975753080562	0.1156689543932576	0.2286084781324317	4613125.0	72070.0	4.135	4.135692611136398
-1.4757444411156504	-0.9999972574190225	0.12888618844270675	0.2286084781324317	4613125.0	312345.6388888889	4.14	4.146323199288708
-1.1983209425799781	-0.9999977243278652	0.12572136001947906	0.3017003590947599	5533174.833333333	294103.9	4.15	4.15798924147513
-1.1983209425799781	-0.9999979650254012	0.10820602229302026	0.3017003590947599	5533174.833333333	77641.5	4.205	4.209928589325983
-0.8847097274529607	-0.9999978409994543	0.12383811774225315	0.4128339902622758	5899864.0	340376.1666666667	4.12	4.183647141852032
-0.8847097274529607	-0.9999981162292075	0.08395963581310188	0.4128339902622758	5899864.0	67102.5	4.155	4.161420285787787
-0.1958586868426137	-0.9999981245044721	0.1064312151205789	0.8221284040304148	6489143.0	192982.25	4.0200000000000005	4.04672039168446
-0.1958586868426137	-0.9999979710679513	0.13818016677140751	0.8221284040304148	6489143.0	522316.125	4.04	4.0605248465728465
-0.1958586868426137	-0.9999981700001505	0.14473482697871573	0.8221284040304148	6489143.0	143648.375	4.035	4.043406362689599
-0.1958586868426137	-0.9999980032742312	0.15488665411785515	0.8221284040304148	6489143.0	423808.375	4.035	4.075964579607679
-1.657154837616238	-0.9999973799951088	0.1223444894507213	0.1906807266884467	4754386.3	256917.8	4.28	4.3301753209580855
-1.657154837616238	-0.9999976012857522	0.13350685905911433	0.1906807266884467	4754386.3	89715.875	4.36	4.377543959160522
-1.657154837616238	-0.9999973346817054	0.13646166442001195	0.1906807266884467	4754386.3	318682.2	4.4	4.402090612292737
-1.9911041736406212	-0.9999973535471336	0.07302394448959486	0.13654457325878408	4570485.1	179076.4	4.14	4.148085082791248
-2.042419698042029	-0.9999969758352185	0.08002976628263832	0.12971446100952824	3917180.7	139552.025	4.07	4.080075188733293
-2.042419698042029	-0.9999974917467079	0.031677718070754216	0.12971446100952824	3917180.7	18494.475	4.085	4.0858448346263785
-2.042419698042029	-0.9999970951492385	0.08189392636844098	0.12971446100952824	3917180.7	87449.25	4.08	4.083152100271002
-1.8329179997004543	-0.9999972599011077	0.11135397700298687	0.15994616330715644	4474447.4	211171.025	4.29	4.322378978336453
-1.8329179997004543	-0.9999975338285183	0.10112176493953391	0.15994616330715644	4474447.4	61990.625	4.315	4.317702302256667
-1.8329179997004543	-0.9999973025638174	0.13750775616302172	0.15994616330715644	4474447.4	174473.925	4.34	4.355121373032429
-1.8329179997004543	-0.9999973163855554	0.15544924759313114	0.15994616330715644	4474447.4	164010.475	4.36	4.3754502170318315
-1.794220433382056	-0.9999973528717568	0.12387156973398111	0.16625701025595596	4672212.8	235141.375	4.46	4.489617670434422
-0.6303140460351404	-0.9999975246941595	0.1304529331031762	0.5324245689241034	5325672.0	531078.5	4.105	4.1103993865570745
-0.6303140460351404	-0.9999978157917465	0.14397549106872876	0.5324245689241034	5325672.0	112686.83333333333	4.105	4.112925176626131
-0.6303140460351404	-0.9999975615057067	0.16091250406090896	0.5324245689241034	5325672.0	436532.6666666667	4.12	4.121987040874695
-1.7065530024768727	-0.9999975068306998	0.12995621986902578	0.18149031229681867	5032295.1	281070.3	4.41	4.459867472614986
-1.7065530024768727	-0.9999977575156164	0.13219305813066218	0.18149031229681867	5032295.1	79604.875	4.47	4.47334232290543
-1.3985245280278984	-0.9999974216460351	0.1205771756851419	0.24696107940533116	4808485.25	242309.92857142858	4.09	4.11509750127257
-1.751799709739337	-0.9999972387721028	0.13077127447086234	0.17346148204622786	4837564.5	632614.475	4.43	4.444326294321861
-1.543282104716724	-0.9999974868098943	0.11997854545370158	0.21367863361985379	4912033.4	229778.11111111112	4.13	4.163150694300822
-1.543282104716724	-0.9999977097176104	0.11306942561646151	0.21367863361985379	4912033.4	76874.58333333333	4.16	4.177411508032703
-1.543282104716724	-0.9999975701151269	0.13480575833411948	0.21367863361985379	4912033.4	152614.3	4.195	4.2398061735777475
