-1.4351183095363875	-0.9999984586431863	0.07958492703917001	0.23808719436276582	8041033.375	241372.6875	5.71	5.7304068518130205
-1.4351183095363875	-0.9999984348931324	0.1268458801591626	0.23808719436276582	8041033.375	292164.75	5.8	5.881983276797314
-1.4351183095363875	-0.9999984259627341	0.11479820805116239	0.23808719436276582	8041033.375	313916.71875	5.91	5.93692469593455
-1.7532454127583506	-0.9999980777842059	0.06003888356810543	0.17321088944283874	5780687.2	66950.8	5.88	5.882199106926512
-1.7532454127583506	-0.9999979910499364	0.11660149348039582	0.17321088944283874	5780687.2	110536.7	5.865	5.906389934876124
-1.7532454127583506	-0.9999978850643365	0.11964410052104868	0.17321088944283874	5780687.2	203979.875	5.895	5.989999067641
-1.0942744081442404	-0.9999984394295011	0.07165284288510525	0.3347824342489406	7967331.6	251093.0	5.44	5.457827827319882
-1.0942744081442404	-0.9999984561413873	0.12219963881121498	0.3347824342489406	7967331.6	219790.25	5.5	5.53783906757906
-1.0942744081442404	-0.9999984235394972	0.10582719452758707	0.3347824342489406	7967331.6	284981.65	5.535	5.550537485086631
-2.041229502082237	-0.9999979874747384	0.031267103925598644	0.12986893854798373	5157967.8	32225.375	5.82	5.874506068382082
-2.041229502082237	-0.9999978012755522	0.09253473529193582	0.12986893854798373	5157967.8	84198.975	5.875	5.879752328636255
-2.041229502082237	-0.9999976458248461	0.12322866396664398	0.12986893854798373	5157967.8	187728.925	5.88	5.9531099887501675
-2.041229502082237	-0.9999976652938193	0.09854346990472733	0.12986893854798373	5157967.8	169792.675	5.975	5.983328512511328
-2.0680767311486203	-0.999998155880839	0.05118431177624561	0.12642870441644097	5965433.4	59931.25	6.0	6.050502379410658
-1.7990997899538153	-0.9999980777720303	0.06941855400039636	0.1654477589387909	5796370.3	69004.75	5.98	5.999931193024178
-1.7990997899538153	-0.9999980007674092	0.12134845743135822	0.1654477589387909	5796370.3	107826.975	6.01	6.019898771346882
-1.7990997899538153	-0.9999978625549786	0.12886611486198357	0.1654477589387909	5796370.3	240246.0	6.02	6.085766141553736
-1.8807048421299883	-0.9999979489416813	0.08201383752050258	0.1524825917163908	5836067.6	157961.825	5.93	5.931030338730029
-1.8807048421299883	-0.9999978745700058	0.12742674706764578	0.1524825917163908	5836067.6	243811.1	5.995	6.0715439427888915
-1.8807048421299883	-0.9999978880801584	0.11184775781818475	0.1524825917163908	5836067.6	225325.775	6.075	6.116479585059538
-1.3432110317968362	-0.9999982194690932	0.08575827350535503	0.26100622227830933	7398706.571428572	526298.5	5.57	5.653645282859177
-1.3432110317968362	-0.9999983176607186	0.12312377248231891	0.26100622227830933	7398706.571428572	254519.0	5.535	5.690142994568152
-0.21082509306014863	-0.99999854221905	0.07260094576139907	0.809915714372489	8418543.0	213712.5	5.5200000000000005	5.602505822160391
-1.6478200754074541	-0.9999980011432988	0.10228179659929496	0.1924690195887353	6724464.4	687790.3	5.86	5.862522964159382
-1.9835704683623296	-0.9999972660802743	0.08522561246739961	0.13757714449096223	4720304.3	402290.825	5.8	5.801442367147532
