-1.5904742540899297	-0.9999991144747864	0.0703981569287226	0.20382892210834458	15490259.375	906198.9375	14.6	14.619088554199967
-1.5904742540899297	-0.9999991776745939	0.10630253566920343	0.20382892210834458	15490259.375	340452.5	14.645	14.671398372293948
-1.5904742540899297	-0.9999992016650723	0.05887735476975059	0.20382892210834458	15490259.375	234781.5625	14.735	14.759876803501802
-1.3662650134623537	-0.9999988516647738	0.04345610876849106	0.255057820246412	10887670.5	269060.5833333333	14.02	14.024308382846288
-1.8214601647582456	-0.9999992793700135	0.05481980220197284	0.1617893392844224	17621844.0	327363.4	14.47	14.505437997058602
-1.8214601647582456	-0.999999273236351	0.06478801200598465	0.1617893392844224	17621844.0	364730.1	14.540000000000001	14.545248907091043
-2.2440388775809543	-0.9999989010983483	0.07396681886118531	0.10602939864868763	11886568.3	470790.0	14.5	14.544929140797684
-1.7544171663802783	-0.999999267392705	0.05151575536131775	0.17300804781918896	17190406.1	294729.575	14.35	14.388990233364336
-1.7544171663802783	-0.9999992138366909	0.0642462944690196	0.17300804781918896	17190406.1	740044.2	14.365	14.373159879588217
-2.1477937871259436	-0.9999990775899831	0.06583522772558406	0.11674143031664545	13821115.2	344115.35	14.530000000000001	14.596047794228992
-1.9853939062110928	-0.9999992773948871	0.055478352104799074	0.13732650969650304	17590895.9	331461.95	14.5	14.516542564494879
-1.214216721700989	-0.9999988726047234	0.05792920234502827	0.29694251185260023	10764268.8	186387.0	14.06	14.12972682930733
-1.015195514067745	-0.9999988945449257	0.05234525004078622	0.3623315819853742	10848085.5	161468.4375	14.030000000000001	14.059142560131914
-2.271979153854795	-0.9999989023605353	0.06084118076761823	0.10310791158970697	12130247.0	606000.55	14.19	14.27174065236347
-2.271979153854795	-0.9999990869856754	0.03168011104063686	0.10310791158970697	12130247.0	64542.15	14.13	14.218240805812766
-2.271979153854795	-0.999998958400764	0.08004226714330752	0.10310791158970697	12130247.0	307076.675	14.280000000000001	14.553344231583791
-1.487901723065867	-0.9999991146274603	0.06466612017949719	0.22584604626287366	14000739.57142857	241800.0	14.06	14.149244807782322
-1.487901723065867	-0.9999991136616905	0.06388783483410461	0.22584604626287366	14000739.57142857	245091.7142857143	14.23	14.424601420278966
-1.487901723065867	-0.9999990946289882	0.10717076309980957	0.22584604626287366	14000739.57142857	319931.0	14.515	14.612901941555307
-0.7332213336213054	-0.9999988334996227	0.07110015520380078	0.4803590981577787	11047758.0	395225.3333333333	13.57	13.574713806078305
-0.7332213336213054	-0.9999988615977599	0.11376223277079744	0.4803590981577787	11047758.0	289754.4166666667	13.65	13.760538721584425
-2.1115374822822837	-0.9999991843201557	0.052264554017854035	0.12105170842893165	15458664.7	299334.775	14.450000000000001	14.458569727815886
-2.1115374822822837	-0.9999992098698868	0.06256422009012902	0.12105170842893165	15458664.7	201662.65	14.495000000000001	14.502246964963492
-2.1115374822822837	-0.9999991590692897	0.06724407847438872	0.12105170842893165	15458664.7	442264.6	14.465	14.492075883092806
-2.2136992766644012	-0.9999989232225196	0.07861769204007481	0.10929558514904696	11695090.9	294492.0	14.51	14.583319460187575
-2.2136992766644012	-0.9999989340546745	0.09941120430107445	0.10929558514904696	11695090.9	259451.125	14.565000000000001	14.681853201262907
-1.9358360219712414	-0.9999992869555104	0.05674975904316334	0.14430357741898756	17868750.5	341536.95	14.4	14.430689091004425
-2.1817245395075275	-0.9999988463305364	0.06956271050136796	0.11284675405310172	11238005.5	427171.75	14.49	14.500231336498636
