-1.613839648219847	-0.9999989735141198	0.12589108558013123	0.19912158753094053	13270947.1	824422.65	4.445	4.445008832592187
-1.760946850410419	-0.9999991138187003	0.12937807019084235	0.17188204017011507	15269774.0	752974.65	4.49	4.531732642065671
-1.760946850410419	-0.9999991021149176	0.15169557511250975	0.17188204017011507	15269774.0	900316.075	4.5600000000000005	4.629390968613911
-1.760946850410419	-0.9999991847012174	0.12576891308019691	0.17188204017011507	15269774.0	255103.4	4.66	4.666460012247398
-1.9722320808433644	-0.9999992399477189	0.14429128117544227	0.13914592437940776	18276200.2	1078268.125	4.7	4.748471149900999
-0.6374403143740751	-0.9999990044806044	0.11210772435293982	0.5286438557638251	13967410.333333334	1093426.5833333333	4.28	4.292873461996793
-0.6374403143740751	-0.9999990460364745	0.13605270200236896	0.5286438557638251	13967410.333333334	611945.4166666666	4.3	4.349258098313022
-1.6674931610502715	-0.9999990677891705	0.1286370045346106	0.1887195627046458	14531059.9	763760.925	4.43	4.490195184706716
-1.5534615159570533	-0.9999990346521844	0.112349178125982	0.2115145442000027	13871468.4	653952.625	4.4	4.445131710788885
-0.8907339504976334	-0.9999991859020104	0.10256109477164632	0.4103544623379068	16497492.5	680493.8125	4.38	4.417314937992705
-0.8907339504976334	-0.9999991743523945	0.1399335468401575	0.4103544623379068	16497492.5	823331.3125	4.425	4.476762785822951
-1.8775801856054437	-0.9999991818487617	0.13854853676233844	0.15295979259763884	16777422.2	914806.325	4.73	4.743501565491336
-1.8775801856054437	-0.9999991841906711	0.15278427798099292	0.15295979259763884	16777422.2	879559.425	4.735	4.737887443555127
-2.027028772350684	-0.9999991760621294	0.14111444950756433	0.13172632918257432	16753428.8	988341.375	4.73	4.755162247141112
-1.205794767194753	-0.9999991616785836	0.11433797707407393	0.29945390876939215	16125414.166666666	742871.75	4.47	4.487644455683399
-1.205794767194753	-0.9999991555830645	0.13297115167100593	0.29945390876939215	16125414.166666666	819599.9166666666	4.51	4.516183532710798
-1.8411449145162841	-0.9999991667824016	0.13785135767926449	0.15863569778188188	16486157.2	924081.2	4.66	4.713420085646963
-1.9111906338604001	-0.99999921071878	0.13510943891289762	0.14790418199152042	17393806.6	916762.575	4.64	4.648412429145878
