-1.723745324302435	-0.9999990480373973	0.10516758258910242	0.1783967414705881	14119735.9	687941.5	4.46	4.463240928756224
-1.7680080687975677	-0.999999137862326	0.10716229001078736	0.1706726185678967	15642531.5	719286.0	4.42	4.4278325397711695
-1.974350153214406	-0.9999992403297999	0.12227632443678718	0.13885151514153857	18068505.0	914473.45	4.34	4.392449757857724
-1.974350153214406	-0.9999992575627009	0.10603115396726807	0.13885151514153857	18068505.0	669797.4	4.484999999999999	4.505820016697835
-1.974350153214406	-0.9999993109204867	0.10049786428359037	0.13885151514153857	18068505.0	255411.875	4.495	4.496641650643072
-1.5606816707746436	-0.9999987399703137	0.0999843927869364	0.20999287639373124	10805452.5	818468.1	4.51	4.510040882356889
-1.5606816707746436	-0.9999988122707335	0.09693300991088283	0.20999287639373124	10805452.5	374725.675	4.525	4.533715542207444
-1.4156760884209585	-0.9999988427414881	0.09102067342673138	0.24276142976193427	11175322.125	413632.9375	4.61	4.616399221858713
-1.6205611927062709	-0.9999988656869256	0.11021821214804961	0.19778767093411614	11727059.2	598483.9	4.49	4.546585042184439
-0.8991641064367747	-0.9999986289050382	0.09000559674231949	0.4069096507805434	9393374.25	392073.875	4.68	4.696514591167604
-1.0782485996578417	-0.9999987045843581	0.08295624039230826	0.3401908145071418	9861089.4	352994.1	4.69	4.69814487861872
-2.0284338512904734	-0.9999991458334945	0.12288956079524477	0.13154137326088827	16658402.5	1512158.7	4.45	4.450495213911297
-1.4933016534822463	-0.9999988462878047	0.09312080373154702	0.2246297801598508	11273517.777777778	445250.6666666667	4.51	4.528414103447243
-1.4933016534822463	-0.9999988586053401	0.09479109701953418	0.2246297801598508	11273517.777777778	387522.97222222225	4.495	4.497244360148086
-1.4933016534822463	-0.9999989097027644	0.1526572377167755	0.2246297801598508	11273517.777777778	217832.27777777778	4.5	4.5050300230946885
-1.8088346702352576	-0.9999991381360431	0.11346925552314749	0.16384495900324392	15775386.8	803101.225	4.42	4.434385668195356
-1.8088346702352576	-0.9999991878869171	0.06980705233170663	0.16384495900324392	15775386.8	366368.625	4.4350000000000005	4.436640052096605
-1.8088346702352576	-0.999999214929398	0.09975342600838462	0.16384495900324392	15775386.8	239136.125	4.43	4.430499834765367
