-1.810224987132491	-0.9999980387328115	0.12479165971573915	0.16361732086945546	6507937.4	349340.1	3.14	3.141673760873875
-1.1848614929578476	-0.9999985572587953	0.12090525428654224	0.30578853043056703	8935893.666666666	397193.75	3.3200000000000003	3.333639880624156
-0.6227325731390079	-0.9999985051609108	0.11398968848790639	0.5364764716498158	9279725.333333334	1057793.0	3.36	3.360057236188689
-0.8738272109989088	-0.9999985965672331	0.12718962096633715	0.417351197665372	9161210.25	383517.3125	3.35	3.363270185764208
-0.19057702462884787	-0.9999984396068026	0.12282686413886909	0.826482095800641	8326011.5	438822.125	3.36	3.36810062334755
-1.9656927965339066	-0.9999972398253509	0.12528036576506935	0.14005882073069803	4494454.1	244134.4	3.09	3.0923633610292147
-1.9381884305260184	-0.9999974249306738	0.1222963247279878	0.14396451541152486	4832535.4	253751.25	3.13	3.1304931157081968
-1.6396535838685018	-0.9999984341657407	0.11672352948892885	0.19404725174727794	8200571.8	377276.5	3.13	3.149737829402364
-1.845234078881579	-0.9999978776910419	0.1283857221578523	0.15798833482826952	5978511.0	323917.575	3.13	3.153034418061528
-1.0506538634162517	-0.9999986554392115	0.12059455677009476	0.34970901240847657	9600836.0	403892.95	3.37	3.371827680587522
