-1.9996727666482261	-0.9999987031271731	0.12479037130281434	0.13537957670171374	10152258.8	522398.85	4.36	4.367055144023143
-1.5554580185584044	-0.9999990286283846	0.13887367624294986	0.21109267613276197	14051801.4	847054.1	4.48	4.4801440891317155
-1.4092916516766736	-0.99999904734217	0.1406252546306025	0.24431628290351803	14393520.875	901756.0	4.48	4.496107790226426
-1.4092916516766736	-0.9999990690436975	0.12675284263068495	0.24431628290351803	14393520.875	659829.96875	4.495	4.498553718585022
-1.4092916516766736	-0.999999144652069	0.12729407828350722	0.24431628290351803	14393520.875	222229.03125	4.495	4.502715626297472
-1.878552499431147	-0.9999988577861677	0.12892807231233422	0.15281113995673964	11698730.7	635679.925	4.42	4.421672392376072
-1.878552499431147	-0.9999988843509594	0.13271104106514234	0.15281113995673964	11698730.7	465876.35	4.405	4.408561247089817
-1.2092410820757111	-0.9999990767288992	0.13418435465976178	0.29842367258626695	14819412.5	875310.6666666666	4.47	4.489338666902684
-1.2092410820757111	-0.9999990873810666	0.13633592662108654	0.29842367258626695	14819412.5	747489.1666666666	4.485	4.498745482313083
-2.02582587424404	-0.9999986949953362	0.12650683412904046	0.13188487787438602	10089117.2	522480.575	4.36	4.382425884747625
-2.02582587424404	-0.9999986624421802	0.14297829114837685	0.13188487787438602	10089117.2	725616.0	4.37	4.371076256108334
-1.31845682481244	-0.9999990598331451	0.13607961760164494	0.26754785677586745	14538877.57142857	863690.3928571428	4.48	4.480522121760666
-1.66981699279681	-0.9999989552397629	0.13632902828414203	0.1882815193602815	13830651.1	1885519.225	4.47	4.471465616823143
-0.2019288723384486	-0.9999987955358972	0.1329314603386626	0.8171530480606762	11847337.5	1574883.875	4.49	4.4903050346367905
-1.7187486015504518	-0.9999989109923811	0.1373154666001576	0.17929037127848205	13234887.3	1817354.725	4.48	4.480522576971817
