-1.5139699481184536	-0.9999986459160947	0.14334257890257174	0.22003471533118957	9732518.777777778	528947.8611111111	5.39	5.39668083768693
-1.2317993939746865	-0.9999986777263653	0.14279733246644172	0.2917671010892244	10203645.5	723611.5833333334	5.44	5.443047488567312
-1.831748988926172	-0.9999988434368385	0.12414878062112254	0.16013325142807608	11403214.2	534205.35	5.08	5.1143488740224194
-1.831748988926172	-0.999998876775278	0.09074830706722942	0.16013325142807608	11403214.2	365261.7	5.13	5.132866912954539
-1.831748988926172	-0.9999989048194935	0.12795452188655312	0.16013325142807608	11403214.2	265288.75	5.13	5.139666767784013
-1.938209644792205	-0.9999988376329922	0.10851714641249838	0.14396146134236856	12121512.3	1315391.925	5.12	5.131965649447233
-1.6976604718304016	-0.9999988581642258	0.13236244813103898	0.18311141764276218	11588993.3	558341.1	5.04	5.048561742133538
-1.6976604718304016	-0.9999988738464635	0.105962193170132	0.18311141764276218	11588993.3	465554.125	5.075	5.084190386640029
-1.8697505939649712	-0.9999988634122656	0.12172655033709881	0.15416210598043295	11638671.3	555914.2	5.14	5.185706084669778
-1.9690158571914098	-0.9999990299566393	0.11702299467052368	0.13959416923393086	13874689.7	700149.525	5.17	5.277071946725505
-1.9690158571914098	-0.9999990794180668	0.08415817159419667	0.13959416923393086	13874689.7	352492.925	5.3	5.308243026183798
-1.9690158571914098	-0.9999990844795928	0.124083016804522	0.13959416923393086	13874689.7	328587.525	5.3100000000000005	5.310259425667735
-0.21005468506169717	-0.9999985662164956	0.1618780460160943	0.8105399203326716	9327387.5	642712.5	5.44	5.469973793282902
