-1.6693990146028026	-0.9999993924937678	0.127383689993823	0.18836023337893437	23373944.0	1468593.9	4.58	4.629706744868035
-1.91273888712275	-0.9999992119514707	0.10803738682031871	0.1476753660374682	18019836.1	1469605.65	4.5200000000000005	4.522034343873664
-1.91273888712275	-0.9999992663907904	0.10607050977345213	0.1476753660374682	18019836.1	551014.225	4.535	4.547647848371584
-1.6151654896332999	-0.9999993749742153	0.12650315366048037	0.19885775882004272	22607581.8	1369999.35	4.5	4.542717248722419
-1.0726988882986974	-0.999999087158245	0.1372802366410015	0.3420840238582854	15117615.2	984598.65	4.46	4.461111418890572
-1.0726988882986974	-0.9999991187652211	0.12369580084631919	0.3420840238582854	15117615.2	610581.25	4.445	4.45103727478299
-1.0726988882986974	-0.9999991775577292	0.14827730591620653	0.3420840238582854	15117615.2	251038.55	4.445	4.445541122913506
-1.3172150114413388	-0.9999991479853628	0.14339652183246995	0.26788030766007515	17280133.714285713	2477911.0714285714	4.47	4.472430672078991
-0.8945188193805427	-0.9999991005969737	0.13634683531095065	0.4088042600093024	15363919.5	1002848.1875	4.44	4.465836487807304
-1.4075987453324026	-0.9999993490108101	0.1488605191083446	0.24473023778341144	21883565.375	1537954.5	4.49	4.570400880309699
-1.4075987453324026	-0.9999993650675795	0.15038996987761738	0.24473023778341144	21883565.375	1082284.03125	4.58	4.629241907683622
-1.8436956910877216	-0.9999993915946072	0.1245372202316003	0.15823156920056536	23219657.0	1365407.95	4.5600000000000005	4.5696177563474025
-1.8436956910877216	-0.9999994096852624	0.1285880267326864	0.15823156920056536	23219657.0	897083.85	4.555	4.559657008037004
-1.8436956910877216	-0.9999994440243767	0.12648836498647228	0.15823156920056536	23219657.0	404157.85	4.565	4.566191564097438
-2.027604051305273	-0.9999991032644427	0.1209043022318613	0.13165057159059373	15046537.5	724157.225	4.5200000000000005	4.534565301154241
-2.0526873499875786	-0.9999990555494782	0.11872909367354123	0.12838941228219836	14242020.0	694454.4	4.5	4.506133821040285
-2.001155626116072	-0.9999991412906096	0.122140989693287	0.13517897658229958	15861628.8	822849.325	4.49	4.532335442517874
-1.2080294895741124	-0.9999991365277813	0.13893552917270044	0.29878545959522834	16059884.0	1053114.7083333333	4.45	4.469403662571035
-1.2080294895741124	-0.9999991583983044	0.1412062583247188	0.29878545959522834	16059884.0	741198.875	4.45	4.455951888795676
-1.973477965565739	-0.9999991377506887	0.12428833052363004	0.13897267254635923	15795213.9	821930.475	4.45	4.468921524478006
-1.973477965565739	-0.9999991650415565	0.11198374903000337	0.13897267254635923	15795213.9	534103.725	4.47	4.489924638781209
-1.7187553130387256	-0.9999993726348863	0.1353166559053939	0.17928916797729555	23891845.6	3232964.65	4.62	4.622903116137088
