-1.486051011775532	-0.9999991420250005	0.1521863282261111	0.22626440910557574	16452516.888888888	1350313.611111111	4.41	4.441023016868249
-1.5539763217712497	-0.9999991102935315	0.14970839964969634	0.21140568330637627	15812305.1	1287624.175	4.4	4.432156798191983
-1.316971031236684	-0.9999992246391589	0.15455501449267853	0.26794567312597656	18425960.285714287	1602006.4642857143	4.48	4.484327018415998
-1.2069206270676702	-0.9999992307787406	0.15534822340557497	0.29911695534648186	18655345.333333332	1706726.2916666667	4.47	4.486412573389065
-1.6140540666325136	-0.9999990945587829	0.14771608619410712	0.19907889677322035	15511231.6	1257338.35	4.42	4.421466916804964
-1.6140540666325136	-0.9999991580548406	0.11553569168097685	0.19907889677322035	15511231.6	469584.825	4.42	4.430148903528562
-1.6140540666325136	-0.9999991905373985	0.14715492030742733	0.19907889677322035	15511231.6	283724.325	4.4350000000000005	4.4362772973785045
-1.8031658265318462	-0.9999987402418207	0.1477199974586918	0.16477640809267502	10707146.4	721014.025	4.45	4.451732156038746
-0.20059714276591642	-0.9999987255416388	0.15704600116858297	0.8182419998737914	10594670.5	731216.625	4.39	4.405561671474842
-0.6359225639308022	-0.9999993000345117	0.15838605261635977	0.5294468144015193	20718627.333333332	1987371.75	4.42	4.495673954542332
-1.9102854865083447	-0.9999986820499447	0.1376607262369273	0.14803811767682903	10143710.1	639794.125	4.3500000000000005	4.361368702816108
-1.7171387488349372	-0.9999988815580582	0.14258490031726867	0.17957923482104401	12197480.2	840853.1	4.46	4.462688010797031
-1.761935737059328	-0.9999986846417626	0.1315587474259865	0.17171215232915688	10768008.8	1416625.75	4.45	4.450228915059799
