-0.7380232903979931	-0.999995451957381	0.16112756228985878	0.4780579639264735	2577293.6666666665	123208.5	14.31	14.415338691176318
-0.7380232903979931	-0.9999953132742955	0.3148225487141328	0.4780579639264735	2577293.6666666665	176145.0	14.450000000000001	14.512115511460076
-1.4963986880833307	-0.9999959864724252	0.196019134663375	0.2239351701291145	3279813.8571428573	521060.5	14.61	14.615693395388853
-1.4963986880833307	-0.9999963468973115	0.2573177695798164	0.2239351701291145	3279813.8571428573	159770.0	14.635000000000002	14.645392679485795
-1.7621404065987816	-0.9999970224370661	0.15192899964810858	0.17167701167825422	4078850.7	188156.5	14.85	14.960171253290852
-1.3736973737041531	-0.9999960286164555	0.2929092412341067	0.25316916591761857	3171314.6666666665	294933.0	14.5	14.583818179972154
-1.9928866775777927	-0.9999978858514282	0.10428661181227683	0.13630139881344094	5833227.1	226909.0	15.1	15.324464887803744
-1.598000961205093	-0.999997273459474	0.02997135768894161	0.2023005206406266	3817595.25	33150.0	14.6	14.665553300116873
-1.598000961205093	-0.9999966343424376	0.4736088828752032	0.2023005206406266	3817595.25	380300.0	14.700000000000001	14.802738954626161
-1.598000961205093	-0.9999964880087536	0.7526866413187555	0.2023005206406266	3817595.25	664878.5	14.905000000000001	15.018496253287678
-1.9433210494404698	-0.9999977256524044	0.04510521483463118	0.14322749346110986	5380709.1	206405.5	15.0	15.041210925775639
-1.9433210494404698	-0.9999975451237599	0.23275325112965703	0.14322749346110986	5380709.1	545235.5	14.975000000000001	15.050033373848061
-1.889008908417521	-0.9999973883277329	0.32424716102982293	0.1512216090550644	5062592.4	552291.0	14.65	15.120533811167661
