-2.1573048688299448	-0.9999941181466059	0.029264361772713604	0.11563635658838481	1733182.8	26750.0	8.02	8.052410119840212
-1.6340971672336124	-0.9999899622610439	0.5406591584858101	0.19512846016531443	1259972.8	310915.0	7.73	7.858057666383314
-1.697727908616768	-0.999989677374519	0.6181002826194352	0.18309906961356975	1250089.9	402000.0	7.96	8.152254178587562
-1.697727908616768	-0.9999917627915155	0.16142089586691732	0.18309906961356975	1250089.9	29650.0	8.15	8.16220922677063
-2.1033551484355155	-0.9999938459984	0.16730547909652962	0.12204625723640762	1990784.3	209250.0	8.16	8.235783174029105
-1.9390389641207892	-0.9999931493381009	0.17902955853839417	0.14384212081245007	1751593.4	162684.5	8.21	8.239973227652515
-0.6789779881946658	-0.9999927301767041	0.07637629691305212	0.5071350255855125	1578760.3333333333	96500.0	7.485	7.494470432480141
-0.6789779881946658	-0.9999941085509568	0.02401745926719332	0.5071350255855125	1578760.3333333333	10950.0	7.485	7.496789297658863
-0.6789779881946658	-0.9999921879401115	0.45817925099172996	0.5071350255855125	1578760.3333333333	227150.0	7.49	7.503292834460859
-1.5634029980269284	-0.9999899972275054	0.17657977411443468	0.2094221939154936	1138797.3333333333	88532.0	7.38	7.497751087434632
-1.5634029980269284	-0.9999915786471836	0.08811787423162434	0.2094221939154936	1138797.3333333333	14620.0	7.65	7.660720183486238
-1.5634029980269284	-0.9999898630345583	0.3369379603702743	0.2094221939154936	1138797.3333333333	103150.0	7.65	7.69621679389313
-1.5634029980269284	-0.9999915132755834	0.06401458855215936	0.2094221939154936	1138797.3333333333	15750.0	7.69	7.7479886282871355
-1.7544844328296254	-0.9999903924713498	0.5278376602496889	0.17299641057350623	1336605.9	377557.0	8.11	8.288984796484437
-1.7544844328296254	-0.9999903220907899	0.6105491738936589	0.17299641057350623	1336605.9	414798.5	8.3	8.310407422861628
-1.38809104770879	-0.999991364364586	0.07373331426172097	0.2495512316215604	1226940.2857142857	39950.0	7.5200000000000005	7.545001423284941
-1.38809104770879	-0.999991174176956	0.2724050204596239	0.2495512316215604	1226940.2857142857	50450.0	7.575	7.583278837420527
-0.22709554598903745	-0.9999939810262685	0.2708566800228675	0.7968446433432547	1991740.5	160850.0	7.37	7.459806060606061
-2.0117362353694133	-0.9999937540156685	0.15716823367806185	0.1337562406312324	1919450.1	160950.0	8.3	8.367091501096418
-2.0747196555426064	-0.9999938522944425	0.20541246403572966	0.12559163147612526	2005764.4	226578.0	7.890000000000001	8.001537350808317
-2.0747196555426064	-0.9999942673680092	0.3285042834761159	0.12559163147612526	2005764.4	98548.0	8.035	8.053344932162808
-2.0747196555426064	-0.9999939635791273	0.45575768426314606	0.12559163147612526	2005764.4	181250.0	8.05	8.090038384768924
-2.0747196555426064	-0.9999940507962841	0.36658146241336026	0.12559163147612526	2005764.4	152161.0	8.08	8.102054491949822
-2.0447348370265015	-0.9999941458053433	0.0927098593927314	0.1294145013621106	1965374.4	99277.5	8.03	8.094361940799876
-2.0447348370265015	-0.9999946350928693	0.13295729250604352	0.1294145013621106	1965374.4	37950.0	7.99	8.001110461718293
-1.8541117040169088	-0.9999921473958603	0.4004781477075997	0.1565919809398992	1621990.7	340050.0	8.28	8.36209222197786
-1.8541117040169088	-0.9999931600160749	0.16466478828687808	0.1565919809398992	1621990.7	65800.0	8.415	8.423057507155868
-1.8541117040169088	-0.9999928463016221	0.36160337148477417	0.1565919809398992	1621990.7	109450.0	8.405000000000001	8.4097736043221
-1.8541117040169088	-0.9999924591073058	0.7694010226168638	0.1565919809398992	1621990.7	205100.0	8.485	8.506516129032258
-1.2743113267371426	-0.9999911492766242	0.18295595434550568	0.27962347113623276	1307480.3333333333	106100.0	7.55	7.587988533205925
-1.2743113267371426	-0.9999924293123129	0.0993893796204824	0.27962347113623276	1307480.3333333333	19900.0	7.6000000000000005	7.602667464114832
-1.9764666731021145	-0.9999934395926897	0.04988088091849039	0.13855794393254572	1732677.9	86427.5	8.24	8.241504296314996
-0.9453047240891964	-0.9999921938420772	0.19227154141546576	0.3885611489174528	1498582.0	120350.0	7.53	7.61360817272859
-0.9453047240891964	-0.9999937806667653	0.04087847201448573	0.3885611489174528	1498582.0	11160.0	7.5600000000000005	7.56179388448471
