-0.25385808559759543	-0.9999957386889406	0.18773409033250518	0.7758018916964823	2987397.5	337806.0	12.46	12.472150090501087
-0.25385808559759543	-0.9999958239173893	0.33695001135506086	0.7758018916964823	2987397.5	261873.0	12.450000000000001	12.542324001713641
-0.25385808559759543	-0.9999958222292549	0.2951575443778688	0.7758018916964823	2987397.5	263197.0	12.530000000000001	12.57449495155908
-1.7962100298575436	-0.9999940787905388	0.22595682373130296	0.16592655473989948	1989021.1	130275.0	12.17	12.210015072463769
-1.3514228875032555	-0.9999955639435453	0.05344844553914527	0.2588716532243151	2381550.5	38741.5	12.48	12.495601881844388
-1.3514228875032555	-0.999995129286325	0.24866309246138024	0.2588716532243151	2381550.5	109080.5	12.48	12.501652461838596
-1.9542854483061145	-0.9999937298687395	0.0731096664488864	0.14166566797964653	1805506.0	82516.0	11.700000000000001	11.70139150820895
-1.9542854483061145	-0.9999939971031265	0.14075402838349807	0.14166566797964653	1805506.0	50932.0	11.695	11.709366802681433
-1.9542854483061145	-0.9999935345491363	0.23777385652074148	0.14166566797964653	1805506.0	117407.0	11.72	11.778007062236425
-1.906954139732468	-0.9999935719880637	0.07677067248353209	0.14853210634979325	1813992.0	115885.0	11.58	11.614573363473497
-1.906954139732468	-0.9999939096722096	0.17076687527750808	0.14853210634979325	1813992.0	62805.0	11.59	11.65462223023962
-1.9979566219368972	-0.9999930310229684	0.45822904151430066	0.13561210711714394	1790431.6	262360.0	11.8	11.913335113247006
-2.1745484320463664	-0.9999931400949771	0.25477376331535584	0.11365946705710141	1799031.1	228931.5	11.8	11.825871664092839
-2.1745484320463664	-0.9999929454220878	0.7808068880901611	0.11365946705710141	1799031.1	324942.0	11.940000000000001	11.96522764559659
-1.0053580312050563	-0.9999952324627627	0.134119700536632	0.3659136028604741	2641157.75	294141.0	12.46	12.465049027723836
-1.0053580312050563	-0.9999956122332917	0.18374758722709	0.3659136028604741	2641157.75	107880.0	12.475000000000001	12.513239372060278
-2.07592858859146	-0.9999923033206705	0.17267642618121193	0.12543989134248648	1630306.5	281515.5	11.73	11.73329542804457
