-2.127582748244856	-0.999998725600781	0.021073481949214483	0.11912490097892338	8702837.1	65570.0	17.27	17.28792769729444
-1.9902691889186084	-0.9999988636704685	0.07301837413599122	0.13665863350398313	11099077.2	300200.5	16.94	17.082551720068494
-1.9902691889186084	-0.9999987891476874	0.09769940905567373	0.13665863350398313	11099077.2	686486.5	17.165	17.214754587097605
-1.936624594315282	-0.9999991168774508	0.00768214578030858	0.14418982846422332	11829996.7	34451.5	16.68	16.798134252620805
-1.936624594315282	-0.9999990089425013	0.05236611317066355	0.14418982846422332	11829996.7	123525.0	16.85	16.946445590130732
-0.7616373747603483	-0.9999991130625899	0.12234689198943605	0.4669013083699758	15000099.0	599677.5	18.71	18.950398852098505
-1.2561119594210153	-0.9999990524311875	0.10818736749352384	0.28475903162556154	13966892.2	559383.0	18.8	19.215904784713224
-2.267545603063989	-0.9999978141990444	0.08599790637951671	0.1035660606157	5544240.7	183249.0	16.55	16.6737793651373
-2.039778835183338	-0.9999988882039564	0.05483484861588953	0.13005747183476662	11091014.5	226600.0	17.2	17.593086130306023
-1.5384904678380575	-0.9999991362113945	0.06036787911003746	0.21470496097119576	14639878.714285715	310443.5	18.51	18.555243066710943
-1.5384904678380575	-0.9999990884402312	0.1780980439236726	0.21470496097119576	14639878.714285715	624760.0	18.625	18.89874999244359
-1.0519659587173704	-0.9999990288172527	0.08944788107809643	0.34925046175340296	13319156.25	414709.0	18.400000000000002	18.586186941572883
