-1.645100730163906	-0.9999992925740355	0.18125400050771986	0.19299312158584997	19795951.25	1207628.5	19.28	19.471140653017248
-1.645100730163906	-0.999999285414048	0.30779881354361804	0.19299312158584997	19795951.25	1391521.0	19.525	19.792697867832263
-1.645100730163906	-0.9999992855084494	0.40709856288292173	0.19299312158584997	19795951.25	1388923.0	20.020000000000003	20.085756653091043
-0.760673437048173	-0.9999991033546702	0.09612417250001414	0.46735158913541724	15262546.333333334	877726.0	18.88	18.91462078522827
-0.760673437048173	-0.9999991287003167	0.19954340941056603	0.46735158913541724	15262546.333333334	596151.5	19.060000000000002	19.128435345810132
-0.760673437048173	-0.9999990840763353	0.25623575392527687	0.46735158913541724	15262546.333333334	1177997.5	19.145000000000003	19.26697026850186
-1.5398027953537912	-0.9999991611672259	0.22322545036618832	0.21442338254511817	16819370.714285713	1340614.5	18.68	18.905689789850605
-1.5398027953537912	-0.9999991659370558	0.15700530500886895	0.21442338254511817	16819370.714285713	1237264.0	19.145000000000003	19.145834442565743
-1.5398027953537912	-0.9999992430816739	0.1244771068573216	0.21442338254511817	16819370.714285713	338029.0	19.04	19.081523575116538
-1.5398027953537912	-0.9999991625072808	0.2586211630043101	0.21442338254511817	16819370.714285713	1310736.5	19.125	19.284173419242112
-0.27507819735209266	-0.9999992057013013	0.018629776007891077	0.759512729018474	14633309.0	111659.5	18.81	18.861356076499032
-1.2571090245048049	-0.9999991510360791	0.18153132448989712	0.2844752498358007	16370590.6	1086030.5	19.06	19.420296763646412
-2.0047452882587624	-0.9999995439580124	0.010506941640784622	0.1346945996225191	24993970.4	89169.0	19.71	19.784562621570895
-2.0047452882587624	-0.999999501930181	0.04663731082557454	0.1346945996225191	24993970.4	254928.5	19.665	19.70051317508522
-2.1439535469159394	-0.9999994942713178	0.030720566180484903	0.11719060737340052	24423356.5	231327.0	17.900000000000002	18.049601100869403
-2.2192901394499933	-0.9999993809025259	0.03470229385215304	0.10868623351733386	19859024.2	218527.5	18.12	18.197219662649303
-2.253356789700379	-0.999999224900046	0.07330947514973325	0.105046014687726	17901876.4	1062083.0	18.3	18.337677016665886
-2.253356789700379	-0.9999992443433952	0.21767255667902738	0.105046014687726	17901876.4	749881.0	18.28	18.41055845967168
-1.7359758767894895	-0.9999993576206465	0.061993819039658137	0.17622813939398985	20993054.333333332	718918.5	19.73	19.779565696351252
-1.7359758767894895	-0.9999993332368945	0.3120493694948793	0.17622813939398985	20993054.333333332	1199473.5	19.91	20.058039830781844
-2.1021685885775283	-0.99999955698798	0.00501573049033718	0.12219115837599895	25104076.5	67602.0	18.26	18.357605001166807
-1.814419528571454	-0.9999994081848507	0.13901342212607132	0.1629324585826895	23411701.8	1040694.5	19.96	20.139159293865053
-1.814419528571454	-0.9999994195422324	0.15313881470535917	0.1629324585826895	23411701.8	797712.0	20.299999999999997	20.588797350600807
-1.814419528571454	-0.9999994358706036	0.12532230600715033	0.1629324585826895	23411701.8	544284.5	20.605	20.88255117641327
-1.814419528571454	-0.9999994076362322	0.16125193228580645	0.1629324585826895	23411701.8	1054147.5	20.755000000000003	21.12182460537227
