-1.8735843456532815	-0.9999955428689846	0.24934608423845947	0.15357221821047098	2760495.2	220551.0	10.52	10.562053513565333
-1.8735843456532815	-0.9999955598938544	0.308420726937535	0.15357221821047098	2760495.2	210425.5	10.57	10.630537919152067
-2.0044393003243197	-0.9999955209853308	0.20509204820711757	0.13473582085111585	2686380.6	168103.0	10.15	10.286300070120081
-2.0044393003243197	-0.9999956868919496	0.17037112417562295	0.13473582085111585	2686380.6	107650.0	10.344999999999999	10.36942703067071
-2.0044393003243197	-0.9999958254493707	0.13259576186825225	0.13473582085111585	2686380.6	74192.5	10.38	10.380625253426325
-2.0044393003243197	-0.999995441208811	0.2965465337196906	0.13473582085111585	2686380.6	208281.0	10.415	10.520082381094825
-2.1097185732183164	-0.9999943602709456	0.1458940069164287	0.12127209084562941	2109703.7	146994.5	10.42	10.44939714103169
-2.1097185732183164	-0.9999947717513994	0.12702394226319197	0.12127209084562941	2109703.7	61700.0	10.475000000000001	10.478802027748133
-2.1097185732183164	-0.9999942651494758	0.28829542540630765	0.12127209084562941	2109703.7	179661.5	10.465	10.540334829828932
-1.4422725096284188	-0.99999640783174	0.3537714401034763	0.2363899493891259	3580220.8571428573	384905.5	10.42	10.57899266828323
-1.4422725096284188	-0.999996449213596	0.38654345440766524	0.2363899493891259	3580220.8571428573	331902.5	10.7	10.830113789008085
-1.4422725096284188	-0.9999965462554643	0.3667558183183183	0.2363899493891259	3580220.8571428573	234489.0	10.825	10.85548097193703
-1.699037410283468	-0.9999963399847961	0.11992082318358521	0.18285945799688558	3194260.6	119495.5	10.69	10.707127008338977
-0.24382441301666227	-0.9999967214209428	0.28291719533265147	0.783625216571523	3901219.0	358775.5	10.4	10.646582727101887
-0.24382441301666227	-0.9999964718585362	0.3600220218399039	0.783625216571523	3901219.0	949842.5	10.68	10.69309614303963
-1.6257496365054118	-0.9999978065468529	0.001427427630183502	0.19676411833803603	3332590.6666666665	1494.0	10.700000000000001	10.725942422155107
-2.041875040578101	-0.999995808710261	0.017917266397389133	0.12978513020240115	2258269.1	12900.0	10.51	10.522644098810613
-2.041875040578101	-0.9999954872707144	0.06554749119804881	0.12978513020240115	2258269.1	26660.0	10.540000000000001	10.540245687811833
-2.041875040578101	-0.999995179221925	0.10911855964726055	0.12978513020240115	2258269.1	53455.0	10.55	10.56062524914906
-2.041875040578101	-0.9999946981914939	0.240990030202104	0.12978513020240115	2258269.1	158404.0	10.56	10.590224347997893
-1.5415464146398377	-0.999996647852972	0.12478471917259874	0.2140498355564384	3530790.75	138098.5	10.75	10.78218961639875
-1.5415464146398377	-0.9999967519575613	0.11712993621893343	0.2140498355564384	3530790.75	95621.0	10.785	10.81197113980478
-1.5415464146398377	-0.9999967947081908	0.1347943265201739	0.2140498355564384	3530790.75	82224.0	10.78	10.79126463723396
