-2.008405345517501	-0.9999940628795826	0.41538452363913936	0.13420251076149745	2103092.7	264689.0	10.97	11.08138170384878
-2.008405345517501	-0.999994810821572	0.12397862496680474	0.13420251076149745	2103092.7	54902.0	11.024999999999999	11.036404329995376
-0.7099025685031938	-0.9999957168783584	0.06383178385271762	0.4916921014246593	2445337.0	35371.0	10.23	10.23024714680859
-0.7099025685031938	-0.9999955811000104	0.11713636050437538	0.4916921014246593	2445337.0	49300.0	10.235	10.246643690349947
-0.7099025685031938	-0.9999951328061704	0.26087340876944837	0.4916921014246593	2445337.0	147550.0	10.27	10.370021060693087
-0.7099025685031938	-0.9999949160078512	0.27323895309869056	0.4916921014246593	2445337.0	250714.5	10.44	10.453961567949722
-2.0820127917024305	-0.9999954078046578	0.030189153970403528	0.12467900660116706	2133054.1	17950.0	11.035	11.063259983700082
-1.62819733125573	-0.9999962827666733	0.06376801937989292	0.19628308878544662	2949942.888888889	57850.0	10.86	10.862890246471455
-1.62819733125573	-0.9999956491302445	0.6327429207380979	0.19628308878544662	2949942.888888889	375050.0	10.885000000000002	10.98007245766282
-0.9843449066353188	-0.9999957846512376	0.39180134489371576	0.37368394464406024	3091808.25	457278.5	10.5	10.584306104480033
-0.9843449066353188	-0.9999959319230792	0.3358645801757889	0.37368394464406024	3091808.25	290021.5	10.745000000000001	10.780316816988565
-2.229940570798417	-0.9999962596606656	0.042668768336525144	0.10753482065443525	2791404.3	34227.0	10.75	10.78483018281345
-2.229940570798417	-0.9999965942558977	0.017479211759026	0.10753482065443525	2791404.3	13450.0	10.675	10.679707221860768
-2.229940570798417	-0.9999956236981054	0.36758343552577444	0.10753482065443525	2791404.3	202000.0	10.785	10.842830306825297
-1.7663593537308888	-0.999996705836261	0.008358437086496797	0.17095424117952693	2851329.2	12000.0	10.700000000000001	10.708666666666666
-1.7663593537308888	-0.9999959186186311	0.07999835553049293	0.17095424117952693	2851329.2	113250.0	10.67	10.700261901847998
-1.5437150522681504	-0.999996861225727	0.011910974322537002	0.2135861420020904	2977528.125	11449.5	10.88	10.895690118121726
-1.5437150522681504	-0.9999961030025467	0.14234579519762303	0.2135861420020904	2977528.125	109470.5	10.865	10.86816748578351
-1.5437150522681504	-0.9999960127527999	0.2201147414724355	0.2135861420020904	2977528.125	143219.5	10.82	10.8954912629281
-1.5437150522681504	-0.9999961421683617	0.11201487621669455	0.2135861420020904	2977528.125	97420.5	10.870000000000001	10.886067662632954
-2.1464491093332514	-0.9999939514698505	0.14750882313782865	0.11689851551629951	1868795.0	81101.0	10.81	10.889031908502773
-1.1773834661929137	-0.9999965633987361	0.23395777382185548	0.3080837965802873	3601032.6	236880.0	10.74	10.8570065418253
-1.1773834661929137	-0.9999965633084829	0.359938583638324	0.3080837965802873	3601032.6	236957.0	10.805	10.836521625929862
-1.1773834661929137	-0.9999965334033862	0.3197519863675621	0.3080837965802873	3601032.6	263899.5	10.89	10.901428756212841
-1.1773834661929137	-0.9999964276170976	0.3402652356233655	0.3080837965802873	3601032.6	386259.5	10.92	10.92276840907376
-1.9676381346890397	-0.9999937919560524	0.34351299785732786	0.13978662380613968	1979865.4	217746.5	10.68	10.80484172390173
-1.9676381346890397	-0.9999935338914981	0.9090862412197344	0.13978662380613968	1979865.4	362950.5	10.855	10.917020237878146
-0.24649516583798436	-0.9999951924690864	0.13663972050393647	0.7815351395953585	2329920.0	73214.5	10.51	10.591053242377404
-1.9241572048857176	-0.9999944888118515	0.0879706241394727	0.14599875205399354	2167577.0	154186.5	10.65	10.653088407813847
-1.9241572048857176	-0.9999949476412788	0.16522723144327972	0.14599875205399354	2167577.0	57031.5	10.555	10.579564453232273
-1.9241572048857176	-0.9999946720124102	0.16333797301379469	0.14599875205399354	2167577.0	103654.0	10.620000000000001	10.696783820640242
-2.175475273871562	-0.9999951994945968	0.19338317682872413	0.11355417151289833	2416635.9	109214.0	10.85	10.957450582611294
-2.175475273871562	-0.999994479309146	0.837173350834417	0.11355417151289833	2416635.9	622499.5	10.940000000000001	11.375419208834877
