-2.0405824357005753	-0.9999956209225164	0.10219801025852869	0.12995299956573658	2580252.5	80750.0	10.38	10.392820325796256
-1.4401177815739883	-0.9999947388746963	0.042558120296907705	0.2368998546011082	2024917.7142857143	42333.0	10.21	10.219620281189892
-1.5376869441532177	-0.9999942994205735	0.33924223107812995	0.21487755082331966	2136262.75	194450.0	10.3	10.33005375347544
-1.5376869441532177	-0.9999941649667144	0.5770808925230693	0.21487755082331966	2136262.75	259149.5	10.355	10.413130726789966
-1.5376869441532177	-0.9999939559445611	0.3616910337427809	0.21487755082331966	2136262.75	405018.5	10.47	10.483610553449894
-0.2440345530240505	-0.9999946346680949	0.036148927867225164	0.7834605628634946	1941382.5	33394.0	10.18	10.19593512765984
-0.2440345530240505	-0.9999941382981374	0.1845633869337092	0.7834605628634946	1941382.5	87535.0	10.27	10.298389123186647
-0.2440345530240505	-0.9999935378363155	0.5143827110746417	0.7834605628634946	1941382.5	280836.5	10.274999999999999	10.332633786344584
-2.193316532128077	-0.9999958318796814	0.11266790373556684	0.111546187952706	2762349.5	100087.0	10.08	10.163264367619373
-2.193316532128077	-0.9999958815757711	0.17417832333961783	0.111546187952706	2762349.5	87248.5	10.135000000000002	10.155555022684851
-2.193316532128077	-0.9999960580839584	0.07593153237570038	0.111546187952706	2762349.5	53580.0	10.184999999999999	10.193085872576178
-2.193316532128077	-0.9999957681210367	0.1745573128564267	0.111546187952706	2762349.5	119362.5	10.165	10.165384338502777
-1.1752636159775576	-0.9999934812354989	0.15736962963658924	0.3087375808002961	1937108.2	304842.0	10.370000000000001	10.37835470608416
-2.219175680134321	-0.999995154033217	0.3627580484836919	0.10869867438121804	2630304.9	343302.5	10.18	10.343376947849915
-2.219175680134321	-0.9999959394292254	0.08521007712001692	0.10869867438121804	2630304.9	43500.0	10.41	10.419575147347741
-2.0031180071032555	-0.9999955221367758	0.14866106351874991	0.1349139640416188	2609925.0	119000.0	10.48	10.521650866296175
-1.8706228567283643	-0.9999952231940356	0.17300610429688235	0.15402769474533978	2453834.5	123190.0	10.52	10.572283814851394
-1.8706228567283643	-0.9999945640747603	0.8074860683522463	0.15402769474533978	2453834.5	620859.0	10.56	10.701736031423527
-1.8706228567283643	-0.9999946552469832	0.798946369356898	0.15402769474533978	2453834.5	496400.0	10.56	10.737444040036397
-2.1375287170203032	-0.9999954321521631	0.20207397023157592	0.11794596100211216	2613564.1	153025.0	9.73	9.845379752736266
-2.1375287170203032	-0.9999957979063137	0.12529595688341882	0.11794596100211216	2613564.1	58831.0	9.825	9.836957163406215
-2.1375287170203032	-0.9999952703581626	0.3231568174368855	0.11794596100211216	2613564.1	233565.5	9.82	9.914421981194335
-1.6214646216442619	-0.999994423150803	0.5504320532366879	0.1976090645198661	2308137.5555555555	389310.5	10.56	10.658366008041478
-2.107852551652884	-0.9999951095754209	0.11226886930718825	0.1214985984507447	2570926.4	288635.0	9.57	9.574754409300647
-1.9626868021299235	-0.9999954284131786	0.2325974707819281	0.14048047018248724	2658527.5	189792.0	10.450000000000001	10.473717885216882
-1.9626868021299235	-0.9999955260862484	0.1020484845324618	0.14048047018248724	2658527.5	146388.0	10.44	10.46300340811044
-1.9626868021299235	-0.999995752660962	0.12464788721442376	0.14048047018248724	2658527.5	80150.0	10.43	10.469450967946683
-0.7086198906411825	-0.999994176463196	0.305435062925521	0.49232318865236524	2093737.0	197392.5	10.27	10.3357218043659
-1.9188692025327214	-0.999995351219844	0.25423455572202613	0.1467728386805284	2620811.5	195550.0	10.6	10.625624055605924
