-2.1899557614071927	-0.9999984245726056	0.00519846480598567	0.11192169976631444	6077438.6	14392.95	16.27	16.32822152127251
-2.1899557614071927	-0.9999980897693667	0.06217004134481563	0.11192169976631444	6077438.6	110117.175	16.205	16.225844464656966
-1.6299776187868928	-0.9999981321842302	0.008605236222778982	0.19593395931753463	5386468.375	23409.28125	16.75	16.97924387060557
-2.0742946268848272	-0.9999982685757587	0.010096460129328088	0.1256450228643111	5924682.6	28512.675	15.9	15.910033499434697
-1.7190473030785856	-0.9999980888351931	0.010301468904714232	0.17923682496818197	5369360.555555556	28615.333333333332	17.44	17.56818928372078
-1.7190473030785856	-0.9999980084433364	0.020686906583354675	0.17923682496818197	5369360.555555556	44062.444444444445	17.42	17.42835413344465
-1.9802123973161765	-0.9999983175683238	0.005802748668010952	0.13803991488955347	5793429.1	17102.675	16.36	16.40533558330627
-1.9802123973161765	-0.9999981432447124	0.030834781966863463	0.13803991488955347	5793429.1	46955.65	16.335	16.48536295025729
-2.223698656742169	-0.9999979342433943	0.03231501529563532	0.1082081429869447	5884325.7	190152.075	16.25	16.26435269126232
-1.2487935046533758	-0.9999982046627639	0.005946450274205781	0.28685067217090837	5396055.0	16117.75	16.78	16.933305671391977
-1.2487935046533758	-0.9999983446026345	0.005312266485206341	0.28685067217090837	5396055.0	7574.05	16.68	16.73112091530708
-1.2487935046533758	-0.9999983950382231	0.006821297886357735	0.28685067217090837	5396055.0	5769.2	16.61	16.65383179723502
-2.314672075630498	-0.9999981567369759	0.021829812491636937	0.09879857715170985	6098054.4	76138.175	17.32	17.34218805376728
-2.285670068302905	-0.9999980348603428	0.036138313054704795	0.10170588937595203	6187892.7	191007.525	17.2	17.226860901291186
-2.285670068302905	-0.999998100114782	0.06470250083888851	0.10170588937595203	6187892.7	127551.825	17.275	17.35379855303748
-0.27364416539662006	-0.9999978199570677	0.057133562454415865	0.7606026758649936	5413131.5	133365.875	18.5	18.551364464337105
-2.2550566101514335	-0.9999982407935214	0.011946664198928711	0.10486760699713607	5831471.4	28530.45	16.4	16.634567093783243
-2.2550566101514335	-0.9999980134189819	0.058899213741722245	0.10486760699713607	5831471.4	107439.275	17.165	17.228165768513204
-2.3684368506296916	-0.9999979380074705	0.039241480850278336	0.09362696488309064	5926717.8	202975.975	16.9	16.911051716601666
-1.8647905433922385	-0.9999986226708664	0.0010107406396759103	0.15492865731763064	5815689.7	3010.275	17.25	17.265521637801033
-1.8647905433922385	-0.9999981500581644	0.02988459753107818	0.15492865731763064	5815689.7	47035.9	17.135	17.138692422927427
-2.114753325540066	-0.9999982700920679	0.018081716209634474	0.12066305037517538	6274504.7	51756.025	15.71	15.790745929587338
-2.114753325540066	-0.999998175819177	0.05104462496900793	0.12066305037517538	6274504.7	93509.7	16.365000000000002	16.38471006004768
-2.114753325540066	-0.9999982403124348	0.07029463377810076	0.12066305037517538	6274504.7	62389.475	16.490000000000002	16.57551626368433
