-1.897817749037438	-0.9999981990210275	0.05090592154139038	0.14989537188438576	6493749.2	119982.05	14.780000000000001	15.095620257616883
-2.0467490379006326	-0.9999985041163361	0.04933281826729027	0.12915409690182617	7808937.6	118332.5	14.69	14.75901368732435
-2.0467490379006326	-0.9999985870988027	0.039756667354564124	0.12915409690182617	7808937.6	61897.875	14.86	14.935200042562247
-1.5123467262916281	-0.9999978616387035	0.007372261914391756	0.2203921705198199	4545341.285714285	16639.285714285714	14.950000000000001	15.002762702484782
-1.9522053489688052	-0.9999983715800085	0.05122513138265744	0.14196065333478916	7212907.3	126201.425	15.26	15.309949195915898
-2.195226467900914	-0.9999990087308172	0.04745641109550546	0.11133334522068705	12283932.9	194206.825	13.99	14.21240203345176
-2.001524711583394	-0.999998484059656	0.052276093731596106	0.13512909319273905	7789345.9	134346.325	15.0	15.041100800758775
-1.2383757136648732	-0.9999979011870604	0.004280801041150383	0.289854642718694	4378592.6	9796.15	15.44	15.496304863208819
-1.2383757136648732	-0.9999975163727496	0.04868667830991627	0.289854642718694	4378592.6	52826.75	15.17	15.205527300265048
-2.1626156711327678	-0.9999989805614228	0.037976017553848405	0.11502386261631982	11784599.6	164994.825	13.72	13.766572678418854
-2.1626156711327678	-0.9999990146722063	0.05589459460704888	0.11502386261631982	11784599.6	110380.025	13.92	13.999697912086518
-1.8390215186551662	-0.9999980480327603	0.021335133070105483	0.15897290204835027	5522767.2	48061.65	14.120000000000001	14.299871588652433
-1.8390215186551662	-0.9999980559746583	0.037892192684146994	0.15897290204835027	5522767.2	45999.125	14.295000000000002	14.533306219606418
-1.8390215186551662	-0.9999984909178361	0.0075767695416894525	0.15897290204835027	5522767.2	4163.325	14.625	14.640506906944724
-2.088324429476469	-0.9999985333124505	0.05511823960455514	0.12389455606146556	8040259.3	132262.075	15.14	15.21636656403081
-2.088324429476469	-0.99999862675538	0.041676457767436656	0.12389455606146556	8040259.3	62394.15	15.0	15.108756163171428
-2.088324429476469	-0.9999987204368839	0.04769970005759193	0.12389455606146556	8040259.3	29377.525	15.094999999999999	15.149605324074074
-1.613619140286702	-0.9999980646952265	0.0071575960794428685	0.19916550026202642	4985894.875	15508.78125	14.64	14.647168512183537
