-2.267185803363615	-0.9999973296579484	0.049276579546408926	0.10360333035769743	4238540.4	82317.625	23.46	23.805025612026178
-2.267185803363615	-0.9999972604779617	0.08849875090359526	0.10360333035769743	4238540.4	110366.925	23.95	24.158566592169546
-2.3684876127125363	-0.9999971438553898	0.07521375162963413	0.09362221230396911	4097352.1	120888.25	23.95	24.04324377450008
-1.0748060181124315	-0.9999983342088947	0.010855195795297728	0.3413639673055471	6125274.5	26994.5625	23.8	23.930096618086825
-1.9243699537626209	-0.9999980547689492	0.03270528650647891	0.14596769428733453	6289302.8	205693.45	23.25	23.351635033034785
-1.6815970181975486	-0.9999984659480672	0.012616687243989861	0.18607657095200408	6902854.875	39708.1875	23.72	23.792993561779443
-1.7738295334950025	-0.999998312786949	0.016708506491909702	0.16968194034104062	6524791.888888889	60397.166666666664	23.45	23.534076245754886
-2.2293678838207946	-0.9999972166986539	0.03482000124000913	0.10759642208334941	3943581.1	58463.475	23.240000000000002	23.411714309494084
-2.2293678838207946	-0.9999971565132475	0.07136036041326571	0.10759642208334941	3943581.1	74124.925	23.405	23.457313065879017
-2.2293678838207946	-0.9999972107593499	0.08041066689166802	0.10759642208334941	3943581.1	59849.0	23.465	23.480770293129417
-1.4447701855942299	-0.9999985925123126	-0.008479209381946566	0.2358002606262614	7254472.0	-27188.333333333332	22.98	23.105905887951998
-1.4447701855942299	-0.9999984578608385	0.030809392831295634	0.2358002606262614	7254472.0	72214.16666666667	23.095	23.10477931000638
-2.3983602994144566	-0.999997123658921	0.08191485309596912	0.09086682559018472	4125441.5	142367.9	24.04	24.420678449169433
-1.5734990453786015	-0.9999986073251514	0.007400549617394771	0.2073184949207336	7233336.142857143	23709.785714285714	23.05	23.37865270377778
-0.7777867126273382	-0.9999985765433419	0.0009057931557910417	0.459421719153643	5455331.333333333	2356.6666666666665	23.53	23.68520000424508
-0.7777867126273382	-0.9999978083930328	0.09140825963411381	0.459421719153643	5455331.333333333	155738.83333333334	23.855	23.905410344290246
-0.7777867126273382	-0.99999803175	0.06124752880858314	0.459421719153643	5455331.333333333	46047.75	23.895000000000003	23.92273285036862
-1.9876357991621105	-0.9999982137063187	0.021636160568979535	0.13701898321196007	6132111.6	57167.15	23.5	23.594786852743066
-2.0449092233127653	-0.9999981582620465	0.022227589759852392	0.12939193521549983	5953990.1	57853.675	23.7	23.717915083717916
-2.0449092233127653	-0.9999981652342623	0.03269644145196055	0.12939193521549983	5953990.1	55501.15	23.665	23.713364285353276
-2.0449092233127653	-0.9999980963354818	0.08232135711689029	0.12939193521549983	5953990.1	83649.25	23.685000000000002	23.722160827722345
