-2.060970019995294	-0.9999977935620554	0.028260191713439207	0.1273303969393516	5410314.5	152896.525	24.25	24.320705420031487
-2.2042259301906455	-0.9999978704946837	0.018226208662246564	0.1103358999462923	4982319.3	40532.15	24.43	24.60072729180016
-1.8691235800877082	-0.9999981628443002	0.02175695463670434	0.1542587980707042	5958348.8	56749.2	24.84	24.949695046594062
-1.6962944514511844	-0.9999981653130332	0.027271320233760346	0.18336172249276997	6595087.75	179856.75	24.8	24.82720999424096
-2.383281363586547	-0.9999975285516719	0.02330031794882625	0.09224738313293171	4295866.2	40822.425	23.98	24.0916969711587
-1.0818981977837487	-0.9999980551656169	0.05322199692899559	0.3389515175914905	6077004.25	135775.6875	25.5	25.59459332131846
-1.0818981977837487	-0.9999981561519975	0.042131073447623055	0.3389515175914905	6077004.25	73501.3125	25.965	26.002947081455407
-2.282926032850199	-0.9999970392223372	0.04059427785029606	0.10198535720159968	3739168.8	64268.95	24.6	24.638580457862982
-2.282926032850199	-0.9999970933033568	0.04709835177029455	0.10198535720159968	3739168.8	52502.2	24.675	24.76173015220074
-2.282926032850199	-0.9999970711259377	0.07923752204875856	0.10198535720159968	3739168.8	57041.65	24.725	24.79768898680507
-2.4127465350735124	-0.999996959665094	0.04905000491873904	0.08956895216445467	4009157.6	196649.2	24.07	24.089244257442637
-0.2875819069769278	-0.9999979869773011	0.06527737748886871	0.7500751278686864	6019755.5	183120.375	25.880000000000003	26.074002008137477
-0.2875819069769278	-0.9999981980527984	0.02047466425506655	0.7500751278686864	6019755.5	51393.25	25.825000000000003	25.832768990536575
-2.160312970172493	-0.9999976124097532	0.02749978576166037	0.11528903336251602	4951261.3	136158.625	24.44	24.45929224899672
