-2.1594594812376013	-0.9999978495110143	0.040283645537209666	0.11538747327951963	5331274.7	95304.95	25.46	25.47981001516179
-1.7837435519690694	-0.999998270166622	0.02598259856677315	0.16800802178995702	6519345.666666667	79013.11111111111	25.51	25.841627259674766
-1.7837435519690694	-0.9999982141871805	0.05879406581016254	0.16800802178995702	6519345.666666667	113814.16666666667	25.8	25.95330929786242
-1.7837435519690694	-0.9999982479782096	0.09010550204421038	0.16800802178995702	6519345.666666667	91310.83333333333	25.995	26.00285446459218
-1.2887692927717358	-0.9999984622723102	0.006594072276791109	0.27560976938588644	6424274.6	19511.0	24.1	24.263281474692164
-1.2887692927717358	-0.9999981754066184	0.06699447544813378	0.27560976938588644	6424274.6	123214.35	24.315	24.442836109849768
-1.2887692927717358	-0.9999982275880545	0.0802096146805826	0.27560976938588644	6424274.6	88119.55	24.509999999999998	24.593816046017135
-2.111143965197905	-0.9999979357699929	0.03867722822637089	0.12109935371829454	5532828.6	91219.125	24.75	24.95221946147266
-2.111143965197905	-0.999997804861574	0.07086248881449478	0.12109935371829454	5532828.6	188211.075	25.195	25.252425292692088
-1.5808124658983145	-0.9999983028566276	0.028366075472632892	0.20580781842544987	6716071.428571428	89154.39285714286	25.3	25.534878561776107
-1.5808124658983145	-0.9999982489776527	0.06365508735465485	0.20580781842544987	6716071.428571428	128025.32142857143	25.55	25.559790055025836
-1.5808124658983145	-0.9999983165244851	0.07949662105980555	0.20580781842544987	6716071.428571428	81334.82142857143	25.72	25.753344024605827
-1.6903483614944954	-0.999998125130325	0.038584608385649144	0.1844552556907984	6473829.0	186760.125	25.71	25.78944279511374
-2.4151581869953	-0.9999979428914648	0.042628916578140635	0.08935320328899735	5500108.7	81986.375	25.41	25.657163364362624
-2.4151581869953	-0.9999979940780683	0.03457741158078762	0.08935320328899735	5500108.7	61868.875	25.85	25.851716967054777
-2.4151581869953	-0.9999978602148563	0.09133123821558123	0.08935320328899735	5500108.7	129190.475	25.865000000000002	25.98981412281397
-1.4501581777554091	-0.9999982788596612	0.026957248879149933	0.23453318722648464	6586007.5	83736.58333333333	24.73	24.92472340379029
-1.4501581777554091	-0.999998217066634	0.06649439296657787	0.23453318722648464	6586007.5	125794.45833333333	25.25	25.290167468377803
-1.4501581777554091	-0.9999982784817673	0.08238469170810124	0.23453318722648464	6586007.5	83945.25	25.17	25.174233815413125
-2.2037451779740853	-0.9999975701861067	0.04665041791259466	0.11038895692736639	5094462.4	237658.8	25.26	25.281566975672575
-2.283448678104698	-0.9999978132897597	0.038190662288127834	0.10193206896526469	5102646.0	70122.15	24.91	25.023647269047025
