-0.7284936325345512	-0.9999963372065287	0.20333790938469892	0.4826354691490171	3290510.6666666665	171520.0	12.66	12.78567716429006
-1.5729344109953345	-0.9999951279146929	0.2810349646150976	0.20743558712528457	2501779.0	196590.0	12.280000000000001	12.36469947540521
-1.855816545864683	-0.999995218814869	0.04361182706325902	0.1563252438146794	2151290.5	29310.0	12.46	12.531282337942534
-2.0809181079343655	-0.9999945993452983	0.19530629340999775	0.1248155654166342	2181637.9	130910.0	12.46	12.510736147689789
-2.0427856261114843	-0.9999942192879675	0.16285857693906378	0.12966700353077193	2120513.7	210675.5	12.39	12.392861691056693
-2.0427856261114843	-0.999994752902499	0.17998717442386222	0.12966700353077193	2120513.7	67950.0	12.435	12.439213902053712
-2.0427856261114843	-0.9999941012612447	0.41155889941288654	0.12966700353077193	2120513.7	270588.0	12.44	12.471361956843038
-1.0076763508384647	-0.9999958524937604	0.1840948257501159	0.36506628073209635	2968772.25	222570.0	12.59	12.609388309102972
-2.238658236694928	-0.9999959248793258	0.021398102440121004	0.10660144236697051	2336332.1	13640.0	12.67	12.717698423098762
-2.0019522766907825	-0.9999945037887231	0.1286155330825924	0.1350713290573411	2061627.4	83377.0	12.42	12.46463985583003
-1.3535723573846403	-0.9999959559745059	0.07774683586195082	0.2583158139964131	2691074.0	53250.0	12.34	12.379335338597146
-2.290567204050986	-0.9999956130923068	0.1696140039970663	0.10120903939315655	2639325.9	106774.0	12.59	12.592474128344348
-2.290567204050986	-0.999994879567574	0.5539470386805538	0.10120903939315655	2639325.9	740061.5	12.56	12.687474453818233
-2.290567204050986	-0.9999956253734233	0.1996840013259658	0.10120903939315655	2639325.9	103368.5	12.535	12.595269408063643
-2.290567204050986	-0.9999948125361406	0.7968998343836862	0.10120903939315655	2639325.9	883288.0	12.61	12.897068039826294
-1.732078917634607	-0.9999953405884439	0.09724468293639126	0.17691623312092444	2373435.1	63500.0	12.200000000000001	12.22567044381492
-1.732078917634607	-0.9999948448176817	0.16573934335934185	0.17691623312092444	2373435.1	205970.0	12.22	12.223304759437626
-1.732078917634607	-0.9999950733490223	0.24240706531366246	0.17691623312092444	2373435.1	119740.0	12.17	12.234442718446603
-1.732078917634607	-0.9999949266765716	0.20998059041441083	0.17691623312092444	2373435.1	169600.0	12.22	12.229159283450818
-1.7972201698766068	-0.9999950081674436	0.17259680442960185	0.16575903031254047	2327657.1	111220.0	12.27	12.354297080179204
-2.210367138334504	-0.9999946915919633	0.34052973453073204	0.10966038059452247	2317860.1	220608.0	12.52	12.529496082576795
-2.210367138334504	-0.9999949699601114	0.27108664469749516	0.10966038059452247	2317860.1	115719.0	12.555	12.557297483524176
-2.210367138334504	-0.9999946133259587	0.5092297819766407	0.10966038059452247	2317860.1	264488.5	12.57	12.773588480450004
