-2.1040058405503945	-0.9999991036525853	0.04800698471448365	0.12196686853077691	13792525.7	233956.5	24.830000000000002	24.860853036760943
-1.282018311185184	-0.9999985372212723	0.18910548172343047	0.27747670058258983	9198269.8	697342.5	23.6	23.777393585695684
-1.773249564760596	-0.999999080240193	0.005466328318380773	0.16978037910417504	11831116.555555556	53197.5	25.16	25.21314312038322
-1.773249564760596	-0.9999990046510526	0.06963675951096128	0.16978037910417504	11831116.555555556	130103.0	25.32	25.439125391527543
-1.571438742279361	-0.9999985637725298	0.11655711571637586	0.207746074178533	8988466.142857144	404125.0	23.2	23.46607706698576
-1.571438742279361	-0.9999986374639652	0.1384491189837085	0.207746074178533	8988466.142857144	208377.0	23.560000000000002	23.602383960617118
-1.571438742279361	-0.9999986717157059	0.10178177174273799	0.207746074178533	8988466.142857144	153159.0	23.615000000000002	23.64568782315087
-1.571438742279361	-0.9999984846936261	0.32130421711687324	0.207746074178533	8988466.142857144	822644.0	23.62	23.70503152561165
-1.6791320550853557	-0.9999987198084003	0.2798635010087887	0.18653580860485203	10946634.5	1219301.5	23.86	24.556276867846382
-1.6791320550853557	-0.9999987210362286	0.5660582793615945	0.18653580860485203	10946634.5	1203023.0	24.71	25.374109702734756
-2.370952828599365	-0.9999981769784617	0.0830391954936368	0.0933916975898471	6582772.3	162841.0	22.53	22.573836865672934
-2.2718755149194534	-0.9999991577404886	0.0031508767700564023	0.1031185981376511	11051939.0	11031.5	22.81	22.9237752157918
-2.2718755149194534	-0.9999988055267297	0.07131574707847808	0.1031185981376511	11051939.0	541037.5	22.81	22.848677633292315
-2.194209552669824	-0.9999991181194232	0.0328435325358521	0.11144661938051782	13524106.0	151242.5	22.6	22.76285847980902
-2.194209552669824	-0.9999990846986763	0.026518600856894444	0.11144661938051782	13524106.0	237667.5	22.79	22.790240030273953
-1.8547154839896132	-0.9999990182736573	0.05059751640262796	0.15649746237500126	13048589.5	365909.5	25.52	25.8175244050824
-1.8547154839896132	-0.9999989644372194	0.32010788927542866	0.15649746237500126	13048589.5	738689.0	25.985	26.45768796550585
-0.7754255870667773	-0.9999987638431724	0.024737649871921893	0.46050775314457576	9672151.666666666	155794.0	23.3	23.42042770224761
-0.7754255870667773	-0.9999986753571418	0.20022656187709592	0.46050775314457576	9672151.666666666	366643.0	23.54	23.644243294157718
-1.4429048660714183	-0.9999986222271998	0.05718275342848294	0.2362405139347852	8851279.5	197807.0	22.63	22.839870363178154
