-1.6182828694562228	-0.9999954733977371	0.06956446410182036	0.19823880890729922	2492463.777777778	79410.0	9.28	9.532794378773275
-1.809314591121496	-0.9999936264172729	0.009212762800753766	0.1637663452510131	1319465.0	4489.5	9.53	9.634443714772129
-1.7528687053855092	-0.9999935391363207	0.035201967713766616	0.17327615155353568	1673197.9	49527.5	9.53	9.53051855682588
-1.7528687053855092	-0.9999950894282544	0.015064778547755347	0.17327615155353568	1673197.9	3700.0	9.53	9.535657894736842
-1.7528687053855092	-0.9999933070484722	0.18555072584546461	0.17327615155353568	1673197.9	73029.5	9.55	9.551571446617066
-1.9074377910313722	-0.9999913784688864	0.04467882559690482	0.14846028597303754	1116952.4	15211.0	9.66	9.725614694574968
-1.9074377910313722	-0.9999902983322934	0.1811818523021451	0.14846028597303754	1116952.4	50832.0	9.74	9.771413427561837
-1.9074377910313722	-0.9999910787127505	0.11472745315900494	0.14846028597303754	1116952.4	21260.5	9.8	9.804241632324855
-1.9074377910313722	-0.9999895679643759	0.361211430159033	0.14846028597303754	1116952.4	114930.0	9.81	9.83309914220692
-1.5375322884854468	-0.9999959080848291	0.05218855900465203	0.2149107854243246	2706229.25	64450.0	9.309999999999999	9.352295818575884
-1.440798308718217	-0.9999963279734575	0.030369099968214606	0.23673869266334469	2893964.714285714	41220.5	9.33	9.525867018450649
-0.25200559531790123	-0.9999980023371149	0.029511376302977316	0.7772403891497164	5708343.0	89620.0	11.05	11.096414477258405
-0.9903699372412668	-0.999997143789503	0.029420147968225247	0.3714392563887119	3848184.25	59350.0	10.05	10.223124776012426
-1.8607993730302876	-0.9999902179480887	0.17499539725647842	0.15554823958966765	1136310.0	67200.0	9.63	9.724120819112628
