-2.287295804711963	-0.9999993790314294	0.02409932865021454	0.10154067674106412	19408596.8	171463.0	24.53	24.714429557094547
-2.287295804711963	-0.9999993202652403	0.09142214655602417	0.10154067674106412	19408596.8	536432.5	24.745	24.78073630034724
-2.287295804711963	-0.9999993120070713	0.16843386760135126	0.10154067674106412	19408596.8	629685.5	24.54	24.822228784392266
-2.287295804711963	-0.9999993160730907	0.12151019453750748	0.10154067674106412	19408596.8	581903.5	24.75	24.890371676043255
-2.2080375791975757	-0.999999418884308	0.012046299890034336	0.10991613872227374	21444966.7	258332.5	25.28	25.30027436913971
-1.7957760094031068	-0.999999503594537	0.09929360648873366	0.16599858588895613	28501792.444444444	1395055.5	24.79	25.60358792103121
-2.46986053735948	-0.9999991338803509	0.029143015444534834	0.08459665625196773	13457318.8	115340.0	23.16	23.208215951917285
-1.704248056244945	-0.9999995420106369	0.04246396129180005	0.1819091201876942	29054051.875	601057.0	24.5	24.798883506661685
-2.387607913477303	-0.9999992733594328	0.02693073178519396	0.09184913237464161	16224534.6	131847.0	24.19	24.285143616253297
-2.387607913477303	-0.9999993263722864	0.01567746497757574	0.09184913237464161	16224534.6	55786.0	24.255000000000003	24.35198763642515
-2.3229336844765025	-0.9999992781245186	0.04511382774743584	0.09798570439461278	18640233.9	697966.5	24.6	24.625265873577053
-2.3229336844765025	-0.9999994239398706	0.01270552709734693	0.09798570439461278	18640233.9	46068.0	24.41	24.566636890906036
-2.3229336844765025	-0.9999993196760247	0.06350757384076984	0.09798570439461278	18640233.9	321706.5	24.515	25.010376841735276
-2.4437808139322517	-0.9999992163831851	0.020746731058384035	0.08683193467881495	14529735.8	88056.5	22.46	22.659728925064346
-2.4437808139322517	-0.9999991080625836	0.055918633503450055	0.08683193467881495	14529735.8	424901.5	22.65	22.78502919478973
-2.4437808139322517	-0.9999992003694953	0.03726739153042732	0.08683193467881495	14529735.8	111125.0	22.645000000000003	22.762108694846813
-2.4437808139322517	-0.9999990702877255	0.1638515364275751	0.08683193467881495	14529735.8	735622.5	22.77	23.028689384988052
-1.8761258737625077	-0.99999953631958	0.019950141450146328	0.15318240567068486	27396905.6	328866.0	24.0	24.34584355775537
-2.1641040039917154	-0.9999993784656996	0.09229208115664929	0.1148527961555201	21982049.4	858203.5	23.85	24.007894164954763
-2.1641040039917154	-0.9999994252139979	0.07188804590790232	0.1148527961555201	21982049.4	307113.0	24.325000000000003	24.436159434523294
-2.1641040039917154	-0.9999993713802218	0.2727194950654951	0.1148527961555201	21982049.4	1002843.5	24.72	25.16263993827335
-2.1641040039917154	-0.9999994131488666	0.08247019795689979	0.1148527961555201	21982049.4	400387.5	25.265	25.323893100481182
-0.7856255301257573	-0.9999994508759471	0.19899170201570698	0.4558344743896859	27213086.0	3089005.5	27.01	27.493627279792094
-1.9459033296296915	-0.9999994972963353	0.14498376232783675	0.14285811706412488	28842911.1	1981642.5	24.900000000000002	25.323642506007065
-1.9459033296296915	-0.9999995392574708	0.12591545535437407	0.14285811706412488	28842911.1	590753.5	25.8	25.83221719884714
-1.9459033296296915	-0.9999995432902475	0.20804783112743647	0.14285811706412488	28842911.1	525884.5	25.885	26.00764921969835
-2.1174362739403123	-0.9999994394932851	0.02318008455725116	0.12033975152819565	22914339.3	378374.0	23.31	23.45613645099401
-2.1174362739403123	-0.9999994041739679	0.2440088822159033	0.12033975152819565	22914339.3	849972.0	23.73	23.933011194497077
