-0.7078778820900553	-0.9999905437948253	0.10693136831732152	0.4926886322326271	1181554.6666666667	71183.0	10.08	10.101251987266668
-0.7078778820900553	-0.9999910504228162	0.12243620506186492	0.4926886322326271	1181554.6666666667	39120.0	10.17	10.177345644469316
-1.7516826802267462	-0.9999924537565216	0.06452844754441564	0.17348178334682748	1446027.4	54833.5	9.77	9.785901996634236
-1.7516826802267462	-0.9999936444913144	0.0487184076040486	0.17348178334682748	1446027.4	9800.0	9.74	9.84656746031746
-1.7516826802267462	-0.999991773647388	0.3988745137824994	0.17348178334682748	1446027.4	146609.0	9.86	10.133446953921135
-1.809083549874955	-0.9999929040582514	0.5962161540775669	0.16380418640282646	1810279.2	379129.5	10.3	10.306676561913536
-1.809083549874955	-0.9999934286294403	0.6879279617296689	0.16380418640282646	1810279.2	146680.0	10.47	10.608147092003009
-1.809083549874955	-0.9999935392533782	0.2858471382073056	0.16380418640282646	1810279.2	120060.0	10.695	10.712903697078117
-2.1012356633396188	-0.9999961742940711	0.10815497116065907	0.12230520678254392	2832646.2	50861.0	10.21	10.219330464456121
-1.435829672884325	-0.9999897737521718	0.06237862397933072	0.23791788808536263	972559.7142857143	20860.0	9.71	9.717367890729959
-1.435829672884325	-0.9999913574793889	0.02452424992946045	0.23791788808536263	972559.7142857143	4470.0	9.585	9.589997860962567
-1.9951807270633273	-0.9999958393732571	0.13132507668187124	0.13598907503968288	2904379.2	177022.5	10.22	10.249563886318123
-1.9951807270633273	-0.9999961729702002	0.2043808944326133	0.13598907503968288	2904379.2	67180.0	10.190000000000001	10.226189169847329
-1.9951807270633273	-0.9999956418781024	0.4569646404530649	0.13598907503968288	2904379.2	314153.0	10.23	10.39760233262709
