-1.5689905958299804	-0.9999985163092414	0.004526851783160887	0.2082552900555978	6128611.0	8891.5	21.3	21.480285517360098
-1.5689905958299804	-0.9999980901077039	0.0984598985330167	0.2082552900555978	6128611.0	121173.5	21.355	21.426802670692886
-1.0704010865112816	-0.9999983892041717	0.0028072272105420406	0.3428709689153839	5217173.0	4463.0	23.23	23.362409321586032
-1.8438908755639813	-0.9999979989706999	0.0283652419696611	0.15820068786847952	5414133.1	50707.0	20.5	20.7681829406375
-2.310901322175273	-0.9999969184984676	0.9371906570076179	0.09917182549936915	4668377.1	1768444.0	20.62	21.760793549218054
-2.310901322175273	-0.999997270547682	0.17721058336664028	0.09917182549936915	4668377.1	341844.0	21.95	21.97448327295826
-2.310901322175273	-0.9999974567651464	0.23713131847303123	0.09917182549936915	4668377.1	143311.0	21.755000000000003	21.91042665765502
-2.310901322175273	-0.9999979658303715	0.009823890396414533	0.09917182549936915	4668377.1	13309.0	21.98	22.021929688546585
-2.167814785772512	-0.9999967543118438	0.22492290296337003	0.11442739227071258	3869361.2	284570.5	20.09	20.3766891747132
-2.167814785772512	-0.9999969551146962	0.15672543815697793	0.11442739227071258	3869361.2	130843.0	20.485	20.734350930497534
-2.1255279317705567	-0.999997158377662	0.09632940400643814	0.1193699324490892	4139425.4	128370.5	19.5	19.555366324216916
-2.1255279317705567	-0.9999968145317042	0.18903414237095917	0.1193699324490892	4139425.4	532856.0	19.740000000000002	19.803274558206365
-2.371942173933056	-0.9999976895894169	0.16247734006515546	0.09329934664065424	5547423.3	368362.5	21.650000000000002	21.939339818637652
-2.371942173933056	-0.9999979560790514	0.06360978696694783	0.09329934664065424	5547423.3	83992.5	21.965	22.046508001609876
-2.371942173933056	-0.9999978430159717	0.20504628214146253	0.09329934664065424	5547423.3	157266.5	22.125	22.345902595593387
-2.0800183937323613	-0.9999974211952715	0.15103021380541928	0.12492791428682905	4796454.7	235417.5	19.67	19.901819492829947
-2.0800183937323613	-0.9999977913362567	0.040440218813583916	0.12492791428682905	4796454.7	39884.0	20.03	20.116247022300282
-1.2801447593161541	-0.99999829039644	0.020731895187943924	0.2779970548767465	6192716.0	39619.0	23.400000000000002	23.72906058106555
-0.7739976846627106	-0.9999976504713258	0.12962792211314206	0.46116578296175625	5226087.333333333	215095.5	23.14	23.349834230231455
-2.244369511398265	-0.9999971450172895	0.03331666279052911	0.10599434753872577	3731128.0	42289.0	20.39	20.453849449489674
-0.2811064301529386	-0.9999972190689282	0.16418280244381564	0.7549479819750836	4404581.5	208737.5	22.580000000000002	22.631133178453723
-0.2811064301529386	-0.9999972669763116	0.18315849470824652	0.7549479819750836	4404581.5	169028.0	22.815	22.895033271966856
-0.2811064301529386	-0.9999980269848999	0.007097143948801223	0.7549479819750836	4404581.5	5944.0	22.995	23.031755608407263
-0.2811064301529386	-0.9999970551977615	0.30711413694832473	0.7549479819750836	4404581.5	429604.0	22.935000000000002	23.039624677695876
