-2.3798801018701994	-0.9999987355834832	0.00018808392517666582	0.09256167481675857	4415867.9	265.0	23.45	23.50914509985939
-2.3798801018701994	-0.9999976418355482	0.03474536913615813	0.09256167481675857	4415867.9	33300.0	23.549999999999997	23.57079512195122
-2.3798801018701994	-0.9999975782251691	0.06008348743635204	0.09256167481675857	4415867.9	44100.0	23.53	23.540481520041645
-1.8707423638503962	-0.9999982716655063	0.04405781128700505	0.1540092884386919	7200565.2	253972.5	23.05	23.121014635157305
-1.8707423638503962	-0.9999984090909078	0.07101928351861123	0.1540092884386919	7200565.2	94413.0	23.075	23.293097456285587
-1.8707423638503962	-0.9999983818722384	0.04915737400199574	0.1540092884386919	7200565.2	114855.0	23.28	23.443770798261617
-2.002559181128694	-0.9999981437063681	0.14022064004764193	0.13498937853888368	6782348.2	293615.5	23.27	23.442772087851413
-2.002559181128694	-0.9999981967912902	0.15495857218430084	0.13498937853888368	6782348.2	204840.0	23.585	23.828448153037062
-1.4569873960760102	-0.9999988446900312	0.001250050586248634	0.23293696556433827	6880331.0	2831.5	25.3	25.446908202208625
-1.4569873960760102	-0.9999982079942771	0.14114397473182083	0.23293696556433827	6880331.0	226293.5	25.55	25.665931414116262
-1.4569873960760102	-0.9999981962726348	0.20493971837010683	0.23293696556433827	6880331.0	245300.0	25.76	25.830313513513513
-1.4569873960760102	-0.9999982691684877	0.07954476898247623	0.23293696556433827	6880331.0	148551.5	25.725	25.867290634599346
-1.5878970508632702	-0.9999984403550374	0.014444877089192126	0.20435490815943058	7426819.857142857	107279.5	26.0	26.14906379214989
-2.348839484297683	-0.9999976537364136	0.03787132787497975	0.09547990387210442	4670326.5	57400.0	23.580000000000002	23.686288935600995
-2.158182962757338	-0.9999980482119651	0.06248691716133558	0.11553486157347821	5940929.9	108600.0	23.88	24.085697641774285
-1.6979930745530962	-0.9999987793482568	0.003422284906558092	0.18305052441388592	7327577.125	7664.0	26.11	26.26416202021391
-1.6979930745530962	-0.9999983290823722	0.10172417888867201	0.18305052441388592	7327577.125	207684.0	26.130000000000003	26.15638972744027
-1.2952507381916658	-0.9999983128526306	0.07078843846370347	0.27382919628545255	7132679.0	168362.5	25.6	25.616104739330353
-2.0590226500284445	-0.9999981826002187	0.049001079480787454	0.12757859792135065	6296232.3	93224.0	23.7	23.85263908948195
-2.0590226500284445	-0.9999981537303086	0.03518730728531077	0.12757859792135065	6296232.3	111807.5	23.950000000000003	23.97650149268265
-2.0590226500284445	-0.9999981317356446	0.1118542150166665	0.12757859792135065	6296232.3	128414.5	23.865000000000002	23.925995259795812
-2.0590226500284445	-0.9999980103133843	0.1297811164066874	0.12757859792135065	6296232.3	275826.0	24.055	24.137423785188396
-2.3158354258053357	-0.9999973877158079	0.07869078778122515	0.0986837066399769	4925875.2	387621.0	23.18	23.21483297203263
-1.0840761974028708	-0.9999983631745446	0.10901136177471114	0.3382140846710976	7643867.5	271488.0	24.96	25.247280079689503
-0.28801966017301767	-0.9999982749547255	0.12339343933780836	0.7497468519413147	7637212.5	526778.5	26.48	26.594568168602482
