-0.2837806344399491	-0.9999990363537069	0.0827151897310586	0.7529317938961598	13465943.5	432096.5	23.91	24.48465852495677
-0.2837806344399491	-0.9999992273984967	0.015389625720047293	0.7529317938961598	13465943.5	32984.0	24.410000000000004	24.495695142247882
-1.076458702001285	-0.9999991714268656	0.02544660415508157	0.34080026651445977	14867891.75	223939.5	25.2	25.554772358434814
-1.076458702001285	-0.9999990790911142	0.25338483573806825	0.34080026651445977	14867891.75	883788.0	25.335	26.18188161028494
-2.330005089210857	-0.9999982400789998	0.04240115754514723	0.09729525193222031	6533435.0	98550.0	24.66	24.995624511712986
-2.330005089210857	-0.9999984630416114	0.019322216547673653	0.09729525193222031	6533435.0	22961.5	25.105	25.124864643235604
-2.330005089210857	-0.9999983088432134	0.055049691266862495	0.09729525193222031	6533435.0	62884.0	25.065	25.074437512410793
-2.330005089210857	-0.9999980475826926	0.18058742079797288	0.09729525193222031	6533435.0	346621.5	25.07	25.329697756098284
-1.587516823663493	-0.9999992009287964	0.05721752799948062	0.20443262422786598	16091681.285714285	383999.5	28.28	28.704379441805845
-1.7930015266450852	-0.9999992416813979	0.018230720439373328	0.16645978560283795	15358520.555555556	114307.0	26.67	26.805328638659244
-0.7786258901495462	-0.999999059644383	0.050866797027123135	0.45903634449520625	13240478.666666666	255443.0	24.5	24.978478648611656
-0.7786258901495462	-0.9999990381591206	0.16103704542281533	0.45903634449520625	13240478.666666666	339500.5	24.985	25.087951609255015
-0.7786258901495462	-0.999999007673247	0.2482524825174996	0.45903634449520625	13240478.666666666	508326.5	25.14	25.318324987550543
-2.3943136616385208	-0.9999983345227785	0.010053488734161837	0.09123527570849183	5920980.6	19172.0	23.36	23.57272901419716
-2.1718568426965876	-0.9999990770942002	0.003621756315323769	0.11396580374948133	10489830.0	16011.5	26.45	26.481561223328736
-1.875116780520036	-0.9999992143766523	0.011595914085602507	0.15333705901781328	14716565.6	104995.0	27.0	27.08283826698797
-1.9471800636969545	-0.9999991005883535	0.06823511486290718	0.14267584162267674	14309787.4	388631.5	26.7	27.09444641533468
-1.9471800636969545	-0.9999990809916036	0.07917702766800998	0.14267584162267674	14309787.4	514429.0	27.17	27.18947969113738
-1.9471800636969545	-0.9999991421781128	0.09309989407869314	0.14267584162267674	14309787.4	214324.0	27.005000000000003	27.22987884572223
-1.9471800636969545	-0.9999990514442795	0.23034445311632934	0.14267584162267674	14309787.4	785149.5	27.240000000000002	27.31878405522179
-2.0120665399087616	-0.9999991765513097	0.017130375834247046	0.13371206763345808	13927646.0	95673.0	27.45	27.568492090695642
-2.0120665399087616	-0.9999991595701292	0.03900157286387304	0.13371206763345808	13927646.0	121200.5	27.805	27.89168514182149
-2.1234577165615285	-0.9999989831517153	0.03421082942233842	0.11961730987264764	11882996.1	176875.0	26.1	26.41315228473445
-2.2950760530616465	-0.9999984914829878	0.020711777398507318	0.10075373034724783	7188816.1	51248.0	24.55	24.869838547680708
