-1.8832736242089336	-0.9999909234130153	0.15347491249788006	0.15209139982590872	1207384.6	57464.0	8.86	8.884022107526881
-1.8832736242089336	-0.9999906009835698	0.33393297480836476	0.15209139982590872	1207384.6	84814.0	8.9	8.943418984280532
-1.8832736242089336	-0.9999907559611722	0.3374907938518524	0.15209139982590872	1207384.6	70340.0	8.995000000000001	9.025970158494303
-2.185550306415893	-0.9999892905646218	0.24167724440341565	0.11241585346390907	1037660.8	67020.0	8.97	9.028727192466155
-2.185550306415893	-0.9999895690477796	0.258083886517122	0.11241585346390907	1037660.8	50200.0	9.08	9.089451303155005
-2.185550306415893	-0.9999889840126858	0.43367710827945716	0.11241585346390907	1037660.8	92120.0	9.1	9.148890883546676
-2.15968922684825	-0.9999903882922991	0.04951202434877042	0.11536096655902775	992210.2	13860.0	9.1	9.19789014186977
-1.4160880298791787	-0.9999923553671294	0.13844300067486454	0.24266144685952373	1443817.0	62158.0	8.45	8.536962313284738
-1.4160880298791787	-0.9999914481207394	0.22971525797711614	0.24266144685952373	1443817.0	230347.5	8.56	8.565438787333619
-2.038485817661214	-0.9999886897456796	0.329394527806905	0.13022574719278054	1079996.7	201800.0	9.26	9.271692555012734
-2.038485817661214	-0.9999893189680983	0.5201198085910286	0.13022574719278054	1079996.7	102280.0	9.265	9.307021220854075
-2.038485817661214	-0.9999889973916898	0.38033258195983677	0.13022574719278054	1079996.7	144751.5	9.26	9.297327745079176
-0.23930146354048576	-0.9999938107475608	0.0333022170361727	0.7871775412710585	1545580.0	14270.0	9.09	9.099197364953888
-1.9664321732726187	-0.9999905896399942	0.024515162057810527	0.13995530277070012	1017575.0	14410.0	8.86	8.875617591214656
-1.9664321732726187	-0.9999890826977	0.3580320781301268	0.13995530277070012	1017575.0	66780.0	8.905000000000001	8.962969422911284
-1.9664321732726187	-0.9999890572768821	0.19960393778695068	0.13995530277070012	1017575.0	68530.0	9.004999999999999	9.028236836355692
-1.51145720343035	-0.9999916847116345	0.22167094358789735	0.22058830161255705	1383688.625	99286.0	8.620000000000001	8.699877546941854
-0.6974525943404104	-0.9999923543011021	0.18688910661601066	0.4978519206132349	1545657.3333333333	135621.5	8.96	8.962683999755322
-0.6974525943404104	-0.9999922499868911	0.545183951828114	0.4978519206132349	1545657.3333333333	159350.0	8.99	9.07531914893617
-2.0033913979288176	-0.9999891346283436	0.2385194050883044	0.1348770848430566	1030103.6	72580.0	9.06	9.102056100518022
-2.0033913979288176	-0.9999886494417929	0.6180553367197917	0.1348770848430566	1030103.6	119640.0	9.155000000000001	9.214977856510185
-2.0033913979288176	-0.9999886715136246	0.21845419150066459	0.1348770848430566	1030103.6	116950.5	9.18	9.221537506279159
-2.071526011198927	-0.999989604015226	0.23644295972070573	0.12599336763936078	1079254.1	74600.0	9.21	9.353023540951448
