-1.4470040673883917	-0.999992404726797	0.20906377383261526	0.23527409862765017	1516941.857142857	100869.0	10.56	10.703689415562824
-1.4470040673883917	-0.9999928039269678	0.16936657432569335	0.23527409862765017	1516941.857142857	55050.5	10.684999999999999	10.690222625132437
-1.4470040673883917	-0.9999927444267587	0.19728029098542968	0.23527409862765017	1516941.857142857	60250.5	10.675	10.74043441737322
-1.4470040673883917	-0.9999922620849584	0.24313700093992602	0.23527409862765017	1516941.857142857	125236.5	10.745000000000001	10.834040807540639
-2.2077197871580236	-0.9999973191711701	0.040061615913085186	0.1099510747470793	4435878.5	146067.5	11.11	11.110757032126582
-2.2077197871580236	-0.9999972205314434	0.13574414260213277	0.1099510747470793	4435878.5	226246.5	11.13	11.175049863403498
-1.3300701458346478	-0.9999929606959879	0.07335049773552035	0.2644587099722415	1483227.1666666667	34230.0	10.46	10.466681141065076
-1.3300701458346478	-0.9999935809011171	0.05526518877816616	0.2644587099722415	1483227.1666666667	13642.0	10.46	10.467889385816273
-1.3300701458346478	-0.9999929067777179	0.12410898473629071	0.2644587099722415	1483227.1666666667	37080.0	10.46	10.506198014237542
-1.702761641275029	-0.9999928135013464	0.04723306332758077	0.18217971368439606	1382323.4	20620.0	10.540000000000001	10.596040332147094
-1.9695122796419655	-0.9999944791950199	0.39446130239942	0.13952488875197258	2378660.3	504901.0	12.120000000000001	12.228732495361584
-2.118757110428242	-0.9999967644805552	0.14448038015038717	0.12018090732013523	3874968.5	278600.0	11.09	11.223528399969421
-2.118757110428242	-0.999996816275196	0.2661838864029219	0.12018090732013523	3874968.5	227938.0	11.290000000000001	11.290125941448638
-2.118757110428242	-0.9999969190674254	0.3300353198398132	0.12018090732013523	3874968.5	153048.5	11.315000000000001	11.352167718112945
-2.118757110428242	-0.9999968023037796	0.2775200015870248	0.12018090732013523	3874968.5	240618.5	11.355	11.377663401189315
