-1.441755896226798	-0.9999935173058516	0.10294005594923206	0.2365121031554084	1767337.142857143	94570.0	10.53	10.57824014440755
-1.441755896226798	-0.9999929277532003	0.2735821274139042	0.2365121031554084	1767337.142857143	268080.0	10.585	10.600076070623592
-2.1946748888989385	-0.9999903335308192	0.21468742324273507	0.11139477129523957	1192445.7	101390.0	9.94	9.979294185862633
-1.697347780066562	-0.9999929836093028	0.24788085584049768	0.1831686840278209	1746626.0	210030.0	10.47	10.47059411379987
-1.697347780066562	-0.999993207267199	0.412360065694405	0.1831686840278209	1746626.0	142110.0	10.535	10.571193842779365
-1.697347780066562	-0.9999927937247536	0.4541067150004345	0.1831686840278209	1746626.0	292630.0	10.605	10.64903019564415
-2.220351832400043	-0.9999896606753823	0.39060467062263066	0.10857090334289084	1154709.7	153110.0	9.98	10.078773106251669
-2.220351832400043	-0.9999917497161538	0.10109643951898137	0.10857090334289084	1154709.7	13720.0	10.040000000000001	10.04430373360242
-2.220351832400043	-0.9999892899817175	0.29272576900172304	0.10857090334289084	1154709.7	234910.0	10.045000000000002	10.085263989114853
-2.108569952735686	-0.9999932730783552	0.07427891025695117	0.12141146648267827	1645731.7	64260.0	9.99	9.995877628842154
-2.108569952735686	-0.9999937702982923	0.06013519920023366	0.12141146648267827	1645731.7	28350.0	9.98	10.01615260426677
-2.108569952735686	-0.9999929935267053	0.1575846514407076	0.12141146648267827	1645731.7	101800.0	9.995000000000001	10.013452151573539
-1.3236595782723994	-0.9999931398961316	0.08499293887079575	0.2661594860454075	1734850.0	147450.0	10.450000000000001	10.451995621288727
-0.7073579282677718	-0.9999947292722402	0.12585474752784986	0.4929448741813695	2339540.0	226630.0	10.635000000000002	10.71882618677331
-0.7073579282677718	-0.9999948098548123	0.44390747690076	0.4929448741813695	2339540.0	187690.0	10.635000000000002	10.734334908334908
-0.7073579282677718	-0.9999946419313368	0.2836277197015555	0.4929448741813695	2339540.0	278010.0	10.66	10.709941604494794
-1.8730371951221614	-0.9999923745721528	0.3292722639818175	0.15365626832316517	1689064.0	392320.0	10.71	10.729090499252925
-1.8730371951221614	-0.999992485388429	0.7458802923456428	0.15365626832316517	1689064.0	325350.0	10.690000000000001	10.753729082920445
-2.004743275358088	-0.9999940725966855	0.0814829572946357	0.13469487074964237	1788077.7	40080.0	10.09	10.109372691662003
-2.004743275358088	-0.9999933589828816	0.18333144570979776	0.13469487074964237	1788077.7	143580.0	10.05	10.123230195591026
-2.004743275358088	-0.9999942089130528	0.06883090672064447	0.13469487074964237	1788077.7	31410.0	10.07	10.140435831026167
-2.004743275358088	-0.9999936374918682	0.13235570710043015	0.13469487074964237	1788077.7	87260.0	10.155000000000001	10.169097909172663
-0.24297359185139528	-0.9999959759016018	0.04961913907716979	0.7842922252037127	2704260.0	53220.0	10.19	10.47811466372657
-0.24297359185139528	-0.9999960069792027	0.14208142168534757	0.7842922252037127	2704260.0	48930.0	10.265	10.29918126515117
-0.24297359185139528	-0.9999962078780933	0.07687937890551032	0.7842922252037127	2704260.0	28420.0	10.285	10.31540275049116
-0.24297359185139528	-0.9999951814864679	0.4918053998102303	0.7842922252037127	2704260.0	456120.0	10.305	10.368883947939265
-2.041739495830017	-0.9999929119760702	0.09717242350152261	0.12980272308746404	1644083.7	115070.0	10.13	10.166195910123706
-2.041739495830017	-0.9999931775451032	0.16373960470405652	0.12980272308746404	1644083.7	74360.0	10.11	10.165568716534155
