-1.1736257449610654	-0.9999925031099003	0.26408504582804154	0.30924366747480225	1578724.4	138070.0	10.34	10.525401290153575
-1.1736257449610654	-0.9999928436613238	0.2082792082859228	0.30924366747480225	1578724.4	80650.0	10.56	10.575898355754857
-2.2306187121090826	-0.9999935515956317	0.18896612938856172	0.10746192157094817	1925533.9	246870.0	10.74	10.826638547176314
-2.1772837381792502	-0.999996048178033	0.01253123582017405	0.11334899842674875	2374345.4	11883.5	10.9	11.03213666663234
-2.1772837381792502	-0.9999950479333757	0.35456229761697283	0.11334899842674875	2374345.4	127760.0	11.085	11.133106252106506
-1.7617769742272646	-0.9999944743773931	0.20007000911964581	0.17173941600093198	2273801.7	286120.0	10.93	11.15178305352066
-1.7617769742272646	-0.9999945178167117	0.5173092336135849	0.17173941600093198	2273801.7	259210.0	10.86	11.278339194998047
-1.7617769742272646	-0.9999945680843815	0.35477118161774845	0.17173941600093198	2273801.7	231213.0	11.190000000000001	11.229663775000937
-1.8205242930811791	-0.9999954728663925	0.12710950799357681	0.16194082421888326	2538588.4	97980.0	11.1	11.172738051731837
-1.8205242930811791	-0.999995195519722	0.45831588639323745	0.16194082421888326	2538588.4	198113.0	11.25	11.304565632390235
-1.8205242930811791	-0.9999950050577189	0.5243927757219969	0.16194082421888326	2538588.4	321290.0	11.385000000000002	11.474523785121308
-0.981503133115229	-0.9999925412103275	0.2855830762626414	0.3747473800885124	1591520.5	143030.0	10.200000000000001	10.387253329239744
-1.5380613151046738	-0.9999939480232216	0.2735837578805942	0.2147971219662246	2001929.5	182704.5	10.700000000000001	10.959917334354252
-1.5380613151046738	-0.999993948566217	0.44919205005434737	0.2147971219662246	2001929.5	182506.0	10.94	10.99341601082582
-1.320848952360928	-0.9999935234626979	0.010235943084263226	0.26690861305821584	1458050.3333333333	12620.0	10.5	10.54433378574437
-1.9230656364292447	-0.9999961576980726	0.04328524141427542	0.1461582066984174	2856980.1	58534.0	11.200000000000001	11.265302771312193
-1.9230656364292447	-0.9999961814734233	0.07680860458610148	0.1461582066984174	2856980.1	54690.0	11.254999999999999	11.28481365241271
-1.9230656364292447	-0.9999961582007255	0.07295806964306466	0.1461582066984174	2856980.1	58450.0	11.32	11.349922300245149
-1.6225286555369494	-0.9999942892229328	0.3459845803359482	0.19739891360139172	2185778.777777778	263680.0	10.790000000000001	10.96112747942604
-1.967987996103741	-0.9999961170746472	0.10760803737594582	0.1397377264143327	2987273.5	109027.0	11.1	11.215109466097022
-1.967987996103741	-0.9999961144963027	0.23950782634930515	0.1397377264143327	2987273.5	109870.0	11.200000000000001	11.24572707129513
-0.2428408794815144	-0.9999943923589737	0.1008634355290229	0.7843963173906062	1961421.0	59810.0	10.08	10.083727250667316
-0.2428408794815144	-0.9999937995689578	0.3272373663986015	0.7843963173906062	1961421.0	191310.0	10.115	10.199216542839833
-0.2428408794815144	-0.9999945418585158	0.15273393364604376	0.7843963173906062	1961421.0	44609.0	10.195	10.212484949163398
-1.4391784366918379	-0.9999926740233633	0.24192858706512582	0.23712248981636444	1598355.5714285714	121723.5	10.53	10.625830725708976
-1.4391784366918379	-0.999992434646217	0.48486226941562455	0.23712248981636444	1598355.5714285714	178460.0	10.61	10.670290731354092
-2.0471483493355507	-0.999996132861394	0.1417155024394819	0.1291025344894823	3102331.6	162290.0	11.23	11.434571179967351
-2.0091110300664354	-0.9999962620482347	0.09529860228716647	0.13410783953116595	3081186.3	100440.0	11.200000000000001	11.285149388668849
-2.0091110300664354	-0.999996491568229	0.10516781103392325	0.13410783953116595	3081186.3	49519.0	11.14	11.180693832283232
