-1.5819884472673944	-0.999998083449031	0.11747948287698434	0.2055659345187303	6599084.75	310978.5	13.55	13.58647237254341
-1.5819884472673944	-0.9999982239683303	0.12096983632484888	0.2055659345187303	6599084.75	123029.0	13.42	13.424709008097171
-2.15039287286048	-0.9999954199257945	0.09920374873284875	0.11643840329766632	2492335.4	90678.0	10.5	10.516044040015538
-2.15039287286048	-0.9999960738337247	0.04851294315495203	0.11643840329766632	2492335.4	17770.0	10.495000000000001	10.512918682121018
-1.9192909137027319	-0.9999975844136	0.018561539920348948	0.14671095598423195	4338852.5	35626.5	12.21	12.302567647345697
-1.9192909137027319	-0.99999722000558	0.23780964873116414	0.14671095598423195	4338852.5	173161.5	12.285	12.329419827156652
-1.9192909137027319	-0.9999973805865068	0.13887010888111934	0.14671095598423195	4338852.5	86270.0	12.385000000000002	12.402344427480916
-1.209316843206471	-0.9999983489259254	0.057204740204211714	0.29840106452780324	7219621.0	150260.0	13.25	13.289820927907941
-2.0853986409964245	-0.9999968270456296	0.05749565524658664	0.12425757612733233	3614739.0	95740.0	10.93	10.959856252814893
-0.7316009326876065	-0.9999985384709418	0.13613348529239935	0.48113810346895836	8884403.333333334	435744.5	13.3	13.446102209363856
-2.2062744575499282	-0.9999945442553204	0.19227049767867413	0.11011010518887195	2152821.2	126151.0	10.450000000000001	10.469214461905603
-2.2062744575499282	-0.9999943435952261	0.47694114586145786	0.11011010518887195	2152821.2	194312.5	10.57	10.695273397414992
-2.2062744575499282	-0.9999944183458321	0.43945333512909135	0.11011010518887195	2152821.2	165429.0	10.695	10.77565616071871
-2.2062744575499282	-0.99999421583078	0.3504437659891916	0.11011010518887195	2152821.2	255832.5	10.825	10.875997517127667
-1.866920170269889	-0.9999975923857607	0.04959567471333944	0.15459906816041838	5092512.1	211250.5	12.370000000000001	12.372252790981822
-1.866920170269889	-0.9999978170921742	0.09344924540463648	0.15459906816041838	5092512.1	67270.0	12.395	12.411934546748087
