-1.353056717441947	-0.9999954228482519	0.17669161447991447	0.25844904629493437	2588472.6666666665	139780.0	12.700000000000001	12.819748084181631
-1.6601398200853406	-0.9999952070931368	0.10582214087922753	0.19011239671158542	2335017.4444444445	72512.0	12.6	12.619641183947705
-1.8569650680022145	-0.9999946631987037	0.18551024887809744	0.15614580387659882	2174329.2	109530.0	12.18	12.261944640411668
-1.8569650680022145	-0.9999949261032534	0.20218929416842132	0.15614580387659882	2174329.2	61840.0	12.280000000000001	12.357674205028125
-1.8569650680022145	-0.9999946325927824	0.21573122079505452	0.15614580387659882	2174329.2	117067.0	12.38	12.442846248130296
-1.8569650680022145	-0.999994037914029	0.5680489092692307	0.15614580387659882	2174329.2	426571.5	12.42	12.56144096737703
-1.5744028055496628	-0.9999953674892667	0.07879920645676504	0.20713121336385318	2365754.625	57490.0	12.5	12.528763622555534
-1.5744028055496628	-0.9999953107756847	0.18675235677383847	0.20713121336385318	2365754.625	65745.0	12.51	12.558111942434278
-2.043832095178702	-0.9999936726256008	0.09048361379548302	0.12953138199678485	1677474.3	40700.0	12.41	12.433387955182072
-2.043832095178702	-0.9999938060117454	0.11354944251201796	0.12953138199678485	1677474.3	32540.0	12.42	12.434680885704982
-1.7991922539039285	-0.9999945927297303	0.1034144164153549	0.16543246169269485	2122878.1	96661.0	12.1	12.1017007964749
-1.7991922539039285	-0.9999945174326484	0.0954529291586099	0.16543246169269485	2122878.1	113415.5	12.15	12.157811137649965
-0.726090530205874	-0.9999947429912809	0.17340734654401743	0.4837966862717912	2413733.3333333335	324167.0	12.540000000000001	12.548487605706503
-0.726090530205874	-0.9999952504857766	0.27379628919727056	0.4837966862717912	2413733.3333333335	95230.0	12.585	12.594206814814811
-0.726090530205874	-0.9999949095595644	0.2503388261262072	0.4837966862717912	2413733.3333333335	216850.0	12.594999999999999	12.6362613515131
-2.1170287157920837	-0.9999956777295473	0.25560149003669724	0.1203888069702803	3072828.6	586304.5	12.88	12.887703071252329
-2.1170287157920837	-0.9999954242651645	0.7432852396375585	0.1203888069702803	3072828.6	1277541.5	12.9	13.095884039020746
-2.081312565593892	-0.9999944482922057	0.566274661021597	0.12476634067000487	2337594.5	432630.5	12.530000000000001	12.751547794315101
-2.081312565593892	-0.9999947051315738	0.744734795082263	0.12476634067000487	2337594.5	237340.5	12.695	12.711159664365152
-2.081312565593892	-0.9999941476621523	0.6935139789651271	0.12476634067000487	2337594.5	873612.0	12.780000000000001	12.792164644211724
-1.9584223680453283	-0.9999939152630564	0.1549351612771089	0.141080819052046	1867046.2	85860.0	12.35	12.401783822821375
-1.9584223680453283	-0.9999934018572089	0.16976193261470793	0.141080819052046	1867046.2	223917.5	12.435	12.438183141631256
