-1.8864857201487804	-0.9999920567936873	0.30402074049415034	0.15160365142473617	1472935.2	120550.0	9.59	9.628433300297324
-1.8864857201487804	-0.9999924380607097	0.36472535517618226	0.15160365142473617	1472935.2	68750.0	9.695	9.70472867718056
-1.8864857201487804	-0.9999913484827169	0.383535855598005	0.15160365142473617	1472935.2	342190.0	9.705000000000002	9.99692399351645
-1.5116496822971175	-0.999985127943101	0.07897228768344891	0.22054584711216857	682959.0	25770.0	8.790000000000001	8.80901428444681
-1.5116496822971175	-0.9999846110413366	0.10284963632998918	0.22054584711216857	682959.0	36680.5	8.91	8.915802768342882
-2.011762130510647	-0.999993932303116	0.10307409126680128	0.13375277703933564	1796746.6	54290.0	10.31	10.340970312636832
-2.011762130510647	-0.9999933662115283	0.5099991439205449	0.13375277703933564	1796746.6	150126.0	10.4	10.47910542929955
-1.7299455923826306	-0.9999897470947237	0.06387352911014928	0.1772940558546234	1031656.6	39240.0	9.21	9.2261468214113
-1.7299455923826306	-0.9999886421273528	0.4036039805767435	0.1772940558546234	1031656.6	122690.0	9.25	9.271334222815211
-1.7299455923826306	-0.9999880620857854	0.8453600828695278	0.1772940558546234	1031656.6	223200.0	9.265	9.302356466559226
-0.965784160109527	-0.9999857186015458	0.18955365042560332	0.38068456501572323	772823.5	62130.0	8.85	8.850360981545325
-0.965784160109527	-0.9999876102979172	0.1805529433891292	0.38068456501572323	772823.5	14400.0	8.875	8.8773322147651
-2.114325374152722	-0.9999936906615621	0.0654861426001759	0.12071469934582055	1647777.1	32740.0	10.38	10.380502284903876
-1.9730558926579866	-0.9999938947699586	0.07359151564917948	0.1390313415267816	1732360.2	39200.0	10.200000000000001	10.251723711118286
-1.9730558926579866	-0.9999931428220734	0.5553245233034532	0.1390313415267816	1732360.2	144220.0	10.285	10.400175413078893
-0.6954091137692632	-0.9999875118138478	0.07319595752644746	0.4988703115169451	810160.0	24770.0	8.86	8.891944538003818
-1.6660056028502996	-0.9999875701017193	0.28171357637757843	0.18900050294331408	922942.6	95997.0	9.09	9.187981132608035
-1.6660056028502996	-0.9999885873845805	0.36858848480087975	0.18900050294331408	922942.6	37540.0	9.184999999999999	9.19226409119696
-1.6660056028502996	-0.9999870716027707	0.5248443464483451	0.18900050294331408	922942.6	152080.0	9.16	9.179258221680875
-1.6660056028502996	-0.999987331732558	0.6033445726981789	0.18900050294331408	922942.6	119620.0	9.190000000000001	9.229949600278069
-1.2991304499005185	-0.999985020103137	0.13208092485549133	0.2727688761446399	701389.1666666666	36560.0	8.88	8.937344877344879
-1.59401303174777	-0.9999854101326902	0.47925987112873547	0.20310889163804496	815743.5555555555	147500.0	8.93	9.016681583076656
