-2.2894321052663087	-0.9999990322704133	0.0639255389200871	0.10132398687680257	13554190.2	497220.5	29.650000000000002	29.787108213648565
-2.2894321052663087	-0.9999992776885447	0.010845473904002602	0.10132398687680257	13554190.2	17859.5	29.810000000000002	29.818681561920148
-2.2482241871705737	-0.9999986744193933	0.9906323213347603	0.10558656014428779	11840070.2	6549945.5	30.0	30.68095574549416
-2.1621091473424694	-0.9999984890597033	0.18846831713372253	0.11508213969730495	8858286.6	649748.5	24.900000000000002	25.37042136093798
-0.7795623525059493	-0.9999988284963135	0.02797851346502632	0.4586066754542072	9747704.333333334	91077.0	24.89	25.04717513365608
-1.868156579564227	-0.9999988416926708	0.12066052559400654	0.15440803855537413	11274952.5	469704.0	26.23	26.73349343646543
-1.287886217548892	-0.9999987548635066	0.33053154546405095	0.27585326103930446	11171260.6	1098815.5	24.53	25.206173208563868
-1.287886217548892	-0.9999988779237842	0.12499437764587985	0.27585326103930446	11171260.6	277896.0	25.725	25.804559690747013
-1.287886217548892	-0.9999988707315506	0.124673903422504	0.27585326103930446	11171260.6	301145.5	25.939999999999998	26.325518694590674
-1.287886217548892	-0.9999988437526522	0.12276080182810815	0.27585326103930446	11171260.6	407069.0	26.03	26.110037517059165
-1.0779092983510565	-0.9999986962928967	0.09222812598522157	0.34030626127957314	9610680.25	276373.5	24.78	25.040595819563727
-2.4556780548704316	-0.9999993394543774	0.008437566598221579	0.08580499521700974	18067768.5	152448.0	26.27	26.39686210319754
-2.20612655523132	-0.9999982891483931	0.8036581476012443	0.11012639193312557	8726292.1	3046154.5	26.48	27.52600325528572
-1.4510188243180129	-0.9999989991938418	0.026509354904127477	0.2343314238810006	11543359.5	104053.0	26.150000000000002	26.424878829426277
-0.2838128440308669	-0.9999986291341335	0.2013008145614806	0.7529075426616527	9743395.5	632153.0	24.150000000000002	24.472884829373115
-0.2838128440308669	-0.9999986630547354	0.25016053530124466	0.7529075426616527	9743395.5	454241.5	24.635	24.801663040099474
-1.785973492293536	-0.9999988418194411	0.06840050712743045	0.16763379133819717	11145130.111111112	403556.0	25.900000000000002	26.077251890273548
-1.785973492293536	-0.9999988427980346	0.1723842644918567	0.16763379133819717	11145130.111111112	399178.5	26.490000000000002	26.721736992533845
-1.785973492293536	-0.9999988608560079	0.10984025008645544	0.16763379133819717	11145130.111111112	326408.5	26.545	26.5964756219901
