-2.087984044698591	-0.9999960634523402	0.047338942992655404	0.12393673506054827	2843811.1	72750.0	12.61	12.675138952164009
-2.087984044698591	-0.9999963484212396	0.10773687291977917	0.12393673506054827	2843811.1	32350.0	12.635000000000002	12.646656084656085
-1.3627344868535611	-0.9999948268146668	0.14323280136988414	0.25595990013909814	2319233.3333333335	162400.0	13.16	13.316507267922034
-0.7334498588672017	-0.999994998488062	0.09775747833927942	0.48024933651888413	2345985.3333333335	124675.0	13.370000000000001	13.532630729883927
-0.7334498588672017	-0.9999947415112603	0.2487438612427967	0.48024933651888413	2345985.3333333335	227825.0	13.545000000000002	13.57084850162641
-0.7334498588672017	-0.999994759471686	0.439234751879538	0.48024933651888413	2345985.3333333335	218425.0	13.49	13.577381335787132
-1.8067816876001146	-0.9999952697346153	0.16991120280234337	0.1641816753771033	2614783.7	235300.0	12.74	12.830833580980684
-2.0086408730876197	-0.9999953728225255	0.3328411050958078	0.13417090609226562	2847068.6	526438.5	12.51	12.917850175184789
-1.9647981268363108	-0.9999952226602357	0.13870167170590295	0.14018418318411896	2602622.2	251100.0	12.4	12.412998823990591
-1.9647981268363108	-0.999995434839653	0.2649134060295061	0.14018418318411896	2602622.2	144550.0	12.45	12.559714085657603
-1.6678596136831838	-0.9999951951223603	0.08561889780532446	0.18865041859380513	2414218.5555555555	109099.5	12.41	12.494763867101792
-2.1874442569805495	-0.9999955644883498	0.1241497245678288	0.11220314488811133	2703274.9	161200.0	12.13	12.307025432616676
-2.1874442569805495	-0.999995635692123	0.12424848238853098	0.11220314488811133	2703274.9	132975.0	12.32	12.350145162667577
-2.1874442569805495	-0.9999956438488095	0.20975254601615292	0.11220314488811133	2703274.9	130075.0	12.32	12.372095108387244
-1.21252989154175	-0.9999950366204091	0.0840295373249923	0.2974438261343085	2307067.8	93980.5	13.170000000000002	13.269810150182652
