-1.6497801149010263	-0.999997319933096	0.03365952223816502	0.19209214217701379	4034516.375	49650.0	18.61	18.843337967468372
-1.6497801149010263	-0.9999971615288722	0.16217241215840578	0.19209214217701379	4034516.375	94075.0	18.87	18.927716800899045
-1.052683538741909	-0.9999973725975259	0.11470637985960362	0.3489999364951984	4652168.5	203437.5	19.29	19.410901797049853
-1.052683538741909	-0.9999969931017065	0.40893598675273696	0.3489999364951984	4652168.5	1188968.5	19.565	19.77277922983525
-2.138815740415971	-0.9999948211464109	0.03121230476212612	0.11779425943355219	1911092.5	19875.0	18.34	18.367088267610793
-1.739224421771058	-0.9999973728413898	0.01610988527407729	0.17565658322175592	3804219.3333333335	21900.0	18.85	18.92429064947029
-1.739224421771058	-0.9999970927040871	0.07779567830339819	0.17565658322175592	3804219.3333333335	63575.0	18.86	18.862957036663726
-1.739224421771058	-0.999997527398546	0.019081715534701477	0.17565658322175592	3804219.3333333335	12164.0	18.825000000000003	18.867119810040705
-1.417906043387526	-0.999997594873499	0.02188622419160315	0.2422206858473144	4487046.166666667	48625.0	19.71	19.741054860442734
-2.2140345538298454	-0.9999941312871816	0.05546602648020619	0.10925894697737694	1787429.8	35950.0	17.25	17.301246592317224
-1.9453383618037707	-0.9999964509620388	0.04363863512248936	0.14293885010757632	3167850.4	76329.0	18.31	18.31095448941984
-1.9453383618037707	-0.9999966189869297	0.08372370151216305	0.14293885010757632	3167850.4	44825.0	18.310000000000002	18.35329701460013
-1.9453383618037707	-0.9999963511963987	0.09257429485045537	0.14293885010757632	3167850.4	104700.0	18.384999999999998	18.390402069127674
-1.8845833765685753	-0.9999966207048088	0.08030733457813592	0.15189232815186107	3390555.4	94625.0	18.03	18.204984201287303
-1.8845833765685753	-0.9999964047715295	0.08829397552626957	0.15189232815186107	3390555.4	196775.0	18.22	18.25210864197531
-2.050450685463003	-0.9999955193669989	0.06058220091203881	0.12867689771036084	2416149.6	50305.0	18.3	18.320860359214997
-2.050450685463003	-0.9999955776222366	0.11219108940885308	0.12867689771036084	2416149.6	43700.0	18.375	18.38073089700997
