-2.0398801688598533	-0.9999983925824468	0.12773241916237726	0.13004429330071338	8112097.1	460250.0	12.96	13.093222053946784
-2.0398801688598533	-0.9999983806631262	0.11239894809689809	0.13004429330071338	8112097.1	506974.5	13.145	13.199852213808816
-2.1493807091850785	-0.9999986628511117	0.02005316354858309	0.11655631768416858	8416492.0	77195.0	12.475000000000001	12.61720121876312
-2.1493807091850785	-0.9999986852155929	0.10518105944876244	0.11655631768416858	8416492.0	63950.0	12.475000000000001	12.540668421052631
-1.5591302561598746	-0.9999975718060125	0.06665806020165041	0.21031891525649926	4823262.625	122004.0	11.665	11.825785619001982
-2.238874701176885	-0.999998032751758	0.021404939439933563	0.10657836943829763	5670636.8	69950.0	12.58	12.59507314733392
-1.8455540129729877	-0.9999983455330694	0.056390136728609895	0.15793779705872193	7232185.0	157220.5	13.190000000000001	13.3166575222244
-1.8455540129729877	-0.9999982318008688	0.07822585089114611	0.15793779705872193	7232185.0	357875.5	13.455000000000002	13.459519832086558
-2.265130104605936	-0.9999974281455997	0.0443951769620709	0.10381652665380696	4572571.7	128025.0	11.85	12.10688788392689
-0.7146866254334076	-0.9999970052745699	0.19447459286493912	0.48934543618507326	4438269.0	592079.0	11.315000000000001	11.416172078622907
-0.7146866254334076	-0.9999976289362653	0.03828593007089033	0.48934543618507326	4438269.0	37175.0	11.315000000000001	11.336021937842778
-0.7146866254334076	-0.9999969626785522	0.32188775631889904	0.48934543618507326	4438269.0	715293.5	11.335	11.541990826916203
-1.7179761323701201	-0.999997680961453	0.12015216794685696	0.17942892107045752	5267445.4	201875.0	11.91	11.957955282709547
-1.7179761323701201	-0.9999978622230415	0.20475261474622886	0.17942892107045752	5267445.4	77700.0	11.97	11.991324481865284
-1.7179761323701201	-0.9999976584834819	0.16088290556297336	0.17942892107045752	5267445.4	227250.0	12.095	12.180072431763978
-1.7179761323701201	-0.9999972716928459	0.866988532659819	0.17942892107045752	5267445.4	1743157.0	12.31	12.741397746739562
-1.6441067314425633	-0.9999976695600676	0.032006428988895386	0.19318505187536275	4681857.777777778	54763.0	11.8	11.820660969077299
-1.6441067314425633	-0.9999973802340298	0.1657097852363156	0.19318505187536275	4681857.777777778	212217.5	11.94	11.988905578671522
-1.6441067314425633	-0.9999973502621532	0.169142920693169	0.19318505187536275	4681857.777777778	244187.5	11.935	12.012030624129011
-1.6441067314425633	-0.9999972339586249	0.3044665705820028	0.19318505187536275	4681857.777777778	420925.0	12.01	12.110922661176168
-1.7844952795959828	-0.999998013709604	0.1975580956891911	0.16788177297674003	6575836.8	470485.0	12.950000000000001	13.169937275480613
-1.7844952795959828	-0.9999983605039824	0.12116659499952265	0.16788177297674003	6575836.8	48100.0	13.1	13.129534632034632
-1.7844952795959828	-0.9999979165789786	0.4739469859894553	0.16788177297674003	6575836.8	891121.0	13.36	13.819324244675691
-0.24866456447129515	-0.9999968824936694	0.13424641106046506	0.7798415160681422	4201500.0	488063.5	11.22	11.221517954484382
-0.24866456447129515	-0.9999971998432486	0.09268064260499964	0.7798415160681422	4201500.0	128650.0	11.245000000000001	11.285914859148592
-0.9919827118078609	-0.9999978452940452	0.04882265107539862	0.3708406914079033	5206037.5	74419.0	11.545000000000002	11.549155467719467
-0.9919827118078609	-0.9999978759232462	0.11621588619573846	0.3708406914079033	5206037.5	63450.0	11.535	11.60225744105141
-0.9919827118078609	-0.9999975309669743	0.23239964830074086	0.3708406914079033	5206037.5	382267.5	11.665	12.007143542881765
-1.1875342327635796	-0.9999977916836642	0.048170351382260584	0.3049723284867421	5546579.8	208688.5	11.86	11.923154958489874
-1.1875342327635796	-0.9999976745068483	0.21326069433895584	0.3049723284867421	5546579.8	399724.5	11.620000000000001	12.036182274575083
-1.1875342327635796	-0.9999977355916676	0.1547383170533522	0.3049723284867421	5546579.8	284850.0	12.075	12.251554181231514
