-2.3317127144578844	-0.9999942829384023	0.08790273820596235	0.09712924987859213	1932024.4	62660.5	14.55	14.993255336917755
-2.3317127144578844	-0.9999941661269603	0.18644512482504075	0.09712924987859213	1932024.4	78525.0	15.030000000000001	15.032624055875903
-2.3317127144578844	-0.9999945914410074	0.12059686102351368	0.09712924987859213	1932024.4	34525.0	15.004999999999999	15.065509022812394
-2.113884381584701	-0.9999935800306262	0.14270220091303812	0.12076794537077078	1793844.9	100350.0	15.49	15.687649033082947
-2.113884381584701	-0.9999937340668079	0.10137741978701853	0.12076794537077078	1793844.9	76122.5	15.620000000000001	15.627225832888431
-2.113884381584701	-0.999994014844788	0.18687067083893763	0.12076794537077078	1793844.9	46001.0	15.585	15.650935474701534
-2.279042286660691	-0.9999935038044884	0.09786404145234702	0.10238221258798416	1698715.5	62017.5	14.17	14.305407371737834
-2.279042286660691	-0.9999931229041445	0.16482419304720686	0.10238221258798416	1698715.5	118447.0	14.265	14.271158169503437
-2.279042286660691	-0.9999934543999807	0.26101305432912014	0.10238221258798416	1698715.5	67447.0	14.25	14.285906874218064
-2.279042286660691	-0.9999929493032088	0.2956813663312451	0.10238221258798416	1698715.5	159073.5	14.3	14.347339607955236
-1.7168469970806732	-0.9999925765511329	0.22206642949289288	0.17963163502138593	1593654.3333333333	137366.0	17.400000000000002	17.6271436186571
-1.3991741333587666	-0.9999924695412058	0.11263117646334075	0.24680070426754447	1514699.3333333333	89892.5	17.0	17.007813606721093
-1.3991741333587666	-0.9999919700902602	0.26730655309101287	0.24680070426754447	1514699.3333333333	191548.0	17.064999999999998	17.144692116813058
-0.2701278874283487	-0.9999922896140647	0.14292809609562604	0.7632818739388122	1486471.5	94964.5	17.36	17.682026059526034
-0.2701278874283487	-0.9999927406042693	0.21833913922912687	0.7632818739388122	1486471.5	48575.0	17.665	17.717833928235958
-2.220046054223704	-0.9999939058995866	0.07990354994468447	0.10860410703194155	1785325.2	53100.0	14.52	14.687804907385134
-1.0422984847379686	-0.9999943946279295	0.01421950253805862	0.35264320470802735	1618303.5	8700.0	17.080000000000002	17.14784852142426
-1.9783436804428234	-0.9999930960284688	0.10222639361423488	0.13829811358269306	1593940.8	60144.5	16.75	16.81792646370408
-1.6281189090248922	-0.9999920514693824	0.12806116187391325	0.19629848234673578	1500642.375	151432.5	17.2	17.20260923613646
-1.7944203875967806	-0.9999935769471644	0.04173837393099429	0.16622376978942416	1578368.9	25283.5	17.35	17.38953608257934
-1.7944203875967806	-0.9999933023626062	0.15065436142444857	0.16622376978942416	1578368.9	39000.0	17.405	17.41075221238938
-1.7944203875967806	-0.9999935289129976	0.10564547740523088	0.16622376978942416	1578368.9	27275.0	17.37	17.40392983282317
-2.3059871841440547	-0.9999925932004257	0.23058238843058462	0.09966036894049041	1742110.5	401700.0	14.39	14.396695873638954
