-1.6955119493386375	-0.9999976471498317	0.08118735245300536	0.1835052595796936	4978569.25	122249.5	25.900000000000002	26.357159444322797
-0.2851895220308856	-0.9999953007418688	0.29159515340817177	0.7518717445554456	2725475.5	365021.0	25.060000000000002	25.15044010611841
-0.2851895220308856	-0.9999955153470426	0.25939034500350744	0.7518717445554456	2725475.5	203375.0	25.44	25.68749681427327
-1.5863152409330294	-0.9999969232178394	0.27871497629809733	0.2046784145778288	4138733.8571428573	339076.0	25.92	26.65949866593785
-2.07302500716081	-0.9999992707764953	0.23750832792042403	0.1258046455721916	20074299.5	2277640.5	33.5	34.920861003470144
-2.2728452666469465	-0.9999996124020313	0.005086308131686556	0.1030186471706149	28643036.8	66301.5	32.05	32.32504835416646
-1.4549490078235607	-0.9999975377097581	0.017100763584913473	0.2334122657971376	3949376.1666666665	16721.5	25.98	26.037627101994993
-1.2914436177977258	-0.999997337261849	0.02443771907269837	0.27487368398672035	3899924.4	32352.5	25.54	25.636673373385864
-1.2914436177977258	-0.9999964713776104	0.5920893740943234	0.27487368398672035	3899924.4	947289.0	25.6	26.64846312027679
-2.129290832359701	-0.9999994240500766	0.048758761917972286	0.11892159930548686	22926403.4	542779.5	33.0	33.49830718731864
-2.129290832359701	-0.9999993909242691	0.2459180520918909	0.11892159930548686	22926403.4	1159982.0	33.5	33.75837487930377
-2.010824529559529	-0.9999992263866716	0.020291222125349753	0.13387824257941577	15276388.3	135674.0	30.490000000000002	30.701794058587275
-2.010824529559529	-0.9999990083124531	0.49769929986821	0.13387824257941577	15276388.3	3795792.5	31.740000000000002	32.637601502038194
-2.010824529559529	-0.9999990419874129	0.8332596196048482	0.13387824257941577	15276388.3	2269277.0	31.115000000000002	32.660104379142396
-2.010824529559529	-0.9999990317857954	1.2014180754951171	0.13387824257941577	15276388.3	2651976.5	33.75	34.0542136330978
-1.8707321417435379	-0.9999981681311365	0.43070361898306364	0.15401086274614179	7518451.4	958204.0	26.650000000000002	27.256867327874147
-1.8707321417435379	-0.9999979106221608	2.4605103971638074	0.15401086274614179	7518451.4	6641747.0	27.475	29.009938235171642
-2.2291135340024786	-0.999999573072679	0.00652639904130862	0.10762379269446522	27347883.5	117659.5	33.4	33.59554917551997
