-1.6770521433801098	-0.9999955243481675	0.19775075458189365	0.18692419037650068	2698887.625	176182.5	21.95	22.227260505711172
-2.2776839213589644	-0.9999949259472051	0.11344716316338181	0.10252137953145252	2430065.7	226449.5	18.63	18.639518864705895
-2.2776839213589644	-0.9999954563497481	0.17750089032048125	0.10252137953145252	2430065.7	62402.0	18.655	18.661267569930068
-2.2776839213589644	-0.9999949918367903	0.247409537702113	0.10252137953145252	2430065.7	192945.0	18.68	18.72474628766934
-2.208675216961838	-0.9999950514904332	0.12285233232818575	0.10984607438153128	2343996.0	109019.0	18.8	18.887694030121033
-0.28170337138859775	-0.9999959059260916	0.1647588131442565	0.7544974568757481	2902263.0	144650.0	22.86	23.07456589841128
-0.28170337138859775	-0.9999966810612485	0.04240366689327556	0.7544974568757481	2902263.0	15250.5	23.189999999999998	23.204762815723303
-0.28170337138859775	-0.9999962109963128	0.19689845747752208	0.7544974568757481	2902263.0	59675.0	23.17	23.187207276949874
-0.28170337138859775	-0.9999954604734826	0.37994502374793837	0.7544974568757481	2902263.0	526969.5	23.195	23.716537253326717
-2.170612816555871	-0.9999953685884507	0.034519762541001246	0.1141076684118718	2400596.0	67382.0	18.76	18.792381393640675
-1.9163848347086854	-0.9999962828024782	0.011639166327299614	0.14713792972082437	2597841.9	15625.0	20.55	20.801751923419943
