-2.140195545408134	-0.9999973503803132	0.09262480866177493	0.11763183840677824	4610390.1	201950.0	11.290000000000001	11.353652678979312
-1.901272078027437	-0.9999965946268136	0.6344590438214435	0.1493784772318925	4080436.2	1083175.0	12.290000000000001	12.680562265255658
-2.0733351273602265	-0.9999974338542833	0.038441845996143406	0.12576563705939584	4718516.9	181388.5	11.25	11.261740404877472
-0.25080312307760216	-0.9999968346163636	0.2737618256763402	0.7781755612882929	4162141.5	526903.5	12.245000000000001	12.307941399512488
-0.25080312307760216	-0.9999970385245498	0.5680458467157882	0.7781755612882929	4162141.5	225500.0	12.455000000000002	12.522585579024035
-1.7264651833479132	-0.9999963865041186	0.10590501503895983	0.17791218673861392	3379397.3	201075.0	11.97	11.9992037086497
-1.1989985198065225	-0.9999965455896844	0.13749257190554323	0.3014960030435188	3570325.8	227150.0	12.15	12.215093147312269
-1.9505758476268782	-0.9999975965884788	0.01305793423843111	0.14219216698457282	4575991.8	59753.0	12.185	12.209323464090339
-2.199094784975219	-0.9999978782356413	0.004530322634244611	0.11090350445662062	4329003.4	9750.0	10.91	10.956273826603812
-2.199094784975219	-0.999997435795304	0.08492078763389135	0.11090350445662062	4329003.4	66200.0	10.98	10.98081847649919
-2.199094784975219	-0.9999973805117047	0.12686752465921514	0.11090350445662062	4329003.4	84100.0	10.895	11.01476380572189
-1.567562835838181	-0.9999970433830573	0.025914241450575744	0.20855284099193458	3550288.125	36200.0	12.05	12.088660898228266
-1.567562835838181	-0.9999968834363315	0.07479019958591696	0.20855284099193458	3550288.125	63875.0	12.115	12.115565355874066
-1.003542729295082	-0.9999968322342834	0.043690204864231974	0.3665784497890082	3605669.75	91300.0	12.205	12.272782456140352
-1.4676890248599523	-0.9999966882100706	0.12667312889477514	0.23045745171100826	3646529.285714286	175700.0	11.684999999999999	11.79408907324528
-1.4676890248599523	-0.9999964823751204	0.40552692466225093	0.23045745171100826	3646529.285714286	372175.0	11.99	12.179993157351424
