-1.0156675176532992	-0.9999970095340647	0.04970726742764011	0.36216060053462085	3788871.75	83323.0	13.280000000000001	13.490692711580376
-1.0156675176532992	-0.9999968779032575	0.09473724367947405	0.36216060053462085	3788871.75	137203.0	13.42	13.447329725431107
-1.0156675176532992	-0.9999971518171905	0.099802551125705	0.36216060053462085	3788871.75	48600.0	13.420000000000002	13.487426035502958
-1.0156675176532992	-0.9999966831408671	0.25240520457376964	0.36216060053462085	3788871.75	286975.0	13.5	13.538059500873695
-1.3633235009078286	-0.9999971148528355	1.0813953427932996	0.25580918055292207	5182954.0	3120752.5	14.39	15.222573023250286
-1.9005492466656604	-0.999999386377534	0.02135951471913914	0.1494864917134345	20288637.5	255138.0	16.38	16.657662145944816
-1.9005492466656604	-0.9999993800239008	0.1384322232704128	0.1494864917134345	20288637.5	290241.0	16.795	16.80731411210053
-1.9005492466656604	-0.9999993496155207	0.2019929820007644	0.1494864917134345	20288637.5	537892.0	16.985	17.323118621566827
-0.2600291415410807	-0.9999969706443211	0.11270151989327082	0.7710291164994999	4069573.0	225975.0	13.715	13.978842577905757
-2.096572965605665	-0.9999995267556013	0.041297435695009994	0.12287681056529993	28091573.8	593729.0	16.89	17.363261383207977
-2.1366148294560645	-0.9999995280932855	0.019303334164060826	0.11805379961780363	27626108.3	459063.5	17.22	17.34927456065983
-2.1366148294560645	-0.9999994883376375	0.2551418792286852	0.11805379961780363	27626108.3	1376754.0	17.055	17.602671798478084
-1.4869835761909809	-0.9999981546163942	1.1416523439367963	0.2260535013269911	8542992.57142857	7025790.5	15.955000000000002	16.749120870952666
-1.2127906570987985	-0.9999970750687197	0.14013174806672765	0.29736627314131003	4235556.2	240075.0	13.52	13.705288965313414
-1.2127906570987985	-0.9999971344345081	0.3200755426283362	0.29736627314131003	4235556.2	186700.0	13.780000000000001	13.847391605166052
-1.2127906570987985	-0.9999970059211644	0.16478552807696137	0.29736627314131003	4235556.2	321768.0	13.93	14.060189723999317
-2.0527329965989733	-0.9999996422051011	0.0010254717886339299	0.12838355187434358	26814728.8	14678.0	16.555	16.558280247937564
-2.0527329965989733	-0.9999994907744146	0.16024591359431503	0.12838355187434358	26814728.8	851491.5	16.435000000000002	16.879377307808728
-2.0527329965989733	-0.9999994821233384	0.24775948587104754	0.12838355187434358	26814728.8	1073807.5	16.435000000000002	17.357190944056896
-2.174415755616147	-0.9999995374145223	0.04382411770121099	0.11367454798987123	28467345.7	523650.0	16.905	17.15043050978546
-2.174415755616147	-0.9999995661796452	0.06300651308984302	0.11367454798987123	28467345.7	230893.0	17.265	17.41764997306384
-2.174415755616147	-0.9999995345999724	0.0938935566849416	0.11367454798987123	28467345.7	567333.0	17.490000000000002	17.869257868133584
-2.2435578946770325	-0.9999994613017463	0.044909083268732664	0.1060804092433794	23942269.2	399375.0	16.700000000000003	16.82529131078768
-2.2435578946770325	-0.9999995172261463	0.031954458204458164	0.1060804092433794	23942269.2	104683.0	16.705	16.74131551696715
-1.8395296461088546	-0.9999992009490049	0.17522773020408217	0.15889214407183702	18107614.4	1922057.5	16.325	16.773056638358668
-2.273222825687662	-0.9999994424379324	0.022325168847970204	0.10297975889078617	22606460.3	297896.5	15.379999999999999	15.411794689442567
-2.273222825687662	-0.9999994533542922	0.0446350304310227	0.10297975889078617	22606460.3	232750.0	15.635000000000002	15.821823106316026
