-2.1128579428825303	-0.9999965813968816	0.1078146395950526	0.12089196990478264	3708281.1	320340.0	24.96	24.983291610313827
-2.1128579428825303	-0.9999967680505677	0.26509505934781397	0.12089196990478264	3708281.1	160327.0	24.990000000000002	25.084917792571527
-2.1128579428825303	-0.9999965922389734	0.28327560408580565	0.12089196990478264	3708281.1	307716.0	25.09	25.123772429470336
-0.7803752777435099	-0.9999949735903448	0.08818265483299555	0.45823401400708713	2301493.0	105687.0	24.67	24.73483004361864
-0.7803752777435099	-0.999994501101744	0.28426044794522537	0.45823401400708713	2301493.0	313537.0	24.835	24.871434291517573
-1.4533646009972692	-0.9999976180536596	0.021232510733533265	0.2337823789118535	4845329.0	102878.5	26.0	26.20078433766811
-1.0775915479187121	-0.9999973658312833	0.0765507815269413	0.3404144109226122	4201045.75	63975.0	24.96	24.988984150872408
-1.0775915479187121	-0.9999969802800313	0.3762392143999893	0.3404144109226122	4201045.75	323184.5	25.095	25.4165063053181
-1.0775915479187121	-0.999996978369426	0.43792464027604433	0.3404144109226122	4201045.75	325789.0	25.71	25.73472020977947
-1.0775915479187121	-0.999996775835654	0.42847773239445125	0.3404144109226122	4201045.75	762883.5	25.79	26.248360094095894
-2.0607405557000846	-0.9999973731860659	0.07608691018078101	0.127359618071619	4389366.1	101726.0	24.51	24.838955954929244
-1.694360068513419	-0.9999974013285235	0.11231878485283125	0.18371675755637693	4587920.75	150616.5	25.37	25.6030107823997
-1.694360068513419	-0.9999975525013325	0.08050697060518593	0.18371675755637693	4587920.75	75276.0	25.715	25.882361481643702
-2.003716365759887	-0.9999976907942713	0.02183136502250824	0.1348332612503488	4438578.9	28270.0	24.96	25.035386355285432
