-1.037299348829059	-0.9999994461102498	0.11843311825546188	0.35441052988443883	26011013.25	1807098.5	18.71	18.95992223649329
-1.037299348829059	-0.9999994728893278	0.2386627833012105	0.35441052988443883	26011013.25	900478.5	18.945	19.26204502516488
-1.037299348829059	-0.9999995427913362	0.05402968630162926	0.35441052988443883	26011013.25	146159.5	19.335	19.39026086573805
-0.26344678657581294	-0.999998971038141	0.28107625476724296	0.768398510467205	14328222.0	2528643.5	15.81	16.794317424471874
-1.8622315658959863	-0.9999994627633894	0.036076615472507394	0.15532562396296354	23982108.8	393983.5	17.665	18.1095344572516
-1.8622315658959863	-0.9999995572357387	0.00886164938489683	0.15532562396296354	23982108.8	40880.0	18.17	18.184137216205908
-1.8622315658959863	-0.9999995453795034	0.01466137038324377	0.15532562396296354	23982108.8	54325.0	18.225	18.474310441006622
-1.7158966311091524	-0.9999994537168094	0.03574061472848165	0.1798024319616637	23643254.0	406732.0	17.5	17.559989760053934
-1.793444108403861	-0.9999994605926779	0.027264219485766097	0.16638612983871154	23360214.2	296756.5	17.545	17.897853784874886
-1.793444108403861	-0.9999994586309144	0.03218245476657041	0.16638612983871154	23360214.2	310672.5	17.935000000000002	17.979490650384047
-1.793444108403861	-0.9999994465291663	0.12522755270790192	0.16638612983871154	23360214.2	412171.5	17.825000000000003	18.06678530823865
-1.9798773483100311	-0.9999993666033135	0.04853593164639618	0.1380861727747421	21908779.0	1063363.0	17.5	17.506499629862166
-1.625129207924175	-0.9999994463069255	0.06423688771268003	0.19688623429901372	24457929.625	760845.0	16.61	16.749264438219818
-1.625129207924175	-0.9999994187694693	0.30287975133444317	0.19688623429901372	24457929.625	1492099.5	17.3	17.60065863034158
-2.290364084398026	-0.999998957334764	0.005218358304477411	0.10122959902607649	9753589.7	26100.0	16.37	16.3948614110078
-2.290364084398026	-0.9999986669229881	0.2777314987636196	0.10122959902607649	9753589.7	443425.0	16.415	16.616653635242567
-2.290364084398026	-0.9999986652545547	0.14172507178782104	0.10122959902607649	9753589.7	450700.0	16.695	16.731588891049324
-0.7463798489461497	-0.9999993671160243	0.09426235932991021	0.4740796900516852	22285842.666666668	1334880.0	18.405	18.595731741405693
-2.1581300472226963	-0.9999992360537779	0.020849693538167555	0.1155409753242029	15194071.5	109913.0	17.05	17.17724957565649
-2.3186759191752433	-0.9999985558456884	0.15658965521408305	0.0984037939588097	9135296.0	536475.0	16.67	16.95970463529504
