-0.2599345789806578	-0.9999968562078977	0.33944646619421565	0.7711020304343266	4094938.5	389895.0	13.98	13.98486587450892
-0.2599345789806578	-0.999997513158007	0.026136618428681632	0.7711020304343266	4094938.5	26461.0	14.19	14.42475527682953
-2.265215807888852	-0.9999932746327148	0.12859977106957912	0.10380762961790979	1653646.2	67600.0	13.36	13.425550206327372
-2.265215807888852	-0.9999933930808583	0.13271854140711029	0.10380762961790979	1653646.2	55575.0	13.41	13.471948914144255
-2.265215807888852	-0.9999934726254942	0.1445288596472754	0.10380762961790979	1653646.2	48725.0	13.41	13.502499665283171
-2.142473320455964	-0.9999945361423659	0.0807512953659895	0.11736420446109949	2153641.7	128950.5	13.700000000000001	13.707152121999078
-2.142473320455964	-0.999994372706477	0.16481503354585003	0.11736420446109949	2153641.7	183353.0	13.745000000000001	13.768976151364242
-1.8789408246848611	-0.9999952039046532	0.17670153579500086	0.15275181105224714	2483864.7	149170.5	13.85	14.209117248032484
-1.8789408246848611	-0.9999954312879384	0.18628281861721033	0.15275181105224714	2483864.7	84800.0	14.23	14.232741027980536
-1.8789408246848611	-0.9999955602970731	0.1773697521030779	0.15275181105224714	2483864.7	61550.0	14.22	14.24877294769657
-1.8789408246848611	-0.9999948035326097	0.40120987881313197	0.15275181105224714	2483864.7	403253.0	14.195	14.269874805367573
-1.8198479682119668	-0.9999946616194606	0.22282023411901283	0.16205038587110193	2476595.1	551835.5	13.49	13.638164001090724
-0.7357963269337338	-0.9999969236478616	0.07367655896187988	0.4791237678586685	4101901.6666666665	302214.0	14.26	14.311645299560624
-2.1760126567395632	-0.9999946891430548	0.14615965581452042	0.11349316583970709	2199732.7	118475.0	13.700000000000001	13.85182238421193
-2.1760126567395632	-0.999994724021865	0.1325558335197793	0.11349316583970709	2199732.7	109725.0	13.885000000000002	13.899000247218789
-2.1760126567395632	-0.9999947360919718	0.2881294185124972	0.11349316583970709	2199732.7	106850.0	13.835	13.917693854748604
-1.6795808535947836	-0.9999957771420782	0.08067215648710178	0.186452110395216	2612792.888888889	61910.0	13.540000000000001	13.542461444495343
-1.6795808535947836	-0.9999957647341696	0.13701764100640057	0.186452110395216	2612792.888888889	63950.0	13.56	13.625331273601098
-1.6795808535947836	-0.9999955024515782	0.34017414676484586	0.186452110395216	2612792.888888889	126900.0	13.6	13.65787029623699
-1.6795808535947836	-0.9999956705160996	0.08015076443709929	0.186452110395216	2612792.888888889	81800.0	13.655000000000001	13.676634209291413
-2.0685886549035915	-0.9999963900784632	0.0041658863176716535	0.12636399912284144	2256674.9	3450.0	13.5	13.562870916961826
-2.0685886549035915	-0.9999950436921587	0.26585733263790995	0.12636399912284144	2256674.9	72024.5	13.540000000000001	13.627617966387763
-2.0685886549035915	-0.9999954663265167	0.07048240187770198	0.12636399912284144	2256674.9	27750.0	13.695	13.708484951908158
-2.0685886549035915	-0.9999948306570995	0.15001859697420533	0.12636399912284144	2256674.9	116485.0	13.645	13.69316004838253
