-2.1022476997688813	-0.9999987398891007	0.06237095152503737	0.12218149207024855	10358044.9	466159.5	19.855	19.8692997825737
-2.1022476997688813	-0.9999987949801954	0.1835330791734188	0.12218149207024855	10358044.9	263457.0	19.884999999999998	20.047297084229506
-2.1022476997688813	-0.999998736164439	0.22929656414009794	0.12218149207024855	10358044.9	484495.5	20.105	20.133230713083567
-1.537343999205321	-0.9999973835899516	0.09994426974680469	0.21495125463124273	4469803.428571428	119950.0	18.81	18.999732467133867
-2.3489224999169593	-0.9999971137921557	0.1756935123567054	0.09547197787775116	4318020.0	258512.5	18.71	19.191003117091874
-2.3489224999169593	-0.9999974474599913	0.09236245502423834	0.09547197787775116	4318020.0	61200.0	19.255000000000003	19.266300998814966
-1.641518389208071	-0.9999975570710509	1.3855878991382644	0.19368572858601804	6225470.25	4026392.0	19.215000000000003	20.5175975354585
-1.641518389208071	-0.9999977234083677	1.4876620906724334	0.19368572858601804	6225470.25	1429525.0	20.725	20.84708666505129
-2.289969407373871	-0.9999976974114061	0.05782744246642557	0.10126955990827893	5016612.1	103900.0	18.645000000000003	18.811496350364962
-2.289969407373871	-0.9999984383101291	0.003310306708765902	0.10126955990827893	5016612.1	2525.0	18.805	18.806554931016862
-2.289969407373871	-0.999997747843328	0.032678241427374244	0.10126955990827893	5016612.1	80675.0	18.775	18.777224961312843
-2.320424744114217	-0.9999972545461243	0.09855886698349142	0.09823185334068714	4481445.1	220487.5	18.82	18.889863403345814
-0.2731459291708698	-0.9999972336804055	0.15816854007528436	0.7609817300929448	4443810.5	218162.5	18.5	18.682106140827575
-0.2731459291708698	-0.9999970915633083	0.2015800362272821	0.7609817300929448	4443810.5	410257.0	18.755000000000003	18.771080098017233
-0.2731459291708698	-0.9999974748603558	0.12903150583538958	0.7609817300929448	4443810.5	74699.5	18.705	18.705206225033077
-0.2731459291708698	-0.9999972039216543	0.12255470130775216	0.7609817300929448	4443810.5	249007.5	18.685000000000002	18.810657372083604
-1.4107134195325324	-0.9999971667758435	0.1481762686176733	0.24396916868221602	4390654.0	252635.5	18.75	18.75490489141943
-1.4107134195325324	-0.9999971675904684	0.2304558212943235	0.24396916868221602	4390654.0	251733.5	18.825000000000003	19.173612969097533
-1.8139742494025237	-0.9999985662185061	0.09491793844784888	0.16300502516743418	9080412.1	451046.0	20.285	20.39007643128521
-1.8139742494025237	-0.9999987792497189	0.04954174296303092	0.16300502516743418	9080412.1	65179.5	20.45	20.572363495014983
-1.8139742494025237	-0.9999985719326293	0.1408311216358213	0.16300502516743418	9080412.1	428239.5	20.48	20.636199108943025
-2.00384617197336	-0.9999987760598406	0.03155085967188555	0.13481576019115338	9813797.9	164636.5	19.925	20.092757371815228
-2.00384617197336	-0.9999989160729785	0.02890110460278444	0.13481576019115338	9813797.9	41665.0	20.05	20.071677536860363
-2.00384617197336	-0.9999990713698266	0.007287575017855563	0.13481576019115338	9813797.9	9075.0	20.045	20.07653614035088
-2.00384617197336	-0.9999988514442186	0.04009560069119682	0.13481576019115338	9813797.9	78565.0	20.005000000000003	20.044259947018304
-1.2539226289716	-0.9999968329983681	0.10709652799856774	0.2853831461914665	3668302.4	111025.0	18.57	18.58028589015799
-1.2539226289716	-0.9999967410294099	0.2696259811474117	0.2853831461914665	3668302.4	155575.0	18.605	18.644249899879856
