-2.0944406635223456	-0.9999975321029545	0.05989662224811114	0.12313910058585881	4385835.4	50200.0	10.64	10.679493685687559
-2.0944406635223456	-0.9999972959871899	0.2358754164101897	0.12313910058585881	4385835.4	141400.0	10.745000000000001	10.804339576145885
-2.0944406635223456	-0.9999972180813055	0.4431178993404264	0.12313910058585881	4385835.4	198994.5	10.865	10.95539960407755
-2.0944406635223456	-0.9999970712568537	0.48070087784816	0.12313910058585881	4385835.4	378883.0	10.92	10.967008738111995
-2.022959737500668	-0.999997024296596	0.17063138849619816	0.13226342018663637	3997646.7	146650.0	11.09	11.103995527394707
-0.7251963682273173	-0.9999956384263128	0.027163799754913086	0.48422947233559344	2363019.3333333335	29925.0	12.25	12.333916977816823
-1.5649792041189494	-0.9999962223636758	0.03787418614730018	0.20909236138794624	2778130.875	36125.0	11.02	11.16403470715835
-1.7828765939602804	-0.9999961805256282	0.15268291843721507	0.16815374084701323	3099450.5	138450.0	10.26	10.604311221473335
-1.7828765939602804	-0.9999964156635734	0.10618596850981982	0.16815374084701323	3099450.5	66800.0	10.66	10.686630841121495
-1.7828765939602804	-0.9999963636947502	0.1744722478517514	0.16815374084701323	3099450.5	78475.0	10.645	10.713034777540315
-1.7828765939602804	-0.9999960249027661	0.3957163685242174	0.16815374084701323	3099450.5	224271.5	10.765	10.776525240219343
-0.2540244761751024	-0.9999948198521013	0.25388840171689664	0.7756728163104537	2417829.0	275050.0	12.200000000000001	12.387126575966949
-2.1270205970728804	-0.9999974392260342	0.09505399905025261	0.11919188600771236	4427563.2	83950.0	11.040000000000001	11.05961186179378
-2.1270205970728804	-0.9999971690296201	0.28653948523393	0.11919188600771236	4427563.2	277700.0	11.105	11.174690494200705
-2.1270205970728804	-0.9999972047760748	0.41300211858500824	0.11919188600771236	4427563.2	237050.0	11.085	11.22465017116089
-1.839149513956178	-0.9999965420980054	0.12256603624750666	0.15895255556605467	3345371.7	105657.5	10.83	10.994605731263517
-1.839149513956178	-0.9999963180694788	0.3497747618070124	0.15895255556605467	3345371.7	223557.0	11.08	11.22138431312303
-1.6476835480539964	-0.9999962841263841	0.04818375149954506	0.19249529866846815	2879463.222222222	44342.5	10.93	11.024253702155724
-1.891545446662561	-0.9999967014540908	0.14426762768835794	0.15083851573105628	3554574.5	123614.0	11.120000000000001	11.286019135020476
-1.0038252331817252	-0.9999957524973161	0.02444117440964193	0.366474904578834	2351902.25	21800.0	12.4	12.410631659056316
-1.0038252331817252	-0.9999951126722783	0.154081088949557	0.366474904578834	2351902.25	98175.0	12.43	12.448014655849255
-1.0038252331817252	-0.9999953077506063	0.12630400488524757	0.366474904578834	2351902.25	62050.0	12.455000000000002	12.494356839956023
-1.0038252331817252	-0.9999945810218764	0.5651642217606868	0.366474904578834	2351902.25	342800.5	12.6	12.618572003631352
