-1.940246524995832	-0.9999989162797038	0.07155448898441327	0.14366852752849718	12656779.3	905649.375	18.580000000000002	18.672260613955636
-2.046794052593602	-0.9999992648919088	0.056903788492658335	0.12914828320066027	17302608.1	334129.6	19.400000000000002	19.467754966935225
-2.046794052593602	-0.9999991981904224	0.10602674984327039	0.12914828320066027	17302608.1	1059593.55	19.315	19.402061597976957
-1.6418880184847546	-0.9999992498576473	0.02351918079105809	0.1936141498998608	15915448.375	153099.8125	18.48	18.484269965747004
-1.6418880184847546	-0.9999992097932312	0.06040648931063834	0.1936141498998608	15915448.375	289668.25	18.53	18.589867132030633
-1.6418880184847546	-0.999999178176923	0.10171991421991754	0.1936141498998608	15915448.375	479107.6875	18.61	18.74798537498777
-0.2744882691279374	-0.9999994166393876	0.0656058485683615	0.7599609192009483	21940167.0	361865.0	18.88	18.933710275482163
-2.177648014851831	-0.9999993409784363	0.054731672586491434	0.11330771555041244	19454633.7	369912.0	19.38	19.5549931119594
-2.177648014851831	-0.9999993357999153	0.07883281000845227	0.11330771555041244	19454633.7	409121.275	19.31	19.403798390156542
-2.177648014851831	-0.9999992990517288	0.14153306134148366	0.11330771555041244	19454633.7	836256.5	19.47	19.52472243468652
-1.9956011071185933	-0.9999991784377239	0.06584406115013638	0.1359319199590717	15400101.7	312431.15	18.900000000000002	19.07201221497106
-1.9956011071185933	-0.9999991549945831	0.09527192910252194	0.1359319199590717	15400101.7	448277.225	19.2	19.24122284880363
-1.9956011071185933	-0.999999132318116	0.14013392110035502	0.1359319199590717	15400101.7	635640.025	19.225	19.335290943127344
