-1.6631614773902752	-0.9999985621708988	0.021864335550679716	0.18953880922813202	7638498.5	58855.375	21.16	21.16531733713892
-2.395144567261379	-0.9999975408154608	0.032944875951685895	0.09115949929078807	4426112.1	53348.85	20.650000000000002	20.768645634115543
-0.7695771692190363	-0.9999989917943635	0.010721955337696563	0.46320888588442977	10408741.666666666	36102.75	20.830000000000002	20.85624840518591
-0.7695771692190363	-0.9999987693060834	0.06650183743891613	0.46320888588442977	10408741.666666666	365847.6666666667	20.47	20.655746933992898
-1.062697067210991	-0.9999988563063296	0.012313794028032102	0.3455226546813715	9180793.5	36315.0625	20.8	20.800180482923974
-1.062697067210991	-0.9999986207069477	0.06382616454272869	0.3455226546813715	9180793.5	315843.3125	20.8	20.89594583438829
-1.2698373283984739	-0.9999985948281445	0.0344692702987508	0.2808773088239454	8998844.4	310183.6	20.72	20.74154805050098
-1.7543878279666267	-0.9999984660094887	0.028195839873884073	0.17301312367531935	7314432.666666667	74626.94444444444	21.29	21.39875928419502
-1.7543878279666267	-0.9999984663979593	0.04384901537616848	0.17301312367531935	7314432.666666667	74415.19444444444	21.39	21.405996874593047
-2.306951939119077	-0.9999977111519859	0.01810395375382698	0.09956426746838312	4484256.6	28674.025	20.400000000000002	20.402227489572194
-2.306951939119077	-0.9999974900673485	0.05931753443184671	0.09956426746838312	4484256.6	77278.35	20.605	20.665799462842116
-2.306951939119077	-0.999997370829081	0.10940306937443084	0.09956426746838312	4484256.6	131909.25	20.765	20.789110059087253
-2.367395768080173	-0.9999975582322859	0.02638463342484963	0.0937244890389347	4364938.3	42537.525	20.71	20.73501960868392
-2.022366402526484	-0.9999979345702686	0.037759107040393876	0.13234191998567346	5462319.3	79381.775	20.54	20.6036173466753
-2.022366402526484	-0.9999979547355238	0.0521193139111454	0.13234191998567346	5462319.3	71102.2	20.65	20.740840207544586
-2.162671868306725	-0.9999978764584062	0.035052336408997	0.1150173987819294	5351628.1	86197.225	20.3	20.308354567685296
