-1.0604495328302201	-0.999998584744362	0.031160267318898448	0.34630010206970324	8118251.75	97674.0625	20.67	20.696129395276262
-1.0604495328302201	-0.9999985672806748	0.04665925781137454	0.34630010206970324	8118251.75	112551.625	20.67	20.728978605250255
-1.0604495328302201	-0.999998580659226	0.0750932411746036	0.34630010206970324	8118251.75	100967.6875	20.72	20.737516023236374
-2.0164808051903362	-0.9999988172494854	0.03346462373302268	0.13312312791996805	9737660.5	100429.675	20.18	20.19563950709088
-2.0164808051903362	-0.9999987636447363	0.06185373293504134	0.13312312791996805	9737660.5	169261.8	20.12	20.132763621047566
-2.0164808051903362	-0.9999986883603157	0.11857298092204936	0.13312312791996805	9737660.5	352321.4	20.115000000000002	20.126116352881194
-0.7676853422302043	-0.9999987239452928	0.02911291595503574	0.4640860263936491	9037784.666666666	101996.91666666667	20.59	20.639131024529902
-0.7676853422302043	-0.9999987603402386	0.02854761036529663	0.4640860263936491	9037784.666666666	73406.25	20.64	20.664750127510864
-0.7676853422302043	-0.9999987775713018	0.043774231850906925	0.4640860263936491	9037784.666666666	62820.166666666664	20.66	20.66115430016459
-2.1567845398168513	-0.9999990074801954	0.024768222260504708	0.11569654119622706	11496315.0	90247.325	20.04	20.07155877138339
-2.361520970731518	-0.9999988295957728	0.055317463464438194	0.0942767219586127	10446862.5	204239.2	20.03	20.154464835322884
-2.361520970731518	-0.9999988197950174	0.08182547061829441	0.0942767219586127	10446862.5	226258.8	20.1	20.1383730191442
-2.1139046772595935	-0.9999989538061893	0.03574419713881049	0.12076549432868683	11547892.2	176544.4	20.1	20.104587667516604
-1.4261513438235955	-0.9999984296171077	0.03304056738286928	0.24023171462166404	7512368.833333333	132891.45833333334	20.650000000000002	20.66506963065857
-2.2336418086230867	-0.9999989721798221	0.03988360395709944	0.10713754436929596	11573931.0	146665.975	20.080000000000002	20.16370189235505
-2.2336418086230867	-0.9999989385004203	0.07066485714537411	0.10713754436929596	11573931.0	216580.65	20.235	20.271337143334208
-2.2336418086230867	-0.9999988898966791	0.09907364137326004	0.10713754436929596	11573931.0	380125.45	20.32	20.330088776115485
-2.3015050633881775	-0.9999989217261253	0.04011415137439375	0.1001080613047869	11039469.9	147792.6	20.28	20.3245944170881
-2.3015050633881775	-0.9999988859362487	0.07725747354856466	0.1001080613047869	11039469.9	219403.7	20.225	20.226544218789787
