-1.7599774234658334	-0.9999996785759699	0.014995692187715726	0.17204874804364273	40215013.44444445	410885.25	22.650000000000002	22.69150486425376
-2.0837036221362584	-0.9999997224318503	0.024337339565605343	0.12446837366481758	46360868.4	387820.5	23.37	23.374624814416958
-2.0837036221362584	-0.9999997150935946	0.030422213504607942	0.12446837366481758	46360868.4	544981.175	23.51	23.688041619845954
-2.0837036221362584	-0.9999997078285119	0.07945700126337124	0.12446837366481758	46360868.4	763236.025	23.650000000000002	23.765191515772898
-2.3244545507676397	-0.9999996647321443	0.024285897064608056	0.09783679450450458	41209822.2	1000817.5	21.67	21.67164077569353
-2.0311748120178175	-0.9999997010411378	0.026643135540246034	0.13118131719794449	43104919.7	394981.9	22.76	22.985157078477897
-2.0311748120178175	-0.9999996986400302	0.026654778672164724	0.13118131719794449	43104919.7	438052.925	23.090000000000003	23.353181821683492
-2.0311748120178175	-0.9999996907043615	0.06801971313158925	0.13118131719794449	43104919.7	616714.85	23.475	23.520658575361757
-1.430362041972641	-0.9999996902680047	0.013168162458326827	0.23922229805121778	39659799.666666664	216188.125	22.53	22.910771540691783
-1.2697019182800982	-0.9999996431211462	0.017268709993116832	0.2809153450287675	34577732.2	228675.0	21.28	21.46565697133747
-1.2697019182800982	-0.9999995979692098	0.084868131742652	0.2809153450287675	34577732.2	1089590.05	21.6	22.2916014121328
-1.2697019182800982	-0.9999996247657971	0.0642990525071736	0.2809153450287675	34577732.2	431380.35	22.490000000000002	22.53040291389334
-1.560176521322614	-0.9999997108553176	0.013979631446082073	0.21009898097725144	42626365.85714286	225298.75	22.68	22.680746826906073
-1.97403917893522	-0.9999996849665993	0.021654477686508723	0.13889470110588759	40133027.6	309663.325	22.64	22.67355994418426
-1.97403917893522	-0.9999996891368581	0.017027362935299828	0.13889470110588759	40133027.6	261941.175	22.715	22.860183727495347
-1.97403917893522	-0.9999996720948366	0.06506166810551518	0.13889470110588759	40133027.6	519086.1	22.89	22.91104605522123
-1.9106981835971908	-0.9999996909566402	0.016676774151646197	0.1479770353817352	40251646.9	252584.275	22.39	22.437109268662564
-1.9106981835971908	-0.9999997044555522	0.00970446172709192	0.1479770353817352	40251646.9	146699.85	22.400000000000002	22.427109764257903
-1.9106981835971908	-0.9999996740635793	0.0637319587723752	0.1479770353817352	40251646.9	498558.25	22.415	22.623944760698752
-2.3554165577200132	-0.9999997120077843	0.005951999947630448	0.0948539861437304	39386680.0	84376.6	21.650000000000002	21.77043010755132
