-2.2802815454285748	-0.9999993375094733	0.058978135627484066	0.10225541311826439	19880424.3	524704.675	26.855	27.249327581953697
-1.9910341831319354	-0.9999993668771987	0.0659798986360553	0.13655413041737605	20943003.0	573487.25	25.6	25.936760835134756
-1.9910341831319354	-0.9999993627394638	0.08799621340881134	0.13655413041737605	20943003.0	625400.625	25.990000000000002	26.393724803448645
-1.9910341831319354	-0.9999993784738399	0.10659127918970765	0.13655413041737605	20943003.0	449828.65	26.41	26.474673960325813
-2.41581881709711	-0.9999993158217644	0.04613279523842859	0.08929419336722294	18697541.2	359492.275	26.3	26.394504838787707
-2.41581881709711	-0.9999993376787488	0.04086096115688916	0.08929419336722294	18697541.2	238893.875	26.545	26.548922410275896
-1.2799284864750378	-0.9999993138575567	0.07150407115104046	0.27805718459160444	19206405.8	528780.3	23.57	23.84198645193223
-1.07005435975236	-0.9999992853282587	0.07221286463720177	0.3429898720674254	18381459.75	507223.9375	23.0	23.475172483667567
-1.07005435975236	-0.9999992759724152	0.09059600849543632	0.3429898720674254	18381459.75	602403.1875	23.435000000000002	23.746047080654105
-1.571827381022675	-0.9999992406851836	0.08409582994690662	0.20766535169229464	18293349.14285714	1077775.892857143	23.94	24.017147448740893
-1.571827381022675	-0.9999992755282111	0.08452742199259371	0.20766535169229464	18293349.14285714	569784.5714285715	23.884999999999998	24.154559723161867
-1.571827381022675	-0.9999992776353096	0.13418946027112866	0.20766535169229464	18293349.14285714	548239.5833333334	24.18	24.307554702321493
-1.9263917409805076	-0.9999993417230152	0.06936693859313976	0.14567287679834068	20101221.8	558031.05	24.35	25.195950199364457
-1.9263917409805076	-0.9999993431330483	0.07898071528435734	0.14567287679834068	20101221.8	542436.575	25.555	25.742256477852703
-1.9263917409805076	-0.9999993506442483	0.11744936441192791	0.14567287679834068	20101221.8	466420.025	25.755000000000003	25.793931101661936
-2.103828406475513	-0.999999354658191	0.05825035345458956	0.12198851152930683	20490777.2	553243.45	26.29	26.308893645523092
-2.103828406475513	-0.999999325413268	0.09163222140243477	0.12198851152930683	20490777.2	1007321.55	26.545	26.575297398459366
-1.4417472942865075	-0.999999265883567	0.0776064562187259	0.2365141376271479	18014858.0	554045.1666666666	24.080000000000002	24.105063040132492
-1.6804677769751548	-0.9999992893325312	0.07412341994149846	0.18628681497221025	18445665.875	493230.875	24.35	24.38747514301824
-1.6804677769751548	-0.9999992829782125	0.08477431032431919	0.18628681497221025	18445665.875	554566.78125	24.29	24.478392079645687
-1.6804677769751548	-0.9999992771043927	0.13793326603626868	0.18628681497221025	18445665.875	618028.1071428572	24.575000000000003	24.817175052477456
-2.1983589501173513	-0.9999993656921964	0.06037065923960444	0.1109851411529394	20735846.6	515507.625	26.42	26.88456326229579
-2.1983589501173513	-0.9999993510922522	0.0964434207038001	0.1109851411529394	20735846.6	697773.675	26.97	27.12443259584069
-2.1983589501173513	-0.9999993871577587	0.08729782194310556	0.1109851411529394	20735846.6	330314.225	27.085	27.161159493563698
-2.385164066163334	-0.9999993483456038	0.05109948959845272	0.09207387213306047	19806865.0	403216.2	27.87	28.012567911810248
-1.774103715568514	-0.9999992760367439	0.07199031982592421	0.16963542297220613	18061950.0	477436.30555555556	24.92	24.92210386094649
-2.3171733344624026	-0.9999993268862586	0.06117697156663866	0.09855176513707269	19634261.9	549129.55	27.150000000000002	27.42280860598884
-0.28111260575496616	-0.9999992612826624	0.10835768508722438	0.7549433197311916	19260747.0	1510946.875	22.86	22.969069385290805
-0.28111260575496616	-0.9999993082419636	0.09434547904901071	0.7549433197311916	19260747.0	611564.0	22.915	23.166911968406957
-2.24085100572292	-0.9999993639761063	0.05881243822453214	0.10636794612103588	20750226.5	539090.1	27.150000000000002	27.207317888790765
-2.24085100572292	-0.9999993621963961	0.08141002107617512	0.10636794612103588	20750226.5	559370.575	26.98	27.202936747478937
