-0.2787473585825392	-0.999997838750047	0.0549076740625997	0.7567310606746903	5446917.5	129591.5	20.72	20.776143839393992
-0.2787473585825392	-0.9999978195525226	0.0759830158935536	0.7567310606746903	5446917.5	143876.5	20.525	20.568302895320485
-2.067022697544746	-0.9999969254128867	0.06303006619049699	0.12656203477438496	3667714.3	78959.825	20.400000000000002	20.4811315477837
-2.067022697544746	-0.9999969093424044	0.07071763085224995	0.12656203477438496	3667714.3	83753.825	20.580000000000002	20.681068032786886
-2.235214845465289	-0.9999966773922256	0.0685469442975894	0.10696914554831917	3406188.5	82241.575	20.98	21.030269366429543
-2.235214845465289	-0.99999657275738	0.09834444266754637	0.10696914554831917	3406188.5	117456.8	21.33	21.342745531972394
-1.6590763674752567	-0.9999969299953285	0.071563785042349	0.19031467977624014	4100819.375	293470.15625	20.1	20.21236252597383
-2.303852860805616	-0.9999971113158379	0.07449845711108583	0.09987330354665494	4007533.3	106562.675	21.36	21.621382647868646
-2.303852860805616	-0.9999970640132632	0.10308394917080026	0.09987330354665494	4007533.3	128805.25	21.685000000000002	21.69296045663523
-2.303852860805616	-0.9999971173664312	0.10029820475414984	0.09987330354665494	4007533.3	104009.8	21.814999999999998	21.847609455968417
-2.1976104464616015	-0.9999967613043047	0.06341198422104131	0.11106824503472597	3456771.1	72795.975	20.76	20.808839853544256
-2.1976104464616015	-0.9999966247776632	0.10166449587988996	0.11106824503472597	3456771.1	116700.075	20.905	20.912200372623797
-2.1976104464616015	-0.9999966206158437	0.12353333599756838	0.11106824503472597	3456771.1	118391.125	20.92	20.93020486935867
-2.2706007949787184	-0.9999968337197759	0.07186628567634802	0.10325012928583599	3595363.5	87896.65	21.16	21.23863881867562
-2.2706007949787184	-0.9999965934745686	0.10252632227000893	0.10325012928583599	3595363.5	208499.6	21.285	21.292435417136524
-2.0159425818396723	-0.999996831701044	0.051480695904920916	0.1331947971812328	3485488.2	62508.175	20.26	20.34305745675457
-2.0159425818396723	-0.9999967903202401	0.06346678534979955	0.1331947971812328	3485488.2	72206.625	20.32	20.40926021683546
-2.0159425818396723	-0.9999965726605347	0.1310667768986758	0.1331947971812328	3485488.2	154190.6	20.48	20.505743920033606
-2.1572685878029683	-0.9999967231192499	0.053396811154260676	0.11564055207026534	3348951.4	58343.15	20.54	20.550711037170597
-2.1572685878029683	-0.9999965360287324	0.0952467107975251	0.11564055207026534	3348951.4	109170.075	20.634999999999998	20.73463411819021
-2.1572685878029683	-0.9999964757173291	0.1251011609148402	0.11564055207026534	3348951.4	133605.125	20.8	20.830130675546453
-1.897867127617958	-0.9999969644228999	0.04823105431087774	0.14988797044643332	3666882.0	68260.625	20.32	20.392032383558504
-1.4255917286231707	-0.999997316852725	0.05246295686347161	0.24036618956439207	4264080.333333333	93073.5	20.48	20.547402799355417
-1.4255917286231707	-0.9999971398169983	0.09016584674279486	0.24036618956439207	4264080.333333333	198004.5	20.425	20.47016931207067
