-1.0621498389593464	-0.9999979475419029	0.06023316546697823	0.3457117861839273	5693106.0	118759.1875	20.92	21.021118317207538
-1.0621498389593464	-0.9999979380668876	0.07946336008130106	0.3457117861839273	5693106.0	125341.3125	21.01	21.012873662908355
-2.1256910498563255	-0.9999991265145892	0.06616941577807077	0.11935046264219172	14653320.7	362021.575	22.18	22.424075965018492
-2.1256910498563255	-0.9999991355292557	0.09842289931663345	0.11935046264219172	14653320.7	317224.15	22.655	22.8530503851493
-1.5562041623390244	-0.9999984783756193	0.08770201641025235	0.210935229391589	8177935.0	253657.7857142857	21.25	21.36080490693094
-1.5562041623390244	-0.9999985085507578	0.0973296733872784	0.210935229391589	8177935.0	198187.7142857143	21.4	21.45857031389999
-1.5562041623390244	-0.9999984122413659	0.15431294125267178	0.210935229391589	8177935.0	435645.71428571426	21.47	21.666915536268622
-1.663280488788958	-0.9999988109633041	0.07906715787668976	0.18951625329157454	10647198.125	314867.15625	21.95	22.037960171435174
-1.663280488788958	-0.9999987154223732	0.14091297024202798	0.18951625329157454	10647198.125	870785.84375	22.080000000000002	22.28007830340814
-1.9697321953498332	-0.9999989126059595	0.0714652765623199	0.13949420841096563	11661382.9	321423.6	21.79	21.951301233968188
-2.284883000694843	-0.999999119602255	0.05295575198280032	0.10178597029744459	14293694.6	291890.225	22.16	22.259337858209303
-2.284883000694843	-0.9999990801589005	0.07149744350204544	0.10178597029744459	14293694.6	512945.975	22.585	22.609924320091135
-2.350196951629189	-0.9999991943485212	0.050393170908995255	0.09535038095323772	15744088.6	322624.75	22.59	22.8678067640847
-2.0265982637612256	-0.9999989437515001	0.07211636778936475	0.131783050707421	12065052.7	342384.925	21.94	22.182230738908743
-1.2692577741927795	-0.9999981366461494	0.08124145342716789	0.2810401396296398	6537396.0	195140.85	21.01	21.192875364392595
-1.2692577741927795	-0.9999981593861945	0.08437914064691046	0.2810401396296398	6537396.0	168184.25	21.25	21.301308629665407
-0.7690300617871055	-0.9999980571050879	0.06116994337219891	0.46346238024643505	6025398.666666667	121383.25	21.0	21.033380789860743
-0.7690300617871055	-0.9999980769084217	0.06130677473576305	0.46346238024643505	6025398.666666667	107730.08333333333	20.990000000000002	21.007092295612193
-2.249479021045772	-0.9999990830230012	0.06561174263380304	0.10545414964581715	14540271.6	617289.25	21.95	21.972381577560707
-2.249479021045772	-0.9999991321422704	0.07583481565476978	0.10545414964581715	14540271.6	302211.925	22.05	22.133923423170188
-2.249479021045772	-0.9999991401820241	0.07181475285687831	0.10545414964581715	14540271.6	268869.975	22.195	22.331621619833328
-2.07822777779595	-0.9999990113148348	0.06967576070137982	0.12515181259917296	12885188.1	340916.0	21.94	21.957753872635937
-2.07822777779595	-0.9999989385968618	0.11991846668665508	0.12515181259917296	12885188.1	870112.625	22.009999999999998	22.04198407278246
