-1.829365301881008	-0.9999987143357504	0.07233350721414404	0.1605154142823747	9501805.4	202020.925	21.17	21.227620708115012
-1.829365301881008	-0.9999986678177109	0.09389837631261405	0.1605154142823747	9501805.4	314309.575	21.175	21.222221119948305
-1.829365301881008	-0.9999987316865678	0.07430722011272689	0.1605154142823747	9501805.4	171315.4	21.085	21.234277206335634
-1.8995203890290069	-0.9999987265904988	0.07162624255569962	0.14964037117846776	9698845.5	231098.125	21.12	21.350880247168003
-1.8995203890290069	-0.999998689293186	0.09955540093304163	0.14964037117846776	9698845.5	331817.325	21.37	21.389607745159275
-2.2015604307765893	-0.999998706533273	0.0558443880949009	0.11063039253349652	9437778.0	200275.025	21.0	21.087640549872425
-2.2015604307765893	-0.9999986844147991	0.08543343760544317	0.11063039253349652	9437778.0	246766.3	20.97	20.991517515165476
-2.338096621416087	-0.9999984229056658	0.046182015209818815	0.09651116079519326	7821092.2	227429.55	21.0	21.04408291104396
-2.338096621416087	-0.999998455474489	0.07461035096166847	0.09651116079519326	7821092.2	176287.375	20.98	21.06360466753308
-2.338096621416087	-0.9999984449364531	0.10531198231410453	0.09651116079519326	7821092.2	191432.425	21.005000000000003	21.051832612732895
-2.306939244847925	-0.9999982999287974	0.06034638824664244	0.09956553137221359	7673586.0	463073.2	20.78	20.913348546055257
-0.27839073862828245	-0.9999985425971687	0.09548038499970257	0.757000974196346	9405773.5	898066.875	20.6	20.67792694333431
-1.749799768141341	-0.9999986580467701	0.07206017170848956	0.17380874201390298	9082328.555555556	196428.75	21.07	21.237596340056143
-1.749799768141341	-0.9999986082907946	0.0956915489663812	0.17380874201390298	9082328.555555556	308648.0833333333	21.075	21.183057096498622
-1.749799768141341	-0.9999987020169078	0.06295455077565995	0.17380874201390298	9082328.555555556	131755.25	21.23	21.253854074922685
-2.161130725543944	-0.9999987736921677	0.05672794324879367	0.11519479367397185	9983615.9	207519.7	20.95	21.06920879451996
-2.161130725543944	-0.9999986896485127	0.09110717966113013	0.11519479367397185	9983615.9	480241.25	21.025	21.02825667061412
-2.0703853194295925	-0.9999987585840873	0.057827939252327855	0.12613716923787494	9837988.0	201396.3	21.0	21.065424541768973
-2.0703853194295925	-0.9999986749928155	0.08689758445975185	0.12613716923787494	9837988.0	458356.525	21.075000000000003	21.13179587370581
-1.9624342383678208	-0.9999987288193233	0.06306725964731293	0.1405159549394317	9649124.5	212304.3	21.21	21.261832450331127
-1.4254488864666361	-0.9999982174989751	0.06615634534248899	0.24040052644158577	6592357.166666667	126864.58333333333	20.31	20.345040770426937
-1.4254488864666361	-0.999998183118545	0.07851855722910465	0.24040052644158577	6592357.166666667	159137.70833333334	20.295	20.309075980109867
-1.060390986347505	-0.9999983982500749	0.0732877745804022	0.3463203773161596	7460118.5	154699.1875	20.57	20.633709602467153
