-2.264029933180057	-0.999995450115778	0.058520745544458345	0.1039308054815892	2300950.2	35208.0	15.15	15.245031630425851
-1.0368933843706274	-0.9999966334506996	0.07259819084340044	0.3545544371719115	3348084.0	78548.9375	15.99	16.05151210834699
-1.0368933843706274	-0.9999970477994177	0.042841216319506624	0.3545544371719115	3348084.0	19617.25	16.119999999999997	16.158954260062366
-1.0368933843706274	-0.9999969545115319	0.042475724790519254	0.3545544371719115	3348084.0	26809.5625	16.189999999999998	16.22878572001075
-0.7510305051696982	-0.9999968020864937	0.08516442950660601	0.47188002729297246	3590279.6666666665	96896.0	16.6	16.683563922942206
-1.9039055766966082	-0.9999967562208786	0.028262015660396843	0.14898560674990194	3385175.4	58732.25	15.06	15.071019339074208
-1.9039055766966082	-0.9999967974308139	0.06601398470366501	0.14898560674990194	3385175.4	51084.625	15.15	15.179136240807253
-1.9039055766966082	-0.9999966858993217	0.07795612759169586	0.14898560674990194	3385175.4	74518.2	15.21	15.32701417755836
-1.8447305485638992	-0.9999970606876105	0.03259871552584916	0.15806790677645838	3573449.4	36441.25	15.3	15.358411594202899
-1.958110587353995	-0.9999970223268079	0.01822889287558334	0.14112481218509226	3289527.5	17945.275	15.43	15.456854048811119
-2.051979766888205	-0.9999968706267071	0.01880210339070669	0.12848029060865993	3114884.4	17112.725	15.02	15.082171571065079
-2.051979766888205	-0.9999962076125926	0.060917996137429736	0.12848029060865993	3114884.4	134974.475	15.145	15.208571436942298
-1.6163615005477638	-0.9999971648061886	0.032531505351180094	0.19862006494063908	3746167.75	40990.15625	15.370000000000001	15.414217108758468
-1.7776620535668601	-0.9999967312083786	0.05023597478281443	0.16903287547039064	3712769.6	186514.6	15.0	15.052175386555064
-0.2683159287821421	-0.9999967918763228	0.08427775693532587	0.764666162888213	3669006.0	129394.0	16.8	16.80852074957567
-2.2025759182206923	-0.9999955958846963	0.04714345425541924	0.1105181057814852	2470892.1	53213.9	14.99	14.994236032306159
-2.2025759182206923	-0.9999961303568363	0.020650374369781434	0.1105181057814852	2470892.1	14205.725	14.99	15.110624125384831
-2.0937337767442763	-0.9999964690947131	0.03827705892511124	0.12322617676079888	2893014.1	27307.65	15.280000000000001	15.352546440181605
-2.0937337767442763	-0.9999965862501591	0.030974418455084567	0.12322617676079888	2893014.1	19457.25	15.290000000000001	15.33125686973539
-2.0937337767442763	-0.9999959830677267	0.07129877785746315	0.12322617676079888	2893014.1	111416.725	15.305	15.345174109100018
