-2.2763863012898655	-0.999996047014486	0.03633546758784055	0.10265449968205462	2621278.2	31629.425	14.1	14.213382321485861
-2.2763863012898655	-0.9999959621703205	0.05613610839247087	0.10265449968205462	2621278.2	39507.65	14.17	14.247865357627758
-2.2763863012898655	-0.9999962535054613	0.03137816827763483	0.10265449968205462	2621278.2	18408.175	14.25	14.313680402996726
-1.0267248581972344	-0.9999955503944142	0.03350483358163087	0.35817812580882247	2288892.5	26492.875	15.31	15.323692237039864
-2.1539947227890424	-0.9999967181998044	0.01808678100330603	0.11601976403356354	3179673.2	34030.85	13.68	13.830943199596492
-0.7415879648074118	-0.9999949365721778	0.092682836222523	0.47635687664868515	2405232.6666666665	194603.0	15.14	15.162452695105351
-0.7415879648074118	-0.9999953795939225	0.14751978044222527	0.47635687664868515	2405232.6666666665	67046.16666666667	15.085	15.160534888262896
-0.7415879648074118	-0.9999951661036357	0.14483839887207126	0.47635687664868515	2405232.6666666665	112042.83333333333	15.19	15.331474018305284
-0.26327561789147225	-0.9999944365176683	0.042273593298384544	0.7685300474864791	1838503.0	27679.375	15.07	15.075505872364511
-0.26327561789147225	-0.9999948356499327	0.04064576221414675	0.7685300474864791	1838503.0	13287.75	15.02	15.039555712005303
-0.26327561789147225	-0.999993960670068	0.16699418330451188	0.7685300474864791	1838503.0	66390.625	15.09	15.172335007794908
-2.2187091037520754	-0.9999973690828	0.004275646115373964	0.10874940244880456	3224598.6	4834.075	14.18	14.202769363378895
-2.2483795136899474	-0.9999964258366174	0.023831854297066926	0.10557016102504999	2820913.7	23917.475	14.08	14.310106308800917
-1.83340710270166	-0.9999955925845386	0.03691231621652437	0.15986795228683306	2603117.6	96087.1	14.3	14.310235192860182
-1.946512623537005	-0.9999962821914853	0.008228192873742563	0.14277110099565957	2567107.0	13959.85	14.22	14.24186333768208
-1.946512623537005	-0.9999961119835469	0.04278202728912851	0.14277110099565957	2567107.0	21609.925	14.355	14.410900657783774
-1.946512623537005	-0.9999959225857442	0.055176017764990704	0.14277110099565957	2567107.0	35141.225	14.425	14.447398260869562
-1.995227224634403	-0.9999962320979628	-0.013294551827943583	0.1359827520250042	2483889.8	-11602.4	14.35	14.430316593886463
-2.1872560142257464	-0.9999976236369164	0.0016705852074626619	0.11222426830530537	3180175.2	1913.575	14.06	14.257489703831324
