-2.134933306993184	-0.9999903352597286	0.07229505636944066	0.11825247672688671	1118169.8	49355.3	14.02	14.048564722014499
-2.0603544922482633	-0.9999894596500355	0.0991261029325061	0.12740879645777242	1083979.5	91629.85	13.620000000000001	13.626134528767407
-2.0603544922482633	-0.9999908940497145	0.10490975717511092	0.12740879645777242	1083979.5	19353.175	13.620000000000001	13.669423451766233
-1.4825329988654739	-0.999993189509244	0.04013997961141538	0.22706181203237574	1416385.0	15463.107142857143	13.200000000000001	13.282863137384606
-1.4825329988654739	-0.9999931299423346	0.05016121132099581	0.22706181203237574	1416385.0	16824.428571428572	13.290000000000001	13.348616680032077
-1.4825329988654739	-0.9999922770625306	0.07967214546195425	0.22706181203237574	1416385.0	56310.42857142857	13.415	13.424030915576695
-1.9245948133320445	-0.9999910561291987	0.07580635177541276	0.14593487574436725	1266454.3	83032.85	13.48	13.502232943734711
-1.9245948133320445	-0.9999922602725179	0.0662311989906817	0.14593487574436725	1266454.3	18069.05	13.34	13.386150442477875
-1.9245948133320445	-0.9999916661784046	0.1213228175153105	0.14593487574436725	1266454.3	38344.95	13.35	13.663349474035732
-2.287043758227948	-0.999988592650344	0.06862030745071708	0.10156627293720139	867230.2	19786.35	14.05	14.098356672158156
-2.287043758227948	-0.9999884874523719	0.08756547775584245	0.10156627293720139	867230.2	21676.475	14.055	14.058628192999054
-2.0989340217801833	-0.9999897362586386	0.0820871461178148	0.12258703373730964	1065965.9	56431.375	13.700000000000001	13.702967113994985
-2.0989340217801833	-0.9999906537838458	0.11613404874450048	0.12258703373730964	1065965.9	21220.025	13.72	13.772330917874395
-2.0989340217801833	-0.9999902566399055	0.1138029247323912	0.12258703373730964	1065965.9	32404.7	13.780000000000001	13.78566466163493
-1.2117915401203176	-0.9999939468804419	0.024231603919976075	0.29766352530374696	1496770.0	8604.25	13.02	13.234378862793573
-1.2117915401203176	-0.9999941174026312	0.019823563209503223	0.29766352530374696	1496770.0	6665.8	13.25	13.263985985160758
-1.2117915401203176	-0.9999930667524216	0.06620440549404986	0.29766352530374696	1496770.0	32126.8	13.254999999999999	13.272580463848753
-1.583612074461766	-0.9999929470898751	0.043928290276093476	0.20523244288351483	1370495.5	15770.84375	13.450000000000001	13.461960113960114
-1.583612074461766	-0.9999928120386934	0.05889899714856556	0.20523244288351483	1370495.5	18977.625	13.44	13.471005221932115
-1.583612074461766	-0.9999926371614856	0.06094568223040276	0.20523244288351483	1370495.5	24117.5625	13.445	13.445462801257422
-1.973691223514682	-0.9999916352655138	0.06660367386273222	0.1389430386791941	1213857.8	25682.35	13.67	13.709753894080997
-1.973691223514682	-0.9999914133087558	0.10766283475831824	0.1389430386791941	1213857.8	33623.9	13.75	13.892760041194645
-2.2312766271186772	-0.9999882985590154	0.06567474012795287	0.10739124401224952	908601.1	41436.525	14.0	14.005166812993854
-1.7447471739567828	-0.9999927926305573	0.053730214009818526	0.17468914935055135	1379455.5	20789.375	13.43	13.489542794725754
-1.7447471739567828	-0.9999927060459486	0.07212144702524179	0.17468914935055135	1379455.5	23426.95	13.52	13.61216977607427
-1.7447471739567828	-0.999992659543722	0.06655439736671162	0.17468914935055135	1379455.5	24979.05	13.68	13.689266281945589
-1.7447471739567828	-0.9999923537950924	0.12414360732900669	0.17468914935055135	1379455.5	38084.9	13.700000000000001	13.700996107055962
-2.1690431880326995	-0.9999906865150597	0.056889224070219534	0.11428691570195186	1055226.0	18541.7	14.05	14.084619730551934
