-2.0919177419251707	-0.9999954669133478	0.08279031668946797	0.12345016311036802	2368302.0	45967.8	15.76	15.93740614334471
-2.0919177419251707	-0.9999954880590791	0.0769933798484941	0.12345016311036802	2368302.0	43722.4	15.950000000000001	16.01548811250964
-2.0919177419251707	-0.9999953815948366	0.10918568545256947	0.12345016311036802	2368302.0	56261.2	16.05	16.143421203621067
-2.0919177419251707	-0.9999953792136845	0.07591034725275433	0.12345016311036802	2368302.0	56579.375	16.17	16.248488735316958
-1.5037997705049786	-0.9999951730518619	0.06237882231630008	0.22228392551400789	2210059.8571428573	42951.25	15.16	15.451252468983157
-2.004821775333948	-0.9999941950369293	0.08266011778850396	0.1346842976205407	1957687.0	86188.25	15.41	15.510765428969712
-2.004821775333948	-0.9999947104397466	0.08496174021198356	0.1346842976205407	1957687.0	31422.25	15.475000000000001	15.491745701870395
-1.6066069620827166	-0.9999952292013373	0.059456986315449864	0.20056699225506913	2216092.625	39046.40625	15.450000000000001	15.543645269102225
-1.6066069620827166	-0.999995146511103	0.08402699828808387	0.20056699225506913	2216092.625	46899.375	15.59	15.659942843639694
-1.6066069620827166	-0.9999947714219891	0.10632767881848837	0.20056699225506913	2216092.625	107689.125	15.74	15.774866017917825
-2.0500437570191585	-0.99999459263097	0.08100279348389232	0.12872927065540257	1973093.0	43011.325	15.43	15.46015888352483
-2.0500437570191585	-0.999994561889159	0.08718526270967861	0.12872927065540257	1973093.0	45701.05	15.415	15.443742710120068
-2.0500437570191585	-0.9999946782978242	0.09487084051611555	0.12872927065540257	1973093.0	36322.25	15.555	15.663736566547259
-2.2650902311693644	-0.9999959868109185	0.045313554693630735	0.10382066625802709	2575385.2	30806.325	15.35	15.581377896247693
-2.2650902311693644	-0.9999958806944383	0.07225063299677599	0.10382066625802709	2575385.2	40488.525	15.495000000000001	15.514839105870793
-2.2650902311693644	-0.9999957554216337	0.10307838366465517	0.10382066625802709	2575385.2	55904.85	15.455	15.553274967574579
-2.2650902311693644	-0.9999956985680849	0.08044177211980318	0.10382066625802709	2575385.2	64720.2	15.585	15.6210147601476
-1.8398850235043926	-0.9999952006965354	0.05539838958255863	0.1588356874278071	2183446.8	35560.675	15.72	15.869897779344377
-1.381069562023869	-0.999995556555588	0.03229257117232237	0.2513096180403634	2236966.3333333335	20739.333333333332	15.15	15.160205446039706
-1.381069562023869	-0.9999951967429891	0.07956941903019213	0.2513096180403634	2236966.3333333335	46383.666666666664	15.225000000000001	15.285807434491163
-1.228138528980841	-0.9999959253955257	0.02695867088623558	0.29283717856545255	2421046.4	19240.15	15.17	15.21645399688516
-1.228138528980841	-0.999995419009237	0.0780244104458429	0.29283717856545255	2421046.4	65563.6	15.13	15.143156379916853
-1.9552970450366316	-0.9999945846517856	0.08203963159281062	0.14152243191387448	1975854.5	44352.2	15.82	15.858275549512802
-2.1316479748110795	-0.9999956960740484	0.06209339431916634	0.11864161426732357	2422710.7	33763.575	16.13	16.232748478963792
-2.1316479748110795	-0.9999955410788963	0.0865630974739313	0.11864161426732357	2422710.7	49151.15	16.18	16.246520870076427
-2.1316479748110795	-0.9999954724752987	0.11202003435563876	0.11864161426732357	2422710.7	58038.7	16.225	16.226521348314606
-2.1316479748110795	-0.9999954719807987	0.07181660749334802	0.11864161426732357	2422710.7	58108.275	16.215	16.328428368266316
-1.6948480752519708	-0.9999953051616576	0.06691391431723051	0.1836271244132724	2433908.0	91747.33333333333	15.98	15.996718065366975
-1.6948480752519708	-0.9999956136799032	0.10697064542082894	0.1836271244132724	2433908.0	43298.63888888889	15.96	15.98482962962963
-1.771846040873747	-0.9999953166392898	0.06640655946078505	0.17001883722345468	2436623.4	90361.65	15.8	15.811320266348066
-1.771846040873747	-0.9999956108589565	0.10368557704668308	0.17001883722345468	2436623.4	44119.675	15.985	16.046698872917347
-2.202563308172937	-0.9999956840966564	0.05898660505574991	0.11051949942886398	2586210.5	70390.975	15.09	15.223947526825652
-2.202563308172937	-0.9999957675776774	0.10034003316482037	0.11051949942886398	2586210.5	56722.0	15.42	15.563455487692023
-2.202563308172937	-0.9999957697797796	0.06773776036609218	0.11051949942886398	2586210.5	56399.875	15.585	15.636396975536131
-0.26318282189741077	-0.9999964662936506	0.0952748968689199	0.7686013673052473	3422724.0	178956.125	15.02	15.107516671315016
-0.26318282189741077	-0.999996704535682	0.11805233028403843	0.7686013673052473	3422724.0	79177.875	15.18	15.271642048249296
-0.26318282189741077	-0.9999967499235547	0.07728698981482432	0.7686013673052473	3422724.0	67785.25	15.3	15.347231870342092
