-1.6257165027381586	-0.9999981827364641	0.027692873164627683	0.19677063798254632	5911235.125	46270.0625	15.84	16.214922668213266
-2.0640234336173853	-0.9999974123256806	0.046609865869133064	0.12694219753910838	4469384.7	105377.3	15.950000000000001	15.96349380095531
-2.0640234336173853	-0.9999975456055427	0.026298852291136637	0.12694219753910838	4469384.7	58082.275	16.07	16.165815765265585
-2.1058678930913146	-0.9999970922716254	0.061279412831087704	0.12173997112632427	3779852.8	59323.95	16.15	16.35843880865763
-2.1058678930913146	-0.9999970889226327	0.06388514652293145	0.12173997112632427	3779852.8	60079.7	16.42	16.4479409655357
-0.2688372785418794	-0.9999983114195357	0.050828287984576975	0.7642676082701166	6806618.0	98077.375	17.1	17.394186032708664
-0.2688372785418794	-0.9999983514173728	0.04702715990937254	0.7642676082701166	6806618.0	74701.75	17.15	17.42618351588375
-0.2688372785418794	-0.9999983024851862	0.10764108887756298	0.7642676082701166	6806618.0	104226.875	17.5	17.53196493053353
-0.2688372785418794	-0.9999981236546885	0.14401557261757134	0.7642676082701166	6806618.0	352062.125	17.630000000000003	17.779646557133127
-2.1450379411564477	-0.9999971053610767	0.06449905486737094	0.11706359543167835	3828067.4	64916.525	16.44	16.519640761350825
-2.1450379411564477	-0.9999971345992635	0.06343801840411809	0.11706359543167835	3828067.4	58042.45	16.57	16.585408770752977
-1.5241447024941592	-0.9999981897985201	0.02656332844874734	0.2178072672336684	6236678.857142857	79988.07142857143	16.0	16.033324077006565
-2.181206822355567	-0.9999971272629553	0.0570213685245708	0.11290519187904521	3770335.0	50572.4	16.1	16.1550450307705
-2.181206822355567	-0.9999970519053976	0.07308622328772785	0.11290519187904521	3770335.0	67190.65	16.240000000000002	16.37904578349613
-1.7896895514323432	-0.9999981296896965	0.025784912133825184	0.16701201025907197	5641581.1	38234.025	15.65	15.691446150890954
-1.0431528409756363	-0.9999980890008705	0.0410397747567242	0.3523420504512412	5787954.75	63624.9375	17.59	17.631106215445804
-1.8549687392760703	-0.9999981025460819	0.030578660093066933	0.15645783358364998	5634283.7	43948.375	15.280000000000001	15.43515554269958
-1.8549687392760703	-0.9999981003945964	0.033290102115277644	0.15645783358364998	5634283.7	44484.375	15.615000000000002	15.794410001274768
-1.8549687392760703	-0.9999991337130951	9.467678251580867e-05	0.15645783358364998	5634283.7	130.75	15.895	16.07746007136508
