-2.046780610844871	-0.9999965470463067	0.06836308585429489	0.12915001919109953	3170456.5	56807.4	15.860000000000001	16.107442513903507
-2.046780610844871	-0.9999966378170717	0.06624632523595854	0.12915001919109953	3170456.5	42600.925	16.29	16.346828088093417
-2.046780610844871	-0.9999965328819304	0.07196476000250475	0.12915001919109953	3170456.5	59416.675	16.310000000000002	16.418589191849964
-1.8356721468686077	-0.9999969878716066	0.05577813302044008	0.15950625409984698	3603554.9	51758.85	15.61	15.646000581744554
-1.8356721468686077	-0.999997061091552	0.05078488722276109	0.15950625409984698	3603554.9	39755.075	15.695	15.874221412792405
-1.223300759443497	-0.99999720103288	0.0807576209802733	0.2942572896627306	4093007.8	94483.8	14.89	14.992894828413991
-1.223300759443497	-0.9999977453972568	0.010417227447993439	0.2942572896627306	4093007.8	10178.25	15.045000000000002	15.142930199804589
-1.223300759443497	-0.9999972908498731	0.06906431573030813	0.2942572896627306	4093007.8	65418.3	15.115	15.151991427755025
-1.223300759443497	-0.999997238961578	0.0798366665061333	0.2942572896627306	4093007.8	80897.6	15.125	15.14008499591351
-2.001322863026312	-0.9999963460725749	0.05208188854157011	0.13515637155817656	2879749.4	37136.975	15.73	15.965952456812003
-1.7677390874207193	-0.9999969254763365	0.05842973781853558	0.17071853249854868	3567589.2	58024.475	15.35	15.51310880348186
-1.7677390874207193	-0.999997123446674	0.037959773375911963	0.17071853249854868	3567589.2	28633.3	15.52	15.554646915000719
-1.7677390874207193	-0.9999969428468005	0.06692144247058537	0.17071853249854868	3567589.2	54537.75	15.585	15.619370751732957
-1.7677390874207193	-0.9999968462971798	0.07522297938992827	0.17071853249854868	3567589.2	76964.775	15.68	15.691971501804087
-1.5001254494355893	-0.9999972317828634	0.0623369383013978	0.22310217035146512	4030637.4285714286	70099.10714285714	15.25	15.457055235927726
-1.5001254494355893	-0.9999974581999943	0.032358813940515686	0.22310217035146512	4030637.4285714286	28142.571428571428	15.530000000000001	15.544010964201073
-1.0235526477293073	-0.9999974325773057	0.07480002891148267	0.359316146274796	4487732.5	100901.125	14.4	14.695809039300181
-2.129872045745827	-0.9999963633471425	0.08326324389382854	0.11885250056257336	3047355.5	65001.05	16.34	16.465105711696324
-1.376400384688653	-0.9999971665075986	0.04306486180727119	0.2524857709094024	4024237.8333333335	89557.5	15.13	15.191614245921786
-1.376400384688653	-0.9999972088798554	0.08164347990762175	0.2524857709094024	4024237.8333333335	75517.375	15.275	15.395753371125494
-1.376400384688653	-0.9999971774590654	0.08339802288404345	0.2524857709094024	4024237.8333333335	85696.25	15.475000000000001	15.478137819637817
-1.9513190255240191	-0.9999961113703572	0.06786288943944999	0.1420865321665162	2807488.0	55119.725	15.55	15.77443536888448
-1.9513190255240191	-0.9999960776950519	0.10579244144382001	0.1420865321665162	2807488.0	60585.3	15.870000000000001	15.875592636579572
-0.2647484100471119	-0.9999976271691323	0.10810298121111667	0.767398995567813	4838931.0	96950.375	14.93	15.050842414355628
-2.321687162547477	-0.9999965995148556	0.04519714530230183	0.09810792188143502	3367596.6	94037.75	16.21	16.33888015832755
-2.321687162547477	-0.9999967410343892	0.06525193966300015	0.09810792188143502	3367596.6	58387.925	16.4	16.448083105356137
