-2.1798602196404437	-0.9999974100193378	-0.005259199920031604	0.11305733273063276	3360864.0	-6029.425	15.950000000000001	16.064776119402985
-2.2757672355834018	-0.9999962397540199	0.017350972055379558	0.10271806923725751	2566134.0	15509.85	16.01	16.0461197318766
-2.2757672355834018	-0.9999958912268813	0.07339503234893512	0.10271806923725751	2566134.0	37935.25	16.04	16.04889489674129
-1.621579005640077	-0.9999978893865061	0.013639436753679715	0.1975864624981364	4647890.875	18212.1875	16.17	16.25162707646772
-2.2138012402574665	-0.9999971771168815	0.004927789561475054	0.10928444154660938	3034649.0	5251.5	16.05	16.06212812143193
-2.0628690763924946	-0.9999972028566131	0.03811573737008497	0.12708881879235118	4115412.3	99846.4	16.02	16.03389589688625
-2.0628690763924946	-0.9999973560929617	0.06261396956899841	0.12708881879235118	4115412.3	53143.375	16.095	16.10255997523603
-2.3041037294862727	-0.9999959204177888	0.03141646680583241	0.09984825160526649	2484493.6	25226.65	16.01	16.04716497281145
-2.3041037294862727	-0.999995770383297	0.08132487179902831	0.09984825160526649	2484493.6	36622.875	16.095	16.11966770953321
-2.3041037294862727	-0.9999955145567576	0.12200477358971265	0.09984825160526649	2484493.6	69150.5	16.105	16.244969579600788
-2.3041037294862727	-0.9999955939273528	0.08343338578678114	0.09984825160526649	2484493.6	56774.45	16.310000000000002	16.34946562498938
-1.5189324541754552	-0.999997922575925	0.012217110526609511	0.21894549658621743	4665787.571428572	16199.857142857143	16.330000000000002	16.359031599636516
-1.5189324541754552	-0.9999976966653118	0.053006212993315885	0.21894549658621743	4665787.571428572	46483.32142857143	16.465	16.503318899699508
-0.7488690458337988	-0.9999980140339413	0.015249991001887155	0.4729010798676775	5075793.333333333	23868.416666666668	16.45	16.581338072985798
-0.7488690458337988	-0.9999977421293049	0.033030525739177315	0.4729010798676775	5075793.333333333	94890.08333333333	16.655	16.692126916549167
-0.7488690458337988	-0.9999980176112329	0.0165576118261474	0.4729010798676775	5075793.333333333	23438.916666666668	16.61	16.66513517692954
-0.7488690458337988	-0.9999978201443556	0.046883813523133415	0.4729010798676775	5075793.333333333	63862.083333333336	16.745	16.767393301018505
-1.967738968565182	-0.9999978298681726	0.008436279845844306	0.13977252928964284	4274073.9	10670.2	15.93	15.987275464124435
-1.967738968565182	-0.9999973494941191	0.057873267707109564	0.13977252928964284	4274073.9	83153.7	16.02	16.10874409151452
-1.967738968565182	-0.9999974725172877	0.05566599772782023	0.13977252928964284	4274073.9	49149.775	16.025	16.168178005850425
-1.967738968565182	-0.9999974049731121	0.05705161158857986	0.13977252928964284	4274073.9	65599.375	16.215	16.219757753659355
