-1.7058170835897768	-0.9999975206893351	0.028359398826650582	0.18162392360297458	4160498.25	30186.03125	27.36	27.59439685362852
-2.1720371199877113	-0.9999980042634689	0.015713761765920143	0.11394526015492802	4911550.4	18071.75	25.01	25.538673922768258
-2.1720371199877113	-0.9999977850448526	0.04947244735479385	0.11394526015492802	4911550.4	53042.3	25.815	26.032499489912876
-2.295308462617161	-0.9999979407742655	0.014402219915192875	0.10073031693841684	4728915.8	16947.0	25.43	25.566063399143637
-2.295308462617161	-0.9999977252255142	0.04638445069069382	0.10073031693841684	4728915.8	46966.775	25.715	26.01273324647855
-2.0160828246040645	-0.9999977428248354	0.03093502317900487	0.13317611888445213	5235893.5	135716.225	24.52	24.645098718324167
-2.0160828246040645	-0.9999978867387367	0.048179512268996146	0.13317611888445213	5235893.5	63882.15	24.055	24.482142944915857
-2.0160828246040645	-0.9999978750514174	0.03895170780246352	0.13317611888445213	5235893.5	67913.475	24.975	25.315448012231464
-2.2162504973975756	-0.9999979111595414	0.021309370545962807	0.10901710337145938	4836735.6	24419.275	25.900000000000002	26.182869739436264
-2.330710971652733	-0.9999979674411975	0.03739978005422499	0.0972265971561547	5344063.8	52161.75	26.02	26.729821009832992
-2.330710971652733	-0.999997917940784	0.05239729943262456	0.0972265971561547	5344063.8	67957.825	27.03	27.88480315645326
-1.5956706332254789	-0.9999973026724492	0.048330780069429466	0.20277249692034494	4289223.285714285	105813.21428571429	27.17	27.41898687985004
-0.7861950710509985	-0.9999970969175905	0.06562769357874151	0.45557493191843046	4047059.6666666665	126619.25	27.0	27.287459720949293
-0.7861950710509985	-0.9999971366280824	0.09296142593561217	0.45557493191843046	4047059.6666666665	107821.0	27.57	27.64444417491192
-1.0865631873297827	-0.9999977526472936	0.043582641709775015	0.337373994729996	4823448.0	51019.8125	27.61	27.706234529009016
-2.124896159421427	-0.9999977024608153	0.020818685980012373	0.11944537089918233	4625457.3	41239.225	24.900000000000002	25.01573161567309
