-2.0745841732706167	-0.9999983742424597	0.044246313629357256	0.12560864806839783	6914725.9	76241.0	13.86	13.962360253114069
-2.0745841732706167	-0.999998262944767	0.07594129765544591	0.12560864806839783	6914725.9	164596.9	14.11	14.45418827441475
-1.3756963013475152	-0.9999981143120286	0.02217820636451302	0.25266360453207315	5784739.166666667	54622.15	14.44	14.49810902060867
-1.497815493882554	-0.999998090754624	0.025032183006746995	0.2236181221321811	5739039.142857143	57366.541666666664	14.280000000000001	14.317944486152882
-1.497815493882554	-0.999998617315465	-0.0024921673647420525	0.2236181221321811	5739039.142857143	-2793.1428571428573	14.365	14.402599960987029
-1.5992489441281381	-0.9999980486490947	0.029466464713180485	0.20204821051765323	5682191.375	65377.53571428572	14.4	14.464459543999551
-1.023462246195619	-0.9999983077003677	0.00978188000921401	0.3593486304737867	6150595.75	33144.125	14.775	14.810912345185049
-0.2614624927588645	-0.9999986592977398	0.010248121853793743	0.7699247526361387	7807974.5	35176.75	14.91	14.911335894886788
-0.2614624927588645	-0.9999986122393254	-0.04199059112174545	0.7699247526361387	7807974.5	-50796.375	14.99	15.005684797891035
-2.03391053390301	-0.9999980135068137	0.032596144852152314	0.13082293204213286	5436119.1	48961.675	13.91	14.0030962996713
-2.183432698922373	-0.9999982608968699	0.046119761898246465	0.11265415834664559	7319610.1	337578.675	13.91	13.926960710619431
-1.760897183504086	-0.999998028943558	0.02876094343056917	0.17189057723130746	5572783.6	58938.75	14.26	14.29688306025658
-1.760897183504086	-0.9999981982324283	0.019537112434941575	0.17189057723130746	5572783.6	22944.125	14.39	14.41384653326465
-1.8867626547359986	-0.9999979399349525	0.03120119188361495	0.1515616729430232	5362878.2	62809.525	13.940000000000001	13.955299445827482
-1.8867626547359986	-0.99999795799566	0.047864126168557765	0.1515616729430232	5362878.2	57011.2	14.030000000000001	14.116908328234414
-1.8867626547359986	-0.9999982058201287	0.011940784749824055	0.1515616729430232	5362878.2	15091.725	14.085	14.149681088551079
