-1.458626081385992	-0.9999987491157671	0.055774510696049925	0.2325555677615516	9850466.166666666	224535.33333333334	26.6	27.220405935899567
-1.0831244396412536	-0.9999987782986636	0.05681051958157074	0.33853613578428415	10129792.0	236943.3125	26.59	26.88685772855162
-0.78311823195263	-0.9999988401902283	0.06027658187949491	0.4569788213445874	10759192.0	262659.0833333333	26.63	26.820344978199344
-1.2955146978905574	-0.9999987301062491	0.05512027128910517	0.2737569259519007	9634696.2	205877.3	26.5	26.543521687603942
-1.2955146978905574	-0.9999987572622131	0.05752402948328036	0.2737569259519007	9634696.2	158481.75	26.8	26.91908666216147
-1.2955146978905574	-0.9999987973559592	0.06014106573094149	0.2737569259519007	9634696.2	107699.55	26.97	27.05251569876921
-2.015620002700456	-0.9999987512743445	0.026306078864753227	0.1332377699749464	9871419.3	225638.65	27.36	27.56719619032013
-2.015620002700456	-0.9999988249614626	0.055496689651942585	0.1332377699749464	9871419.3	109020.25	27.515	27.84942962555722
-2.015620002700456	-0.9999988690736327	0.032385193246504636	0.1332377699749464	9871419.3	70532.875	27.965	28.27801415514577
-2.0746006371520243	-0.9999989218903806	0.013459582566036386	0.1256065800795358	10075304.8	52170.05	28.22	28.66585115010477
-2.0746006371520243	-0.999998873346605	0.03963217018097958	0.1256065800795358	10075304.8	85081.475	29.0	29.08413356349111
-1.5904686852585177	-0.9999987222821447	0.047777181415794824	0.20383005720040923	9810784.714285715	278009.6785714286	26.94	27.06399865310707
-1.5904686852585177	-0.9999987753890437	0.08421319957472059	0.20383005720040923	9810784.714285715	165113.5	27.36	27.587532050352486
-2.1777823815136585	-0.9999989753661488	0.0072806370273698785	0.1132924917937202	9990059.8	27892.625	28.51	28.548025129346797
-1.7011072954579038	-0.9999988359832347	0.03935517268032036	0.18248135136942117	10348152.75	170317.125	28.02	28.561274032433463
-0.2855991042494625	-0.9999988532040626	0.06362709826502719	0.7515638543157133	10791922.5	237074.25	25.400000000000002	25.81953602705633
-0.2855991042494625	-0.9999988943578725	0.07159161212134908	0.7515638543157133	10791922.5	152055.0	26.0	26.08572300613674
-0.2855991042494625	-0.9999988911901684	0.07780236972777108	0.7515638543157133	10791922.5	157343.0	26.095	26.21942175524724
-0.2855991042494625	-0.9999988953948225	0.04930369211554406	0.7515638543157133	10791922.5	150362.875	26.345	26.540214834215558
-2.3407436134180117	-0.9999988835308964	0.01023281067834851	0.09625603433228863	9355682.0	34382.425	26.48	26.681624123155387
-2.3407436134180117	-0.9999987594973827	0.023513327519737247	0.09625603433228863	9355682.0	109725.7	26.545	26.600404548640572
-2.3407436134180117	-0.9999988921052626	0.019241803119636518	0.09625603433228863	9355682.0	31731.95	26.375	26.729999637978818
-2.223054591314407	-0.999998952532844	0.009103509313489716	0.10827785855912984	9953745.5	33731.65	28.25	28.724301174083152
