-0.7533202488468999	-0.9999994741260672	0.03771309274292363	0.4708007790565282	25559550.666666668	687694.5	17.57	17.58831252048939
-0.7533202488468999	nan	nan	0.4708007790565282	25559550.666666668	nan	17.595	17.817442912467484
-0.7533202488468999	nan	nan	0.4708007790565282	25559550.666666668	nan	17.875	18.20697755671324
-2.1217348722084086	-0.9999993191766994	0.014843609184339	0.11982356950510044	16719976.2	87845.775	17.2	17.480759739476692
-2.1217348722084086	-0.9999993169634891	0.024244369348134377	0.11982356950510044	16719976.2	91157.425	17.475	17.566289398760677
-2.1217348722084086	-0.9999993370883608	0.02088672742837828	0.11982356950510044	16719976.2	65111.175	17.535	17.73408065953603
-1.5273105556715965	-0.9999994615837645	0.023530682757647265	0.2171188117541224	23948677.14285714	398058.4285714286	17.830000000000002	17.83666048689245
-1.7218290550521085	-0.9999994644316087	0.015990814150761305	0.17873892541420033	22394490.555555556	161744.80555555556	17.3	17.32553225014654
-1.9284984627706945	-0.9999994820001797	0.006154371352564023	0.14536630761592534	20775361.8	47174.675	17.57	17.596824590497366
-2.161283036344188	-0.9999992888268031	0.02369380543964771	0.11517724959887343	16591623.7	133187.15	17.68	17.929395935846607
-1.2474373455819214	-0.9999994699630541	0.018718025405957173	0.2872399512146164	23161795.4	214615.35	17.23	17.34223436597222
-2.07965780982787	-0.9999993204413489	0.017479477737682117	0.12497296940452952	17805783.4	179884.2	17.25	17.428468789333266
-2.033943465936646	-0.9999993580823541	0.015814369151706732	0.13081862384787354	18015032.7	105256.75	17.6	17.615712444259145
-1.402028933252508	-0.9999994922548475	0.019663961739759664	0.2460971423852484	24249948.5	222523.79166666666	17.3	17.64793264253607
-1.402028933252508	nan	nan	0.2460971423852484	24249948.5	nan	17.655	17.915259871130335
-1.402028933252508	nan	nan	0.2460971423852484	24249948.5	nan	17.89	18.109455945182724
-1.7986793336673605	-0.9999994598873442	0.019690062907196198	0.16551733711538247	22534737.5	193163.4	17.400000000000002	17.696746093625656
-1.7986793336673605	nan	nan	0.16551733711538247	22534737.5	nan	17.835	17.952499961838573
-1.7986793336673605	nan	nan	0.16551733711538247	22534737.5	nan	17.975	18.003566505816305
-1.7986793336673605	nan	nan	0.16551733711538247	22534737.5	nan	17.915	17.946464322997368
-2.2334446347037558	-0.9999992968306038	0.02367376764995012	0.10715867118158644	16913683.9	146265.4	18.22	18.32501343019029
