-2.1794194583889994	-0.9999981758566332	0.02240205942883625	0.11310717500555688	6038570.1	60791.25	15.83	15.905376851767286
-1.620143638867994	-0.999998578260423	0.025703217376020472	0.19787027517993838	8019012.625	89405.40625	15.98	16.41609555619897
-1.620143638867994	-0.9999986818818645	0.035755392199557944	0.19787027517993838	8019012.625	38947.90625	16.52	16.710440454718658
-1.620143638867994	-0.9999986475287788	0.02936436750637397	0.19787027517993838	8019012.625	51300.9375	16.725	16.732444993250915
-1.3924410423644098	-0.9999983950668269	0.025656335799598036	0.2484680427386778	7588601.5	194695.70833333334	16.44	16.442891540342686
-2.0628017383271704	-0.9999984564002121	0.02870507384115071	0.12709737699567616	7411625.3	93020.25	15.38	15.62888496336086
-2.0628017383271704	-0.9999986879105734	0.01835691938230473	0.12709737699567616	7411625.3	16724.925	15.425	15.506568058990391
-2.0628017383271704	-0.9999985249276945	0.03518038950706279	0.12709737699567616	7411625.3	55975.275	15.63	15.646486687048998
-2.0628017383271704	-0.9999985143575314	0.03521626087278751	0.12709737699567616	7411625.3	60536.925	15.790000000000001	15.912299241445428
-1.7084933821179549	-0.9999984416303745	0.022045294768481927	0.18113849363105772	7729840.444444444	170406.61111111112	16.6	16.611918048734015
-1.9697089666640868	-0.9999984883786941	0.028676582066301262	0.13949744871573005	7596611.3	97070.15	15.5	15.517618258237317
-1.9697089666640868	-0.9999986354209016	0.01814811712813465	0.13949744871573005	7596611.3	31765.8	15.594999999999999	15.710129799082246
-1.9697089666640868	-0.9999986021889309	0.025493434178682512	0.13949744871573005	7596611.3	40888.45	15.485	15.828145060358194
-2.213396194199058	-0.9999980850120357	0.021513424781446678	0.10932871574484274	5818177.2	68990.55	15.8	15.810769600717617
-2.213396194199058	-0.9999980848354346	0.056101860964426126	0.10932871574484274	5818177.2	69061.475	15.775	15.880441382459587
-1.23819837095477	-0.9999985385419657	0.02306612590829884	0.28990605088486676	7699898.4	77115.95	15.82	16.344206839045885
-0.270283073378423	-0.9999990139400249	0.0013565540997460452	0.7631634325064913	8585423.0	4748.25	16.96	17.032232324269472
-1.7855495730535704	-0.999998604556424	0.02231600605171848	0.16770486959226905	8052407.8	75861.725	16.55	16.636862591665814
-1.7855495730535704	-0.9999985130399819	0.03384740520584851	0.16770486959226905	8052407.8	158514.625	16.78	16.826956397963023
-2.0187558765733438	-0.9999985051121761	0.029397851150500816	0.13282060755941427	7701987.6	100067.225	15.790000000000001	15.826589001984287
-2.244882428485256	-0.9999978578574901	0.033939179743901364	0.10593999516707028	5287398.7	82979.55	15.790000000000001	15.945243954092343
-2.244882428485256	-0.9999979571793199	0.041189100415700945	0.10593999516707028	5287398.7	49079.025	16.09	16.122546705998033
-2.244882428485256	-0.9999978884510315	0.05572522048985394	0.10593999516707028	5287398.7	70586.0	16.115000000000002	16.132781778570628
-2.244882428485256	-0.9999980034552761	0.03584940134963966	0.10593999516707028	5287398.7	38426.475	16.075	16.139019514771224
