-1.3826389536157742	-0.999998177206446	0.05814060225675326	0.2509155241635416	6700081.833333333	201362.29166666666	15.65	15.829040864093555
-1.2284969281633646	-0.99999812612494	0.05456905129542532	0.2927322447652595	6486303.0	189950.0	15.120000000000001	15.591778480758645
-1.6957656802821401	-0.9999979443741049	0.049374753261482954	0.18345870452352164	5792088.222222222	148206.19444444444	15.39	15.490469916781201
-2.236651909270597	-0.9999982534343657	0.05036935771934118	0.10681553446186895	7256978.6	319587.475	16.16	16.160047166918734
-2.236651909270597	-0.9999983544299674	0.07973814604119617	0.10681553446186895	7256978.6	153562.05	16.1	16.209035371092334
-2.236651909270597	-0.999998524516367	0.03014325128923328	0.10681553446186895	7256978.6	44691.15	16.310000000000002	16.311932660747765
-0.7417415134138325	-0.9999982242512634	0.040038033512392046	0.476283738329404	6725397.666666667	153677.25	15.34	15.359802237608617
-0.7417415134138325	-0.9999983671983006	0.08225299662787501	0.476283738329404	6725397.666666667	58760.416666666664	15.46	15.527651298629646
-0.7417415134138325	-0.9999982423066397	0.1006297337235816	0.476283738329404	6725397.666666667	136104.66666666666	15.51	15.54790445066005
-0.7417415134138325	-0.9999983142312355	0.09542730858013929	0.476283738329404	6725397.666666667	83906.08333333333	15.6	15.672105013484543
-1.7719304926822765	-0.9999979096390795	0.04915941903947914	0.17000447943144634	5683348.3	144385.525	15.69	15.696217389901788
-1.8993034936908795	-0.9999982005748458	0.05165190504528364	0.14967283099743645	6608589.7	146042.9	15.24	15.567468672205251
-1.8993034936908795	-0.999998330171201	0.06225315308089949	0.14967283099743645	6608589.7	62019.075	15.7	15.85319328162512
-1.8993034936908795	-0.9999982378763609	0.06862866417155335	0.14967283099743645	6608589.7	114135.7	15.84	16.06830621872726
-2.0043194432305684	-0.9999983730336424	0.042694616721322284	0.13475197086285462	7263871.6	135681.75	16.080000000000002	16.09219880938446
-2.0043194432305684	-0.99999848820332	0.050128366814376775	0.13475197086285462	7263871.6	58775.475	16.189999999999998	16.196366144095457
-2.0043194432305684	-0.9999984127050153	0.05728020689245811	0.13475197086285462	7263871.6	101711.65	16.23	16.278558518612584
-2.0502507059851136	-0.9999983901919055	0.036218335352325604	0.12870263302236276	7239287.4	115134.325	16.1	16.25021138672662
-2.0502507059851136	-0.9999984531340493	0.05960928631144113	0.12870263302236276	7239287.4	72998.45	16.315	16.41007958053143
-2.0502507059851136	-0.9999983855447034	0.0598989018820969	0.12870263302236276	7239287.4	119073.65	16.435000000000002	16.46987367995775
-1.9542884197819812	-0.9999981586113172	0.0455810823959352	0.14166524702415836	6427996.4	138196.6	15.83	15.942096873450533
-0.2628317134067398	-0.9999982582867373	0.037436567027918775	0.7688712771522962	6910162.0	168638.875	15.21	15.31790161787908
-0.2628317134067398	-0.9999984284441553	0.044440321356070005	0.7688712771522962	6910162.0	52035.75	15.23	15.243590360769867
-0.2628317134067398	-0.9999983530096729	0.07462825104699425	0.7688712771522962	6910162.0	87637.0	15.25	15.311349810647359
-0.2628317134067398	-0.9999984807465064	0.060841393940258504	0.7688712771522962	6910162.0	36252.375	15.31	15.356347937036903
-1.0277209769565214	-0.9999980035051127	0.0427669168005103	0.35782151550113395	5955636.5	145858.3125	15.6	15.639653638995203
