-0.7676158979514509	-0.9999996594357491	0.05716255682787305	0.4641182556320866	40351682.666666664	929441.8333333334	19.52	20.0940661823599
-1.2666163731326983	-0.999999667279179	0.04944518418632907	0.28178346062463594	40941265.0	824069.45	20.17	20.929935699082208
-1.2666163731326983	-0.9999997369966993	0.005692229177650168	0.28178346062463594	40941265.0	47461.15	20.975	20.989532372607993
-1.2666163731326983	-0.9999997429022995	0.004774293534254074	0.28178346062463594	40941265.0	37267.55	20.94	21.100829171013206
-1.7504414476794314	-0.9999996943641941	0.018868865834498875	0.1736972482760621	44641121.55555555	842327.3333333334	21.13	21.17131348317417
-1.6597858728686203	-0.9999997044346001	0.031772678328546335	0.19017969837518106	44774538.0	558942.8125	20.89	21.549699830976547
-2.072827956133321	-0.9999997011369864	0.016634547489159723	0.12582943794946605	43314916.5	418831.55	22.35	22.47738245799809
-2.072827956133321	-0.9999997145595388	0.02658747812773751	0.12582943794946605	43314916.5	234175.35	22.865000000000002	22.87238111091801
-1.0593248549672434	-0.9999996448546103	0.054177274510672536	0.3466897972281294	38455422.5	853640.0	19.85	20.463748679704253
-0.2783695048357143	-0.999999688420095	0.02366400779185579	0.7570170483686632	40801691.0	332031.125	20.94	21.07841299296066
-1.8298978557205374	-0.9999996996675851	0.02595995457330418	0.16042995394033147	44787339.4	694597.875	21.36	21.448691568273397
-1.8298978557205374	-0.9999997340999969	0.016567277948795436	0.16042995394033147	44787339.4	148590.125	22.0	22.209085527671473
-1.9635441988211846	-0.9999997012532267	0.025402832012778803	0.14036007431305159	43325273.6	418019.475	21.28	21.642890530692167
-1.9635441988211846	-0.9999997145235282	0.024689334320170335	0.14036007431305159	43325273.6	235235.4	21.905	21.983101075871478
-1.9635441988211846	-0.9999997215562951	0.020423987568547432	0.14036007431305159	43325273.6	173449.875	22.200000000000003	22.289324719776776
-2.1206474905202497	-0.9999997148410136	0.014659638753654891	0.11995393432570421	43395254.5	236698.525	22.580000000000002	23.270507183614136
-2.1658113031947863	-0.9999996959120663	0.022155080574063492	0.1146568753634697	42094842.2	362409.775	23.2	23.409934300651305
-1.4235196002235015	-0.9999996900872238	0.024960909777722015	0.24086477556081123	43799492.166666664	785456.9583333334	20.7	20.7955410415445
