-1.8721982773079595	-0.9999996350828636	0.13192332113376165	0.15378522738939088	37783160.7	972593.775	2.46	2.5035495765968436
-1.8721982773079595	-0.9999996462133242	0.1298092776964729	0.15378522738939088	37783160.7	638691.775	2.515	2.523369167602394
-1.8721982773079595	-0.9999996538683033	0.12950445358222873	0.15378522738939088	37783160.7	478278.0	2.5250000000000004	2.53484274620511
-1.8721982773079595	-0.9999996451465862	0.11179692289089833	0.15378522738939088	37783160.7	664959.925	2.575	2.588108277481726
-1.8721982773079595	-0.9999996178262466	0.1371543716186746	0.15378522738939088	37783160.7	1866791.625	2.585	2.591376722084057
-0.6200531123439796	-0.9999997978741526	0.12546444063681028	0.537915866863399	71358522.0	1836553.3333333333	2.35	2.365947426376389
-0.6200531123439796	-0.9999997995576801	0.16517468631775548	0.537915866863399	71358522.0	1628658.25	2.355	2.366670824688709
-0.6200531123439796	-0.9999997817528216	0.121516561884108	0.537915866863399	71358522.0	5802479.666666667	2.37	2.3718165325333995
-1.8065906828591363	-0.9999995097696401	0.1343251228501818	0.16421303785057725	30476123.9	3079632.6	2.37	2.375943596699446
-1.8065906828591363	-0.9999995669626185	0.160748504439002	0.16421303785057725	30476123.9	538907.4	2.36	2.377300814276131
-1.8065906828591363	-0.9999995681024302	0.14216888976753222	0.16421303785057725	30476123.9	520508.725	2.375	2.3928662849026265
-1.8065906828591363	-0.9999995671330006	0.15262336515988256	0.16421303785057725	30476123.9	536116.325	2.4050000000000002	2.4076542306707815
-1.2889270464807308	-0.9999997284669714	0.12399926854689576	0.2755662943517947	51968597.571428575	1344039.1785714286	2.35	2.3630772235023367
-1.2889270464807308	-0.9999997338460873	0.14973348619343307	0.2755662943517947	51968597.571428575	1016264.8928571428	2.37	2.374975551915801
-1.2889270464807308	-0.9999997084115496	0.13625905065605237	0.2755662943517947	51968597.571428575	3811153.9285714286	2.37	2.370607115862799
-1.2889270464807308	-0.9999997408561395	0.12404400270806286	0.2755662943517947	51968597.571428575	705979.5714285715	2.37	2.372050248036671
-2.010865069644203	-0.9999996641984098	0.12839540346824868	0.13387281525413855	44552020.7	3142845.25	2.56	2.560017839202302
-2.010865069644203	-0.9999996853674403	0.12743236111324277	0.13387281525413855	44552020.7	1223854.05	2.565	2.5688282286374773
-1.84100387823243	-0.9999995753678339	0.12934716422204784	0.1586580727489877	31899865.7	763530.05	2.4	2.400221055705993
-1.84100387823243	-0.9999995856431109	0.12526642246822403	0.1586580727489877	31899865.7	550139.575	2.4050000000000002	2.4101086994065573
-1.84100387823243	-0.9999995552638191	0.13844842196132112	0.1586580727489877	31899865.7	1449926.975	2.415	2.4444734115605815
-1.84100387823243	-0.9999995822185959	0.12430284361392487	0.1586580727489877	31899865.7	613643.275	2.435	2.4569162855696356
-1.84100387823243	-0.9999995880227458	0.12320046480067486	0.1586580727489877	31899865.7	509924.075	2.45	2.4522416752971905
-1.84100387823243	-0.9999995911173334	0.13694956096256378	0.1586580727489877	31899865.7	461990.675	2.4450000000000003	2.453165541802976
-1.9319438272027922	-0.9999996713758945	0.13000016204316295	0.1448663295080188	42380828.1	1118345.4	2.57	2.5934733655197864
-1.9319438272027922	-0.9999996809268713	0.10145576189061549	0.1448663295080188	42380828.1	746075.5	2.625	2.6542718004458505
-1.9319438272027922	-0.9999996854659923	0.13932989401698984	0.1448663295080188	42380828.1	615512.225	2.64	2.643752100033273
-1.3784069325687083	-0.9999997119994041	0.1316264610163942	0.2519796540646931	49034917.375	1358762.1875	2.38	2.39654834123357
-1.72789239291285	-0.999999567100999	0.13319384491203884	0.17765844987489154	31740577.9	927699.725	2.4	2.4085370816934937
-1.72789239291285	-0.9999995793245158	0.1634939792712645	0.17765844987489154	31740577.9	629374.275	2.41	2.4112646209056905
-1.72789239291285	-0.9999995977088272	0.09618331616393318	0.17765844987489154	31740577.9	351143.925	2.415	2.419487844628519
-1.72789239291285	-0.9999995811673642	0.16011209240330632	0.17765844987489154	31740577.9	593616.175	2.425	2.4289997731832975
-0.19151642994856563	-0.9999998193344714	0.13472381717865756	0.8257060586869608	80947343.0	2245399.625	2.37	2.3769030353302676
-1.182481777209253	-0.9999997426055923	0.11823132025255788	0.3065170867468212	54653315.0	1286526.9583333333	2.3000000000000003	2.313435218810649
-1.182481777209253	-0.9999997207855914	0.14126285151866763	0.3065170867468212	54653315.0	4239656.416666667	2.315	2.316642699197946
-1.182481777209253	-0.9999997518866072	0.12323765238469632	0.3065170867468212	54653315.0	774689.9166666666	2.315	2.333866378716682
-1.182481777209253	-0.9999997380914205	0.12675318496712454	0.3065170867468212	54653315.0	1646515.0	2.35	2.3545483386458823
-1.5226682431549239	-0.9999996982113549	0.13046537529769137	0.21812908832694589	46683330.4	1313884.1	2.33	2.347762617149273
-1.5226682431549239	-0.9999997063474797	0.14792404256947664	0.21812908832694589	46683330.4	898674.8	2.36	2.365497429181086
-1.5226682431549239	-0.9999996890590025	0.14404170833201096	0.21812908832694589	46683330.4	2014256.75	2.38	2.3813365487322287
-1.5226682431549239	-0.9999997123907771	0.13719899778326328	0.21812908832694589	46683330.4	677764.325	2.385	2.387070054137351
