-1.941706460152338	-0.999999757612665	0.09046083290534666	0.14345893382810837	56975718.1	994695.025	2.37	2.3791500178013405
-1.9116448276797426	-0.9999997159890783	0.08559244244231043	0.14783702007962218	48072824.5	850182.25	2.43	2.4402649878596248
-1.9682449844555099	-0.9999997850992799	0.09013264029716822	0.13970182006029652	64715049.3	1096144.725	2.3000000000000003	2.3022785979499414
-1.9682449844555099	-0.9999997872161089	0.11997253363018329	0.13970182006029652	64715049.3	955814.325	2.31	2.328419879880536
-1.9682449844555099	-0.9999997879465073	0.12490708208255384	0.13970182006029652	64715049.3	911686.2	2.34	2.345451875977308
-1.3815528497353224	-0.9999992813691532	0.09326111148622945	0.25118819253428526	17547312.25	299549.96875	2.99	3.0183321002640557
-1.3815528497353224	-0.9999992866655848	0.13770763570697558	0.25118819253428526	17547312.25	272964.78125	3.0250000000000004	3.045822846870404
-0.19232516107673994	-0.9999993750507421	0.07801512592170409	0.8250385544466887	20369451.5	337685.625	3.2	3.2129737990258063
-1.8128090334591735	-0.9999996250820502	0.0753862870947457	0.16319507192285757	35961165.1	716751.8	2.43	2.4386265266124054
-1.8128090334591735	-0.9999996511231737	0.0918495315892641	0.16319507192285757	35961165.1	280972.925	2.47	2.476591551295459
-1.1838838752666567	-0.9999992279711478	0.10110222217059203	0.30608762088191643	18028141.0	1108196.0833333333	3.09	3.0907648892404334
-1.8804712757935846	-0.9999996603094795	0.0879577798598152	0.1525182106762364	43372531.2	2503592.6	2.39	2.3918051075213107
-1.8804712757935846	-0.999999693343155	0.09782230635882715	0.1525182106762364	43372531.2	597483.475	2.4050000000000002	2.4231952329394537
-1.7755052954756554	-0.9999996118826191	0.05850908313511726	0.16939783191215102	32886369.5	349328.75	2.5300000000000002	2.541647447474294
-1.7755052954756554	-0.9999996181151328	0.0939895742390438	0.16939783191215102	32886369.5	284589.575	2.54	2.5439262232128668
-1.5843382744662573	-0.9999992393936986	0.10461178322579523	0.20508345718582582	16486252.5	279161.0	2.96	2.965904247643062
-1.847692017409754	-0.9999996570895487	0.08832511573938402	0.1576004860625696	39020359.3	647249.725	2.47	2.4740679301718274
-1.847692017409754	-0.9999996639710347	0.12216442720222233	0.1576004860625696	39020359.3	494829.7	2.47	2.482307823777923
