-0.6399220703702437	-0.9999989376943338	0.1351626624203213	0.5273335173475997	13380421.333333334	1489717.0	4.44	4.4464023987348575
-0.6399220703702437	-0.9999990502664674	0.1541902872245314	0.5273335173475997	13380421.333333334	330324.8333333333	4.45	4.456737449355586
-0.6399220703702437	-0.9999990423469861	0.1609484380660769	0.5273335173475997	13380421.333333334	367250.0	4.475	4.475342656976592
-0.8949508528589791	-0.9999989125396971	0.1262985293165328	0.40862768102961305	12290056.0	637268.5625	4.47	4.470745052954293
-1.4090373180681335	-0.9999989679467964	0.07503378427205325	0.24437842864791468	11403170.125	129142.34375	4.55	4.5602932230198325
-1.4090373180681335	-0.9999988790302966	0.13649978766053678	0.24437842864791468	11403170.125	355971.3125	4.555	4.555174524200028
-1.4090373180681335	-0.9999989371843405	0.1568002282665846	0.24437842864791468	11403170.125	183406.875	4.545	4.545003698473539
-1.4090373180681335	-0.9999989298860739	0.14779463470665616	0.24437842864791468	11403170.125	199323.84375	4.545	4.548222456905479
-1.4090373180681335	-0.9999988566745518	0.12731644474949239	0.24437842864791468	11403170.125	459333.78125	4.545	4.555642892583202
-1.3179193941360083	-0.9999989570965095	0.06969244650589582	0.2676916838465905	11282746.0	128901.96428571429	4.5600000000000005	4.564219684433012
-1.8420686763630254	-0.9999987816086736	0.1317004337786429	0.15848922384067496	10263123.8	269546.8	3.46	3.4771770495955785
-1.8420686763630254	-0.999998653178105	0.12147704545772815	0.15848922384067496	10263123.8	1007113.475	3.48	3.480896875219455
-1.806016263351861	-0.99999870717867	0.1302937302851495	0.1643073921197395	9576768.7	238243.05	3.46	3.4754909595452497
-1.0724801343092891	-0.9999989946030448	0.1074461937391879	0.34215886428874015	12841312.4	404583.7	4.47	4.4764321814015835
-1.0724801343092891	-0.9999990502535399	0.1263897311630959	0.34215886428874015	12841312.4	197992.8	4.505	4.5060819384961
-1.0724801343092891	-0.9999990644670849	0.16454371713334984	0.34215886428874015	12841312.4	164961.0	4.5200000000000005	4.5210213195888365
-1.6702693945646614	-0.9999986567532445	0.10878514401394265	0.18819635973270463	9708489.2	460880.675	4.55	4.551070928506613
-1.2080843032985609	-0.999998925573229	0.10319382239745334	0.29876908250022577	11922423.666666666	365773.0833333333	4.5200000000000005	4.526061855501091
-1.2080843032985609	-0.9999989361531437	0.12772574413953086	0.29876908250022577	11922423.666666666	322426.2916666667	4.53	4.573074981531643
-1.5556440307886839	-0.9999989115246887	0.07334752834470464	0.21105341396501373	10813520.0	129345.425	4.55	4.55623785744096
