-1.3981022315182745	-0.9999988680785671	0.14313575824922728	0.24706539223109786	10976254.125	248762.34375	4.0600000000000005	4.0807551428108635
-1.3981022315182745	-0.9999988986805598	0.13034388079879128	0.24706539223109786	10976254.125	177789.65625	4.085	4.090471400328634
-1.1986668485130156	-0.9999987534572065	0.1296843425304936	0.30159601719783047	10548997.0	513895.0	4.05	4.051290211971559
-1.1986668485130156	-0.9999988489116539	0.1492632837630911	0.30159601719783047	10548997.0	187741.66666666666	4.065	4.069077947005011
-1.1986668485130156	-0.9999988134382998	0.1808152859111141	0.30159601719783047	10548997.0	272946.7916666667	4.065	4.067868551408125
-1.1986668485130156	-0.9999987591918056	0.1539852649428866	0.30159601719783047	10548997.0	483728.875	4.07	4.071569784676746
-1.791216382403394	-0.9999989367589373	0.129182156133829	0.16675720572050173	11495721.6	203357.0	3.95	3.956664393038801
-1.791216382403394	-0.9999989122716998	0.15260787699558717	0.16675720572050173	11495721.6	269471.525	3.97	3.9748093109737628
-1.791216382403394	-0.9999989145859605	0.14492387239062912	0.16675720572050173	11495721.6	262396.975	3.98	3.984209905135171
-1.7060166787763307	-0.9999989183329387	0.14084068595380653	0.18158767595960837	12505426.0	749158.65	3.95	3.953607386531994
-1.7060166787763307	-0.9999990401144844	0.1320432656810836	0.18158767595960837	12505426.0	163369.725	3.96	3.96106153481161
-1.8971751248027846	-0.9999988888684878	0.12912070680973206	0.14999172924049112	11013075.8	206276.075	3.99	4.026371199633182
-1.8971751248027846	-0.999998882833119	0.14390148178440773	0.14999172924049112	11013075.8	220452.825	4.015000000000001	4.016550122612767
-1.8971751248027846	-0.9999988302370717	0.1493521162539699	0.14999172924049112	11013075.8	393440.55	4.0200000000000005	4.026988255173449
-1.8971751248027846	-0.9999988797871173	0.1615051238126315	0.14999172924049112	11013075.8	227973.575	4.045	4.061104729667806
-1.6576242838812432	-0.9999990252196769	0.13232683309335072	0.19059123334129668	12698558.8	237589.825	3.93	3.935385404971933
-1.6576242838812432	-0.9999990250540607	0.14480415922215806	0.19059123334129668	12698558.8	238090.025	3.935	3.9351723474730216
-1.6576242838812432	-0.9999990142322432	0.14791298481935478	0.19059123334129668	12698558.8	273163.6	3.9450000000000003	3.9567695035460995
-1.6576242838812432	-0.9999989609852028	0.11997265847574966	0.19059123334129668	12698558.8	537126.35	3.93	3.9352409530110655
-1.6576242838812432	-0.9999990074524305	0.15089150240115004	0.19059123334129668	12698558.8	297723.45	3.94	3.950538561050851
-1.8290144685995346	-0.9999988971092616	0.13309482935328482	0.16057173831148872	11101938.8	207777.0	3.98	3.995056379756351
-1.9282291950395336	-0.9999988313125698	0.1416699134103848	0.14540545534213747	10676224.8	262279.475	4.08	4.0835933039651255
-0.6318952468814503	-0.9999985729928772	0.14729628754057653	0.531583363977376	9684092.333333334	1003764.25	4.0600000000000005	4.060563372052917
-0.6318952468814503	-0.9999987415728191	0.15752478639799566	0.531583363977376	9684092.333333334	196166.66666666666	4.065	4.071608985758363
-0.6318952468814503	-0.9999986665269164	0.15201681238986461	0.531583363977376	9684092.333333334	405742.5	4.08	4.0813568868206325
-0.6318952468814503	-0.9999987155198262	0.15572617226999436	0.531583363977376	9684092.333333334	252463.16666666666	4.075	4.079443487861622
-1.5437832189528604	-0.9999989097302493	0.13912862497918727	0.21357158303911383	11331115.6	231878.375	4.0200000000000005	4.021336728457935
-1.5437832189528604	-0.9999988006729351	0.14749843023470555	0.21357158303911383	11331115.6	797879.1	4.015000000000001	4.016845080012234
-1.5437832189528604	-0.9999989302913193	0.14579846360058282	0.21357158303911383	11331115.6	183686.775	4.01	4.0302027766433435
-0.1970575153702107	-0.9999985474672889	0.16656560493664802	0.8211434035876	8545021.0	245712.75	4.0200000000000005	4.034972036378842
-0.8858632804757022	-0.9999987599463889	0.15985247188190513	0.4123580389352427	10070263.75	265047.1875	4.09	4.09034560448445
