-1.8518626234598707	-0.9999993432794142	0.09408683368345536	0.1569445652662709	18966997.2	256789.925	4.54	4.55093928265469
-1.8518626234598707	-0.9999993612778446	0.08716800246350023	0.1569445652662709	18966997.2	182523.8	4.565	4.5663498531084485
-1.8518626234598707	-0.999999311209351	0.11941406028332084	0.1569445652662709	18966997.2	471789.5	4.555	4.559630257163782
-1.8518626234598707	-0.9999993316163734	0.14212773658818306	0.1569445652662709	18966997.2	320368.525	4.57	4.57177349666453
-1.5656788332113194	-0.9999993193022229	0.09064994046053701	0.20894612545035005	18631916.1	322126.875	4.88	4.8935512036668
-1.7287212780682646	-0.9999993451762265	0.08328561857580856	0.1775112524363698	18957091.8	246114.05	4.63	4.643818922500362
-1.7287212780682646	-0.9999993733550734	0.0656989252796536	0.1775112524363698	18957091.8	144257.975	4.655	4.661057714913869
-1.7737080031995203	-0.9999993845279481	0.08829359976753262	0.16970256309050727	20310487.9	268480.6	4.63	4.6349232366635
-1.4962730027982667	-0.9999993039626859	0.09407048271140642	0.22396331725361077	18320685.555555556	345199.52777777775	4.83	4.8474193869344235
-1.4962730027982667	-0.9999993579496792	0.06747707255393613	0.22396331725361077	18320685.555555556	128385.69444444444	4.845000000000001	4.864159123280199
-1.4962730027982667	-0.999999326422153	0.09204200292016411	0.22396331725361077	18320685.555555556	228754.25	4.8500000000000005	4.8962632704847655
-1.8872768791774108	-0.9999993353250498	0.08125226974373322	0.15148375626146252	18348577.7	197962.9	4.55	4.560318697497185
-1.8872768791774108	-0.9999993345713768	0.09524518646951423	0.15148375626146252	18348577.7	200719.525	4.5600000000000005	4.568129179956785
-0.6457184539826014	-0.9999992653907204	0.08410049476104653	0.524285731590411	17363253.666666668	346349.75	4.76	4.769797856935998
-0.6457184539826014	-0.999999311688532	0.11084324427389945	0.524285731590411	17363253.666666668	155021.66666666666	4.78	4.787373353224214
-0.6457184539826014	-0.9999992742283962	0.09890433453233619	0.524285731590411	17363253.666666668	297078.9166666667	4.79	4.812903703703705
-1.9509598540932473	-0.9999993235736886	0.06472534942621294	0.14213757475553904	17751901.7	164037.0	4.47	4.475022688017799
-1.9509598540932473	-0.9999993077824729	0.09766399252993654	0.14213757475553904	17751901.7	217112.925	4.445	4.464098166063268
-1.9509598540932473	-0.9999992052361615	0.10213913198250686	0.14213757475553904	17751901.7	1340520.85	4.47	4.470129977971891
