-1.740857782068821	-0.9999996940931829	0.07829915087624212	0.17536990691926074	43681843.6	635757.3	4.87	4.906176342039582
-1.740857782068821	-0.9999996682247385	0.11535361761791811	0.17536990691926074	43681843.6	1968051.6	4.9	4.91544638187142
-1.740857782068821	-0.9999996800786166	0.10229477243906367	0.17536990691926074	43681843.6	1172624.525	4.95	4.95264029187549
-1.8644812225790894	-0.999999710466672	0.09898909016390615	0.15497658738839423	49565516.5	1708059.275	5.21	5.212340764005868
-1.8644812225790894	-0.9999997259341615	0.1107112082084792	0.15497658738839423	49565516.5	793503.775	5.23	5.245226620540207
-1.7844123343497011	-0.999999715028997	0.08782201570299072	0.16789569854926775	48378601.7	971403.9	5.01	5.1174719747495985
-1.7844123343497011	-0.9999996891636845	0.11299681518786722	0.16789569854926775	48378601.7	3395039.675	5.155	5.158341374504157
-1.7844123343497011	-0.9999997308247218	0.1327704983522243	0.16789569854926775	48378601.7	452399.7	5.165	5.1688029175389705
-1.7844123343497011	-0.9999997187857725	0.0901828194046698	0.16789569854926775	48378601.7	809967.875	5.165	5.171116893817387
-1.7844123343497011	-0.9999997192805302	0.1024783558924722	0.16789569854926775	48378601.7	790810.9	5.175	5.186446357572199
-1.9948809909426477	-0.9999997660019293	0.05917896538038167	0.1360298419868481	58027825.4	788902.425	5.17	5.177769982547993
-1.9948809909426477	-0.9999997626885964	0.12603872713921055	0.1360298419868481	58027825.4	956143.85	5.175	5.196806838597914
-1.9948809909426477	-0.9999997477235099	0.14091218011342654	0.1360298419868481	58027825.4	2278563.325	5.215	5.272722584844282
-1.576812112122263	-0.9999996260718584	0.11490831607348846	0.2066327714608926	39532214.8	2629244.85	5.13	5.132663929022092
-1.8998499252572558	-0.9999997481019135	0.07715231974400881	0.149591067379096	54532463.4	924143.0	5.2	5.233727287732672
-1.8998499252572558	-0.999999746950894	0.14006338566082277	0.149591067379096	54532463.4	984008.775	5.24	5.278542239837315
-1.8998499252572558	-0.9999997446546769	0.12965981065885124	0.149591067379096	54532463.4	1115271.675	5.285	5.335480875054308
-1.8998499252572558	-0.9999997566983192	0.1247071090259156	0.149591067379096	54532463.4	578294.35	5.325	5.350927003808628
-1.4298361265609871	-0.9999996529203404	0.127956494851468	0.23934814183326583	39405334.5	870470.3125	5.26	5.285914277532059
-1.6372599955252425	-0.9999996546579097	0.1215492251785519	0.19451227730495763	39507680.7	842108.25	5.13	5.14730676783664
-1.6372599955252425	-0.9999996610757665	0.1309169473870939	0.19451227730495763	39507680.7	653507.225	5.15	5.1651793815775635
-1.0891310490632966	-0.9999996510231393	0.12247917857695194	0.3365087763151068	38590162.4	705789.5	5.26	5.263587559693157
-1.0891310490632966	-0.9999996257617632	0.1349381997603861	0.3365087763151068	38590162.4	1870869.4	5.2700000000000005	5.312353801236153
-1.0891310490632966	-0.9999996760678114	0.09358368619123018	0.3365087763151068	38590162.4	268496.2	5.255	5.256270201395192
-1.0891310490632966	-0.9999996625400892	0.16368711058536478	0.3365087763151068	38590162.4	452539.6	5.2700000000000005	5.272793302315215
-1.0891310490632966	-0.9999996579585055	0.17167950369508816	0.3365087763151068	38590162.4	540059.7	5.2700000000000005	5.279132094072689
-1.0891310490632966	-0.9999996420098047	0.15719226009924023	0.3365087763151068	38590162.4	999388.4	5.275	5.276636654758626
-1.9337884346434333	-0.999999753128669	0.06458023947424313	0.14459935430663168	55228774.1	834342.925	5.3100000000000005	5.312025519645752
-1.3371704996014224	-0.9999996479767982	0.12233165785053524	0.26258761017094984	38563165.571428575	786326.7857142857	5.25	5.268100452039218
-2.049648461353117	-0.9999997529364927	0.07553908584947627	0.12878016683704266	55567024.0	916743.275	5.22	5.238587742038726
-2.049648461353117	-0.9999997380857448	0.13399685484399154	0.12878016683704266	55567024.0	2092343.375	5.24	5.242625866844048
-0.20836543160482335	-0.9999995684843613	0.12677624754098293	0.8119102848156278	31425878.0	775107.125	5.2	5.235506233632147
-0.20836543160482335	-0.999999549277579	0.1486593138514495	0.8119102848156278	31425878.0	1417417.5	5.26	5.260744105384671
-0.6505441964777277	-0.9999995305950623	0.12406559669837947	0.5217617585759474	30126388.0	1385365.5	5.2700000000000005	5.272731790765457
-1.8258567982831644	-0.9999997136815092	0.08610223963648604	0.16107957228737596	48318462.3	1019138.5	5.16	5.166435375526876
-1.8258567982831644	-0.999999706817793	0.1165866280300429	0.16107957228737596	48318462.3	1419922.3	5.17	5.21539582787487
