-1.834023040387608	-0.9999998379255991	0.07811024689997877	0.15976951390930963	87552776.3	1454340.475	5.5	5.517194612200041
-1.834023040387608	-0.9999998390391464	0.11316584694030372	0.15976951390930963	87552776.3	1319243.275	5.515000000000001	5.516480057084572
-1.834023040387608	-0.9999998266725456	0.11403762629952405	0.15976951390930963	87552776.3	3895371.375	5.51	5.519889254802247
-1.834023040387608	-0.9999998466485304	0.11031454202246992	0.15976951390930963	87552776.3	677622.375	5.51	5.511095457831711
-1.834023040387608	-0.9999998402490128	0.11623303001214591	0.15976951390930963	87552776.3	1186646.25	5.515000000000001	5.532912524574068
-1.5116608949066237	-0.9999998545407838	0.07286084837347016	0.22054337423157042	98759178.8888889	1733117.1666666667	5.51	5.528272211358051
-1.5116608949066237	-0.9999998578837598	0.11747216784768881	0.22054337423157042	98759178.8888889	1245792.4444444445	5.545	5.546498709476747
-1.0905012041274278	-0.9999998369848666	0.0660639263513136	0.33604802283505303	88225696.4	1762287.25	5.45	5.475510966218023
-1.0905012041274278	-0.9999998410013587	0.13177876567777905	0.33604802283505303	88225696.4	1236462.5	5.425	5.447434397951968
-1.7923274712608503	-0.9999998463164474	0.07852942013943467	0.16657202654163694	94298556.0	1967229.125	5.48	5.493969692933885
-1.7923274712608503	-0.9999998314036764	0.1148353715085846	0.16657202654163694	94298556.0	8027548.375	5.47	5.47265792249764
-2.0030437703986435	-0.9999997875436099	0.07521888798252653	0.134923979981486	65125576.8	1021051.95	5.2700000000000005	5.301991586628176
-2.0030437703986435	-0.9999997855953658	0.12340935302703722	0.134923979981486	65125576.8	1159181.375	5.3	5.336641660429615
-0.6539219174486027	-0.9999998283753496	0.042438777130895285	0.5200023659835744	77865009.0	636381.4166666666	5.1000000000000005	5.125891232846623
-0.6539219174486027	-0.9999998078815687	0.08762972337870752	0.5200023659835744	77865009.0	3138649.1666666665	5.14	5.148971096030786
-0.6539219174486027	-0.9999998269757694	0.09452264501440288	0.5200023659835744	77865009.0	709653.3333333334	5.145	5.147726459385242
-0.6539219174486027	-0.9999998273685605	0.08889942087109749	0.5200023659835744	77865009.0	688277.3333333334	5.17	5.185860069788099
-0.6539219174486027	-0.9999998341222718	0.04474469675087791	0.5200023659835744	77865009.0	406796.5	5.205	5.227998040203261
-1.5805940120145474	-0.9999998489435976	0.07641798691351817	0.20585278285384276	95167281.5	1750875.65	5.47	5.531158149960421
-1.3388868122630462	-0.999999857491565	0.07832717006119166	0.2621373142656474	101948223.57142857	2040042.7142857143	5.5200000000000005	5.524947190003608
-1.3388868122630462	-0.9999998611973263	0.1308751150037192	0.2621373142656474	101948223.57142857	1398184.6785714286	5.535	5.54656790143661
-1.3388868122630462	-0.9999998568585188	0.10310778270678109	0.2621373142656474	101948223.57142857	2176044.3571428573	5.57	5.607330281450195
-0.9104344390400768	-0.9999998089367704	0.0770192643163255	0.40234938977630236	77742473.75	2824177.5625	5.24	5.244747772505794
-0.9104344390400768	-0.9999998187505988	0.09734149652100015	0.40234938977630236	77742473.75	1316880.25	5.26	5.2634125027362195
-0.9104344390400768	-0.9999998230027191	0.0836023338411607	0.40234938977630236	77742473.75	946196.375	5.275	5.330231016830563
-0.9104344390400768	-0.9999998224361843	0.059470231485692936	0.40234938977630236	77742473.75	988801.875	5.3100000000000005	5.314406424994257
-2.057236651692532	-0.9999997385301369	0.10838468066096449	0.1278066566805969	52807934.5	992202.4	5.21	5.249857183855779
-1.2272134285876923	-0.999999852561788	0.0726934815954718	0.29310820769972223	98060147.0	1900850.9583333333	5.28	5.319072868747395
-1.2272134285876923	-0.9999998564394548	0.13212134875019677	0.29310820769972223	98060147.0	1299600.4166666667	5.375	5.378605752072015
-1.2272134285876923	-0.9999998568224393	0.1386002584358823	0.29310820769972223	98060147.0	1251698.3333333333	5.385	5.416627251471227
-1.2272134285876923	-0.9999998600168263	0.10837279010497594	0.29310820769972223	98060147.0	915082.5	5.505	5.506974306902452
-1.2272134285876923	-0.9999998597114573	0.1091354252536702	0.29310820769972223	98060147.0	942898.625	5.495	5.5017034102032385
-1.2272134285876923	-0.9999998586321522	0.0853831140830733	0.29310820769972223	98060147.0	1048164.375	5.515000000000001	5.540407133539455
-1.2272134285876923	-0.9999998555480649	0.08772393562285347	0.29310820769972223	98060147.0	1418311.0	5.525	5.527933157300737
-1.746958888867952	-0.9999998506271277	0.07262951810810413	0.17430321370125137	96562561.9	1837334.95	5.51	5.519570915660745
-1.746958888867952	-0.999999853273163	0.11729561068265155	0.17430321370125137	96562561.9	1423057.925	5.515000000000001	5.5488923812451345
-1.9428131671543125	-0.9999997936377726	0.08988006605357875	0.14330025464342325	70599241.6	2124434.65	5.26	5.264358632655351
