-1.9180628991313797	-0.9999994971531952	0.08794274176952886	0.14689122984276531	24424496.7	215728.4	4.88	4.881740148342499
-1.076026903251129	-0.9999993481353385	0.10648098145617507	0.3409474554192993	20223348.4	531194.9	4.62	4.623687553165415
-1.076026903251129	-0.9999992734999247	0.15750405897855968	0.3409474554192993	20223348.4	2403084.6	4.625	4.6320181430167455
-2.0066886092621345	-0.9999995235642839	0.09013898100600726	0.1344330989502026	26056773.3	246316.7	4.65	4.6591093714133835
-2.0066886092621345	-0.9999995197806009	0.10220073589078968	0.1344330989502026	26056773.3	271838.75	4.65	4.668775538641074
-2.0066886092621345	-0.9999995330167929	0.04942514581846732	0.1344330989502026	26056773.3	192542.15	4.67	4.676148974953836
-2.0066886092621345	-0.9999995027130979	0.16849602069732444	0.1344330989502026	26056773.3	424085.225	4.68	4.684599592418952
-1.7675565002212708	-0.9999993358080073	0.10523518759047161	0.17074970636317938	19634234.5	460882.85	4.64	4.640964491928641
-1.7675565002212708	-0.9999993822267773	0.1355475958413723	0.17074970636317938	19634234.5	185256.925	4.655	4.657986742680615
-1.7675565002212708	-0.9999993608712734	0.16588360323278822	0.17074970636317938	19634234.5	281756.85	4.67	4.700697580171265
-1.7675565002212708	-0.9999993547488014	0.12784652477887562	0.17074970636317938	19634234.5	317746.825	4.71	4.732688372283357
-1.7675565002212708	-0.9999993334749436	0.1532959879703162	0.17074970636317938	19634234.5	482486.0	4.745	4.78592855786971
-1.7675565002212708	-0.999999323953367	0.12590083892082143	0.17074970636317938	19634234.5	581668.75	4.805	4.849032030633279
-1.847582129168376	-0.999999456831307	0.07954125788540502	0.1576178054544046	22521491.4	205451.275	4.76	4.774251994317561
-1.847582129168376	-0.9999994379920056	0.13030049064515384	0.1576178054544046	22521491.4	314033.525	4.7700000000000005	4.770132561886626
-1.847582129168376	-0.9999994326208177	0.14917291141243774	0.1576178054544046	22521491.4	354414.55	4.765000000000001	4.8270856793612795
-1.847582129168376	-0.9999994302133232	0.16026695281808373	0.1576178054544046	22521491.4	374161.6	4.9	4.910685692121278
-1.2120483544108878	-0.9999993291092752	0.14701998399281438	0.29758709087181484	21159917.333333332	1462988.1666666667	4.68	4.703294431867171
-1.3219827048854573	-0.999999371615013	0.09033887981299774	0.26660617622100224	19615652.0	225522.85714285713	4.71	4.714300400922794
-1.3219827048854573	-0.9999993503489252	0.1432827149578998	0.26660617622100224	19615652.0	342260.1785714286	4.725	4.738455361469522
-1.8094433153176825	-0.9999993839899357	0.10206218554409476	0.16374526591659758	21360310.8	518224.85	4.8	4.802024769910646
-0.20167446279383394	-0.9999993829396562	0.13336075478560105	0.8173609660425519	22198313.5	888862.5	4.61	4.617678473301286
-0.20167446279383394	-0.9999993717967228	0.21939929895950264	0.8173609660425519	22198313.5	1138306.75	4.645	4.684790368427264
-0.20167446279383394	-0.9999994113540598	0.18529272019110377	0.8173609660425519	22198313.5	473044.625	4.68	4.693523589484655
-0.20167446279383394	-0.9999994323035397	0.12843891448680889	0.8173609660425519	22198313.5	297122.75	4.69	4.693473337281538
-0.20167446279383394	-0.9999993989388725	0.1618788350949128	0.8173609660425519	22198313.5	623149.5	4.695	4.700840566383178
-1.6744609616739732	-0.9999991594480913	0.11925076423631811	0.1874091729867155	17297627.3	2062755.275	4.61	4.610717910490581
-0.8976937725007733	-0.9999993417440931	0.14455008754393828	0.407508383909926	22346035.5	2444642.5	4.63	4.637455031245953
-0.8976937725007733	-0.9999993977619063	0.19830600199367296	0.407508383909926	22346035.5	699158.25	4.635	4.647024623170496
-0.8976937725007733	-0.9999994054166911	0.14530467297278934	0.407508383909926	22346035.5	589233.625	4.64	4.6683202562303405
-1.620558356931228	-0.9999992595552184	0.12131753606250102	0.1977882318162525	18297178.5	765319.775	4.59	4.597767097934707
-1.620558356931228	-0.9999992986185045	0.16958962982560247	0.1977882318162525	18297178.5	374482.275	4.615	4.634305262369002
-1.949245024033267	-0.9999995149747255	0.10261849070799473	0.1423815256487639	25808238.3	273113.9	4.7	4.733206525027087
