-1.8050128130042356	nan	nan	0.16447234917874726	24082316.4	nan	2.4	2.411306287743695
-1.8050128130042356	-0.9999994562647687	0.17438737476012955	0.16447234917874726	24082316.4	486212.875	2.41	2.419888531381371
-1.8050128130042356	-0.9999994619331666	0.13316773633911133	0.16447234917874726	24082316.4	424171.6	2.415	2.418476668723222
-1.8050128130042356	-0.9999994664322713	0.1207226337161403	0.16447234917874726	24082316.4	380615.225	2.41	2.4161882518385416
-1.177349403329043	nan	nan	0.30809429097544444	23876246.5	nan	2.43	2.4356388850217154
-1.177349403329043	-0.999999463896866	0.13880974234594387	0.30809429097544444	23876246.5	362263.75	2.43	2.4327507269711504
-1.177349403329043	-0.9999994811470093	0.18744445223833753	0.30809429097544444	23876246.5	239967.25	2.43	2.4352440478296082
-1.177349403329043	-0.9999994617312298	0.12393249752925971	0.30809429097544444	23876246.5	381488.2083333333	2.44	2.4408771523308492
-1.177349403329043	-0.9999994319745625	0.12573129233980673	0.30809429097544444	23876246.5	776315.3333333334	2.4450000000000003	2.4952356576495163
-1.177349403329043	-0.9999994227139911	0.17710524977874512	0.30809429097544444	23876246.5	968420.8333333334	2.49	2.4945058662994684
-1.375901584651349	nan	nan	0.25261174223599014	23001860.625	nan	2.46	2.4609916547873603
-1.375901584651349	-0.9999994199183515	0.16119462786682093	0.25261174223599014	23001860.625	623407.46875	2.46	2.4601833562892077
-1.7269164839738131	nan	nan	0.17783191297254647	26660995.4	nan	2.38	2.38056196137887
-1.7269164839738131	-0.9999995174693773	0.1555500717262864	0.17783191297254647	26660995.4	386444.725	2.37	2.378674227316086
-1.7269164839738131	-0.9999995123713251	0.13965221979602144	0.17783191297254647	26660995.4	442707.075	2.38	2.3969651761818787
-1.7269164839738131	-0.9999995218259157	0.1193310710681715	0.17783191297254647	26660995.4	344067.85	2.41	2.414302040427231
-1.7269164839738131	-0.9999995025373832	0.11845059787790808	0.17783191297254647	26660995.4	575415.0	2.41	2.412410799995958
-1.7269164839738131	-0.9999995088953617	0.16381689762707657	0.17783191297254647	26660995.4	485695.15	2.41	2.410372264135923
-0.6178119023119392	-0.9999992725184653	0.1420098855627621	0.539122801292177	20181312.333333332	2377432.4166666665	2.45	2.4535102526970065
-0.6178119023119392	-0.9999993573336998	0.10050509023601992	0.539122801292177	20181312.333333332	429272.4166666667	2.46	2.4665954982523983
-0.6178119023119392	-0.999999375908574	0.1836578804704699	0.539122801292177	20181312.333333332	295073.75	2.455	2.4633387802161297
-0.869539917086854	-0.9999992065468057	0.16232097846706897	0.4191443460447391	17796172.75	1356514.875	2.44	2.4481469923157992
-0.18679881654535113	-0.9999992521812805	0.16726653996111895	0.8296106235286299	18895275.5	1369888.625	2.44	2.4421522241675273
-0.18679881654535113	-0.9999992939446755	0.1760693673103137	0.8296106235286299	18895275.5	622256.875	2.44	2.4505978542100353
-0.18679881654535113	-0.9999994100973373	0.04873080957643969	0.8296106235286299	18895275.5	69311.0	2.455	2.456846466091383
-1.7673333953799157	nan	nan	0.17078780569924404	26912928.7	nan	2.39	2.400346002513719
-1.7673333953799157	-0.9999995205338676	0.16380664382004548	0.17078780569924404	26912928.7	401850.475	2.4	2.4048830765467026
-1.7673333953799157	-0.999999518902534	0.1342869997235178	0.17078780569924404	26912928.7	419886.375	2.4	2.4047372508220226
-1.7673333953799157	-0.9999995208773832	0.12291021898812934	0.17078780569924404	26912928.7	398152.475	2.3899999999999997	2.392431314132247
-1.7673333953799157	-0.9999995067392843	0.11810727866182696	0.17078780569924404	26912928.7	582502.5	2.4	2.4086282406194464
-1.9044554313855055	nan	nan	0.1489037088334923	22019602.2	nan	2.4	2.400603462806758
-1.519784221178217	nan	nan	0.2187590854375249	22169976.2	nan	2.46	2.462836665939971
-1.519784221178217	-0.9999994224185023	0.1573884893600115	0.2187590854375249	22169976.2	364020.44444444444	2.48	2.4873843903862274
-1.6329757909675549	nan	nan	0.1953473953207775	22193735.5	nan	2.43	2.435190966624491
-1.6329757909675549	-0.9999994152624545	0.16192762541374348	0.1953473953207775	22193735.5	432573.75	2.425	2.425660983514161
-1.6329757909675549	-0.9999994251808039	0.13314159322246363	0.1953473953207775	22193735.5	347104.9	2.435	2.4394951232304787
-1.6329757909675549	-0.9999994193657576	0.1527898884316996	0.1953473953207775	22193735.5	394920.7	2.4450000000000003	2.458259981050402
-1.045637968618408	nan	nan	0.35146752258871666	18388984.8	nan	2.44	2.4407071578669535
-1.045637968618408	-0.9999992961870426	0.13711051070694172	0.35146752258871666	18388984.8	417651.8125	2.4450000000000003	2.4451436470137407
