-1.874231619433591	-0.9999991451328217	0.11740378164982054	0.15347284710386463	15531501.0	583832.1	2.43	2.4352354398951275
-1.874231619433591	-0.9999991669947446	0.12517928166653047	0.15347284710386463	15531501.0	415741.75	2.425	2.436002419390212
-1.874231619433591	-0.9999991607536682	0.15398129293903684	0.15347284710386463	15531501.0	458058.9	2.43	2.439003056669476
-1.3776412702590195	-0.9999995535264304	0.0915575004386888	0.2521726592675945	30042553.375	668776.0625	2.49	2.4952965721551337
-1.3776412702590195	-0.9999995619068439	0.12319311196951725	0.2521726592675945	30042553.375	519922.53125	2.5100000000000002	2.518122762788739
-1.3776412702590195	-0.9999995722724109	0.12488199014927759	0.2521726592675945	30042553.375	380798.75	2.52	2.536891327196812
-1.3776412702590195	-0.9999995490527711	0.12071619363811342	0.2521726592675945	30042553.375	764979.9375	2.545	2.5504045254699097
-1.1801274041108527	-0.9999995403629494	0.087942133441664	0.3072395925203946	29017893.666666668	620138.0833333334	2.45	2.453884781395126
-1.1801274041108527	-0.9999995071356207	0.12465946685403287	0.3072395925203946	29017893.666666668	1626409.75	2.455	2.5075335009374906
-1.1801274041108527	-0.9999995282775402	0.13523560298937923	0.3072395925203946	29017893.666666668	880628.4166666666	2.48	2.519539233114702
-1.4536771777266524	-0.9999995322826215	0.09709067690120049	0.2337093154000375	28743771.666666668	689664.1944444445	2.5300000000000002	2.5420861337880676
-1.4536771777266524	-0.9999995373568877	0.1329747937953134	0.2337093154000375	28743771.666666668	596065.7777777778	2.555	2.5574040480966613
-1.4536771777266524	-0.9999994941564972	0.11765386427437073	0.2337093154000375	28743771.666666668	2063366.9722222222	2.535	2.539390510237493
-1.6835507062511987	-0.9999994400576134	0.10781623766504453	0.1857133902646746	23959095.6	670454.875	2.42	2.4252800034042967
-1.6835507062511987	-0.9999994508725626	0.13850614986177012	0.1857133902646746	23959095.6	517412.05	2.435	2.4484255535374504
-1.6835507062511987	-0.9999994309573224	0.11233360919210447	0.1857133902646746	23959095.6	833798.225	2.44	2.44065514109846
-1.6835507062511987	-0.9999994472536488	0.12181342377293111	0.1857133902646746	23959095.6	564277.2	2.435	2.444583221715075
-1.6835507062511987	-0.9999994680218404	0.11243366935616016	0.1857133902646746	23959095.6	343077.85	2.45	2.450954143675493
-1.050509098270269	-0.9999995015111315	0.09126795456756384	0.34975964174930285	26974607.2	691445.75	2.45	2.454679959238356
-1.050509098270269	-0.9999995194042238	0.10346919029021566	0.34975964174930285	26974607.2	426718.55	2.4699999999999998	2.476771713374769
-0.1935942976831028	-0.999999508193067	0.14426272076087548	0.8239921319825639	27908616.5	914058.625	2.57	2.588122344316059
-1.9337001568397187	-0.9999990573118764	0.1535789991108721	0.14461211978349434	14259487.1	688484.225	2.44	2.453812697991407
-1.9337001568397187	-0.9999990474393966	0.14391927264684587	0.14461211978349434	14259487.1	792560.7	2.47	2.4823021893606483
-1.9337001568397187	-0.9999991273345245	0.1346042880294104	0.14461211978349434	14259487.1	253662.05	2.4850000000000003	2.4939067233230747
-2.0123710150951126	-0.9999990601260726	0.14487245286114744	0.13367136182401693	14168960.1	607455.7	2.49	2.492943427665523
-1.8062269721376594	-0.9999993214289032	0.11321462781797001	0.16427277475586777	19636403.1	612126.325	2.43	2.430610880075469
-1.8062269721376594	-0.9999993069852445	0.133912271548178	0.16427277475586777	19636403.1	812861.375	2.43	2.439007827227878
-1.8062269721376594	-0.9999993260026498	0.12610085409499525	0.16427277475586777	19636403.1	559546.475	2.45	2.4501161460017853
-1.8062269721376594	-0.9999993223083412	0.15384764975633541	0.16427277475586777	19636403.1	601646.25	2.44	2.4427797410761576
