-1.870153658383607	-0.9999985160810179	0.04789821468752733	0.15409998124178728	7782451.9	103623.4	13.5	13.595691781787426
-1.870153658383607	-0.9999985958034979	0.04487451868830331	0.15409998124178728	7782451.9	55718.85	13.665	13.796488075088476
-2.018581562462964	-0.9999987822917511	0.062311878083770346	0.13284376208348256	10184763.7	243303.925	12.4	12.771616396579892
-2.1650722225049606	-0.999998901079311	0.04760495649828069	0.11474164736882382	10457946.1	97972.6	12.82	12.897080992509364
-1.9735088099878786	-0.9999987662777235	0.025202579603051303	0.13896838608068857	8867051.2	56356.95	13.49	13.507869673291731
-1.9735088099878786	-0.9999987628897125	0.04362756966557922	0.13896838608068857	8867051.2	58075.725	13.46	13.491704457991105
-1.2141614689659521	-0.9999985411971303	0.040052123855347586	0.29695891919179984	8100576.2	135555.5	13.515	13.529706573408985
-1.6709642071218949	-0.9999984679973736	0.04067866380092355	0.18806564395547723	7556842.777777778	106627.16666666667	13.280000000000001	13.299230801793543
-2.132004461737303	-0.9999989277231103	0.051506946767025975	0.11859932762069736	10835445.6	111144.775	12.63	12.739239058652707
-2.132004461737303	-0.9999988892478575	0.09067913843582026	0.11859932762069736	10835445.6	168634.425	12.795000000000002	12.821938518790292
-2.132004461737303	-0.9999989878366484	0.06332812589142015	0.11859932762069736	10835445.6	57943.5	12.825	12.911919239878294
-1.811533705250148	-0.9999985003808394	0.031136780680242906	0.16340333197338608	7500943.2	76768.15	12.9	12.925732872125133
-1.811533705250148	-0.9999985791242936	0.03401663645877252	0.16340333197338608	7500943.2	42526.575	12.915	13.14547341587764
-1.811533705250148	-0.9999984872313962	0.05597689706746484	0.16340333197338608	7500943.2	84726.15	13.1	13.198666596782767
-1.811533705250148	-0.9999985404332188	0.05121562845850657	0.16340333197338608	7500943.2	56846.5	13.265	13.293074145402024
-2.0592007437156776	-0.9999988822770691	0.05437811678361217	0.12755587900154303	10447450.5	117871.05	12.84	12.912096819619311
-2.0592007437156776	-0.9999988616514538	0.08434632781759846	0.12755587900154303	10447450.5	146214.975	12.89	12.9222968545658
-1.0140665373018742	-0.999998390344706	0.05595362565334243	0.36274087692174006	7471349.0	167090.4375	13.515	13.74480908556436
-1.0140665373018742	-0.9999983255043575	0.10292470308991403	0.36274087692174006	7471349.0	271234.125	13.76	13.92590981357011
-1.0140665373018742	-0.9999983450403486	0.09537332179947691	0.36274087692174006	7471349.0	234398.25	13.700000000000001	14.00279813555095
-1.5860973968254148	-0.9999984206653064	0.035736055590587096	0.2047230074213682	7263120.375	95883.34375	13.19	13.228428369905957
