-0.753959773819258	-0.9999996471991554	0.02028669897859878	0.4704997864577162	34391575.666666664	185975.75	17.3	17.355102735902523
-0.753959773819258	-0.9999996411482239	0.022461962310324875	0.4704997864577162	34391575.666666664	228999.16666666666	17.525	17.940702725857218
-0.753959773819258	-0.9999996767269808	0.013718367710457213	0.4704997864577162	34391575.666666664	67363.16666666667	18.005000000000003	18.06009528206561
-0.753959773819258	-0.99999960254274	0.08402392597695005	0.4704997864577162	34391575.666666664	863872.3333333334	18.04	18.412829333132162
-1.2505721762910647	-0.9999996520939747	0.04474758920200717	0.2863409124979948	38274613.4	606807.55	18.615000000000002	18.865308682658316
-1.8689941559656758	-0.9999996390361943	0.031229382357403607	0.15427876417222994	35999717.1	440027.55	17.0	17.34467678437727
-1.8689941559656758	-0.9999996822047631	0.0053307157210578425	0.15427876417222994	35999717.1	93016.1	17.375	17.436247516837827
-1.8689941559656758	-0.9999996989716959	0.00941730583589716	0.15427876417222994	35999717.1	50864.175	17.35	17.416110922550335
-1.8689941559656758	-0.9999996607036278	0.023057940559818513	0.15427876417222994	35999717.1	201706.4	17.465	17.538579621189637
-2.0355373594273627	-0.9999996021546169	0.01787184414460246	0.1306102789787315	30921069.6	220091.85	18.03	18.332595774837124
-2.0355373594273627	-0.9999996238394138	-0.013109365941679392	0.1306102789787315	30921069.6	-112564.175	18.335	18.387112688484237
-2.0355373594273627	-0.9999996263176509	0.018534594034622782	0.1306102789787315	30921069.6	104260.55	18.36	18.5187919632826
-1.0438016709070776	-0.9999996444055983	0.05078414154419399	0.35211351453129297	37830447.75	695435.8125	18.22	18.786575862596443
-0.2729904023530414	-0.9999996262636593	0.004767935197781298	0.7611000923638668	28588633.5	43677.5	17.88	18.025740047152354
-1.801885282391497	-0.9999996499307421	0.028855280394446493	0.16498754671383603	36887699.1	405650.4	17.105	17.26379154516447
-1.9295059509811425	-0.9999996227073438	0.022920416683145418	0.1452199265257989	35731070.7	715737.8	17.75	17.817452481035254
-1.9295059509811425	-0.9999996790428604	0.01698738572202924	0.1452199265257989	35731070.7	95619.475	17.770000000000003	17.93544356798643
-1.9295059509811425	-0.9999996559077916	0.02469869510498101	0.1452199265257989	35731070.7	218551.825	18.075000000000003	18.187333168891943
-1.4068152793628217	-0.9999996682203253	0.03528480467027511	0.24492205072608725	39592386.666666664	506838.25	18.685000000000002	18.92188562803611
