-2.3166639809478538	-0.9999992654289342	0.04408610293720079	0.09860197561136545	18268326.0	672920.325	17.44	17.467735531957008
-2.3166639809478538	-0.9999993363536701	0.05135672550949389	0.09860197561136545	18268326.0	184186.125	17.310000000000002	17.457868904085142
-2.3166639809478538	-0.9999992869457952	0.08067806913003936	0.09860197561136545	18268326.0	454205.25	17.475	17.740169560334497
-1.9197449904816788	-0.9999994915987286	0.017518628630479222	0.1466443530684655	23438225.1	149644.35	16.64	16.802713535370827
-1.9197449904816788	-0.999999468576221	0.06051835553054676	0.1466443530684655	23438225.1	256690.475	16.759999999999998	16.898515934698494
-1.035217220428946	-0.9999994721371682	0.05816402223735708	0.355149226878135	26730401.0	1342419.875	16.71	16.75263322626025
-1.035217220428946	-0.99999950833505	0.0857663652177802	0.355149226878135	26730401.0	510119.0	16.705	16.86624982669218
-0.7472457571950986	-0.999999511256257	0.05323517412477431	0.47366935821790906	28366500.333333332	1049630.3333333333	16.765	16.77366104963992
-0.7472457571950986	-0.9999995402885107	0.07607726171975424	0.47366935821790906	28366500.333333332	460654.6666666667	16.770000000000003	16.896301781383816
-0.7472457571950986	-0.9999995322183713	0.09547441850957422	0.47366935821790906	28366500.333333332	579155.3333333334	16.895	16.90011700680272
-0.26591104840790963	-0.9999994633457029	0.03493336678635035	0.7665073065139216	24465315.5	503538.125	16.12	16.173793170488054
-0.26591104840790963	-0.99999947477608	0.07894851172522001	0.7665073065139216	24465315.5	380699.75	16.355	16.477319966354052
-2.2877802127752673	-0.9999992507394893	0.03637993385430841	0.10149150152989339	17193660.4	393378.775	17.32	17.322390880217892
-2.2877802127752673	-0.9999993165169662	0.03690967753058496	0.10149150152989339	17193660.4	126952.375	17.27	17.394745488155436
-2.2877802127752673	-0.9999992629907972	0.06787208391117946	0.10149150152989339	17193660.4	318660.9	17.355	17.367192444942233
-2.11360321031915	-0.9999994974135599	0.0024082225508743715	0.12080190662104869	19425744.3	17379.7	17.25	17.438259063285834
-2.11360321031915	-0.9999993740985844	0.03711073600376668	0.12080190662104869	19425744.3	190726.475	17.36	17.409336298648757
-2.11360321031915	-0.9999994023822187	0.03466200765901016	0.12080190662104869	19425744.3	110101.85	17.5	17.51513494316368
-2.11360321031915	-0.9999993437156428	0.0629106127516315	0.12080190662104869	19425744.3	344141.85	17.490000000000002	17.5550683261624
-2.344452644131267	-0.999999413038377	0.020223797248034688	0.09589967901954291	19946128.8	121492.025	17.619999999999997	17.68155435778532
-2.344452644131267	-0.9999993815009799	0.05309937312106639	0.09589967901954291	19946128.8	227898.75	17.805	18.04056045745634
-1.6228296598540326	-0.9999995202760918	0.029279262842298925	0.19733950461783903	26136621.375	278830.28125	17.400000000000002	17.635734865571308
-1.392615671587354	-0.9999995181920468	0.03369712067778829	0.24842465674578929	26332145.666666668	323525.7916666667	16.72	17.031061258815914
-1.392615671587354	-0.9999994837001324	0.09420997386648862	0.24842465674578929	26332145.666666668	802335.4583333334	17.22	17.390350973852495
-1.392615671587354	-0.9999995015450174	0.07750390335328433	0.24842465674578929	26332145.666666668	501514.2083333333	17.275	17.56428086439986
-2.024363434402797	-0.9999994499093331	0.016096535797618817	0.13207789267611436	21293015.3	122159.25	16.795	17.2080917648227
-2.024363434402797	-0.9999993823227417	0.04985296630215258	0.13207789267611436	21293015.3	515147.925	17.415	17.47856780036143
-2.024363434402797	-0.999999427353464	0.048970768560408905	0.13207789267611436	21293015.3	197474.825	17.4	17.47674307531643
-2.024363434402797	-0.9999994062755941	0.05335330795499095	0.13207789267611436	21293015.3	309334.85	17.560000000000002	17.607863351926238
-1.5183097085103232	-0.9999994512668028	0.05600728726073695	0.2190818864087942	25549390.57142857	1226650.642857143	17.375	17.384864928378697
-1.5183097085103232	-0.9999994883912348	0.07932084379959295	0.2190818864087942	25549390.57142857	475104.5	17.31	17.409550968773317
-1.5183097085103232	-0.9999994977290187	0.06326273288298838	0.2190818864087942	25549390.57142857	374263.28571428574	17.44	17.461588864853848
-2.2247449578158656	-0.9999993946927473	0.006671285084230145	0.10809498390031502	17499914.2	39846.9	17.2	17.22105530163932
-2.2247449578158656	-0.9999992651450303	0.042675666671061006	0.10809498390031502	17499914.2	384575.85	17.2	17.312680829422003
-2.2247449578158656	-0.9999993567488875	0.021892982320927176	0.10809498390031502	17499914.2	77406.525	17.115000000000002	17.32233679511299
-2.2247449578158656	-0.9999992826725526	0.05989196825396825	0.10809498390031502	17499914.2	282989.55	17.37	17.462543188566677
