-1.3658103792773393	-0.9999988966654975	0.057605833861967846	0.2551738046138827	11456758.833333334	308857.125	13.97	14.096565237510003
-1.5886809557953327	-0.999998977610526	0.054972976993041336	0.20419477611138445	12199565.375	261111.65625	13.75	13.853309274014183
-1.5886809557953327	-0.999999031706251	0.0635122171650784	0.20419477611138445	12199565.375	134962.9375	13.915	13.937825509291281
-1.5886809557953327	-0.9999989998887151	0.09067637212651904	0.20419477611138445	12199565.375	198971.71875	13.98	14.066441057572169
-1.5886809557953327	-0.9999989470796063	0.11859368192714018	0.20419477611138445	12199565.375	378953.40625	14.115	14.179435876922618
-1.9804819185465599	-0.999998913493791	0.07695306187765741	0.1380027152151266	12481948.5	775849.05	14.26	14.293919379418874
-1.9804819185465599	-0.9999990042331779	0.10033745995793873	0.1380027152151266	12481948.5	249972.5	14.235	14.365237522163142
-0.7330239279156744	-0.9999988395648798	0.07456771729999445	0.4804539331446827	11039255.0	365980.9166666667	13.66	13.890643493769149
-1.8184554798551424	-0.999998988867552	0.04912001814745155	0.16227619632937573	12158925.9	218442.9	13.81	13.938735890077096
-1.9315016106567193	-0.9999989594956213	0.03642762498231521	0.14493040596268614	11358820.8	135794.15	13.790000000000001	13.923607918851383
-1.9315016106567193	-0.9999988126377094	0.09393897970602216	0.14493040596268614	11358820.8	720019.875	13.94	13.967719191828024
-0.2590645512882036	-0.9999986673434873	0.02995704635510504	0.7717732024813089	8617672.5	97186.5	13.68	13.683515945769063
