-1.811664811770555	-0.999997887264056	0.06925248337203545	0.16338191013541015	5722137.0	177967.975	13.63	13.684128770823953
-1.2074947299453935	-0.9999978346315002	0.07977800840998582	0.2989452807258038	6043292.0	482121.8	13.47	13.475986755280081
-1.359332860640794	-0.9999979752932829	0.09120057564232102	0.2568320625891677	6159530.5	260729.55	13.61	13.725516064682076
-1.359332860640794	-0.9999981497067728	0.0727649565637476	0.2568320625891677	6159530.5	89047.6	13.68	13.686713288972875
-1.009255153279732	-0.9999980428012146	0.11160223509316404	0.3644903679427385	6539144.5	361639.4166666667	13.35	13.633216192501964
-0.2558307607921865	-0.9999983569140398	0.09454718451207335	0.7742729950528595	7332041.0	170615.5	12.97	12.995782855761092
-0.2558307607921865	-0.9999983513706144	0.08603850435269332	0.7742729950528595	7332041.0	177693.0	13.045000000000002	13.106720652231099
-2.1979713733651907	-0.9999971721931339	0.014513342996017548	0.11102816475042009	3581645.9	25038.325	12.71	12.813145075873932
-2.2270162873354176	-0.999996944626434	0.017728729457105862	0.10784974318913182	3346385.9	27568.325	12.67	12.674540599164368
-2.2270162873354176	-0.9999970541084332	0.03307329396429928	0.10784974318913182	3346385.9	19111.35	12.725000000000001	12.750209715954341
-2.2270162873354176	-0.999996560802566	0.06276362240788891	0.10784974318913182	3346385.9	99595.45	12.765	12.769345950459225
-2.280872751065709	-0.9999964308746605	0.010460804533210702	0.102194977008446	2665947.5	13562.0	12.56	12.615622781542433
-2.280872751065709	-0.9999962876119058	0.04618591887671591	0.102194977008446	2665947.5	19870.3	12.6	12.62530572755418
-2.280872751065709	-0.9999958397915969	0.04984281060924629	0.102194977008446	2665947.5	65570.55	12.61	12.619802085712111
-2.0598914071778616	-0.9999976938853349	0.024877701568035458	0.12746781123262577	4710294.4	52180.275	13.02	13.142408076860447
-2.0598914071778616	-0.9999977571181655	0.05894627245621736	0.12746781123262577	4710294.4	38739.225	13.125	13.139397486122084
-2.0598914071778616	-0.9999975885705237	0.06743510307584412	0.12746781123262577	4710294.4	85693.4	13.17	13.18736578116292
-1.9248640729585869	-0.9999978678410659	0.060393028988663215	0.14589558666394373	5607806.9	155862.45	13.504999999999999	13.521526588727726
-1.9248640729585869	-0.9999980879224393	0.06526624057356406	0.14589558666394373	5607806.9	45366.975	13.565000000000001	13.607589917216163
-1.5824558962990527	-0.9999980111945046	0.08321319100791812	0.2054698653771605	6216633.625	234139.14285714287	13.530000000000001	13.672190863204833
-1.745065253373003	-0.9999978395959864	0.07209183261364031	0.17463359316401406	5934264.7	369685.0	13.61	13.61612137951949
-1.745065253373003	-0.9999980443903913	0.07648171357265598	0.17463359316401406	5934264.7	109655.175	13.594999999999999	13.639879731861198
