-2.1241044993924127	-0.9999991299148608	0.01613003763114811	0.11953996846458897	12879388.9	73581.675	13.55	13.755048601326877
-2.1241044993924127	-0.9999990811584245	0.06367058857430649	0.11953996846458897	12879388.9	137876.1	13.765	13.768561625456112
-0.7284932252810246	-0.9999987911566682	0.022497139422831505	0.4826356657040541	9190689.0	66842.08333333333	12.59	12.600061226244733
-0.7284932252810246	-0.9999986498978407	0.050524280112229786	0.4826356657040541	9190689.0	244841.16666666666	12.565000000000001	12.618656017786018
-0.7284932252810246	-0.9999987090024697	0.07472022487435227	0.4826356657040541	9190689.0	142222.75	12.525	12.669564320732672
-0.7284932252810246	-0.9999987142784783	0.05174335342528531	0.4826356657040541	9190689.0	135490.83333333334	12.68	12.743058090067894
-2.0491995668490137	-0.9999989595029176	0.04375591985790029	0.12883798852312087	12527263.5	457979.15	13.27	13.275497222835888
-2.0491995668490137	-0.999999085170644	0.047284555178673485	0.12883798852312087	12527263.5	94873.325	13.22	13.32238373036192
-1.4712667467672298	-0.9999987434304992	0.01995026239566266	0.2296344122184531	8688746.142857144	55160.107142857145	11.9	12.096041526263896
-1.4712667467672298	-0.9999987017116517	0.04546629383548521	0.2296344122184531	8688746.142857144	79259.71428571429	12.145	12.20598555104441
-1.4712667467672298	-0.999998641393793	0.07527381629839182	0.2296344122184531	8688746.142857144	133863.64285714287	12.275	12.290679337748344
-1.4712667467672298	-0.9999986565427019	0.04779366675160955	0.2296344122184531	8688746.142857144	117354.07142857143	12.3	12.344804195142624
-1.6567959316307317	-0.9999987584948481	0.04248599615714066	0.19074917542517178	9963761.0	235639.02777777778	12.58	12.765843563572185
-1.9127698914400757	-0.9999991567400147	0.008677544203797306	0.14767078753453547	12548305.2	39397.525	13.540000000000001	13.545061879821713
-1.9127698914400757	-0.9999990412457254	0.07379765849589234	0.14767078753453547	12548305.2	167834.775	13.51	13.51182831015317
-1.8580055938823166	-0.9999989169609675	0.05036514246107636	0.15598341462635607	12315248.1	620259.225	13.35	13.38960716775106
-2.2771438879389154	-0.9999987606865883	0.05400555169097759	0.10257675945482794	9834870.3	196512.55	13.83	13.84202273726897
-2.2771438879389154	-0.9999988919676537	0.03180675534006838	0.10257675945482794	9834870.3	54032.225	13.8	13.816447502873931
-2.2771438879389154	-0.9999988242251259	0.05541580840299269	0.10257675945482794	9834870.3	105196.35	13.8	13.80075653266803
-2.0878330655392703	-0.999999129893913	0.012933925307369462	0.12395544833723848	12605679.0	58003.625	13.35	13.39259049230407
-2.0878330655392703	-0.999998950953144	0.06776930388483157	0.12395544833723848	12605679.0	553460.75	13.4	13.422541706549497
-2.1902611466820128	-0.9999989390460718	0.0394147911611675	0.11188752574565985	11280174.4	157587.95	13.6	13.851567431174816
-1.5705271878947538	-0.9999987758175842	0.024315726945201024	0.20793553236093482	9212068.75	79002.90625	12.39	12.727782332730158
-2.0075821201740744	-0.999999132179472	0.013735948244499231	0.13431303515650747	12738219.4	63226.1	13.17	13.23478630822688
-2.0075821201740744	-0.9999990563915314	0.07298211362371647	0.13431303515650747	12738219.4	166023.675	13.184999999999999	13.21718571324864
-2.0075821201740744	-0.9999990972319226	0.048359873003202956	0.13431303515650747	12738219.4	98681.0	13.17	13.253543334714271
-0.25702423096816424	-0.9999988548915817	0.024410559423898227	0.7733494745319179	9782849.5	73306.875	12.88	12.945760224857532
-2.1582606813455505	-0.9999990765478994	0.016936003235220355	0.11552588271606401	12155046.1	74950.975	13.67	13.67168579692909
-2.1582606813455505	-0.9999990612232442	0.05045490639057625	0.11552588271606401	12155046.1	90297.375	13.65	13.678066954456316
