-2.3098974449030356	-0.9999995138661276	-0.0024049431974398025	0.09927143182893454	19799106.4	-15137.8	18.19	18.273184771227687
-2.279435335606812	-0.9999997899666351	1.1199329994126011e-05	0.10234197927457363	20631776.6	75.2	18.255000000000003	18.2754539907428
-1.8122703888938183	-0.9999995817520739	0.011871622457002176	0.16328299974023602	28334951.2	140228.35	18.55	18.6274037793333
-1.880991575207671	-0.9999995718335826	0.01529680621487138	0.15243887618121943	28271583.8	180762.125	18.63	18.773430010274744
-2.247107369214689	-0.9999995961661637	0.0007518679054445689	0.1057045469832037	21271809.3	5378.1	17.990000000000002	18.085245107197373
-2.247107369214689	-0.9999993785745233	0.05289928831932506	0.1057045469832037	21271809.3	550643.25	18.105	18.118567511374597
-2.247107369214689	-0.9999993772825673	0.05343271654472505	0.1057045469832037	21271809.3	565986.05	18.09	18.218994812904857
-1.2556006314329007	-0.9999994340288683	0.03680560472855881	0.2849046741206688	23921825.2	758472.0	18.830000000000002	18.837790997459393
-1.4123146275327312	-0.9999994974455976	0.02683523958904234	0.2435788358829175	26092770.333333332	495357.2916666667	19.29	19.33554645979574
-2.0934734932655314	-0.9999995964287306	0.005974686280517451	0.12325825467325278	27219100.3	58972.7	18.35	18.484717400678306
-2.0934734932655314	-0.9999995485864341	0.04308930501224136	0.12325825467325278	27219100.3	216872.85	18.53	18.539828760690757
-2.0934734932655314	-0.999999526878977	0.0726280820528629	0.12325825467325278	27219100.3	391572.525	18.665	18.863861960873564
-2.0934734932655314	-0.9999995295344504	0.0513806224452567	0.12325825467325278	27219100.3	364268.4	18.945	19.02255815095172
-2.3384795099666764	-0.9999994551792245	0.006214916082780845	0.09647421485026181	19293809.6	36740.725	18.255000000000003	18.418498874262202
-2.3384795099666764	-0.9999993524402354	0.046215917555342594	0.09647421485026181	19293809.6	266703.025	18.445	18.455018702251905
-2.3384795099666764	-0.9999993449740624	0.06960637465443059	0.09647421485026181	19293809.6	308026.925	18.465	18.534134780603818
-2.3384795099666764	-0.9999993281242772	0.0737328271580138	0.09647421485026181	19293809.6	426360.25	18.495	18.555422679926394
-1.5384831585364191	-0.9999995662023592	0.018409009302723163	0.2147065303202541	28315869.85714286	216068.9642857143	19.15	19.29939655469338
-1.5384831585364191	-0.9999995574470311	0.05616032727466722	0.2147065303202541	28315869.85714286	276860.39285714284	19.185000000000002	19.29379415600344
-1.5384831585364191	-0.9999995484285235	0.07206224160628628	0.2147065303202541	28315869.85714286	357409.10714285716	19.29	19.465216966861615
-0.7589536147660294	-0.9999995336277071	0.02072958395603442	0.4681560423720245	26437392.333333332	226310.41666666666	18.825	19.27704169545513
-0.27336587839540616	-0.9999995930584529	0.001221017727407538	0.7608143711574332	22117461.5	8106.25	18.56	18.63984231519418
-0.27336587839540616	-0.9999994130572777	0.08981857942389317	0.7608143711574332	22117461.5	434382.5	18.72	18.74828326864718
-1.9969888226201016	-0.9999995240973862	0.018113308854581373	0.13574341595181225	26371980.5	282233.75	18.25	18.35741764018556
-1.9969888226201016	-0.9999995251261408	0.05924488685833227	0.13574341595181225	26371980.5	274679.575	18.485	18.564788854747643
-1.9969888226201016	-0.9999995229708475	0.046631198749313846	0.13574341595181225	26371980.5	290744.475	18.61	18.656003462546856
