-2.1350932474638022	-0.9999997153209803	0.06440174800456418	0.11823356488253209	52831441.0	3402437.15	9.78	9.780370236392487
-0.981547456652392	-0.9999997106728299	0.048789655058696306	0.3747307703271887	47685061.0	981250.1875	10.16	10.211430759149252
-1.7566926842829051	-0.9999996527346635	0.08238824714438546	0.17261481248577892	41058956.9	1557125.175	10.15	10.244237948192529
-1.7566926842829051	-0.9999996629661307	0.07549237250941294	0.17261481248577892	41058956.9	1023008.275	10.24	10.277819512085902
-1.5363873684703178	-0.9999997109538882	0.06485629315608966	0.21515698199482086	49065778.125	1443053.1875	10.3	10.307023312569783
-2.1050387898320007	-0.9999997292653878	0.048694308026918535	0.12184094798751184	52211471.3	1377046.725	9.6	9.601253207892388
-2.1050387898320007	-0.9999997274962357	0.07538759431832286	0.12184094798751184	52211471.3	1510304.45	9.594999999999999	9.619167019925133
-2.0375470406949274	-0.999999714006411	0.06089163215357132	0.13034805752674203	50013578.1	1629138.8	10.32	10.354435643061274
-2.0375470406949274	-0.9999997232943382	0.07541304852665126	0.13034805752674203	50013578.1	1023807.675	10.355	10.363032961733104
-1.319507994601182	-0.9999997262410213	0.06809884124067622	0.2672667663145651	52219066.333333336	1615956.5833333333	10.15	10.315458788192968
-1.319507994601182	-0.9999997337736047	0.06995411241459788	0.2672667663145651	52219066.333333336	1090441.125	10.425	10.460013068956144
-1.9148907372655664	-0.9999997389386741	0.071220139665495	0.14735793243722767	55749317.5	2092751.5	10.64	10.834388117479385
-2.190693217184394	-0.9999996789370237	0.03198841319046479	0.11183919288855362	41913886.7	698713.3	9.53	9.579732728125187
-2.190693217184394	-0.9999996784895115	0.06615688348218962	0.11183919288855362	41913886.7	711942.75	9.515	9.541985398045547
-2.190693217184394	-0.999999691847191	0.06723265019922763	0.11183919288855362	41913886.7	406719.675	9.540000000000001	9.555911944927756
-0.7078959550208939	-0.9999997533856225	0.030549042911202397	0.492679727985515	54434358.0	676233.5833333334	10.09	10.136634019199414
-1.8140684427897158	-0.9999996936806822	0.08830304280180386	0.162989671895084	47487825.6	2077005.725	10.3	10.554940253006691
-1.8140684427897158	-0.9999997039899299	0.08627791696439603	0.162989671895084	47487825.6	1272983.35	10.65	10.672735943998823
-1.8667303709784573	-0.999999708973157	0.0817486523191971	0.15462841373880812	50022860.1	2101148.325	10.565000000000001	10.609513404528526
-1.8667303709784573	-0.9999997173148409	0.09417892515576497	0.15462841373880812	50022860.1	1384319.775	10.504999999999999	10.583824959163168
