-2.1178103698698503	-0.999999595678847	0.037268727905917995	0.12029474133657705	33106580.1	650625.25	8.48	8.552311247266362
-2.144957756046987	-0.9999995968456964	0.04212733867961271	0.11707298256524097	33589312.2	760456.7	8.46	8.538876952349417
-2.144957756046987	-0.99999960825284	0.060792216166925886	0.11707298256524097	33589312.2	518406.9	8.61	8.683686518013108
-1.5229665537308308	-0.999999510681239	0.08028705041561088	0.21806402781758644	28451782.5	1112355.125	9.4	9.613130582546315
-1.9006514419732918	-0.99999956633971	0.0673321566230699	0.1494712156760101	32172116.7	1145977.55	9.3	9.369058652284766
-1.9006514419732918	-0.9999995828204578	0.08189206167534416	0.1494712156760101	32172116.7	674378.925	9.395	9.469798468000834
-0.23921412114412072	-0.9999994648610542	0.053409176304125755	0.7872462982465337	25186042.0	713566.25	9.17	9.387028490355876
-1.9837821659166852	-0.9999995659021365	0.0661364726372817	0.1375480228285394	32131377.3	1141851.2	9.52	9.632731021413612
-1.9837821659166852	-0.9999995824822434	0.08073826870760234	0.1375480228285394	32131377.3	670258.725	9.625	9.626434644015783
-1.9837821659166852	-0.9999996151961729	0.05892015803914764	0.1375480228285394	32131377.3	234280.1	9.605	9.631690771438183
-1.6785387335406134	-0.9999995421371844	0.0798610338727712	0.18664651715860062	30673920.0	1257261.6	9.64	9.974523834375015
-0.6981038701133186	-0.9999995793389468	0.07795141491065673	0.49752778728039415	33541907.0	1342136.3333333333	9.26	9.470222799025157
-0.6981038701133186	-0.9999995942743206	0.07945131978984131	0.49752778728039415	33541907.0	813264.5833333334	9.594999999999999	9.63700185393198
-0.6981038701133186	-0.9999996110325409	0.12779047582642045	0.49752778728039415	33541907.0	463567.9166666667	9.61	9.614153950174991
-1.3079220202184305	-0.9999995367673988	0.07968676664438518	0.27038131995172715	30169522.166666668	1173504.7916666667	9.59	9.706621256537817
-1.3079220202184305	-0.9999995513894583	0.08923347600092474	0.27038131995172715	30169522.166666668	754917.9583333334	9.700000000000001	9.70378748578006
-1.3079220202184305	-0.9999995585750333	0.1343410142893603	0.27038131995172715	30169522.166666668	607786.3333333334	9.760000000000002	9.790948585576352
-1.801015899582358	-0.9999995716705252	0.08315986794404673	0.16513104641972132	33125478.0	1452240.225	9.950000000000001	10.104398390237108
-0.9708467382185118	-0.9999995525550515	0.07632339271436468	0.37876218986345045	31284259.25	1200181.0	9.61	9.623819418029923
-1.9438185151291725	-0.9999995738197276	0.07320147287327919	0.14315626041690074	33002943.1	1283629.925	9.49	9.693676784799987
-1.7431102506821252	-0.9999995487555391	0.08018487761224931	0.17497533625405146	31122888.2	1256738.1	9.81	9.817970793170163
-1.7431102506821252	-0.999999564869974	0.08826089383761919	0.17497533625405146	31122888.2	761086.15	9.83	9.906968033298973
