-1.7069587010607887	-0.9999990691692137	0.07125087009150284	0.18141669686797263	14132131.1	516391.65	8.07	8.136687515013902
-1.7069587010607887	-0.9999991003760857	0.07168504737889023	0.18141669686797263	14132131.1	332235.75	8.125	8.138041210427408
-1.1396473535493423	-0.9999992424825451	0.062945037852805	0.3199318247478079	17686574.4	658610.3125	7.880000000000001	7.9348356523650905
-1.1396473535493423	-0.9999992634454977	0.07686940629503258	0.3199318247478079	17686574.4	454577.55	7.875	7.903480437174673
-1.572825619883	-0.999999099943869	0.06579021254082411	0.2074581555011428	14567037.888888888	494424.5	7.79	7.849554332042218
-1.2827718806978947	-0.9999992255482649	0.064349571240514	0.2772676813656892	17437326.666666668	732608.35	7.9	7.900892951045059
-0.953300857901673	-0.9999992828785663	0.05938226863745369	0.3854665508749578	18668566.0	651887.5	7.92	7.93677486479517
-0.953300857901673	-0.9999992823354248	0.07093703401798167	0.3854665508749578	18668566.0	658531.0625	7.8100000000000005	7.8111032326480965
-0.231467486021961	-0.9999995055596681	0.06117097749909604	0.7933684906494524	27654111.0	867444.375	8.03	8.127908525511845
-2.082124366236104	-0.9999993005130337	0.06662486644022443	0.12466509637517455	19190270.3	675590.55	8.28	8.350868071020512
-1.763612214689094	-0.9999988449876438	0.0747468688385512	0.17142452191736085	11371093.9	505726.85	8.1	8.114534073924084
-1.763612214689094	-0.9999988794176196	0.0901787849608228	0.17142452191736085	11371093.9	341890.075	8.120000000000001	8.150942672537287
-2.110737558243821	-0.9999992768281847	0.06664596755364403	0.12114857933992065	18563571.9	676474.825	8.28	8.390756274488961
-2.051649066919887	-0.9999992879453132	0.07077654226795407	0.1285227860629292	18853349.1	676450.2	8.24	8.26167740547112
-1.9457243278582337	-0.9999992547462633	0.06678114645992451	0.14288369120898678	17904819.9	623829.475	8.39	8.699266767131249
-1.9057371999031718	-0.9999991493634278	0.06434082217732219	0.1487129710143258	15339950.7	464501.9	8.63	8.75871853172486
-0.6850006464064979	-0.9999992998534166	0.07188214287863352	0.5040899037277309	19770828.666666668	1027333.5	7.98	7.985158900812423
-0.6850006464064979	-0.999999345667567	0.0599654465302058	0.5040899037277309	19770828.666666668	415273.25	7.98	7.989892481157903
-1.814925641715232	-0.9999988984018635	0.08465227717920468	0.16285001718794925	12444524.8	898843.5	8.19	8.213123240165377
-1.814925641715232	-0.9999989587905259	0.09779044713060765	0.16285001718794925	12444524.8	423943.2	8.23	8.261014279917072
-1.3969797164216626	-0.9999991789572903	0.06629694008472187	0.24734288257814202	16161493.42857143	579125.5833333334	7.88	7.88061873961281
-1.492123384224466	-0.9999991210197617	0.06505677024695468	0.22489461051428863	15195511.875	631942.1071428572	7.78	7.785384916180862
-1.492123384224466	-0.9999991639979672	0.06637849808052995	0.22489461051428863	15195511.875	328889.0625	7.795	7.8243406975570045
-1.8611113046831225	-0.9999990990230477	0.07710657920066946	0.15549972673693746	14525295.0	482605.075	8.2	8.427739170919178
-1.8611113046831225	-0.9999990984997064	0.10972365409742042	0.15549972673693746	14525295.0	486287.675	8.39	8.516304275589691
-1.8611113046831225	-0.9999991307846056	0.12764113382720824	0.15549972673693746	14525295.0	304250.525	8.575	8.704663531302279
-1.6438150909616667	-0.9999990945706341	0.06833726864781922	0.19324140067318957	14463293.4	486741.52777777775	7.890000000000001	7.936143378904852
-1.6438150909616667	-0.9999991156209178	0.07398308680676827	0.19324140067318957	14463293.4	358983.375	7.99	8.027737126610795
-1.6438150909616667	-0.9999991806857893	0.08200440858990102	0.19324140067318957	14463293.4	140080.8	8.06	8.063542201780061
