-1.9782624144239789	-0.9999985994973948	0.09564995324101475	0.1383093529764818	9100707.1	343025.85	8.01	8.065469291464977
-1.9782624144239789	-0.9999986190757586	0.09052590073912906	0.1383093529764818	9100707.1	287041.925	8.120000000000001	8.176410117416419
-1.5736839914408887	-0.9999983358168136	0.0895496019540752	0.2072801557269095	7393687.222222222	220674.80555555556	7.78	7.799490163037531
-1.2819422031402135	-0.9999984605360537	0.09208664102601669	0.2774978195954492	8109112.333333333	263994.1666666667	7.890000000000001	7.918428876674289
-1.9016537593347298	-0.9999983114834201	0.08960990614212486	0.14932147313881164	7983709.4	715419.45	7.96	7.966737496764281
-1.8129967177650816	-0.9999981685267371	0.0916133096568672	0.16316444564318197	6613825.1	182232.45	7.66	7.75153288346175
-1.7628414450685244	-0.9999982827790178	0.07651672725247657	0.17155670166459844	6962132.4	155673.075	7.68	7.682614792509801
-1.7628414450685244	-0.9999982263752325	0.07966244115142111	0.17155670166459844	6962132.4	230546.1	7.58	7.6035208710559195
-1.9414729027369726	-0.9999984750189725	0.09847550800586945	0.14349244363898433	8314819.1	321238.225	8.040000000000001	8.080503296370699
-1.9414729027369726	-0.9999985119895906	0.08272386840166021	0.14349244363898433	8314819.1	236223.375	8.01	8.030938106461218
-2.045585920080626	-0.9999986950140012	0.08650812221104624	0.12930440572995236	9806562.5	361285.575	8.14	8.142625573760967
-2.045585920080626	-0.9999986762793789	0.09337536785792029	0.12930440572995236	9806562.5	434150.575	8.135000000000002	8.136360448463188
-1.3965069394329934	-0.9999984359972595	0.09018197473195524	0.24745984824849623	7940001.428571428	247256.10714285713	7.890000000000001	7.906211905817628
-1.3965069394329934	-0.9999984037516662	0.10191841751193531	0.24745984824849623	7940001.428571428	319403.64285714284	7.945	7.968611657844617
-1.6441773797641848	-0.9999983259546287	0.08760857661693103	0.1931714041577852	7303794.7	204204.825	7.75	7.761577457312218
-1.6441773797641848	-0.9999982887749785	0.0915633190065255	0.1931714041577852	7303794.7	267917.0	7.8500000000000005	7.857783687877486
-0.230032272899761	-0.9999986735473188	0.11167709044313509	0.7945079610137885	9642862.5	358899.625	7.88	7.945216981717235
-0.230032272899761	-0.999998671653151	0.10183815068519868	0.7945079610137885	9642862.5	365515.25	7.855	7.855893776356378
-0.9520779911890123	-0.9999986894270478	0.09079287351448449	0.3859382134203029	9655212.25	312968.1875	7.930000000000001	7.934881067793038
-1.8593524687636347	-0.9999981661029241	0.10410413965752466	0.15577346590236352	6689998.8	212939.75	7.83	7.886535613732954
