-1.8201570633371142	-0.9999998705571613	0.05279518306675424	0.16200030462713383	116140504.4	3380574.7	11.405000000000001	11.804540785269479
-1.8201570633371142	-0.9999998733134775	0.0770495029428361	0.16200030462713383	116140504.4	2454506.325	12.22	12.523390498602053
-2.091702069222175	-0.9999998755919064	0.04036128717531275	0.12347679081206227	122162742.4	3984943.3	13.455000000000002	13.651051781303975
-2.091702069222175	-0.9999998801627685	0.06870190143254787	0.12347679081206227	122162742.4	2279905.15	13.57	13.707836578142297
-0.7027434766691784	-0.9999998946420044	0.07203058722093278	0.49522480070377795	148452184.66666666	6203501.5	10.195	10.53885044921223
-0.23691579774558438	-0.9999998968167074	0.06781764156001387	0.7890577256598355	150263859.5	5415195.75	9.775	9.983267667875417
-0.23691579774558438	-0.9999999007275097	0.0838051758679164	0.7890577256598355	150263859.5	3008846.125	10.08	10.236758957071475
-0.23691579774558438	-0.9999999031282459	0.11584863176944943	0.7890577256598355	150263859.5	2097639.375	10.25	10.336466955244088
-2.1604398082487246	-0.9999998834016547	0.03740984595534976	0.11527441125065367	126403284.9	2516585.2	13.455000000000002	13.575897582395166
-1.6968287108858842	-0.9999998750952095	0.052939450347942264	0.1832637859266621	120885141.3	3609691.875	11.094999999999999	11.244533093426126
-2.1918486964578965	-0.9999998785707124	0.034934644143234855	0.11171003965052019	120613616.5	2294499.05	13.72	14.04835714281137
-2.0149394592005616	-0.9999998706980076	0.03876100675805923	0.13332847493407773	113598069.3	2393952.4	12.350000000000001	12.495516284938828
-2.0149394592005616	-0.9999998728049044	0.06412295578952375	0.13332847493407773	113598069.3	1884393.825	12.645	12.657535449251199
-1.7618294507494927	-0.9999998783211187	0.05097785006323508	0.1717304039501134	124026837.7	3582052.75	11.065000000000001	11.316572826664759
-1.7618294507494927	-0.9999998821983437	0.06826271579896345	0.1717304039501134	124026837.7	2214564.8	11.385000000000002	11.559528672093954
-1.1706795419666771	-0.9999998886224132	0.058344900679748735	0.31015610554779827	137294067.2	4375282.55	10.42	10.62619142138104
-1.1706795419666771	-0.9999998911166892	0.08987951418145773	0.31015610554779827	137294067.2	3106577.75	10.850000000000001	10.922693230979771
-2.2491718640229914	-0.9999998771823537	0.0263208637777834	0.10548654560353043	116237288.6	1584832.95	13.17	13.364960530295319
-1.5372250169345183	-0.999999886059022	0.05989546602373714	0.21497683154119995	134576156.875	4564131.0625	10.925	11.201524411703007
-1.9728211952956896	-0.9999998812673647	0.04607637965162349	0.13906397564533562	126123041.4	3188052.4	12.585	12.784056942705723
-1.318157542564803	-0.9999998973147589	0.06401901140486517	0.2676279410831018	150838597.5	5330190.666666667	10.995000000000001	11.19178931567093
-1.9264933238731368	-0.9999998779999806	0.05043268424650088	0.14565807967771768	128564098.3	6483832.575	12.645	12.676934540687702
-1.4378058548999801	-0.9999998909342444	0.06086486593868874	0.23744818329766407	141048051.0	4797051.714285715	10.895	11.03394901696296
-1.4378058548999801	-0.9999998958754552	0.06882637306618135	0.23744818329766407	141048051.0	2389425.8928571427	10.965	10.979909473757827
