-2.034553221131488	-0.9999994490551943	0.08695692276034149	0.13073888082673168	25135463.8	1033283.6	8.74	8.948281630509975
-2.097732617801108	-0.9999994319948852	0.09987007753261776	0.1227343987921811	24549114.9	1137134.375	8.84	8.931356416078028
-1.1525048078624947	-0.9999994531338116	0.07834028621582355	0.31584464758016434	25030126.8	880397.6	8.48	8.524116118506807
-2.1265581607053194	-0.9999994665545	0.09524017314687418	0.11924701741692231	26076801.1	1099703.65	8.86	8.93687866230546
-2.1265581607053194	-0.9999994818044037	0.08564849482780061	0.11924701741692231	26076801.1	738873.6	8.995000000000001	9.003284670458413
-2.1265581607053194	-0.9999995055209747	0.10606755839078698	0.11924701741692231	26076801.1	398088.125	8.985	9.000301341437812
-2.000174037689163	-0.9999993646357805	0.08242814522228759	0.1353117318461302	21265155.6	737571.0	8.675	8.726784799498022
-2.153692282810271	-0.9999995985387422	0.10388563196539831	0.11605485835523034	35471744.6	1529621.0	9.040000000000001	9.2056771842323
-2.153692282810271	-0.9999996127128701	0.08181076955703537	0.11605485835523034	35471744.6	925185.075	9.445	9.478760740299068
-2.153692282810271	-0.9999996264512727	0.10798070519610685	0.11605485835523034	35471744.6	568310.55	9.545000000000002	9.560282649659682
-1.8802227777748317	-0.9999993548426722	0.09247486661638978	0.15255611585889944	21316100.0	938686.7	8.8	8.804587047386926
-1.963202317728584	-0.9999993543273589	0.08370907752583831	0.14040806897238103	21239731.5	903392.525	8.6	8.613977168782817
-1.963202317728584	-0.9999993630448645	0.1046485948710165	0.14040806897238103	21239731.5	750695.0	8.71	8.74853582168755
-1.2956017555274513	-0.9999994571432279	0.08315728629860844	0.2737330943582201	25478533.666666668	1015806.625	8.48	8.63507797514359
-1.2956017555274513	-0.9999994835870898	0.0633183594203344	0.2737330943582201	25478533.666666668	517850.4583333333	8.605	8.627252520727543
-1.5887626412389753	-0.999999471231625	0.0773980273858507	0.20417809705173587	26054557.888888888	962053.3611111111	8.82	8.830212524922267
-1.5887626412389753	-0.999999481854415	0.08777253232787334	0.20417809705173587	26054557.888888888	729454.8611111111	8.795000000000002	8.849377216362313
-0.2356182907124936	-0.999999516448624	0.07472076408813458	0.7900821980947614	28925966.5	1187297.25	8.700000000000001	8.79757676903664
-0.9647095326610791	-0.999999451719155	0.07577747630531877	0.38109387898911445	24973564.0	884277.0	8.58	8.583348715978868
-1.7244467790052458	-0.9999994195105751	0.09456769162978655	0.17827164811610746	23887408.7	1052193.075	8.83	8.870695849072067
-2.0670867142101597	-0.9999993660925256	0.09268956500056291	0.12655393295427927	22987524.0	2130703.6	8.785	8.797526692883284
