-1.546718579906864	nan	nan	0.21294559255686477	195397506.75	nan	13.950000000000001	14.150032535929183
-1.546718579906864	nan	nan	0.21294559255686477	195397506.75	nan	14.155000000000001	14.333432727064455
-1.9907069845661465	nan	nan	0.13659881804346605	234474181.7	nan	11.65	11.709306783545458
-1.9464968327898982	nan	nan	0.14277335547580947	251491091.6	nan	11.68	11.705320586325685
-2.0312625047521475	nan	nan	0.13116981405392475	241547570.0	nan	11.620000000000001	11.669201607532965
-2.1361387903069056	nan	nan	0.1181100112265303	180572443.6	nan	11.05	11.542016103076904
-2.1361387903069056	nan	nan	0.1181100112265303	180572443.6	nan	11.535	11.664483175537635
-2.1361387903069056	nan	nan	0.1181100112265303	180572443.6	nan	11.725000000000001	11.733293347859457
-1.1622273848656932	nan	nan	0.3127887035712699	116968994.2	nan	12.0	12.50785151395591
-2.06830180709804	nan	nan	0.12640025155790768	210683577.1	nan	11.14	11.14272788001939
-2.06830180709804	nan	nan	0.12640025155790768	210683577.1	nan	11.285	11.598571716001583
-2.06830180709804	nan	nan	0.12640025155790768	210683577.1	nan	11.695	11.880918844025095
-1.7833577214342036	nan	nan	0.16807285692174848	229031933.3	nan	12.88	13.090277279907006
-1.7833577214342036	nan	nan	0.16807285692174848	229031933.3	nan	12.815000000000001	12.870559860956822
