-0.7077720840992091	-0.9999995311411027	0.042809325972670294	0.4927407604575122	29367155.666666668	954603.3333333334	10.08	10.10410068324554
-0.7077720840992091	-0.9999995361423291	0.08429748586448657	0.4927407604575122	29367155.666666668	824208.8333333334	10.135000000000002	10.215093073543155
-0.9818016664012207	-0.9999995179549355	0.05727935548581687	0.37463552221919716	27902028.5	693865.6875	10.22	10.358641130924557
-1.4395816595409847	-0.9999995446906219	0.06119442198043635	0.2370268958845479	29897434.14285714	816335.6785714285	10.700000000000001	10.753065729650864
-1.8706828194512395	-0.9999994981706157	0.05435428293533169	0.1540184591022646	26740156.6	672659.7	10.41	10.559173859263643
-2.1072346871106697	-0.9999995366812666	0.024295807693351195	0.12157369132287874	27258899.9	305454.375	9.77	9.777097060061042
-1.9183447975009342	-0.999999497275448	0.05580153085312342	0.14684982728050244	26725577.0	683924.125	10.5	10.58164463515558
-1.1740580054068481	-0.9999995197737953	0.06783406220062052	0.30911002255603115	28378512.6	829106.75	10.42	10.44872594823357
-1.1740580054068481	-0.9999995270445692	0.07300411426696767	0.30911002255603115	28378512.6	674529.15	10.49	10.4920418746631
-1.8187116412767037	-0.9999995075903106	0.05335149220449426	0.16223463275195826	27154212.2	641135.2	10.39	10.462209593050726
-1.3205879394260096	-0.9999995256798248	0.06921243835763992	0.2669782887513982	28818854.0	864029.9583333334	10.44	10.545771474606237
-1.3205879394260096	-0.9999995313718355	0.07499219801813468	0.2669782887513982	28818854.0	733311.0833333334	10.690000000000001	10.704857998101014
-1.696533503575206	-0.9999995319318428	0.0508576117465862	0.1833178947223133	28620242.3	657514.8	10.425	10.521853104785563
