-1.8593127713647086	-0.9999995493978137	0.0610492759251075	0.1557796498265236	30228916.8	823414.325	9.09	9.109794605215962
-1.8593127713647086	-0.9999995519946993	0.08299863552498424	0.1557796498265236	30228916.8	761247.375	9.13	9.190836605027549
-1.8593127713647086	-0.9999995845267735	0.056487197872110886	0.1557796498265236	30228916.8	284731.55	9.254999999999999	9.28352931810527
-1.987335524100412	-0.9999996116258569	0.059807008867446936	0.13706013277338228	35646779.4	1029193.9	9.915	10.166863252926495
-1.987335524100412	-0.9999996114041911	0.09856320796387634	0.13706013277338228	35646779.4	1037358.475	10.17	10.187911709945734
-1.9054228484673397	-0.9999995317410109	0.05792627786334867	0.14875972649873279	28927511.2	763421.7	9.23	9.28492976101703
-1.9054228484673397	-0.9999995338472668	0.08170584090929929	0.14875972649873279	28927511.2	718296.0	9.365	9.382740512581687
-2.0250510231049104	-0.9999996396870761	0.07739935554833265	0.1319871086239324	40741279.7	2372866.3	10.295000000000002	10.306321577904448
-2.0250510231049104	-0.9999996568596429	0.09331105142068319	0.1319871086239324	40741279.7	1178763.325	10.280000000000001	10.38650545844797
-1.7514447231443409	-0.9999995281783935	0.08317045209110327	0.1735230694778121	29512945.8	1115534.925	9.59	9.689146314648852
-2.1544055039019927	-0.9999996899502429	0.07446075801310198	0.11597211509308206	46252413.7	1690523.9	10.254999999999999	10.39338725880258
-1.1711574370684932	-0.9999995701843465	0.09922317708332981	0.31000791887582124	33033493.4	1466386.65	10.03	10.103654389498594
-1.1711574370684932	-0.9999995812463628	0.09956640582396807	0.31000791887582124	33033493.4	1017535.95	10.004999999999999	10.007891006691398
-1.1711574370684932	-0.9999995958839317	0.12017529652064389	0.31000791887582124	33033493.4	627415.25	10.01	10.020267581241711
-1.4345971340536845	-0.9999995478993723	0.10153327077883532	0.23821131191191564	31294177.285714287	1394597.607142857	9.97	10.00070793521539
-1.4345971340536845	-0.9999995555933435	0.10915157589295513	0.23821131191191564	31294177.285714287	1096177.607142857	10.01	10.02947517466544
-2.1823435346867672	-0.9999997170485658	0.0812396611814783	0.11277692407079092	51240301.0	1979819.325	10.370000000000001	10.584109119221909
-0.24164830413975386	-0.9999995922357545	0.07450613054284892	0.7853323271170182	34232873.0	1154226.25	9.9	9.916119076843424
-0.24164830413975386	-0.9999995918609096	0.10272785288722114	0.7853323271170182	34232873.0	1169132.75	9.950000000000001	9.98598160066173
-0.24164830413975386	-0.9999996101656538	0.09860801524253732	0.7853323271170182	34232873.0	624775.75	9.985	10.00632178690335
-0.7052297244699842	-0.9999995963177312	0.09300721266068686	0.4939950784626857	35288535.0	1537018.75	10.0	10.096402882863115
-1.9477885742445544	-0.99999955109678	0.056599446170277415	0.14258904827817265	30055214.5	723518.35	9.4	9.472611467894952
-1.9477885742445544	-0.999999541606048	0.09658105828141433	0.14258904827817265	30055214.5	962344.25	9.48	9.641862960161426
-1.9477885742445544	-0.9999995801359647	0.05799841951591237	0.14258904827817265	30055214.5	302277.375	9.66	9.700652828205738
