-2.0119131317051444	-0.999999752192715	0.02860862725945758	0.13373258173503116	54680076.4	766906.35	10.31	10.439880310136251
-1.447761924437618	-0.9999998275228283	0.04064362160106749	0.2350958620409625	81756347.57142857	1330549.857142857	11.08	11.13952066017325
-1.447761924437618	-0.9999998228271227	0.060664739028301946	0.2350958620409625	81756347.57142857	1953253.142857143	11.23	11.36261772522715
-1.447761924437618	-0.9999998338341466	0.07578615995545787	0.2350958620409625	81756347.57142857	794217.0	11.49	11.493241816378912
-0.7146764780465408	-0.9999998213871883	0.04927340223539974	0.48935040178771966	79983512.0	1600904.5	10.555	10.585352513126674
-2.171504279854866	-0.9999996879467745	0.035632516601142826	0.11400599094094915	43461285.6	776252.45	9.47	9.617418415329201
-1.771679138089635	-0.9999998022961507	0.049922600759014744	0.17004721620893867	76668839.7	3827507.875	10.73	10.752487697817058
-1.1803813983728786	-0.9999998260510433	0.044582230133804863	0.3071615653364752	85349282.0	2803609.35	10.75	10.796233895805836
-1.1803813983728786	-0.9999998313414773	0.05185641013054572	0.3071615653364752	85349282.0	1784918.4	10.85	11.051430206681175
-1.1803813983728786	-0.999999840828932	0.0759609682057913	0.3071615653364752	85349282.0	794235.35	11.18	11.183366170866387
-0.9890065976155467	-0.9999998199530866	0.03964641158965655	0.37194599959855357	78556162.5	1388582.3125	10.715	10.841610619450343
-1.8815043650020749	-0.9999997963339893	0.02788529351861547	0.15236072711997628	67176293.4	874604.05	10.69	10.794397855607432
-1.7072852328268753	-0.9999998266663539	0.027458654480533577	0.18135746822408993	79560727.1	975348.275	10.83	10.860070107029518
-2.1144328657647224	-0.9999996955779007	0.03707568657590119	0.1207017242255666	44689468.2	809733.525	9.23	9.289215367295919
-2.1144328657647224	-0.9999996924166809	0.07025112544485658	0.1207017242255666	44689468.2	932602.075	9.25	9.321167527288019
-2.1144328657647224	-0.9999997139270937	0.06062027077325826	0.1207017242255666	44689468.2	356626.125	9.385000000000002	9.40150413836403
-0.24864698418384223	-0.9999998281324013	0.05857476056406998	0.7798552260266746	83198796.5	1622010.125	10.795000000000002	10.951481196974937
-2.197411881359341	-0.999999703521731	0.04904408578382198	0.11109030150190913	48579404.6	1798992.3	9.61	9.75710073333814
-2.197411881359341	-0.9999997122710388	0.07467923983559015	0.11109030150190913	48579404.6	1176083.925	9.695	10.050099785256618
-2.197411881359341	-0.9999997336362128	0.06707101927533142	0.11109030150190913	48579404.6	416562.5	10.225000000000001	10.23386051496367
