-1.747050426214524	-0.9999992693026502	0.06630663685493177	0.17428725917779866	17746287.8	428121.85	7.175000000000001	7.313858134546498
-1.747050426214524	-0.9999992859028298	0.08019133043942599	0.17428725917779866	17746287.8	318880.2	7.45	7.4602998906410205
-0.6864726449906745	-0.9999991508953937	0.06296478127980684	0.5033484299611974	16051095.333333334	829897.75	7.54	7.541830233494392
-0.6864726449906745	-0.9999991984364731	0.07185874655372383	0.5033484299611974	16051095.333333334	386918.75	7.545	7.588826597343012
-1.8864828524235469	-0.9999993770161448	0.08575589449501149	0.15160408618297624	21276604.4	570905.675	7.19	7.4456864667251805
-1.2786276984304152	-0.99999917541331	0.04663083635994015	0.2784191133983415	15561883.666666666	374040.5416666667	6.725	6.89060571888628
-1.2786276984304152	-0.9999991932088298	0.06885802667373793	0.2784191133983415	15561883.666666666	283562.2083333333	6.995	7.054670695725834
-1.8442289823091513	-0.9999993149700774	0.0733770738128835	0.15814720819025008	19084912.0	476266.9	7.25	7.322835884344806
-1.5629824646936552	-0.9999991962833688	0.05115564778551656	0.20951028144933628	15904097.888888888	355892.9166666667	6.795	6.795609779522371
-1.5629824646936552	-0.9999992148476807	0.06689717550331417	0.20951028144933628	15904097.888888888	264907.3888888889	6.8100000000000005	6.819751551381499
-1.9978215165107962	-0.9999995343025768	0.095016994504511	0.1356304302864123	29304420.5	844915.525	7.82	7.845186900264823
-1.6921001070879422	-0.9999992482291373	0.06034144301557776	0.18413241985513498	17239835.8	425237.825	6.78	6.923237021744353
-1.6921001070879422	-0.9999992673336667	0.07729735375433983	0.18413241985513498	17239835.8	305909.325	6.96	7.076592641361553
-1.6921001070879422	-0.9999993448411847	0.04641865144886136	0.18413241985513498	17239835.8	80403.9	7.12	7.139201384097578
-1.925792453456272	-0.9999994665641816	0.0957030524273805	0.14576020290013345	25327396.8	737144.55	7.665	7.853681127448377
-1.4849235076793255	-0.999999186007838	0.049103722116496495	0.22651966702880333	15693540.5	353068.0625	6.91	6.913174069014062
-1.9631630470388055	-0.9999995171697295	0.09314749908341104	0.14041358300236917	28036175.0	756692.8	7.805	7.842558860985619
