-1.2861601962881886	-0.9999985119313429	0.0880748405597845	0.27632980077324193	8505078.666666666	313682.875	8.18	8.267051036017428
-1.2861601962881886	-0.9999985144702667	0.10332047117589734	0.27632980077324193	8505078.666666666	306981.875	8.27	8.29609718754883
-1.2861601962881886	-0.9999985804764858	0.1376741232511673	0.27632980077324193	8505078.666666666	175107.16666666666	8.33	8.336303130227376
-1.579664329204353	-0.9999987888053904	0.09945542825646793	0.20604424963538995	10739555.666666666	445828.52777777775	8.42	8.560667332511487
-1.4977483725494627	-0.9999985452778942	0.09212429729251188	0.22363313218238373	9397936.0	865778.25	8.36	8.361024646208325
-1.7733917762255371	-0.9999988850874466	0.08507642260239162	0.1697562361044907	11625536.9	425684.9	8.64	8.765190249176683
-1.7733917762255371	-0.9999989128369637	0.09064501126980971	0.1697562361044907	11625536.9	308306.825	8.705	8.712694865829961
-1.1437271690774204	-0.9999983370093428	0.07209686000901948	0.3186292209197459	7342701.8	200955.65	8.13	8.140526372557575
-1.1437271690774204	-0.9999982541948825	0.0969371371788805	0.3186292209197459	7342701.8	369137.2	8.145	8.145093531361207
-1.8727360054883744	-0.9999990405546276	0.09977261310179543	0.1537025549685295	13881456.8	608345.25	9.02	9.02674155683412
-0.6877040722832402	-0.9999982275737695	0.08757653161151777	0.5027289744523624	6996403.0	242948.33333333334	8.120000000000001	8.146810372030862
-0.6877040722832402	-0.9999981964190718	0.12635263333254335	0.5027289744523624	6996403.0	302118.8333333333	8.155000000000001	8.16425266577963
-1.8247458698727195	-0.9999990163780305	0.09844500716868923	0.16125861959652907	13479861.6	573255.2	8.71	8.910958487016947
-1.8247458698727195	-0.9999990456660172	0.09328812862869124	0.16125861959652907	13479861.6	386268.275	8.965	8.99426596927003
-1.8247458698727195	-0.9999990747656119	0.11745889460688978	0.16125861959652907	13479861.6	260935.275	8.975000000000001	8.995780162922902
-0.23172243584733604	-0.9999981469094726	0.09192974967588864	0.7931662472733554	6752187.0	271688.125	8.120000000000001	8.147510055388185
-0.23172243584733604	-0.9999981873866685	0.09771836358930663	0.7931662472733554	6752187.0	206715.625	8.125	8.143613458412442
