-2.01231195309964	-0.999999564742441	0.04727209081088014	0.13367925695453262	30784805.9	659553.225	8.004999999999999	8.194591337690861
-2.01231195309964	-0.9999995491697051	0.10576992828828902	0.13367925695453262	30784805.9	1065252.25	8.205	8.209851764245292
-2.01231195309964	-0.9999995778557839	0.10585985513799646	0.13367925695453262	30784805.9	440482.275	8.19	8.209134984061098
-0.6934461611987378	-0.9999995506101412	0.061154765373204245	0.4998505320257324	30220845.666666668	790910.6666666666	8.245000000000001	8.256946980693225
-0.6934461611987378	-0.9999995628492027	0.05711567922384672	0.4998505320257324	30220845.666666668	546377.25	8.184999999999999	8.25010678254987
-0.6934461611987378	-0.9999995760484501	0.06639710261349827	0.4998505320257324	30220845.666666668	366653.1666666667	8.265	8.2850599899181
-1.9421548283562355	-0.9999994899181327	0.06896573555844909	0.14339462582152482	28403010.7	1958834.525	7.53	7.552165993655695
-1.4016151683987392	-0.9999995315878013	0.0505314258531685	0.24619898980236807	28501621.285714287	628131.9285714285	7.45	7.574887026585093
-1.8154728712192831	-0.9999995216012402	0.04741950384572246	0.16276092523290517	28255080.4	742066.45	7.68	7.683448967566629
-2.158133170237263	-0.9999995097643078	0.07290294326011554	0.11554061448861738	29099668.7	1568602.4	8.18	8.189453623260079
-1.9781772346630124	-0.9999995518829605	0.04994479389982184	0.1383211346358802	29724445.1	609277.25	7.640000000000001	7.647063176485748
-1.9781772346630124	-0.9999995319860109	0.10185951251826546	0.1383211346358802	29724445.1	1100698.15	7.765000000000001	7.865290075120206
-1.9781772346630124	-0.999999563868964	0.10250343657414364	0.1383211346358802	29724445.1	426663.4	7.91	7.95841983414511
-1.1498464333506875	-0.9999995298794279	0.04764326743154465	0.3166853979605445	28256933.0	587812.8	7.72	7.748050689031
-2.0758766113544684	-0.9999995610526151	0.050521982387840766	0.12544641153089617	30724823.0	719692.5	8.2	8.233422238687847
-1.495161451735681	-0.9999995394169726	0.05871457009152321	0.22421240232662665	29338124.625	738695.375	7.640000000000001	7.698149285387403
-1.495161451735681	-0.9999995503863042	0.052986128075262956	0.22421240232662665	29338124.625	535427.5	7.6850000000000005	7.79374204713291
-1.495161451735681	-0.9999995676547025	0.07458870744088882	0.22421240232662665	29338124.625	322609.25	7.755	7.789522347248508
-1.9036177392518168	-0.9999995069541842	0.05122519177287845	0.14902849655860986	27139560.6	647610.85	7.5200000000000005	7.565008764496911
-1.9036177392518168	-0.9999995076634748	0.07433201613161403	0.14902849655860986	27139560.6	635263.65	7.505	7.51722705388352
-1.9036177392518168	-0.9999995364895911	0.08042454932447808	0.14902849655860986	27139560.6	290530.95	7.515000000000001	7.52639697213438
-2.1047417586834043	-0.999999539357829	0.05055197450026717	0.12187714391963224	29140013.2	675438.55	8.06	8.103408887137471
-2.1047417586834043	-0.9999995262672116	0.10769974054463621	0.12187714391963224	29140013.2	989127.675	8.15	8.155254862552118
-1.646198800494015	-0.9999995391692978	0.056817197209763984	0.1927813178740893	29278376.5	723874.575	7.71	7.791213030921678
-2.045049100641455	-0.999999559942524	0.052570776362900355	0.12937383748300865	30671409.4	727363.5	8.19	8.190016460307378
