-1.4239580374570144	-0.9999992433342965	0.07461543924836302	0.24075919462196232	17504376.14285714	565213.7857142857	9.18	9.20385948304022
-1.1631964073790002	-0.999999239093056	0.061577234029124045	0.31248575108319826	17189360.8	479022.05	9.16	9.166738626992332
-1.1631964073790002	-0.9999992336596165	0.0904261867498434	0.31248575108319826	17189360.8	525917.4	9.184999999999999	9.191422810068945
-1.7373931612387299	-0.9999994379186398	0.05555070955839762	0.17597855090323045	23497511.3	544439.05	8.77	8.816012956050589
-2.008839747650493	-0.9999995145846088	0.06407778470201965	0.13414422556509323	28049253.6	818753.375	8.88	8.896209845599707
-2.133541446413959	-0.9999994208631181	0.07240349084077435	0.118417182284635	23585623.0	855381.625	8.540000000000001	8.545398662243489
-2.133541446413959	-0.9999994443789855	0.08470890372306916	0.118417182284635	23585623.0	491229.025	8.52	8.542657885074354
-2.133541446413959	-0.9999994520580477	0.1268256794697408	0.118417182284635	23585623.0	409851.375	8.555	8.580473036643935
-2.1052973375232793	-0.9999994397583662	0.06946097069192578	0.12180945036370093	24403852.8	866357.75	8.58	8.604375768958617
-1.9720544917078096	-0.9999995021550204	0.06550805578047225	0.1391706373781494	27269240.7	786897.525	8.540000000000001	8.691154909734898
-1.9720544917078096	-0.9999995230544508	0.05826460238273114	0.1391706373781494	27269240.7	445049.475	8.78	8.80762336215507
-1.9720544917078096	-0.9999995210484387	0.10427953080433663	0.1391706373781494	27269240.7	470073.0	8.805	8.816739077040635
-0.24028271566264417	-0.9999992424906543	0.09808601468281301	0.7864055004834485	18050038.0	867240.25	9.485	9.53267843652628
-2.159992015973699	-0.99999949671596	0.07764534216313768	0.11532604180053778	27344248.9	947822.95	8.57	8.621971946931216
-2.159992015973699	-0.9999994987947265	0.10886675698197475	0.11532604180053778	27344248.9	895449.075	8.615	8.81742576026035
-2.159992015973699	-0.9999995233680274	0.11066232589365017	0.11532604180053778	27344248.9	457321.125	8.934999999999999	8.939933741899017
