-2.1223149900695457	-0.9999980469149797	0.028098706450962078	0.11975407787086335	6086832.1	145523.625	17.88	17.924620816987698
-2.1223149900695457	-0.9999981712415208	0.048117532244579014	0.11975407787086335	6086832.1	68277.2	17.985	17.98629616748974
-2.1223149900695457	-0.9999981781045966	0.04011728132576131	0.11975407787086335	6086832.1	65483.675	18.045	18.145855121673293
-1.2477124438544847	-0.9999985312170248	0.012443035692957294	0.28716094286825417	7032380.8	30607.75	16.77	16.991789341572655
-1.2477124438544847	-0.9999984776207064	0.03393718021032418	0.28716094286825417	7032380.8	44619.6	17.055	17.140184342284932
-1.9837033163182318	-0.9999983365332489	0.01176157301827711	0.13755886886250457	6094424.0	25281.6	17.71	17.812748446189076
-1.9837033163182318	-0.9999981793670815	0.056854228794201676	0.13755886886250457	6094424.0	65886.825	17.845	17.94565918096608
-2.079714994996758	-0.9999982938541583	0.011988080737266673	0.12496582300850353	5889825.9	23129.375	17.240000000000002	17.488160593044203
-2.079714994996758	-0.999998146449902	0.047913588514034114	0.12496582300850353	5889825.9	55109.05	17.42	17.542963745160154
-2.079714994996758	-0.9999981373082861	0.043322094162618466	0.12496582300850353	5889825.9	58157.65	17.5	17.710309038845967
-2.079714994996758	-0.999998121761299	0.04214352409217316	0.12496582300850353	5889825.9	63734.625	17.715	17.731837037986878
-1.7210637960765072	-0.9999983963943329	0.01735544806104498	0.17887575933117666	6622044.111111111	40909.72222222222	18.03	18.22133044283139
-1.9283429642754264	-0.9999981704266362	0.02781089753368191	0.14538891361557613	6368402.8	114857.95	17.29	17.35802716147209
-1.9283429642754264	-0.9999983041154429	0.039408260235945416	0.14538891361557613	6368402.8	49023.525	17.535	17.729488295722145
-2.1994264632244613	-0.9999984192562944	0.009063114461044273	0.1108667262760261	6241531.7	19268.175	17.830000000000002	17.83114036597258
-2.1994264632244613	-0.9999981201266741	0.030112973195288537	0.1108667262760261	6241531.7	124651.975	17.86	17.872242676504044
-1.0466775577465774	-0.9999986584168691	0.009854504666703031	0.3511023306310132	7552982.25	25157.5625	17.31	17.4084000525525
-1.0466775577465774	-0.9999986470545946	0.019253204360557198	0.3511023306310132	7552982.25	27412.0	17.29	17.315251726616975
