-1.9812351592196824	-0.999997907470582	0.002539135287181511	0.13789880509660205	3950162.0	3887.7	12.88	12.907021923769086
-1.9812351592196824	-0.999997535066467	0.0236358044305851	0.13789880509660205	3950162.0	16929.75	13.02	13.031934094278089
-1.9812351592196824	-0.9999972718372152	0.07740855012746764	0.13789880509660205	3950162.0	47890.1	13.075	13.339678263684597
-2.206034394814625	-0.9999970400869563	0.028442042800736044	0.11013654169499125	3501507.3	31701.7	13.58	13.868573418389508
-2.206034394814625	-0.9999968411195126	0.06521866473123013	0.11013654169499125	3501507.3	63629.175	13.905000000000001	13.936098447639369
-2.206034394814625	-0.9999968815708984	0.07659224129741185	0.11013654169499125	3501507.3	55225.725	13.855	13.987949589131771
-2.206034394814625	-0.9999967559834578	0.08144656794816034	0.11013654169499125	3501507.3	85728.1	13.96	13.963093445253673
-1.756544517073297	-0.9999983825428935	0.0014049090456370707	0.17264039023572708	4880356.9	2679.525	13.65	13.758366395951077
-1.756544517073297	-0.9999980173217412	0.019363362746569555	0.17264039023572708	4880356.9	15932.475	13.74	13.740158405723045
-1.756544517073297	-0.9999977542756688	0.09104348569298622	0.17264039023572708	4880356.9	57521.775	13.735	13.738503152970404
-2.105500742400675	-0.9999968990151569	0.025579607279617785	0.12178467624705758	3448060.9	44018.35	13.74	13.784535018408969
-2.105500742400675	-0.9999968458008472	0.08583616850021254	0.12178467624705758	3448060.9	52883.775	13.835	13.909108412752165
-1.822375099627787	-0.9999976542940869	0.00968301138541954	0.16164138027314182	4274604.2	22627.475	13.68	13.68036477378048
-1.822375099627787	-0.9999972587976005	0.06332294792071823	0.16164138027314182	4274604.2	122706.075	13.69	13.693899243561667
-2.2360500933774143	-0.9999970572269448	0.027972875252223698	0.10687983709537957	3533907.0	32841.75	13.870000000000001	13.892626393570133
-2.2360500933774143	-0.9999968822731805	0.06249739789867115	0.10687983709537957	3533907.0	60945.8	13.855	13.868698122955054
-2.2360500933774143	-0.9999969081570221	0.076780535967162	0.10687983709537957	3533907.0	55618.3	13.885000000000002	13.954383328441445
-1.4941717047801404	-0.9999984990064519	0.002237753523127725	0.22443442572459052	5679565.571428572	5038.142857142857	13.93	14.28068323924094
-1.4941717047801404	-0.9999982384251478	0.023826204088411046	0.22443442572459052	5679565.571428572	22135.428571428572	14.1	14.147790625733366
-1.4941717047801404	-0.9999980403808363	0.09152702039948911	0.22443442572459052	5679565.571428572	68170.75	14.200000000000001	14.221126865671641
-2.2640010129439134	-0.9999974955504197	0.031918071334188086	0.10393381122848949	4186739.9	35790.975	14.02	14.039273376329273
-2.2640010129439134	-0.9999974673145153	0.055590542890117445	0.10393381122848949	4186739.9	40282.425	14.030000000000001	14.174234695094038
-2.2640010129439134	-0.9999972277807766	0.09743320144965867	0.10393381122848949	4186739.9	109814.925	14.254999999999999	14.513035369687389
-2.2640010129439134	-0.9999971784101496	0.10910522362945224	0.10393381122848949	4186739.9	135030.425	14.61	14.722974841379846
-2.0254683722152755	-0.9999976356559027	0.0051422428297303565	0.13193203541474524	3754607.1	7165.575	13.450000000000001	13.635031084965574
-2.0254683722152755	-0.9999972057290659	0.05073591644863875	0.13193203541474524	3754607.1	36003.15	13.725000000000001	13.769896321123612
-2.0254683722152755	-0.9999970951429087	0.08899814248397969	0.13193203541474524	3754607.1	54533.95	13.775	13.798357176865352
