-1.367275426880227	-0.9999965614189652	0.05968909046844165	0.25480023655742395	3139801.5	48846.666666666664	13.81	13.88745462446352
-1.367275426880227	-0.9999962816087895	0.06122867644110889	0.25480023655742395	3139801.5	117595.0	13.89	13.96053629598378
-1.367275426880227	-0.9999964445845263	0.09197627162356434	0.25480023655742395	3139801.5	70494.125	13.84	13.883352021622002
-1.367275426880227	-0.9999966812743042	0.0347435367559521	0.25480023655742395	3139801.5	33527.125	13.915	14.05955981832997
-1.6770462804422974	-0.9999968192992424	0.0656007833513695	0.18692528630461708	3462637.111111111	60693.75	14.14	14.233227721158414
-1.6770462804422974	-0.9999968486411744	0.07117830430594625	0.18692528630461708	3462637.111111111	54830.055555555555	14.295000000000002	14.369454209867147
-1.6770462804422974	-0.9999965660220681	0.08128885744959485	0.18692528630461708	3462637.111111111	145890.63888888888	14.415	14.494622530028137
-1.5906307013195904	-0.999996463157594	0.05654007231322124	0.2037970361324574	3068834.0	51738.78125	13.9	14.050013559916115
-1.5906307013195904	-0.9999965257469463	0.06685485623021954	0.2037970361324574	3068834.0	42696.9375	14.145	14.163715606890976
-1.8813204084331343	-0.9999971506374661	0.06497346622810862	0.15238875745468158	3941653.9	75447.15	14.450000000000001	14.641187632991612
-1.2162209786136358	-0.9999964809538671	0.04207374858915415	0.2963479587881345	2960625.6	33474.8	13.72	13.72729980038368
-1.2162209786136358	-0.9999962519301029	0.0629622928829547	0.2963479587881345	2960625.6	65947.65	13.72	13.726493761187314
-1.2162209786136358	-0.9999962684866299	0.0848997381062799	0.2963479587881345	2960625.6	62792.95	13.73	13.749068885051281
-0.7356534736859435	-0.9999965712976023	0.07890749184911877	0.47919221713398485	3245366.3333333335	68008.0	13.81	13.911155068974079
-1.9351982796742173	-0.999997216551885	0.06348128232938098	0.14439563526539065	4020456.6	72454.825	14.41	14.553114321841424
-1.9351982796742173	-0.9999970144047743	0.07497207550731408	0.14439563526539065	4020456.6	163317.25	14.545000000000002	14.636686036914936
-1.9351982796742173	-0.9999972162614662	0.09092248257024453	0.14439563526539065	4020456.6	72539.475	14.395	14.58517498255603
-1.9351982796742173	-0.9999971106848563	0.08440071285141786	0.14439563526539065	4020456.6	110897.0	14.675	14.812059733035177
