-0.7562174228925195	-0.9999987858869448	0.05272196409529032	0.4694387612128492	9671694.666666666	125809.33333333333	18.525	18.640424371987027
-0.7562174228925195	-0.999998824701653	0.04776235943714441	0.4694387612128492	9671694.666666666	86432.16666666667	18.7	18.94061132312172
-0.7562174228925195	-0.999998623723854	0.1097773252360692	0.4694387612128492	9671694.666666666	603753.3333333334	18.985	18.998871881684945
-1.0475238115390877	-0.9999987408522999	0.04224597505714671	0.35080533463687513	9237535.5	112579.25	19.17	19.230474300170716
-1.5382123476484566	-0.999998493758514	0.0700989336679152	0.21476468306022373	8855630.42857143	620770.25	19.580000000000002	19.684050001381717
-2.000521353174457	-0.9999984099436948	0.05168540669540496	0.13526474414656828	7464819.1	142839.325	19.3	19.50018710624584
-2.000521353174457	-0.9999984426329019	0.056177995753161285	0.13526474414656828	7464819.1	111910.5	19.505000000000003	19.65602528921173
-2.000521353174457	-0.9999984333891895	0.08914274231284093	0.13526474414656828	7464819.1	119905.35	19.61	19.73691168901928
-2.098196091664162	-0.9999984176744692	0.044583204311562374	0.1226775277863737	7426454.5	126888.075	19.5	19.865912745262275
-1.252425126459005	-0.9999987150941883	0.06129645964190953	0.28581082831754606	9383746.0	172339.9	18.990000000000002	19.414127189867042
-1.252425126459005	-0.9999987009921676	0.07269173841608732	0.28581082831754606	9383746.0	196723.5	19.605	19.65703374294804
-1.252425126459005	-0.9999987090354194	0.0895126214714626	0.28581082831754606	9383746.0	182422.05	19.66	19.736092310557463
-1.252425126459005	-0.9999986624929733	0.09944462940516678	0.28581082831754606	9383746.0	282327.4	19.6	19.649707547726244
-1.9446406743196882	-0.9999984741314432	0.0516972567314892	0.14303861155139413	7777014.3	142442.625	19.0	19.43526727263062
-1.9446406743196882	-0.9999985894432968	0.0368493238785056	0.14303861155139413	7777014.3	58098.925	19.525	19.571027629255337
-0.2702595052838863	-0.999998703829324	0.055663431853247576	0.7631814190263687	8977749.0	113174.5	17.5	17.7856692507373
-0.2702595052838863	-0.9999988621065277	0.022157297066773905	0.7631814190263687	8977749.0	27328.5	17.900000000000002	17.989096239811342
-0.2702595052838863	-0.9999986261726668	0.10582478351599407	0.7631814190263687	8977749.0	227265.125	17.945	18.149654091518595
-0.2702595052838863	-0.9999985453320499	0.12927767291455122	0.7631814190263687	8977749.0	469602.375	18.270000000000003	18.599153210309993
-2.182487267789489	-0.9999985316978784	0.038848533991600695	0.11276071545846382	7994301.5	125246.85	20.01	20.3861674878629
-2.182487267789489	-0.9999985522231862	0.05752107354895464	0.11276071545846382	7994301.5	106293.025	20.275	20.314315324758983
-2.182487267789489	-0.9999985881532214	0.059625466235576706	0.11276071545846382	7994301.5	79755.125	20.305	20.37994155754736
-2.3479093942452343	-0.9999984653053787	0.034765542784536904	0.09556875009199245	7869144.5	175734.225	18.48	18.511148766549027
-2.3479093942452343	-0.9999986563485755	0.027269515217999744	0.09556875009199245	7869144.5	39079.825	18.595	18.84999331474299
-1.4109166701110707	-0.9999986225430324	0.06266773503143751	0.24391958684647494	8799657.833333334	183715.66666666666	19.7	19.909582642192003
-1.8138832384531232	-0.9999985512559317	0.05071396004426903	0.16301986108463695	8134020.5	131151.225	18.76	18.936751272142104
-1.8138832384531232	-0.9999987022462868	0.025448586757475727	0.16301986108463695	8134020.5	38404.475	19.025	19.094598202889376
-1.8138832384531232	-0.9999985541005398	0.08286454880682866	0.16301986108463695	8134020.5	128151.45	19.11	19.210783740578723
-2.3748880824564917	-0.9999984867412823	0.031147643335958368	0.09302489974635648	7597580.2	98429.35	18.72	19.05128738752325
-2.3748880824564917	-0.9999984977540142	0.02723111124560237	0.09302489974635648	7597580.2	90528.8	19.015	19.11955928194934
-2.3748880824564917	-0.999998624472272	0.02469225534830581	0.09302489974635648	7597580.2	34566.95	19.015	19.17276200022491
-2.3748880824564917	-0.9999985144135308	0.04100970079635628	0.09302489974635648	7597580.2	79765.775	19.27	19.310207210048905
-2.28808683844888	-0.9999985438000547	0.03373092415066596	0.1014603864004634	7979555.9	111281.675	18.89	19.009778491514528
-2.28808683844888	-0.9999986184329169	0.0503884513987273	0.1014603864004634	7979555.9	61345.4	19.064999999999998	19.190856417112297
