-1.5161565246214284	-0.9999979540831472	0.021311985962223435	0.2195541182154705	5158589.857142857	38331.21428571428	16.43	16.461684052048607
-1.5161565246214284	-0.9999979273323512	0.029875403651549226	0.2195541182154705	5158589.857142857	44003.28571428572	16.5	16.603579784658848
-1.5161565246214284	-0.9999979166011156	0.03634322604037973	0.2195541182154705	5158589.857142857	46507.96428571428	16.555	16.76935358960985
-1.237524211962526	-0.9999978877446458	0.019975973484666315	0.29010155955053457	5207219.2	59811.9	16.25	16.25967853629746
-1.237524211962526	-0.9999978553004395	0.03200173048031221	0.29010155955053457	5207219.2	70820.7	16.330000000000002	16.395308209370235
-1.0362700898032111	-0.999997848398918	0.035568718163967686	0.3547754979122766	5228547.75	76859.625	16.65	16.820697268533042
-2.1932331293300407	-0.9999991126261656	0.04587305449990742	0.11155549160486143	14071300.7	264739.15	20.66	21.075560653979007
-2.295155323729046	-0.9999991137417789	0.031065068662401732	0.100745743848352	13697151.7	187064.35	18.88	19.334669182044202
-2.295155323729046	-0.9999991357473649	0.024088867473409614	0.100745743848352	13697151.7	138384.625	19.29	19.49601396472489
-2.295155323729046	-0.9999991971873923	0.027663496407939834	0.100745743848352	13697151.7	59648.8	19.240000000000002	19.481063485932495
-2.295155323729046	-0.9999991616264234	0.03162552899471369	0.100745743848352	13697151.7	97082.825	19.595	19.948572262952442
-2.067391691593091	-0.9999987939079958	0.05489290675483178	0.1265153427518758	10094319.0	193817.5	18.25	18.831825693773645
-2.067391691593091	-0.9999988356442333	0.06693173008553613	0.1265153427518758	10094319.0	127181.525	19.08	19.128331680131556
-2.067391691593091	-0.9999988291457022	0.05914187531605957	0.1265153427518758	10094319.0	135804.2	19.16	19.256688723262435
-2.067391691593091	-0.999998796216321	0.07749758343859192	0.1265153427518758	10094319.0	189353.55	19.04	19.31668895907901
-1.784114963960681	-0.9999983777385026	0.035129795213089184	0.16794563318263292	6914102.2	74344.75	16.27	16.698835916439442
-1.784114963960681	-0.9999983958233788	0.05259731524200126	0.16794563318263292	6914102.2	65606.225	16.795	16.85574804959463
-1.784114963960681	-0.9999983625652217	0.048028054317066714	0.16794563318263292	6914102.2	82568.15	16.924999999999997	17.176487934522754
-1.784114963960681	-0.9999982658185776	0.08521230579952419	0.16794563318263292	6914102.2	161183.925	17.245	17.332211507950706
-2.0209466982047184	-0.999998730213457	0.0515731046605435	0.1325299398161304	9411602.8	154928.675	17.8	18.17242825889675
-2.0209466982047184	-0.9999987011644311	0.06665868084635859	0.1325299398161304	9411602.8	203642.15	18.355	18.379576583871355
-2.0209466982047184	-0.9999987618136312	0.0510562196845366	0.1325299398161304	9411602.8	115071.575	18.29	18.43276491946392
-2.1113124710968325	-0.9999989512816083	0.056789979944118184	0.12107894948200203	11798393.3	236378.075	19.61	19.989137416157945
-2.1113124710968325	-0.9999989078419221	0.06737100284968796	0.12107894948200203	11798393.3	394631.625	19.595	19.84462414398017
-2.1113124710968325	-0.9999989895916193	0.06360021915433033	0.12107894948200203	11798393.3	150420.325	19.795	19.97344191376118
-2.1113124710968325	-0.999998947698591	0.07677660256809436	0.12107894948200203	11798393.3	246584.95	19.995	20.776025456371944
-0.26678273564507926	-0.9999974213999345	0.06879444003081205	0.7658394430039741	4645868.5	159505.0	16.29	16.71134056459538
-2.3256108449984696	-0.9999991331255941	0.030449967633823075	0.09772373176295124	14026624.2	190863.975	20.05	20.355606595224838
-2.3256108449984696	-0.999999260398738	0.012574613570129463	0.09772373176295124	14026624.2	32018.775	20.175	20.2342635961703
