-2.3723474638863893	-0.9999985716791915	0.008611188836533149	0.09326154101444595	7006496.2	22191.825	17.650000000000002	17.679883336671338
-2.3723474638863893	-0.9999984297630848	0.02959719973900388	0.09326154101444595	7006496.2	59984.55	17.905	18.076641844454535
-2.3723474638863893	-0.9999984948240411	0.026824466387513804	0.09326154101444595	7006496.2	38024.4	17.77	18.240504600395482
-2.3723474638863893	-0.999998495259066	0.021886322244780314	0.09326154101444595	7006496.2	37908.675	18.265	18.305687313867708
-1.5491114359455522	-0.9999989535582203	0.020121482621729445	0.21243665356151561	11201022.714285715	123156.35714285714	19.63	20.142845493497646
-1.5491114359455522	-0.9999989925180954	0.04193765213180584	0.21243665356151561	11201022.714285715	79603.64285714286	20.365000000000002	20.50872825746298
-0.7660043091409476	-0.9999986535284819	0.06475590675096163	0.4648668264517753	9115380.666666666	213971.0	19.990000000000002	20.138335015951217
-2.1077526896606167	-0.9999988637424799	-0.02878486434591661	0.1215107321486813	10181369.3	-105730.425	18.7	18.76954938013651
-2.1077526896606167	-0.9999989057187482	0.031015766147362258	0.1215107321486813	10181369.3	68958.975	18.87	18.958446041513355
-2.1077526896606167	-0.9999989719106006	0.018014432980285575	0.1215107321486813	10181369.3	35148.225	19.04	19.042010945273635
-2.1077526896606167	-0.9999989835381441	0.013043004144114616	0.1215107321486813	10181369.3	31223.975	19.045	19.10707352811405
-2.318025762960063	-0.9999987236837532	0.00511871165555065	0.09846779259935191	7485431.3	14096.85	17.240000000000002	17.422626687627783
-2.318025762960063	-0.9999987601869353	0.006385588475123609	0.09846779259935191	7485431.3	10726.175	17.54	17.604475662875146
-1.8948245992439727	-0.9999990321668231	-0.020382050546752444	0.1503447033084512	11704937.7	-83151.125	19.8	19.970397927559205
-1.8948245992439727	-0.9999990716054628	0.01657341962037354	0.1503447033084512	11704937.7	52406.25	19.865000000000002	19.900907208588958
-1.8948245992439727	-0.999999079337872	0.023639923510890233	0.1503447033084512	11704937.7	47871.325	19.86	19.95249065997367
-1.0573873692348703	-0.9999986564312294	0.05917324336929529	0.3473621548951841	9064663.75	194656.9375	19.88	19.922823526258206
-1.0573873692348703	-0.9999986514286404	0.03511105752092488	0.3473621548951841	9064663.75	203687.25	20.005000000000003	20.037160705248063
-2.0122022371373314	-0.9999990040046459	-0.026810526390603197	0.1336939245074677	11652839.7	-109772.475	19.04	19.20789996590123
-2.258017109893478	-0.9999990806800501	0.0006542252199337676	0.10455760557964917	8259773.1	1984.0	16.15	16.314498467470834
-2.258017109893478	-0.9999988693341267	-0.004609230331761314	0.10455760557964917	8259773.1	-11372.525	16.735	16.808227779498296
-2.258017109893478	-0.9999988672304719	-0.007938919739549577	0.10455760557964917	8259773.1	-11571.875	16.71	16.8467579436838
-2.258017109893478	-0.9999988948593883	-0.004528840802323237	0.10455760557964917	8259773.1	-9210.525	16.835	16.961441678574115
-2.2885251709514063	-0.9999986504793215	0.01206430918130344	0.10141592276102633	7767237.6	35668.375	17.035000000000004	17.439373985251425
-2.2885251709514063	-0.9999990145096104	-0.001274067104652906	0.10141592276102633	7767237.6	-2109.2	17.525	17.66904792908708
-0.2775677262002945	-0.9999986989139049	0.07526218615990565	0.7576242518535562	9639632.0	279844.0	19.98	20.117831600213915
-0.2775677262002945	-0.9999988422747779	0.037308258907652866	0.7576242518535562	9639632.0	70265.125	20.195	20.275289003128595
