-0.754762904515419	-0.999996048014553	0.03794349540078844	0.4701220653366913	2645020.3333333335	34650.0	16.98	16.98291777188329
-1.713705919605914	nan	nan	0.180196758988344	10086955.111111112	nan	16.93	17.12878282063919
-1.713705919605914	nan	nan	0.180196758988344	10086955.111111112	nan	17.465	17.593581881018736
-1.713705919605914	nan	nan	0.180196758988344	10086955.111111112	nan	17.685000000000002	17.92694708335911
-1.8606841340333824	nan	nan	0.15556616584565047	11026433.0	nan	17.91	17.944547586270858
-1.625649203377259	nan	nan	0.19678388096634364	9146883.625	nan	16.995	17.212671446421552
-1.625649203377259	nan	nan	0.19678388096634364	9146883.625	nan	17.134999999999998	17.227933437484534
-2.0315965674734517	nan	nan	0.1311260024272121	13350693.7	nan	19.695	19.874262844042143
-2.0315965674734517	nan	nan	0.1311260024272121	13350693.7	nan	20.17	20.255682886722827
-1.0427034000773272	-0.9999963518496796	0.031701623063810865	0.3525004429702798	2844197.0	32081.25	17.42	17.55024077046549
-1.0427034000773272	-0.9999966001359162	0.02477970982736763	0.3525004429702798	2844197.0	15832.5	17.395000000000003	17.49546579695601
-1.0427034000773272	-0.9999964675792743	0.04707167364251375	0.3525004429702798	2844197.0	23083.125	17.61	17.782717205006215
-1.7917654220293018	nan	nan	0.16666567453607853	10308154.9	nan	17.665	17.934020409920322
-1.7917654220293018	nan	nan	0.16666567453607853	10308154.9	nan	17.92	18.035876034442932
-1.9221043685662815	nan	nan	0.1462987714347829	11893267.5	nan	18.55	18.671347441774575
-1.9221043685662815	nan	nan	0.1462987714347829	11893267.5	nan	18.83	18.920625742815165
-1.9221043685662815	nan	nan	0.1462987714347829	11893267.5	nan	18.990000000000002	19.1752020939328
-1.9221043685662815	nan	nan	0.1462987714347829	11893267.5	nan	19.335	19.612478132151317
-2.0794174407630948	nan	nan	0.12500301265089625	14130861.0	nan	19.69	20.07671614436775
-2.0794174407630948	nan	nan	0.12500301265089625	14130861.0	nan	20.36	20.396431664804474
-1.9793041358161667	nan	nan	0.13816534818420556	12450333.8	nan	19.48	19.48253254598257
-2.123708963240325	nan	nan	0.11958726019591438	13965346.8	nan	19.97	20.24088327449913
