-1.3745146125999013	-0.9999965546556013	0.009960240314415409	0.2529623507482374	2736634.6666666665	12438.708333333334	14.1	14.160850247453542
-1.223092446770402	-0.9999968750447104	-0.0037501445827452587	0.2943185935702867	2708965.0	-4746.6	14.13	14.226232818933935
-2.0654969005597783	-0.9999969203101654	0.003407369198307736	0.12675529014219147	2740887.7	4632.575	13.450000000000001	13.522747748316595
-2.0654969005597783	-0.9999962286207951	0.04416424909148563	0.12675529014219147	2740887.7	30850.075	13.705000000000002	13.759566619630798
-2.0654969005597783	-0.9999961124860824	0.059803132791635134	0.12675529014219147	2740887.7	42413.225	13.73	13.776276026825027
-2.204817859049247	-0.9999960560750754	0.034982973742905724	0.11027060826889479	2684304.2	39603.35	13.55	13.6258286080042
-2.204817859049247	-0.9999956719155734	0.06607827274461259	0.11027060826889479	2684304.2	111066.7	13.775	13.874591821986689
-0.7404914836522929	-0.9999965924635863	-0.02315478869739543	0.47687947944674247	3069845.3333333335	-34911.833333333336	14.46	14.53502245910621
-0.7404914836522929	-0.9999966595389231	0.10081193078808907	0.47687947944674247	3069845.3333333335	28414.75	14.45	14.455427468284611
-0.7404914836522929	-0.999996392762722	0.07439399769141977	0.47687947944674247	3069845.3333333335	64450.0	14.44	14.533835780009834
-1.9804456720238839	-0.999996146129532	0.021970851908432225	0.13800771742432885	2761266.0	41837.05	13.365	13.379867676148605
-1.9804456720238839	-0.9999961950337227	0.055960241378507906	0.13800771742432885	2761266.0	36552.2	13.405000000000001	13.476523744878548
-2.173653866434226	-0.999996204351404	0.01717269499613962	0.11376118839924877	2619498.3	20798.725	13.64	13.721093532982653
-1.932270757383034	-0.9999960235221927	0.015155249410178633	0.1448189760738569	2483196.4	19425.15	12.92	13.280499771480555
-2.1041631995672985	-0.9999961863905176	0.017274701547269292	0.12194767745423403	2623137.9	22105.425	13.72	13.74397780806573
