-2.082485409331724	-0.9999969268417461	0.059077473575807664	0.12462009502706523	3924287.6	172810.525	13.085	13.240452721196329
-2.082485409331724	-0.9999971124669106	0.09396857736035946	0.12462009502706523	3924287.6	83407.9	13.030000000000001	13.087347819922469
-2.082485409331724	-0.9999970437419823	0.07099488820802725	0.12462009502706523	3924287.6	109228.525	13.15	13.640827879409459
-1.6543375547094614	-0.9999968580981435	0.0675780299238728	0.19121868567590908	3735810.888888889	125184.40625	12.5	12.590741657927893
-1.6543375547094614	-0.9999972857152947	0.04646215986560237	0.19121868567590908	3735810.888888889	25336.84375	12.74	12.77748060583672
-1.6543375547094614	-0.9999968566942964	0.07820912251936646	0.19121868567590908	3735810.888888889	125842.66666666667	12.81	12.834032593445574
-0.999320521978082	-0.9999972940569639	0.11541802223255035	0.36812949210887147	4651794.5	292871.0	12.34	12.589308405316139
-0.999320521978082	-0.9999977116080216	0.047956367842366544	0.36812949210887147	4651794.5	41986.583333333336	12.700000000000001	12.729781303914661
-0.2514173324359909	-0.9999976714236131	0.11045567202550603	0.7776977453306181	5296326.0	227043.125	11.88	11.904554169933872
-0.2514173324359909	-0.9999980000895071	0.03595556065207567	0.7776977453306181	5296326.0	39821.125	12.035	12.036592837455215
-0.2514173324359909	-0.9999978979215849	0.06000935970659469	0.7776977453306181	5296326.0	68410.25	12.07	12.09652231377165
-2.186153419580977	-0.9999977520183037	0.02577233039958456	0.11234807442399096	4857105.3	55197.1	13.855	13.933619997864092
-1.8554609825113408	-0.9999967758619902	0.05336870407552914	0.1563808372254862	3559878.7	96522.35	12.75	12.787223596748813
-1.8554609825113408	-0.9999968790867252	0.07342639789080523	0.1563808372254862	3559878.7	66840.05	12.77	12.775844748192629
-1.8554609825113408	-0.9999969887106571	0.062478931663950084	0.1563808372254862	3559878.7	45242.975	12.775	12.784201114042803
-1.8554609825113408	-0.9999968705181409	0.07327358372698249	0.1563808372254862	3559878.7	68910.325	12.905000000000001	12.91671164739775
-2.1196446338122485	-0.9999975384631333	0.032527829028444914	0.12007429127369305	4434137.7	54982.775	13.6	13.636283741880014
-2.1196446338122485	-0.9999973481274537	0.0717164305046708	0.12007429127369305	4434137.7	127868.825	13.375	13.402016519603837
-2.27265682808925	-0.9999978028901931	0.019787023789156522	0.10303806168506763	4864173.4	43787.35	13.38	13.572179034561184
-2.153605208622098	-0.99999767145335	0.02981199734290039	0.11606496417777695	4688877.4	55174.25	13.43	13.577642409994633
-2.153605208622098	-0.9999980176925923	0.027102621919140386	0.11606496417777695	4688877.4	10880.25	13.495000000000001	13.615427424055486
-2.044979655569942	-0.9999966524885856	0.0305491938284065	0.12938282217037206	3173608.6	41096.025	12.56	12.57017409771629
-2.044979655569942	-0.9999965716164951	0.06815737010131794	0.12938282217037206	3173608.6	53121.05	12.57	12.590421924792862
-2.044979655569942	-0.9999965335907054	0.07146569321202234	0.12938282217037206	3173608.6	59934.625	12.655000000000001	12.708693183201461
-0.720474082028706	-0.9999970739251073	0.07486169308950304	0.4865215501540482	4265063.333333333	262995.1666666667	12.235	12.27546756654093
-0.720474082028706	-0.999997420382881	0.07113224903251401	0.4865215501540482	4265063.333333333	60006.833333333336	12.235	12.250231259968102
-0.720474082028706	-0.9999973149933077	0.07042776229560158	0.4865215501540482	4265063.333333333	94062.33333333333	12.280000000000001	12.312891145293792
-1.9090876762433835	-0.9999970124855574	0.04804213437095134	0.1482155454950051	3790447.2	82785.125	12.965	12.981576949234928
-1.9090876762433835	-0.9999974268985427	0.04739727189496542	0.1482155454950051	3790447.2	17208.3	12.955000000000002	12.986844514143723
-1.9090876762433835	-0.9999970828118062	0.06837729503093468	0.1482155454950051	3790447.2	63413.5	13.035	13.145708384478315
-1.569018157287156	-0.9999969137934709	0.06577582915665241	0.20824955031543757	3813681.25	129288.32142857143	12.3	12.478349431216124
-1.729622045898197	-0.9999970079640507	0.06378389446048671	0.1773514280038843	3915344.2	122374.63888888889	12.8	12.90038875679209
-1.729622045898197	-0.9999971669133034	0.0640004385169465	0.1773514280038843	3915344.2	65676.36111111111	12.71	12.816688277103816
-1.729622045898197	-0.9999972086979132	0.06928018368244236	0.1773514280038843	3915344.2	55764.375	12.84	12.90214837585038
