-1.5689905958299804	-0.9999982424219807	0.01848899821973934	0.2082552900555978	6128611.0	47643.0	21.3	21.472229282132027
-1.0704010865112816	-0.9999981149523558	0.008793065969426339	0.3428709689153839	5217173.0	18668.0	23.23	23.32594600744508
-1.0704010865112816	-0.9999976228475476	0.16397025707368384	0.3428709689153839	5217173.0	243290.5	23.119999999999997	23.170099622278723
-1.8438908755639813	-0.9999981868021919	0.007744770537946947	0.15820068786847952	5414133.1	18340.0	20.5	20.730212991426882
-2.310901322175273	-0.9999969221726458	0.7235961545001466	0.09917182549936915	4668377.1	1738369.5	20.62	21.77392340503524
-2.310901322175273	-0.999997294413859	0.2826498928885919	0.09917182549936915	4668377.1	305802.0	21.755000000000003	22.023207129064087
-2.167814785772512	-0.9999966589552607	0.232218341557998	0.11442739227071258	3869361.2	411558.5	20.09	20.524991644001396
-2.1255279317705567	-0.9999971354162482	0.08032356221361327	0.1193699324490892	4139425.4	141170.5	19.5	19.591467779549905
-2.1255279317705567	-0.9999968359175111	0.23581573520307483	0.1193699324490892	4139425.4	487712.5	19.665	19.821098067913688
-2.371942173933056	-0.9999977502434007	0.09184494916746114	0.09329934664065424	5547423.3	263115.5	21.650000000000002	21.935745004039187
-2.0800183937323613	-0.9999973594412979	0.15012155048773126	0.12492791428682905	4796454.7	316575.5	19.67	19.970163262748805
-0.7739976846627106	-0.999997713411375	0.07052670631932774	0.46116578296175625	5226087.333333333	154802.5	23.14	23.34517161935381
-0.7739976846627106	-0.9999976464650353	0.14497027946411953	0.46116578296175625	5226087.333333333	219646.5	23.275	23.447589525474434
-0.2811064301529386	-0.9999971328089536	0.17730928238409618	0.7549479819750836	4404581.5	305215.5	22.580000000000002	22.699992898566705
-0.2811064301529386	-0.999997416264477	0.06728083656993421	0.7549479819750836	4404581.5	87576.0	22.995	23.013631146546533
-0.2811064301529386	-0.9999971013859992	0.37340838672667104	0.7549479819750836	4404581.5	350522.0	23.04	23.069549821272616
