-1.282018311185184	-0.9999985474757466	0.1390255309820577	0.27747670058258983	9198269.8	634573.5	23.6	23.756643629193952
-1.773249564760596	-0.9999990894393909	0.005468841877609539	0.16978037910417504	11831116.555555556	47711.5	25.16	25.192279171518877
-1.773249564760596	-0.9999990011601314	0.04714631177289923	0.16978037910417504	11831116.555555556	135589.0	25.32	25.427289241138126
-1.571438742279361	-0.9999985379168833	0.11738218724009085	0.207746074178533	8988466.142857144	509855.5	23.2	23.48594202121843
-1.571438742279361	-0.9999985819442766	0.14682070981292505	0.207746074178533	8988466.142857144	343225.5	23.615000000000002	23.652038353204524
-1.571438742279361	-0.9999985102009991	0.37748435660203417	0.207746074178533	8988466.142857144	654094.0	23.575000000000003	23.720439757112544
-1.6791320550853557	-0.9999987117620484	0.24955359383028747	0.18653580860485203	10946634.5	1331570.0	23.86	24.580468348357705
-2.370952828599365	-0.9999981565614221	0.07198295960929962	0.0933916975898471	6582772.3	186266.0	22.53	22.56706378201067
-2.370952828599365	-0.999998357751825	0.02618595173469145	0.0933916975898471	6582772.3	49539.5	22.43	22.469435163040238
-2.2718755149194534	-0.9999990484259016	0.006476822752701674	0.1031185981376511	11051939.0	36927.5	22.81	22.84822569777099
-2.2718755149194534	-0.9999989463382122	0.03569260094218408	0.1031185981376511	11051939.0	114119.0	22.655	22.786827540819825
-2.2718755149194534	-0.9999988308140005	0.18517531145512228	0.1031185981376511	11051939.0	409122.5	22.92	22.95615386705881
-2.194209552669824	-0.9999991677543728	0.013598790679066006	0.11144661938051782	13524106.0	77293.5	22.6	22.754437573334993
-2.194209552669824	-0.9999991300901035	0.03531623676040924	0.11144661938051782	13524106.0	128636.5	22.625	22.713939798717174
-2.194209552669824	-0.9999990617487421	0.12646676253756622	0.11144661938051782	13524106.0	324164.5	22.775	22.945692108630652
-1.8547154839896132	-0.9999991774130615	0.007761700555672141	0.15649746237500126	13048589.5	45870.5	25.52	25.73922721077987
-1.8547154839896132	-0.99999891288656	0.41448497076418434	0.15649746237500126	13048589.5	1447424.5	25.985	26.54287518114276
-0.7754255870667773	-0.9999987029118858	0.03933957675014416	0.46050775314457576	9672151.666666666	280865.0	23.3	23.470547109720226
-0.7754255870667773	-0.9999986326212443	0.19659556040733683	0.46050775314457576	9672151.666666666	554317.5	23.54	23.65247481943577
-1.4429048660714183	-0.9999986895055566	0.024913381289901695	0.2362405139347852	8851279.5	109048.0	22.63	22.797297934494466
-1.4429048660714183	-0.9999987501925572	0.027265175955321873	0.2362405139347852	8851279.5	63728.0	22.82	22.886846219747273
-1.4429048660714183	-0.9999986435774874	0.10439510697046955	0.2362405139347852	8851279.5	163745.5	22.740000000000002	22.748993128314243
