-1.5690476399496356	-0.999994702047612	0.12639068304630122	0.20824341065474125	2199893.0	115257.0	22.900000000000002	23.0097368780596
-2.092334587465909	-0.9999965604204406	0.11252759225107065	0.12339871418424474	3456729.5	145756.0	23.53	23.699876381533347
-1.919264033409403	-0.9999956405187147	0.08538343505766136	0.14671489967076673	2618678.2	90768.5	23.05	23.223585357182774
-1.919264033409403	-0.9999956082830234	0.12413419592397766	0.14671489967076673	2618678.2	98763.5	22.875	22.977767910113084
-1.919264033409403	-0.9999957130930597	0.14055815772146646	0.14671489967076673	2618678.2	75058.0	22.97	23.069119247512436
-2.1842531909094216	-0.9999972364943246	0.12544268296704877	0.11256176442183524	4377042.4	179149.5	23.68	23.74771169060168
-2.1842531909094216	-0.9999971294167721	0.20528897825702352	0.11256176442183524	4377042.4	286261.5	23.62	23.77402553145491
-2.1842531909094216	-0.9999967761363714	1.0909875266441256	0.11256176442183524	4377042.4	1343766.5	23.865000000000002	24.483721934690845
-1.279087954141222	-0.9999964097091045	0.003150013781310293	0.2782909988963794	2210888.2	2800.0	23.0	23.027185089974292
-1.279087954141222	-0.9999949018931715	0.12699681931887824	0.2782909988963794	2210888.2	78537.5	23.009999999999998	23.078235062860887
-1.9822722020899335	-0.9999957562066732	0.29101673873359696	0.13775587225051478	3098765.7	514278.0	23.150000000000002	23.178260119323873
-1.9822722020899335	-0.9999956848075963	0.543674455059631	0.13775587225051478	3098765.7	641631.0	23.255000000000003	23.770220977236256
-0.281142734332254	-0.9999930024825158	0.2893078090346679	0.7549205747056744	1774998.5	247850.0	22.650000000000002	22.66986379501149
-1.0694824121852837	-0.9999947730968741	0.16175721899056045	0.34318610040109593	2273876.75	145121.5	22.92	23.078007247067124
-1.8483700623656685	-0.9999945171056611	0.23114711934262955	0.15749366206777327	2413287.7	557824.5	22.93	23.14155351532584
