-1.8749269112572202	-0.9999963670626717	0.002776687863574949	0.1533661757762725	2116823.2	2186.0	10.15	10.194652623524037
-2.1069039073906786	-0.9999911190246838	0.41790206085460047	0.12161391208619254	1398774.7	248321.5	9.76	10.03578420235186
-2.1069039073906786	-0.9999912812855912	0.3023337564601442	0.12161391208619254	1398774.7	197899.0	10.08	10.080012617702447
-1.445324881835289	-0.9999952765770906	0.08379912748715337	0.23566949937779047	2352845.5714285714	67068.5	10.870000000000001	10.886755899195217
-0.7116293977263382	-0.9999936261268726	0.12830865909545525	0.4908437658113012	1798466.0	95147.5	10.53	10.71627328802796
-0.7116293977263382	-0.99999380574073	0.14081499148211243	0.4908437658113012	1798466.0	68882.0	10.754999999999999	10.757955360460794
-0.7116293977263382	-0.9999935285411479	0.3132926604659729	0.4908437658113012	1798466.0	113401.5	10.75	10.762942225242996
-1.544315499364519	-0.9999948386684354	0.2198663583544749	0.2134579333184186	2357321.125	192319.0	10.85	10.871677200174881
-2.004064429155266	-0.9999932673773518	0.09915109260700525	0.134786338894079	1654520.8	68820.0	9.69	9.897745353765893
-1.3263461071556018	-0.9999952886891554	0.06730076337044805	0.26544540053377313	2308243.6666666665	52830.0	10.700000000000001	10.731287430900903
-1.3263461071556018	-0.999994421387132	0.3168101850995616	0.26544540053377313	2308243.6666666665	391130.0	10.71	10.832321217052748
-1.7661771683722567	-0.9999952446792245	0.041776384626116075	0.17098538937655244	2197255.9	34497.0	10.52	10.540425806674527
-0.24531903391638546	-0.9999931098361597	0.3776053339309727	0.7824548687762916	1814851.5	269580.0	10.59	10.724904921700224
-1.1792891571822095	-0.9999937564664763	0.28431820948341785	0.307497243137515	2132640.4	606348.5	10.5	10.557282729286824
