0.0	-0.9999958676685354	0.134893813844549	1.0	2862370.0	137071.0	20.8	20.80902188674789
-1.2675824507926017	-0.9999964734282061	0.04184641008435191	0.2815113673711651	3074659.2	51174.0	20.98	20.98135333191086
-2.017534630299679	-0.9999970036295075	0.23041401668522196	0.13298291331894163	4347675.6	454632.5	20.86	21.136609443854066
-2.017534630299679	-0.9999972036771598	0.1483023701757311	0.13298291331894163	4347675.6	190517.5	21.22	21.280337646997012
-2.017534630299679	-0.9999970636908216	0.46945958585124026	0.13298291331894163	4347675.6	350150.0	21.275	21.32756374212312
-2.0693385846389507	-0.999997441228338	0.04555088236387002	0.12626927052675538	4489330.5	97456.5	21.34	21.35325983951029
-1.750821198604701	-0.9999965181623356	0.14240591466648103	0.1736312991082338	3548074.6666666665	231843.0	20.3	20.408567351846422
-1.8988684395927509	-0.9999965400131515	0.1783923286086119	0.1497379609424378	3644442.4	299455.0	20.490000000000002	20.763938252807307
-1.8988684395927509	-0.9999965270861404	0.3068652759959884	0.1497379609424378	3644442.4	313900.5	20.795	20.87887653320378
-1.8294633496577515	-0.9999966774325962	0.0636681316027235	0.16049967687439284	3467171.5	100700.0	20.32	20.429559278350517
-1.8294633496577515	-0.9999967162924254	0.09443977526710533	0.16049967687439284	3467171.5	88006.5	20.42	20.425054564320966
-1.8294633496577515	-0.9999964289239169	0.3617116040502449	0.16049967687439284	3467171.5	238358.0	20.44	20.523193209507546
-2.2750322511769863	-0.9999985656933567	0.00324923275281286	0.10279359316745973	6796215.2	17116.5	21.06	21.185767559100114
-2.1601732982561788	-0.9999980577376353	0.07384371311515607	0.11530513712733143	6408787.7	254624.0	22.25	22.491766386058227
-2.367760329803066	-0.9999982620117264	0.027789962398442062	0.09369032690521496	6650533.2	104667.0	19.580000000000002	19.858891452367583
-2.2014831300638993	-0.9999980575513828	0.06627713878767771	0.11063894467222345	6694035.2	443661.5	21.67	21.78096386647496
-1.9613226277238354	-0.9999966531692029	0.2650159428848032	0.1406722408190225	3907054.5	477466.0	20.830000000000002	20.897425548793805
