-2.0748598122264887	-0.9999963661592763	0.03575212722422033	0.12557403020303107	3123435.0	84970.0	8.99	9.032915853775547
-1.6366324582359772	-0.9999973020107418	0.08033731674463426	0.1946343793199632	4603883.555555556	248010.0	10.69	10.765143478459223
-1.6366324582359772	-0.9999972240301345	0.2341348901254467	0.1946343793199632	4603883.555555556	355130.0	10.925	10.995015036826038
-2.0062496479032763	-0.9999961969790103	0.08579973172901073	0.13449212283964893	3301065.1	283230.5	9.01	9.046826215668467
-2.1352568400853973	-0.9999960628278852	0.06777496038282604	0.11821422432572187	2861188.0	78040.0	8.92	8.98950224071703
-2.0418319885651246	-0.9999964763941029	0.06129480301629204	0.1297907178337893	3196897.0	78010.0	9.15	9.1994598398447
-0.9951606875129911	-0.9999981627121756	0.0596592914423128	0.36966403937622283	6793139.5	263273.5	10.81	10.871845352638879
-1.8843700010941593	-0.9999965878951909	0.49272663196538247	0.15192474170744652	3986531.7	808117.5	8.63	8.900895907616697
-2.1621722341118943	-0.9999957635266532	0.11726375806303288	0.11507487976589817	2786464.2	133890.0	8.8	8.956197677641912
-2.1621722341118943	-0.9999958470816771	0.14533069652010525	0.11507487976589817	2786464.2	106080.0	9.030000000000001	9.057145119662131
-2.1621722341118943	-0.9999961018374584	0.12309565755052385	0.11507487976589817	2786464.2	52160.0	9.08	9.117657686781607
-1.553944373313798	-0.9999975340828782	0.04122288151009519	0.21141243749974684	4794679.0	136390.0	10.65	10.65025518310025
-1.4564824817559896	-0.9999978194775138	0.02828461413690257	0.23305460847120876	5229564.571428572	89605.5	10.81	10.831960303030668
