-2.1366545083638595	-0.9999844960768215	0.44764271921276505	0.11804911546490537	768628.2	149753.5	8.93	8.970971705225649
-2.1366545083638595	-0.9999843741232213	0.8096601957519792	0.11804911546490537	768628.2	164470.0	9.1	9.175744544493224
-2.1366545083638595	-0.9999852558966238	0.5368246542073978	0.11804911546490537	768628.2	83510.0	9.235	9.247020513292245
-1.8454400097365915	-0.9999894839794137	0.2363714695426539	0.15795580350511298	1099945.0	105560.0	8.88	8.99862404825472
-1.8454400097365915	-0.9999905408032963	0.09417745931981678	0.15795580350511298	1099945.0	33010.0	8.99	9.0559263461035
-1.8454400097365915	-0.9999914962464564	0.05064217703434321	0.15795580350511298	1099945.0	11540.0	9.01	9.022733576642336
-2.1641987598850485	-0.9999853742067782	0.42768625767101587	0.1148419136918155	822852.4	168529.0	9.27	9.365104934224377
-2.1641987598850485	-0.9999863768947762	0.362353329087478	0.1148419136918155	822852.4	73850.0	9.315000000000001	9.342776248525364
-2.1082827295249267	-0.9999860392827827	0.05298435184505664	0.12144634368243536	693849.5	16100.0	8.91	8.986852173913043
-1.7943322171147127	-0.9999905191072322	0.10468690627721007	0.16623842646547124	1139413.0	49150.0	9.16	9.233571748098813
-0.23898569209935097	-0.9999905285401899	0.19449775247614018	0.7874261487071931	1185875.0	75505.0	9.14	9.215272799310137
-0.23898569209935097	-0.999991124330921	0.08731628419399451	0.7874261487071931	1185875.0	37250.0	9.21	9.267108968666752
-1.7372370788419433	-0.9999901920336445	0.15884304655033143	0.17600602020091963	1144504.0	75000.0	9.22	9.23441570298235
-1.974298156791647	-0.999987946791602	0.1786106777152529	0.13885873511132524	945567.0	89063.5	8.85	8.867786642812469
-2.011145974007846	-0.9999879212267281	0.136784714724473	0.1338352150774346	899328.9	52196.5	8.96	8.99764570070162
-1.517941576974392	-0.9999889384881703	0.3282689466065218	0.21916255220703368	1136941.375	289609.0	9.22	9.231817088132647
-1.517941576974392	-0.9999897591373129	0.2921048110626492	0.21916255220703368	1136941.375	113920.0	9.31	9.322645390438659
-1.3040148969204555	-0.9999914389021055	0.031164109851693437	0.27143979956489833	1106760.6666666667	13030.0	9.13	9.154633992294576
-1.3040148969204555	-0.9999902149138985	0.1288147006907529	0.27143979956489833	1106760.6666666667	50500.0	9.24	9.281991525423729
-1.4211821543603633	-0.9999898478900593	0.15711867625566628	0.24142844244779813	1095997.7142857143	67960.0	9.26	9.327678764062261
-1.6008473037578126	-0.9999900663594421	0.11250849400365147	0.20172552276894806	1087870.111111111	49340.0	9.3	9.307985819327731
-1.6008473037578126	-0.99998927149587	0.21019447698985003	0.20172552276894806	1087870.111111111	117150.0	9.274999999999999	9.282258953168045
-2.1905561156772255	-0.9999878121570133	0.07183091205788424	0.11185452726161794	839208.4	27670.0	9.21	9.246314291136839
