-2.303520873846703	-0.9999973392892707	0.033787278958513675	0.0999064656853702	4162209.7	64500.0	23.830000000000002	24.00839211539914
-2.303520873846703	-0.9999971467886425	0.14050133731660774	0.0999064656853702	4162209.7	143725.0	23.96	24.018613351638923
-1.922211318600113	-0.9999963573919705	0.10771810258321413	0.1462831256129039	3262271.9	144809.0	22.7	22.98963794886632
-1.922211318600113	-0.9999963003929893	0.17812089715117072	0.1462831256129039	3262271.9	174402.0	22.965	22.982528255067997
-1.922211318600113	-0.9999963586423751	0.22460398653991082	0.1462831256129039	3262271.9	144219.5	23.04	23.100115757351496
-1.5717110632894238	-0.9999962175996316	0.10204349442093984	0.2076895082601696	3370396.1428571427	343927.0	22.7	22.78493500580225
-1.0712174424391485	-0.9999965822233953	0.12130950445327858	0.34259117838728304	3564378.25	195290.5	23.1	23.245208537869757
-1.6793504096090028	-0.9999963761850378	0.10947264506608642	0.18649508211378965	3307324.75	160352.0	23.16	23.270240457726366
-1.6793504096090028	-0.9999965454718069	0.1068859432199238	0.18649508211378965	3307324.75	91604.5	23.299999999999997	23.340973439671764
-1.6793504096090028	-0.9999967072313092	0.08552431265712004	0.18649508211378965	3307324.75	53650.0	23.3	23.34181246314134
-2.094891120781827	-0.9999967147067981	0.34589967190014764	0.12308364417538308	4042839.6	586490.5	24.16	24.823675225547813
-2.042550036513683	-0.999996773340843	0.11727155219460596	0.12969755532668312	3727133.4	167072.5	24.05	24.34824976973831
-2.042550036513683	-0.9999967871821385	0.14242020278758427	0.12969755532668312	3727133.4	158672.0	24.255000000000003	24.271123089860826
-2.267820143012753	-0.9999972535488164	0.06313864067059667	0.10353763149736785	4256865.2	119523.0	23.46	23.786133543397206
-2.3686437612460374	-0.9999972469060543	0.059943216900737006	0.09360759447412081	4238339.9	116837.5	23.53	23.852960188285493
-2.3985324047365215	-0.9999968504772182	0.11528488234265546	0.09085118827157299	3906571.0	220539.0	23.830000000000002	24.100272059963817
-2.42685547478861	-0.9999967567047984	0.22495015693286396	0.08831410233435033	4016142.7	453855.5	24.1	24.616612610120423
-0.7757003830082229	-0.9999964222387293	0.055416073754305926	0.46038122486853206	3186804.3333333335	89466.0	22.72	23.007374928827257
-0.7757003830082229	-0.9999961111420781	0.19476730253390123	0.46038122486853206	3186804.3333333335	241114.0	22.955	23.020071040947993
