-2.07229216780256	-0.9999933893081725	0.10717490778083683	0.12589687395808558	1694412.3	73220.0	10.35	10.424685231355872
-1.4344390934434397	-0.9999899979481802	0.21228906110329496	0.2382489619480563	1148567.142857143	97540.0	9.94	9.965728259012472
-1.4344390934434397	-0.9999899067133653	0.309912590663939	0.2382489619480563	1148567.142857143	108316.0	9.98	10.027345914161245
-1.4344390934434397	-0.9999900637476404	0.36199167467178994	0.2382489619480563	1148567.142857143	90440.0	10.075	10.09880625168418
-2.134800454962101	-0.9999928464165547	0.175947867945567	0.11826818785220468	1626200.2	112775.0	10.040000000000001	10.17620367070563
-0.7049303774764777	-0.9999902397322482	0.23105861184232449	0.4941429765395484	1183604.3333333333	104014.5	9.93	9.944126263089652
-0.7049303774764777	-0.999990361251456	0.24911550353153308	0.4941429765395484	1183604.3333333333	90080.0	9.995000000000001	10.032150340160673
-2.0358308060846135	-0.9999956480680399	0.0006099337496674816	0.13057195745189967	1578860.0	963.0	10.47	10.68196057048917
-1.532118617507938	-0.9999904854724291	0.22217921316634062	0.21607739668164683	1209753.375	99730.0	10.11	10.11224232719509
-1.532118617507938	-0.9999900495488497	0.44469019562437173	0.21607739668164683	1209753.375	168988.5	10.195	10.243611848167971
-1.532118617507938	-0.9999902972065067	0.48074546082683967	0.21607739668164683	1209753.375	125239.0	10.27	10.30106619928401
-2.217648722897372	-0.9999922249477419	0.18072880095026883	0.1088647793940628	1618826.1	292568.5	10.55	10.550504207150807
-1.7548000871362675	-0.9999915691382029	0.16268774293453367	0.17294181212904544	1355124.8	91570.0	10.53	10.681424480815023
-1.7548000871362675	-0.9999914865779095	0.25466806488328564	0.17294181212904544	1355124.8	102410.0	10.620000000000001	10.663642526291811
-1.8655392887009852	-0.99999176487693	0.18967788380413145	0.15481269862945293	1419192.3	119040.0	10.31	10.463756187661616
-1.9133369092325256	-0.9999923768502964	0.0769346649865654	0.1475870793048488	1407853.7	45810.0	10.450000000000001	10.465185297922533
-1.9133369092325256	-0.9999918949328581	0.2134329476681967	0.1475870793048488	1407853.7	90286.0	10.57	10.573113220717575
-0.24201899291509232	-0.9999888036062627	0.2701450745557965	0.7850412671881026	1032109.0	104390.0	9.870000000000001	9.88960167606435
-0.24201899291509232	-0.9999888867141526	0.2981666651106194	0.7850412671881026	1032109.0	95809.0	9.915	9.931481053409033
-1.6157685923179448	-0.9999907097002937	0.3198734114715869	0.19873786333011598	1295367.2222222222	168441.5	10.290000000000001	10.519167207312963
-1.6157685923179448	-0.9999910542380159	0.2825756320277693	0.19873786333011598	1295367.2222222222	107800.5	10.485	10.525659474068256
-1.6157685923179448	-0.9999911994130266	0.3272434175174637	0.19873786333011598	1295367.2222222222	89320.0	10.55	10.58155514982279
-0.9786592971184742	-0.9999899689977089	0.22294637988644908	0.37581461698178015	1155259.75	107840.0	9.97	10.088454956188388
-0.9786592971184742	-0.9999907676281531	0.13520128946380638	0.37581461698178015	1155259.75	42863.0	10.075	10.08978224583529
-0.9786592971184742	-0.9999908746020572	0.158756103183085	0.37581461698178015	1155259.75	37880.0	10.09	10.094031066695633
-1.3175130860728774	-0.9999901219843884	0.16691927140665969	0.2678004712352704	1138326.3333333333	76450.0	10.03	10.079940001199976
-2.1913288428370894	-0.9999926945221635	0.16180784060935155	0.11176812761642456	1582805.8	105150.0	10.26	10.487761275959864
-1.9985678172607775	-0.9999920976888682	0.1375830999735171	0.13552924695586335	1431361.8	81720.0	10.57	10.69869467194258
-1.9985678172607775	-0.9999923151641417	0.14466687708535636	0.13552924695586335	1431361.8	59860.0	10.63	10.650117691723617
