-2.11642548194714	-0.9999909316846698	0.10305366682855756	0.12046145148180827	1078345.2	17654.0	9.73	9.734132183280561
-2.11642548194714	-0.9999895184959052	0.28935185185185186	0.12046145148180827	1078345.2	81037.5	9.71	9.712885052107637
-2.1457914910159834	-0.9999924551732837	0.01779762383310493	0.11697541540398046	1056725.5	2900.0	9.67	9.705751533742331
-2.1457914910159834	-0.9999897076605786	0.14517436566486291	0.11697541540398046	1056725.5	52900.0	9.68	9.686366837387965
-1.7403183828693396	-0.9999904110708628	0.3238733345544963	0.17546452682332217	1130629.9	51098.5	9.41	9.446321704723326
-1.7403183828693396	-0.9999904970765773	0.33183935778614865	0.17546452682332217	1130629.9	46363.5	9.43	9.44871845874556
-1.7403183828693396	-0.9999905270220976	0.3572248364512797	0.17546452682332217	1130629.9	44820.0	9.44	9.458174114021572
-1.6765514675543443	-0.999990269880438	0.39661357729963154	0.18701780223251405	1141688.9	66753.0	9.19	9.331367118164646
-1.6765514675543443	-0.9999905134069301	0.3635443088954366	0.18701780223251405	1141688.9	50550.0	9.365	9.395003039513679
-1.6765514675543443	-0.9999906365491995	0.35083402962278953	0.18701780223251405	1141688.9	43920.0	9.4	9.41810647997395
-1.6765514675543443	-0.9999902478920135	0.5118223867896736	0.18701780223251405	1141688.9	68450.0	9.450000000000001	9.460565723793678
-1.9801238577697	-0.9999882076734797	0.15418471580871165	0.13805213742209416	1014221.8	156377.5	9.42	9.42210910307625
-1.3080625126887673	-0.9999913646970049	0.16933809042015016	0.27034333608044053	1183995.1666666667	27560.0	9.31	9.32702457695407
-1.3080625126887673	-0.9999898752864873	0.15677922640301967	0.27034333608044053	1183995.1666666667	160750.0	9.325	9.325462993693993
-1.8966804968231286	-0.9999898322369667	0.18748109686881892	0.15006593769776705	1012668.8	29630.0	9.43	9.484328990228013
-1.8966804968231286	-0.999990158174816	0.17039304796364307	0.15006593769776705	1012668.8	21300.0	9.465	9.505441666666666
-1.8966804968231286	-0.9999901681691938	0.19454170530190845	0.15006593769776705	1012668.8	21085.5	9.535	9.53995349302896
-1.8966804968231286	-0.9999901352632575	0.22245283846760605	0.15006593769776705	1012668.8	21800.0	9.54	9.558523351648352
-1.4240652728066232	-0.9999913242914824	0.17111015487421669	0.2407333781098015	1176285.4285714286	27040.0	9.33	9.35334207279457
-1.4240652728066232	-0.9999909613553397	0.29438478876612706	0.2407333781098015	1176285.4285714286	41440.0	9.395	9.432282524019735
-1.4240652728066232	-0.9999898649386296	0.21782077908920522	0.2407333781098015	1176285.4285714286	150500.0	9.44	9.442358070767243
-0.7002864604433432	-0.9999919333622959	0.25242671089215163	0.4964430721179744	1337014.0	48300.0	9.24	9.27878787878788
-0.7002864604433432	-0.9999924425425658	0.1723299431205464	0.4964430721179744	1337014.0	24450.0	9.25	9.255718908922793
-0.7002864604433432	-0.9999913637004926	0.5512296319452091	0.4964430721179744	1337014.0	103450.0	9.31	9.331717200340039
-0.7002864604433432	-0.9999912871234058	0.588416810001797	0.4964430721179744	1337014.0	114603.0	9.31	9.371653249621241
-0.7002864604433432	-0.9999916758679337	0.4072871429140603	0.4964430721179744	1337014.0	68150.0	9.395	9.452781482934483
-0.7002864604433432	-0.9999915585487572	0.23100192395360875	0.4964430721179744	1337014.0	79724.0	9.434999999999999	9.436952345523569
-1.8494489729675678	-0.9999889497329058	0.5177487324968981	0.15732383211817716	1026315.2	84208.0	9.370000000000001	9.472198724839679
-2.0522562258764827	-0.9999902193096555	0.16795901369795652	0.12844477598689905	1115332.6	54650.0	9.66	9.723553726169843
-2.0522562258764827	-0.9999901050547683	0.49492142965342945	0.12844477598689905	1115332.6	62077.5	9.77	9.802268498136247
-2.0522562258764827	-0.9999911076456324	0.21187170745205736	0.12844477598689905	1115332.6	20290.0	9.815000000000001	9.819435692921235
-1.940228844614803	-0.99999023822823	0.10213059140976073	0.143671067665261	991344.3	15950.0	9.53	9.54801210025929
