-0.7380232903979931	-0.9999958784012034	0.09436615293370308	0.4780579639264735	2577293.6666666665	41050.0	14.31	14.413563166250851
-0.7380232903979931	-0.9999955966398499	0.24900525250154054	0.4780579639264735	2577293.6666666665	84858.5	14.395	14.418132020734488
-0.7380232903979931	-0.9999958536856367	0.16592836445833398	0.4780579639264735	2577293.6666666665	43750.0	14.450000000000001	14.456759342915811
-1.4963986880833307	-0.9999960342669831	0.1909287251332854	0.2239351701291145	3279813.8571428573	445460.5	14.61	14.612270124037178
-1.4963986880833307	-0.9999964303546094	0.41665405311407794	0.2239351701291145	3279813.8571428573	121511.5	14.635000000000002	14.650741593698342
-1.7621404065987816	-0.9999971879097588	0.14448728666006816	0.17167701167825422	4078850.7	95806.5	14.85	14.965525229015718
-1.3736973737041531	-0.9999961920658047	0.36234942337918125	0.25316916591761857	3171314.6666666665	175633.0	14.5	14.536357456433091
-1.3736973737041531	-0.9999962732876279	0.25353154343280154	0.25316916591761857	3171314.6666666665	135750.0	14.58	14.629922670921811
-1.9928866775777927	-0.9999981144609196	0.06421462029454753	0.13630139881344094	5833227.1	59800.0	15.1	15.157567326953037
-1.9928866775777927	-0.9999979276529721	0.14013410107381583	0.13630139881344094	5833227.1	177809.0	15.1	15.378215531898508
-1.598000961205093	-0.999997273459474	0.02997135768894161	0.2023005206406266	3817595.25	33150.0	14.6	14.665553300116873
-1.598000961205093	-0.9999967375145766	0.571646031446215	0.2023005206406266	3817595.25	256490.0	14.700000000000001	14.790143739782161
-1.598000961205093	-0.9999967983431937	0.5478720878263708	0.2023005206406266	3817595.25	203338.0	14.905000000000001	14.929726089712357
-1.598000961205093	-0.9999965871989305	0.8719342578876459	0.2023005206406266	3817595.25	455290.5	14.92	15.063432184306638
-1.9433210494404698	-0.9999979235492436	0.08011003359160707	0.14322749346110986	5380709.1	71165.5	15.0	15.09716738440528
-1.889008908417521	-0.9999978753784854	0.06339697174528022	0.1512216090550644	5062592.4	46914.0	14.65	14.719230842103896
-1.889008908417521	-0.9999974014943144	0.5256665819173431	0.1512216090550644	5062592.4	516677.0	14.74	15.19458922827483
