-0.7133948847743394	-0.9999954292189576	0.04733179284829443	0.4899779520165806	2176335.3333333335	20900.0	10.5	10.570072158749248
-0.7133948847743394	-0.9999955448456973	0.04024375747089241	0.4899779520165806	2176335.3333333335	16250.0	10.58	10.64143705904196
-0.9874353174925297	-0.9999950619849576	0.11143019185053425	0.3725308903478252	2154848.75	41800.0	10.540000000000001	10.580102389078498
-0.9874353174925297	-0.9999949906085107	0.13900096088869374	0.3725308903478252	2154848.75	48750.0	10.61	10.628172323759792
-0.9874353174925297	-0.999994320612838	0.34475805273705007	0.3725308903478252	2154848.75	206533.0	10.620000000000001	10.673542135187663
-0.9874353174925297	-0.9999944413128311	0.5097405247766746	0.3725308903478252	2154848.75	159233.0	10.61	10.708545845885427
-1.1797673203782983	-0.9999946035281497	0.7983191155359223	0.30735024442043674	2427925.4	490033.5	10.700000000000001	11.06517123137033
-1.701784822599592	-0.9999954939632149	0.05424879331209748	0.1823577571749551	2282198.2	29250.0	10.32	10.371049024775962
-1.9618852069685586	-0.9999952706471243	0.03337524960720997	0.14059312379291405	1984585.5	11917.0	9.370000000000001	9.384683867805629
-1.9618852069685586	-0.999995549294032	0.02865869209832049	0.14059312379291405	1984585.5	6854.5	9.415	9.415741914732461
-1.9618852069685586	-0.9999948285835383	0.10466039154783789	0.14059312379291405	1984585.5	28655.0	9.41	9.41438202247191
-2.000210779805716	-0.999994016200903	0.17763014268287838	0.13530676029804092	1919744.7	97475.5	9.15	9.160304919892386
-2.000210779805716	-0.9999949057686862	0.06484267513375706	0.13530676029804092	1919744.7	17669.0	9.22	9.232776657329598
-2.000210779805716	-0.9999945207817381	0.17597612051605713	0.13530676029804092	1919744.7	37000.0	9.285	9.292352941176471
-1.628778899973792	-0.9999953078641508	0.07234514741571954	0.19616896986833704	2267852.111111111	41816.5	10.3	10.335501469755402
-1.628778899973792	-0.9999948191716987	0.09092085443557124	0.19616896986833704	2267852.111111111	126670.5	10.35	10.362121781055887
-1.7652062097820815	-0.9999951078612069	0.09723289083107729	0.17115148973439737	2207540.8	49000.0	10.08	10.126968449931413
-1.9195686620538372	-0.9999948314918254	0.1745316089226294	0.14667021291654006	2202128.1	87702.5	9.19	9.330358832543752
-1.9195686620538372	-0.9999945668706354	0.12808396921105006	0.14667021291654006	2202128.1	157069.0	9.344999999999999	9.351617409508183
-1.9195686620538372	-0.9999949886149191	0.2908373349832083	0.14667021291654006	2202128.1	62050.0	9.3	9.350182018753447
-2.159330868366458	-0.9999922142159187	0.15098068007045495	0.11540231454812072	1467896.2	91923.5	9.25	9.26263799781117
-2.159330868366458	-0.9999925038701853	0.3766237592235541	0.11540231454812072	1467896.2	60085.5	9.35	9.385981530577991
-2.159330868366458	-0.9999927965592382	0.2273189732856603	0.11540231454812072	1467896.2	39100.0	9.41	9.4109157219973
-2.159330868366458	-0.9999925668272192	0.3402816470969701	0.11540231454812072	1467896.2	54781.5	9.425	9.43649935824358
-2.0697180934847283	-0.9999929866906044	0.39838083000541635	0.12622135931358022	1651057.6	106870.0	9.11	9.257504045619173
-2.0697180934847283	-0.9999932638107097	0.34741589171756937	0.12622135931358022	1651057.6	67631.0	9.25	9.254595623978913
-2.0697180934847283	-0.9999939492300519	0.056423583039810835	0.12622135931358022	1651057.6	21810.0	9.3	9.309920323763754
-2.0697180934847283	-0.9999937217941398	0.170770721884147	0.12622135931358022	1651057.6	31750.0	9.355	9.408257292445773
-2.1015063269724545	-0.9999935009256669	0.14258873303551106	0.12227210769052362	1623965.9	38340.0	9.41	9.417148150934878
-2.036168817212758	-0.9999946519086074	0.049521173586924865	0.13052783013543942	1800317.2	15187.0	9.35	9.391261655773421
-2.036168817212758	-0.9999947860933763	0.05594656522565076	0.13052783013543942	1800317.2	11927.5	9.36	9.36350160948418
