-1.4711911308222319	-0.9999966367601989	0.01524302706146575	0.22965177689805205	2802515.714285714	12400.0	12.36	12.36200918964077
-2.0408878395163064	-0.9999940218876391	0.23630416549137256	0.1299133174836415	1879721.3	75900.0	12.27	12.280295295295295
-2.0408878395163064	-0.999993830052792	0.4038491717669528	0.1299133174836415	1879721.3	108855.0	12.280000000000001	12.307956944496993
-2.0408878395163064	-0.9999941117785688	0.2786811122897936	0.1299133174836415	1879721.3	64100.0	12.325	12.337316616766467
-2.0408878395163064	-0.9999943903222994	0.2653638409969384	0.1299133174836415	1879721.3	37972.0	12.365	12.366760842082119
-1.5709086379430637	-0.999996406554104	0.0340609255997806	0.20785623046788748	2666513.75	14500.0	12.32	12.352492211838006
-1.5709086379430637	-0.9999956659662769	0.26730243096696615	0.20785623046788748	2666513.75	104480.0	12.375	12.426132370932224
-2.2348771776646865	-0.9999934039154984	0.17288260135449632	0.10700527168340175	1613128.0	41785.5	11.82	11.84819719081954
-2.2348771776646865	-0.9999935835975772	0.14989907182510065	0.10700527168340175	1613128.0	31271.0	11.86	11.886031855955679
-2.2348771776646865	-0.999993539990659	0.16524521306043	0.10700527168340175	1613128.0	33550.0	11.88	11.893404825737266
-2.2348771776646865	-0.9999936228979373	0.24470242184529803	0.10700527168340175	1613128.0	29350.0	11.885000000000002	11.889488910318226
-2.2348771776646865	-0.9999941495308353	0.06772267268741912	0.10700527168340175	1613128.0	12550.0	11.88	11.880986093552465
-2.2348771776646865	-0.9999924790173554	0.36211976615628355	0.10700527168340175	1613128.0	185777.0	11.870000000000001	11.887634562102646
-2.147404037710086	-0.9999937714904393	0.05996445299082127	0.11678693908885035	1652158.2	29450.0	11.96	11.972918395573997
-1.7959441108025613	-0.9999950863149235	0.20603213489129618	0.1659706836396299	2504836.8	221455.0	12.34	12.359092310885746
-1.7304107354457026	-0.999995842845038	0.14222908142987953	0.17721160793094512	2646749.9	60050.0	12.23	12.300533603512326
-1.7304107354457026	-0.9999953573368413	0.1597974986732466	0.17721160793094512	2646749.9	217067.5	12.285	12.295335216282679
-1.7304107354457026	-0.9999959401449111	0.2009475915381738	0.17721160793094512	2646749.9	46416.0	12.27	12.29817554061421
-1.7304107354457026	-0.9999957469517693	0.28969396863894364	0.17721160793094512	2646749.9	77400.0	12.315000000000001	12.330251968503937
-1.3509356875642917	-0.9999956902632389	0.6680558076242272	0.2589978062063328	2921010.0	293250.0	12.41	12.576846215688526
-0.25394939289880275	-0.9999960684483389	0.19673300671848706	0.7757310585533207	3336068.0	496789.5	12.43	12.439765996033783
-0.25394939289880275	-0.9999966700067151	0.1761614562722596	0.7757310585533207	3336068.0	66774.0	12.445	12.4476740552017
-0.25394939289880275	-0.9999962545025317	0.30120052534614705	0.7757310585533207	3336068.0	267060.5	12.43	12.465433788203471
-0.25394939289880275	-0.9999963125666895	0.2644376114312292	0.7757310585533207	3336068.0	220031.0	12.5	12.549181748066522
-1.656435690766278	-0.9999957829486936	0.2688449353304999	0.19081790345159932	2767878.4444444445	117275.0	12.36	12.450000960984047
-2.178259971933243	-0.9999933353721787	0.1251294011066795	0.11323839730356204	1657708.9	62818.0	11.88	11.900851269649335
-1.955787813319643	-0.9999944688264004	0.1970211614384821	0.14145299423325586	2036311.8	77900.0	12.290000000000001	12.316496844003607
