-1.340359158174578	-0.9999946850691857	0.22109032705350987	0.2617516414542937	2248974.3333333335	155303.5	11.58	11.5893910717843
-1.340359158174578	-0.9999944633587464	0.7831906519441935	0.2617516414542937	2248974.3333333335	255700.0	11.695	11.767330710873841
-2.1312475862681217	-0.999993725075561	0.8810934972209769	0.11868912652144055	2100190.5	528889.5	11.77	11.866358415953947
-2.025010549943002	-0.9999917402454107	0.3452762790389285	0.13199245066765347	1538079.9	329114.0	11.38	11.407944397796754
-2.025010549943002	-0.999992403476779	0.6400003451764823	0.13199245066765347	1538079.9	118664.0	11.515	11.529642932811923
-1.192323751181855	-0.999994938577343	0.1908275667278633	0.3035151502788987	2153087.0	54050.0	11.56	11.60730298580519
-1.9845910208038442	-0.9999932810669528	0.18385586054953854	0.13743681142106395	1582613.3	41500.0	11.370000000000001	11.407364603481625
-1.9845910208038442	-0.9999931019642361	0.31583714038416344	0.13743681142106395	1582613.3	55100.0	11.415	11.42745602165088
-0.25106996666696496	-0.9999957047106601	0.07533651758575771	0.7779679378310906	2433951.0	34700.0	11.64	11.64755
-0.25106996666696496	-0.9999953846935323	0.18178310460843508	0.7779679378310906	2433951.0	75615.5	11.66	11.671814880117488
-0.7201322928888941	-0.9999952773300407	0.1167127276688432	0.48668786635709216	2390553.3333333335	80000.0	11.66	11.6608760951189
-0.7201322928888941	-0.9999958764793777	0.12019382040148512	0.48668786635709216	2390553.3333333335	19100.0	11.645	11.65226507713885
-0.7201322928888941	-0.9999954680086013	0.0993838664730471	0.48668786635709216	2390553.3333333335	50713.5	11.68	11.682515039221538
-0.7201322928888941	-0.999995003504217	0.5753706241435156	0.48668786635709216	2390553.3333333335	153950.0	11.655000000000001	11.722162045991833
-1.892725367834687	-0.9999934305165682	0.2949720340101028	0.1506606431312328	1691199.0	66855.5	11.3	11.301396729325495
-1.892725367834687	-0.9999937591401827	0.20139098944679706	0.1506606431312328	1691199.0	38350.0	11.305	11.347076776347162
-1.892725367834687	-0.9999931599436328	0.5273534990516122	0.1506606431312328	1691199.0	105650.0	11.34	11.477805599026256
-1.892725367834687	-0.9999932697005905	0.3958240487304076	0.1506606431312328	1691199.0	87751.5	11.5	11.51237649325438
-1.8406424216253299	-0.9999942812583663	0.09119950928472915	0.15871543112330974	1724174.8	19150.0	11.23	11.26488178913738
-1.6442155661458346	-0.9999940436454346	0.12316598085433816	0.19316402778166164	2023280.0	171333.5	11.47	11.476460832988957
-1.6442155661458346	-0.9999949526314544	0.10348489915033972	0.19316402778166164	2023280.0	27233.5	11.485	11.493459755768207
-1.6442155661458346	-0.9999948510156971	0.15637961834126962	0.19316402778166164	2023280.0	33450.0	11.515	11.530115501519758
-1.6442155661458346	-0.9999946874977137	0.16911354373086612	0.19316402778166164	2023280.0	46567.5	11.53	11.535291811264177
-2.09784519207199	-0.9999930271562523	0.48473305867370825	0.1227205828344003	1737963.7	183238.5	11.46	11.501370019169144
-2.09784519207199	-0.9999935738398027	0.25655768718985744	0.1227205828344003	1737963.7	70857.0	11.625	11.631633594351733
-2.09784519207199	-0.9999928847168337	0.551982160356887	0.1227205828344003	1737963.7	234708.5	11.65	11.65441677251232
-2.09784519207199	-0.9999929235854879	0.9957216697924288	0.1227205828344003	1737963.7	219377.0	11.65	11.718194901931426
-2.09784519207199	-0.9999929001921416	0.8215655195625221	0.1227205828344003	1737963.7	228480.0	11.695	11.732325988346817
