-2.189397627818887	-0.999993612283891	0.30162433147983175	0.11198418446199591	1792252.1	93750.0	12.13	12.147820701857858
-2.189397627818887	-0.9999935993418987	0.43555410698697783	0.11198418446199591	1792252.1	95950.0	12.184999999999999	12.2130297182555
-2.189397627818887	-0.9999950327347155	0.040361440821067025	0.11198418446199591	1792252.1	7350.0	12.215	12.222607584149978
-2.189397627818887	-0.9999942094697692	0.22285608515346508	0.11198418446199591	1792252.1	32146.5	12.195	12.204748108603125
-2.2182878537825452	-0.9999937813905617	0.22648561581720486	0.10879522278150194	1799433.7	72400.0	12.35	12.380409296585768
-1.9688828680399308	-0.9999960656457914	0.008262449386595757	0.13961273497854262	2177275.7	5250.0	12.870000000000001	12.917727501256913
-1.9688828680399308	-0.999995766902368	0.03776203463133604	0.13961273497854262	2177275.7	10062.0	12.955000000000002	12.983103934084717
-1.9688828680399308	-0.999995107387638	0.12384894410723504	0.13961273497854262	2177275.7	42300.0	12.985	12.994091260634184
-1.670663283068049	-0.9999919606198518	0.17073866393889392	0.18812224594746874	1417471.6666666667	88928.0	12.8	12.81994675881178
-1.484310767735635	-0.9999902774858259	0.049545025766910625	0.2266585072089414	1095557.4285714286	42258.0	13.06	13.088625504075242
-1.8092773649122182	-0.9999935994431405	0.048864955505898415	0.16377244176472838	1589777.2	26250.0	12.57	12.636092532059342
-1.8092773649122182	-0.999992790409438	0.47855181154528914	0.16377244176472838	1589777.2	95000.0	12.64	12.652725020644096
-1.8092773649122182	-0.9999928475348352	0.6027262590015529	0.16377244176472838	1589777.2	86752.5	12.675	12.703857747444841
-1.920183319984203	-0.999994068742592	0.27472938099944955	0.14658008860767044	2029628.9	169100.0	12.92	12.944082568807339
-1.920183319984203	-0.9999947695193032	0.16215320980128542	0.14658008860767044	2029628.9	40778.5	13.02	13.030209586036857
-1.920183319984203	-0.9999945177504878	0.21533008684920513	0.14658008860767044	2029628.9	67976.5	13.07	13.099048594640966
-2.0921751280023035	-0.9999949689500249	0.03171669912985602	0.12341839284595088	1926626.0	16202.0	12.34	12.343187910085055
-1.867286202778091	-0.9999931137678258	0.19017816313200675	0.15454249023104627	1806347.3	252438.5	12.61	12.636842643351624
-1.867286202778091	-0.9999938867515683	0.47093494326425556	0.15454249023104627	1806347.3	62482.0	12.655000000000001	12.681011482283303
-1.867286202778091	-0.9999938488759347	0.3849264999887813	0.15454249023104627	1806347.3	66906.5	12.705000000000002	12.749521299618156
-1.867286202778091	-0.9999931526542151	1.0673363287603632	0.15454249023104627	1806347.3	235315.0	12.765	12.847406335092227
-1.3630905522066128	-0.9999853237087811	0.8745436255681239	0.255868777910585	875224.1666666666	378905.5	13.52	14.029793161548184
-1.3630905522066128	-0.9999901139492967	0.05438202816571308	0.255868777910585	875224.1666666666	5723.5	13.885000000000002	13.889718374540957
