-2.0047450916152427	-0.999999999433553	0.008282989520901216	0.13469462610934183	32962304525.0	128494750.0	3506.451	3524.8107957043067
-2.5113252267082875	-0.9999999992942868	0.022617570043290132	0.08116061173089108	27627442880.0	293400500.0	3336.793	3373.178922209275
-2.7847948920879873	-0.9999999992489517	0.017546108388125307	0.061741751454057574	26576688100.0	466317450.0	3579.588	3584.8861350255897
-1.239052955000847	-0.9999999994917895	0.016032965551479577	0.28965840762997824	38457156875.0	307606400.0	3620.924	3648.6854208193768
-2.4289787071505136	-0.9999999992898921	0.057526672021377144	0.08812678989854318	28858632410.0	794116550.0	3414.0130000000004	3461.7572272526313
-1.8620486539183285	-0.9999999994419564	0.018434503481511714	0.15535403747853055	34997577100.0	303282700.0	3531.5150000000003	3535.4105708783723
-2.5872311097188705	-0.9999999992655692	0.05820993007226812	0.0752280501908922	27804812660.0	738927900.0	3396.222	3436.9881897148052
-2.5872311097188705	-0.9999999992526106	0.12346684706879996	0.0752280501908922	27804812660.0	1059455300.0	3481.6245	3514.687510433331
-2.5872311097188705	-0.9999999992637911	0.19228471958425558	0.0752280501908922	27804812660.0	776378000.0	3535.9095	3546.869734040726
-0.34541454746589106	-0.9999999995013125	0.023536369353085736	0.7079268233602621	39856642900.0	428589200.0	3566.0890000000004	3574.827354697191
-0.34541454746589106	-0.9999999994884954	0.060285710037038184	0.7079268233602621	39856642900.0	714329550.0	3611.3500000000004	3630.9151084033083
-2.129260910125771	-0.9999999994056044	0.009014909031108595	0.11892515775863881	31477743022.22222	133583150.0	3522.907	3530.225636980528
-2.338908217312523	-0.9999999993676214	0.010753153033016855	0.09643286450990135	30075560640.0	181931750.0	3604.121	3625.6373811470703
-2.338908217312523	-0.999999999408096	0.006073412120063201	0.09643286450990135	30075560640.0	53857000.0	3635.107	3645.80452208188
-1.6949487876583937	-0.9999999994163922	0.060523308558517695	0.18360863181492085	36387720366.666664	1670116450.0	3559.26	3583.14124023914
-1.6949487876583937	-0.9999999994295704	0.09694777775807815	0.18360863181492085	36387720366.666664	1033929250.0	3584.6525	3642.2900761806563
-2.2396860514813968	-0.9999999993491165	0.03368457367382109	0.10649193211601507	30708092100.0	479084500.0	3501.719	3507.663877875164
-2.2396860514813968	-0.9999999993406233	0.0677769489195482	0.10649193211601507	30708092100.0	621843800.0	3530.3755	3553.6217475576814
-2.2396860514813968	-0.9999999993202977	0.2515422228308799	0.10649193211601507	30708092100.0	1160784850.0	3583.2650000000003	3591.524529747838
