-2.6582460264661063	-0.9999999992113368	0.006230462458838401	0.07007101673243697	23458847920.0	108377550.0	3725.6220000000003	3731.614864484111
-2.6582460264661063	-0.9999999991508727	0.06627236176518046	0.07007101673243697	23458847920.0	447662250.0	3722.1885	3739.613664381137
-2.6582460264661063	-0.9999999991120089	0.29537016278270695	0.07007101673243697	23458847920.0	1114027800.0	3749.8060000000005	3764.040357361175
-2.429299485978092	-0.9999999991992258	0.031896444771680785	0.08809852522379827	24619025460.0	364588900.0	3682.735	3710.165710721424
-2.429299485978092	-0.9999999992231413	0.027372863800240503	0.08809852522379827	24619025460.0	202348700.0	3721.0355	3727.0978864564627
-2.429299485978092	-0.999999999157	0.2758024994099533	0.08809852522379827	24619025460.0	1031045700.0	3744.0665	3750.2431444041545
-0.34542134733294816	-0.9999999985059882	0.09921157705884125	0.7079220095683437	13457224100.0	539013750.0	3489.2250000000004	3509.966610528227
-1.2389569809774312	-0.999999998567796	0.160089419614819	0.28968620864684097	14399255575.0	904299650.0	3477.159	3521.499421794041
-1.2389569809774312	-0.9999999985283536	0.31589587845645406	0.28968620864684097	14399255575.0	1595752650.0	3567.3195	3586.7956284125758
-1.493246575406017	-0.9999999989022473	0.22768296727305384	0.22464215267672996	19480335820.0	1937356700.0	3630.782	3693.4385456456707
-1.6948787103785812	-0.9999999990597181	0.05108892039074773	0.18362149905923392	21212831116.666668	459680050.0	3698.342	3715.5914538837887
-1.6948787103785812	-0.9999999990843479	0.0374069486956367	0.18362149905923392	21212831116.666668	272615900.0	3737.9590000000003	3773.020738810221
-1.6948787103785812	-0.9999999990319687	0.2574143172334669	0.18362149905923392	21212831116.666668	828134400.0	3774.1000000000004	3790.275110587432
-2.897872592614618	-0.9999999989833187	0.008857068743738788	0.055140401463222265	18294797190.0	119637750.0	3747.759	3754.593260222379
-2.897872592614618	-0.9999999989518367	0.040375154471384796	0.055140401463222265	18294797190.0	212815500.0	3753.737	3769.5972917442
-2.897872592614618	-0.9999999989297568	0.10690278548524429	0.055140401463222265	18294797190.0	318739050.0	3768.9585	3775.5439261961983
-2.004822845100278	-0.9999999991314484	0.10102769041635226	0.1346841535398909	23951178662.5	1082819000.0	3806.6690000000003	3825.7179302420886
-2.5117603656949474	-0.9999999991893658	0.12481027584505565	0.08112530326714748	26090337410.0	1531814900.0	3790.4260000000004	3823.3296854034534
-2.785482355913933	-0.9999999992112591	0.0011329013357072083	0.06169932081981652	20529053940.0	10768150.0	3774.436	3780.9257758175663
