-2.128383779290049	-0.9999998090674722	0.03840338489615655	0.11902951644307129	74663305.77777778	1552928.5	3160.246	3166.6002624684884
-2.128383779290049	-0.9999998171601049	0.03958167358394632	0.11902951644307129	74663305.77777778	848673.5	3189.971	3190.113358852976
-2.128383779290049	-0.9999998355659745	0.020903760510435684	0.11902951644307129	74663305.77777778	214740.0	3202.575	3205.2597077633854
-2.7218788964609755	-0.9999997852427317	0.17684865616297957	0.06575109878789227	72775332.1	6131999.0	3187.1020000000003	3210.086088270867
-2.7218788964609755	-0.9999998213785259	0.019747864871973084	0.06575109878789227	72775332.1	442075.0	3220.9725	3221.4556391566366
-2.7218788964609755	-0.9999998016212774	0.17850422870890134	0.06575109878789227	72775332.1	1861842.0	3218.8365000000003	3220.8206488795336
-0.3452968204817704	-0.9999998785886451	0.04095630599645331	0.7080101703561534	121930417.0	2686465.0	3185.202	3202.410949038755
-2.9956020894202844	-0.9999997848642778	0.016475283560940242	0.05000650963040141	61285714.5	532184.0	3137.7470000000003	3139.517082071574
-2.427770941689006	-0.9999997933477716	0.021361672128916268	0.08823329069266052	67325514.1	1102363.0	3201.281	3213.541060113911
-2.427770941689006	-0.9999997845690285	0.09523478883267981	0.08823329069266052	67325514.1	1990707.0	3222.683	3228.3808371679083
-2.427770941689006	-0.9999997807418248	0.2448445856780933	0.08823329069266052	67325514.1	2575795.5	3238.8175	3238.9704665826434
-2.8953302508589887	-0.9999998038954325	0.009666074996496998	0.05528076555943215	68334975.7	660531.0	3148.672	3149.4326049374563
-2.510085318104133	-0.9999997858515786	0.08892860674104801	0.08126130588456804	72278074.5	5273661.0	3242.8790000000004	3255.954306834575
-2.510085318104133	-0.9999997960780116	0.11308513120098317	0.08126130588456804	72278074.5	2518284.0	3271.5110000000004	3272.551519746187
-0.8933333161709333	-0.999999849883893	0.023808024724327918	0.4092891861556033	95226898.66666667	1615396.0	3270.9865	3277.524750681617
-0.8933333161709333	-0.9999998443236607	0.09289598008669737	0.4092891861556033	95226898.66666667	2743032.5	3270.9865	3279.966805904952
-3.0863198204796918	-0.9999997589236442	0.02121711734857051	0.04566971827659284	55470491.4	642179.0	3136.1960000000004	3146.080833712029
-2.58595489661522	-0.9999998040327783	0.044317602646363974	0.07532411850308832	72394311.2	1449764.0	3258.791	3269.0396628052613
-2.58595489661522	-0.9999997996290083	0.09056558789421161	0.07532411850308832	72394311.2	1994132.0	3274.8685	3279.850253484763
-2.58595489661522	-0.9999997900390185	0.40121653353069575	0.07532411850308832	72394311.2	3992708.5	3284.2830000000004	3290.298893377798
