-2.5123863451008344	-0.9999998352323096	0.1577524113500622	0.08107453638917377	95351581.9	6654872.0	3926.2290000000003	3943.0654897424793
-2.5123863451008344	-0.9999998608640456	0.020833291636999162	0.08107453638917377	95351581.9	577712.5	3951.4175000000005	3952.723678037373
-2.5123863451008344	-0.9999998551332365	0.056808333265959625	0.08107453638917377	95351581.9	997766.0	3954.1580000000004	3957.864660103927
-2.7247361519714337	-0.9999998670440821	0.012372064587205949	0.06556349923611722	100915435.0	671522.5	3992.5530000000003	4004.5128384531217
-2.7247361519714337	-0.9999998539678605	0.08748474800160824	0.06556349923611722	100915435.0	2512770.5	4009.648	4012.6990276933802
-1.695305251714273	-0.9999998596685901	0.055304772906733815	0.18354319360120808	105685143.5	2760562.0	3912.9750000000004	3915.059037909865
-1.8624987118112712	-0.9999998552509775	0.12066304308043999	0.1552841348990465	107989368.0	6146266.0	3926.275	3935.2043301940444
-1.4936199302813533	-0.9999998718200123	0.020969387320841092	0.22455829708874245	108621340.4	1113569.5	3902.0150000000003	3905.031394486118
-2.12991311427795	-0.9999998585201605	0.05495861349466568	0.11884761956506454	104519351.77777778	2642882.5	3914.815	3921.3303908543057
-2.12991311427795	-0.9999998704701938	0.025010756151265152	0.11884761956506454	104519351.77777778	757948.0	3931.458	3931.556286061964
-2.12991311427795	-0.999999849879321	0.3808485621063089	0.11884761956506454	104519351.77777778	6520854.0	3931.0765	3935.383670906703
-2.3397578649389326	-0.9999998758108078	0.0034122719310549134	0.09635096535310166	102811120.3	350819.5	3918.5260000000003	3920.032104664461
-2.5884419113706842	-0.9999998384523633	0.09173497873709664	0.07513701906489846	93738178.9	3772245.5	3958.166	3963.7681668295286
-2.5884419113706842	-0.9999998435320759	0.052134647668264124	0.07513701906489846	93738178.9	2343176.0	3969.6180000000004	3970.614321751223
-2.844210744856025	-0.9999998586937144	0.035813926565402505	0.05818016762025731	107296640.4	3842714.0	3995.393	3996.292950905941
-1.2392590511565151	-0.9999998673417994	0.050203523236532405	0.28959871629699707	112005931.25	2837701.5	3886.818	3893.152963137916
-2.658978695319173	-0.9999998489937932	0.0465559702647865	0.07001969668357073	97276636.8	2396154.0	3980.047	3998.0371059998174
