-2.9999086681818445	-0.9999998480810154	0.029021792445040356	0.04979161571899436	91949568.5	1165760.5	3992.9970000000003	4000.2105427673505
-2.9999086681818445	-0.9999998444167866	0.05776323954331097	0.04979161571899436	91949568.5	1632803.0	4018.8815000000004	4025.8704438368795
-2.7250570689876756	-0.9999998388188295	0.0320411793981028	0.06554246216932494	86833335.0	1197681.0	4023.076	4025.605461913175
-2.7250570689876756	-0.9999998430899568	0.030982244633504682	0.06554246216932494	86833335.0	826554.5	4070.994	4072.7376697909526
-2.240689150180019	-0.9999998693037992	0.013876406647094474	0.10638516375604981	101765997.4	597451.0	4013.831	4016.1910581430566
-2.240689150180019	-0.9999998552983754	0.08043219242692617	0.10638516375604981	101765997.4	2484805.0	4010.6400000000003	4030.920140355464
-2.240689150180019	-0.9999998700803748	0.028059490465544717	0.10638516375604981	101765997.4	552052.5	4044.334	4048.9665758796095
-2.844550370620509	-0.9999998498122695	0.008873212534479855	0.058160411491386656	84676478.7	333489.0	4057.4170000000004	4072.9582372228383
-0.34553945347201226	-0.9999998628711081	0.030700616998375074	0.707838404570264	103689440.0	1496766.0	4003.56	4006.0186529048065
-1.86266373891209	-0.9999998682450068	0.034253208640691694	0.1552585109228444	108110399.14285715	1535066.5	3962.828	3974.4905612709595
-1.86266373891209	-0.9999998621488865	0.0886647607943791	0.1552585109228444	108110399.14285715	2967227.5	3983.2975	3998.839404211719
-2.005480621784931	-0.9999998522196938	0.15940640035139758	0.1345955905744203	106816247.0	7169436.0	4006.878	4024.6595464101474
-2.005480621784931	-0.9999998566416579	0.13688463102577522	0.1345955905744203	106816247.0	4470451.0	4038.9075000000003	4047.5637507215893
-0.8938109679307229	-0.9999998607393924	0.03761932417614093	0.4090937351380505	103610988.66666667	1846733.0	3989.0460000000003	4002.1858989279244
-3.0465726600254075	-0.9999998713458697	0.0020519144816712217	0.04752151799848446	91963278.0	137509.5	4022.882	4027.5956150678016
-3.0465726600254075	-0.9999998353899919	0.08724888492554357	0.04752151799848446	91963278.0	3753036.0	4023.402	4023.461672361625
-1.2393569055630824	-0.9999998676926627	0.09851719424991903	0.28957037917295003	116441630.75	4906551.5	4007.936	4028.1087639829634
-1.2393569055630824	-0.9999998656377143	0.1100179373081045	0.28957037917295003	116441630.75	6232970.0	4038.2695000000003	4038.4755592563365
-2.5887426037809806	-0.9999998254123449	0.12514406692197605	0.07511442932998445	88069731.7	4760616.5	3985.8230000000003	4006.2456462280093
-2.5887426037809806	-0.9999998349092865	0.07793253596683482	0.07511442932998445	88069731.7	2062634.0	4017.2705000000005	4024.225775147853
-2.5887426037809806	-0.9999998493469631	0.03551796210804909	0.07511442932998445	88069731.7	578371.0	4028.0690000000004	4032.7045391337497
