-2.656444197092097	-0.9999999984805154	0.03650900838824898	0.07019738656289924	12608243230.0	209039250.0	3369.947	3379.3430580184254
-2.337827122178371	-0.9999999976796466	0.1198433730275643	0.09653717398456864	8582029160.0	444890950.0	3231.8070000000002	3238.692128051393
-2.337827122178371	-0.9999999976710786	0.1792229012089784	0.09653717398456864	8582029160.0	478837150.0	3243.9535	3260.736237745773
-2.337827122178371	-0.9999999976452706	0.39881773080496113	0.09653717398456864	8582029160.0	597554700.0	3278.353	3288.7702484749198
-0.8933579618217065	-0.999999997607355	0.04391316125980837	0.40927909908155785	7907199100.0	164615050.0	3173.7580000000003	3176.6071633648153
-0.8933579618217065	-0.9999999975521502	0.0735921221409546	0.40927909908155785	7907199100.0	254709900.0	3175.1605	3178.2146269799414
-1.238674408804255	-0.9999999977712258	0.008785572090447896	0.28976807747473915	7752001875.0	31879100.0	3179.684	3186.856046580746
-2.2387151125009943	-0.9999999976064172	0.11198305277051179	0.10659537949642503	8299937090.0	424569600.0	3239.558	3254.955097399265
-2.2387151125009943	-0.9999999978391101	0.024834622182802572	0.10659537949642503	8299937090.0	61543200.0	3255.6125	3256.8596212994066
-2.128363078179143	-0.999999997795684	0.01552278640767091	0.1190319805117966	8099472177.777778	56729000.0	3255.1820000000002	3256.0874360395856
-1.6943205128436891	-0.9999999979960177	0.0013812317299883076	0.1837240247394909	7679680233.333333	4828000.0	3201.3540000000003	3201.748578928542
-1.6943205128436891	-0.9999999975277815	0.07648514973054808	0.1837240247394909	7679680233.333333	175974200.0	3203.727	3213.091985678978
-3.1291856791559174	-0.9999999980270703	0.03781126406002567	0.04375341206528531	9588615990.0	164375800.0	3310.565	3311.208596865429
-2.4277856904284234	-0.9999999978458349	0.44504099129209507	0.08823198937244464	9917428400.0	1897451550.0	3303.469	3337.141847271045
-1.861313183660031	-0.9999999975032124	0.08478686474214424	0.1554683377796861	7820812357.142858	302292800.0	3199.572	3202.799520178176
-1.861313183660031	-0.9999999976534044	0.0400817478685934	0.1554683377796861	7820812357.142858	93388950.0	3215.4015	3222.787859930497
-1.861313183660031	-0.999999997466943	0.3150203472682052	0.1554683377796861	7820812357.142858	401437800.0	3222.544	3228.754498561458
-2.0039239262166606	-0.9999999976700893	0.03308922279863408	0.13480527810125337	7981526550.0	119191800.0	3232.603	3235.2470912603067
-2.0039239262166606	-0.9999999975613642	0.11700311913471066	0.13480527810125337	7981526550.0	283872700.0	3245.3869999999997	3250.656212198335
-2.0039239262166606	-0.9999999975440378	0.25159463009773214	0.13480527810125337	7981526550.0	325973950.0	3248.9025	3252.4987632315692
