-2.7229166376292784	-0.9999999978434214	0.07006311676460171	0.06568290155747591	9036688460.0	290853100.0	3452.406	3464.6662055474476
-2.239373844763857	-0.9999999977594204	0.03497138585613071	0.1065251848031715	8365291140.0	138046450.0	3452.214	3452.2802979628373
-2.004458071311709	-0.9999999976196885	0.15480656585350347	0.13473329175045873	8504327462.5	618587100.0	3425.672	3428.813653337788
-2.004458071311709	-0.9999999977681713	0.07195906941123728	0.13473329175045873	8504327462.5	174983550.0	3449.885	3452.707795487948
-1.2389156040656324	-0.9999999978768144	0.03468708404094386	0.2896981952155274	8862195075.0	148498500.0	3446.163	3447.1850924288115
-1.2389156040656324	-0.99999999787302	0.06329758973966158	0.2896981952155274	8862195075.0	153576850.0	3444.2715000000003	3446.810345990776
-1.2389156040656324	-0.9999999978482621	0.14386927642417086	0.2896981952155274	8862195075.0	191255500.0	3448.7305	3451.0996270496944
0.0	-0.9999999980790871	0.08611550238576857	1.0	10326035400.0	411539200.0	3452.206	3460.7403236370787
-1.861787583967027	-0.9999999976956919	0.06458221329072608	0.15539460104426317	8409458185.714286	260465850.0	3423.978	3429.293821292282
-2.784361641063961	-0.9999999980441802	0.0330129533562535	0.06176850692659962	9592984800.0	140701400.0	3464.197	3468.8799408682285
-2.784361641063961	-0.9999999978915359	0.20177665529268646	0.06176850692659962	9592984800.0	608473400.0	3465.9825	3479.871896649207
-2.586881234445627	-0.9999999978674371	0.027663509037286607	0.07525437523047997	8685729610.0	110758750.0	3449.77	3453.7349822702204
-2.1289577171063168	-0.9999999978029851	0.026808106488517367	0.11896122050301863	8415824000.0	107144700.0	3456.6580000000004	3459.933538039063
-3.0436136863536385	-0.9999999980422477	0.0770980809893949	0.04766234116235329	10053582820.0	353157600.0	3434.822	3440.143807783222
-2.33855779515417	-0.999999998245346	0.0005236343158799009	0.09646666264388071	8396026730.0	2500800.0	3472.2690000000002	3482.8225290064256
-2.657292926909849	-0.9999999978951798	0.03563636060106316	0.07013783322371722	8939211650.0	148401650.0	3450.7540000000004	3454.582609236889
-2.657292926909849	-0.9999999978827568	0.06434561785718694	0.07013783322371722	8939211650.0	165831850.0	3443.0645000000004	3443.9912080552112
-2.657292926909849	-0.9999999979842985	0.04751631477621715	0.07013783322371722	8939211650.0	66904850.0	3449.9755000000005	3450.049619453562
