-2.9985428813223813	-0.9999999960927968	0.00720145287574012	0.04985966691459073	4229499738.5	15029341.0	3805.6560000000004	3841.1921488686726
-0.8936913939901617	-0.999999916430529	0.004607703178977046	0.4091426550127326	158515059.0	566378.5	3768.193	3773.296801345889
-0.8936913939901617	-0.9999999120940997	0.024093137740597317	0.4091426550127326	158515059.0	1126254.5	3771.1850000000004	3776.066990591869
-2.843364807805238	-0.9999999975575378	0.00012260329575932384	0.05822940520267974	5369849524.6	496656.0	3747.61	3752.6113317400664
-2.843364807805238	-0.9999999974846021	0.0004656707649953329	0.05822940520267974	5369849524.6	734765.5	3750.8935	3759.9257184421936
-2.7855315031823324	-0.9999999974210146	0.0002563785225573991	0.061696288541250914	5371752732.6	1038897.5	3745.7540000000004	3745.795316496157
-1.493496566670368	-0.9999999116359435	0.012862735866703738	0.2245860011199475	156160302.8	983582.5	3724.722	3726.730963344969
-2.6583178808958325	-0.9999999976742976	0.029012066820663915	0.07006598200037539	7966303883.8	111245750.0	3707.1890000000003	3710.828120189323
-2.6583178808958325	-0.9999999976489334	0.059343505192282375	0.07006598200037539	7966303883.8	136155800.0	3715.6475	3725.7794865728138
-2.1296050771972284	-0.999999995052429	0.002073266908829002	0.11888423467796268	3020323603.4444447	3088713.0	3724.962	3735.8639895383535
-2.1296050771972284	-0.9999999950911654	0.0032945865435918945	0.11888423467796268	3020323603.4444447	2747683.0	3691.0445	3706.903279573754
-2.4293997344371285	-0.99999999589139	0.2525533895093055	0.08808969392507057	4920616047.5	602677200.0	3695.78	3711.1123890869258
-2.3393258625265845	-0.999999994789593	0.3179200572047305	0.09639259819466273	3871507905.6	576296050.0	3651.375	3667.181038843483
-2.3393258625265845	-0.9999999948351251	0.42709175923008097	0.09639259819466273	3871507905.6	483157750.0	3681.7905	3692.693577499877
-2.005031593203411	-0.9999999959427255	0.00026880517583437885	0.13465604141259618	3381603412.875	908992.5	3728.0310000000004	3728.136909322427
-0.34547338489338825	-0.9999998958372237	0.09001307665181463	0.707885171992461	151235088.5	6941764.5	3738.7360000000003	3753.9677251934495
-1.6951309911917376	-0.9999999910786104	0.3206158214914098	0.18357518072099804	2200659085.6666665	336106000.0	3701.2160000000003	3703.5203964647408
-1.6951309911917376	-0.9999999907345374	1.1710614433917041	0.18357518072099804	2200659085.6666665	716668850.0	3704.648	3718.8937006474625
-2.7240134575545167	-0.9999999979037884	0.0004157194255141626	0.0656108987365829	6734085164.6	1350610.0	3731.8390000000004	3738.092255839764
-1.862276837680552	-0.9999999950771409	0.08832860844620637	0.1553185922539482	3846878187.714286	167691950.0	3724.329	3725.458680249976
-1.862276837680552	-0.9999999951920192	0.1014799892581478	0.1553185922539482	3846878187.714286	107792250.0	3721.076	3730.265784866218
-2.94954355948407	-0.9999999975011651	0.00025972623041832423	0.0523636013638221	5363944930.8	662391.0	3736.291	3757.516664670194
-2.94954355948407	-0.999999997080396	0.0040118062165828685	0.0523636013638221	5363944930.8	6328635.5	3774.155	3786.2349661776525
-2.587840277956591	-0.9999999973830098	0.023662541776432483	0.0751822376073323	7016514048.2	94314800.0	3707.067	3711.1491502595945
-2.587840277956591	-0.9999999972377973	0.08620548855468159	0.0751822376073323	7016514048.2	261261850.0	3715.483	3715.7391551853625
