-2.7840944184964806	-0.9999998367446762	0.12966138674329497	0.061785015071186215	94847781.9	5306299.0	3405.025	3414.0770302876604
-1.238904321462033	-0.9999999979429987	0.06847703320297845	0.28970146378386646	9739537800.0	502065950.0	3404.938	3406.5159296472966
-2.4283702814273713	-0.999999994862591	0.002866571428634801	0.08818042481919353	3115379373.0	8930457.5	3390.925	3396.9091134716336
-0.3453918626362314	-0.9999999981541514	0.012880113560192905	0.707942882741813	9721490650.0	62108900.0	3427.9170000000004	3428.6934666848283
-2.586660884162809	-0.9999999872377376	0.0069130955873767845	0.07527095938043932	1182412025.6	3577777.0	3387.665	3400.792359481562
-2.338377255029506	-0.999999996339356	0.0014053107919120677	0.0964840803194277	4033056368.5	2580731.0	3391.588	3402.086573725933
-2.8963122960319496	-0.9999998433354681	0.08534234168970013	0.055226503998469866	96318258.5	3575639.5	3414.3990000000003	3432.8779188033773
-2.8963122960319496	-0.9999998394703852	0.1753570244071973	0.055226503998469866	96318258.5	5188383.5	3451.0095	3475.60481021767
-2.2392160955109635	-0.9999999970493263	0.0012229514849541278	0.10654199039698867	5041082117.4	2883709.0	3350.9370000000004	3363.9090286723113
-2.2392160955109635	-0.9999999970900415	0.0016804578377729077	0.10654199039698867	5041082117.4	2348622.0	3375.0355	3381.083403857964
-2.2392160955109635	-0.9999999971072514	0.0023086811040939977	0.10654199039698867	5041082117.4	2153452.0	3379.603	3380.4361362964137
-2.722662869306759	-0.999999833342689	0.06650778802980048	0.06569957191233687	88846462.2	2695009.0	3400.588	3411.6232334862534
-2.1288307149350842	-0.9999999974262328	0.0006787867572796964	0.11897632979575112	5590826078.666667	1775307.5	3322.945	3331.6294154098337
-2.1288307149350842	-0.9999999972672001	0.0017552262780727251	0.11897632979575112	5590826078.666667	4319320.0	3333.246	3335.955536191086
-2.0043683610794796	-0.9999999976772398	0.0007295866475118911	0.13474537924752863	6276022727.25	2142953.0	3350.65	3360.2089446034615
-2.657052074110293	-0.9999998726828884	0.001126198115224429	0.07015472815171767	90583973.3	102015.5	3395.231	3400.869449152641
