-2.239203884652496	-0.9999999984752692	0.07566815540613063	0.10654329137409721	13134577980.0	498291100.0	3076.645	3116.702464059423
-2.239203884652496	-0.999999998484371	0.12135525074740858	0.10654329137409721	13134577980.0	442143950.0	3138.076	3181.354998939546
-2.239203884652496	-0.9999999985213947	0.14610626179919384	0.10654329137409721	13134577980.0	271876050.0	3199.401	3216.7777671468048
-2.6566801352208906	-0.999999998517985	0.07050033856530408	0.07018082627654569	13392520940.0	416716150.0	3136.384	3154.19802147645
-2.995589342242792	-0.9999999981682169	0.16619557922213127	0.05000714707631823	11138039660.0	725573050.0	2855.598	2895.0034171073403
-2.995589342242792	-0.9999999982384528	0.08650744208123153	0.05000714707631823	11138039660.0	331846400.0	2923.0365	2941.5651130396586
-2.428220855776445	-0.9999999985131702	0.053931674156906445	0.08819360222106756	13219437330.0	343621850.0	3068.235	3111.9126412827973
-2.428220855776445	-0.9999999986837734	0.009176981526977934	0.08819360222106756	13219437330.0	36026850.0	3130.9570000000003	3148.0237357742594
-2.5104929063681434	-0.9999999984825492	0.04366615174848418	0.08122819147895134	12874806420.0	305324650.0	3132.705	3137.135085947624
-2.5104929063681434	-0.999999998501162	0.06054874226251876	0.08122819147895134	12874806420.0	240264350.0	3183.6980000000003	3207.3410733504597
-2.5104929063681434	-0.9999999984636302	0.19735170211547448	0.08122819147895134	12874806420.0	389534700.0	3211.9435000000003	3222.397050692581
-1.239022868786187	-0.9999999986011077	0.012706689611299173	0.2896671224861061	13133183950.0	95239950.0	3482.406	3491.2139313433345
-1.239022868786187	-0.9999999984817229	0.11260669848540719	0.2896671224861061	13133183950.0	456825450.0	3491.5135	3516.0468758423153
-2.7835221800929726	-0.9999999985579651	0.002685893138273267	0.06182038094746246	11501454040.0	15958450.0	3129.0280000000002	3131.69014231516
-2.9468819633251195	-0.9999999983824552	0.018627249001064477	0.05250315776308314	11251014860.0	80118750.0	2909.3340000000003	2921.547436186342
-0.8936171355467685	-0.9999999983689195	0.14503665851071249	0.4091730384375186	12645373800.0	906972250.0	3382.177	3468.5457245207353
