-0.8934797327766039	-0.9999999973845299	0.004684668701844276	0.4092292638091491	6300895600.0	14357800.0	3368.108	3368.6156315717985
-2.510788253658652	-0.999999998076212	0.14483003979684683	0.08120420449510479	10585877770.0	698877050.0	3421.643	3441.7888694761973
-2.510788253658652	-0.9999999981607615	0.06005229698333332	0.08120420449510479	10585877770.0	285557450.0	3459.2505	3462.416677101853
-2.5867229631223494	-0.9999999982475489	0.05379929988501527	0.07526628678263385	11096753240.0	278942900.0	3475.058	3483.009701234339
-2.004337012937737	-0.9999999975444739	0.21516923578670316	0.1347496033309846	8370699775.0	844682650.0	3416.9170000000004	3426.57250897271
-2.2392416032186024	-0.9999999980141048	0.011935166545948138	0.10653927278970642	8921087850.0	49443750.0	3435.3880000000004	3438.4873165893177
-2.3384134411496076	-0.9999999979043723	0.07489984700647616	0.09648058899807839	9350691000.0	323777350.0	3421.83	3425.6792411867777
-2.3384134411496076	-0.9999999981391858	0.01302229481001161	0.09648058899807839	9350691000.0	36031300.0	3431.8285000000005	3433.5743392608033
-2.3384134411496076	-0.9999999978829818	0.2854552563631691	0.09648058899807839	9350691000.0	395468950.0	3432.5905000000002	3435.884049028413
-1.8616702721287557	-0.9999999975962248	0.043926225860140146	0.15541283173988643	7850163485.714286	156728900.0	3398.317	3405.176657889709
-1.8616702721287557	-0.9999999976175018	0.05633887489019932	0.15541283173988643	7850163485.714286	132620200.0	3410.668	3416.66239335164
-1.4930723378663682	-0.9999999968339974	0.1613503515642948	0.22468129718283594	6563684180.0	1059052750.0	3361.781	3365.2387326783755
-1.2388567118573248	-0.999999997088299	0.03302352408598668	0.2897152566843752	6319533250.0	98011100.0	3371.77	3372.85978614652
-1.6946162121280555	-0.9999999972016131	0.12776552466254743	0.18366970570829969	7095712066.666667	420328600.0	3381.8990000000003	3397.48989401249
