0.0	-0.9999978495695364	0.11609622609066353	1.0	5853725.0	293028.5	10.85	10.85027779164458
0.0	-0.9999978486917815	0.1206948833610889	1.0	5853725.0	294538.0	10.870000000000001	10.883717836607177
0.0	-0.9999980309051302	0.10832890733618378	1.0	5853725.0	101369.75	10.885000000000002	10.885543296938634
-1.551990792967389	-0.9999986777353896	0.0784752975614711	0.21182585237073384	10029597.875	574801.8125	11.19	11.196025101421013
-1.551990792967389	-0.9999987318164267	0.1130626526598295	0.21182585237073384	10029597.875	334157.6875	11.27	11.27142597627268
-1.7767808200458164	-0.9999994477150118	0.051530579738197343	0.1691818985588401	24460371.2	736080.275	12.33	12.356076133040036
-1.7767808200458164	-0.9999994651174913	0.08078893891524826	0.1691818985588401	24460371.2	480903.85	12.46	12.657370747493882
-1.7767808200458164	-0.9999994865111969	0.0977935478220727	0.1691818985588401	24460371.2	284965.45	12.675	12.704941040286883
-0.24705492300342713	-0.9999985175959194	0.12506880301053705	0.7810977921165366	8509384.5	300842.75	10.89	10.91663557371751
-1.7094382759388131	-0.9999993024915979	0.051821274888177865	0.1809674178246707	19070603.0	598333.85	11.63	12.500338235783264
-1.7094382759388131	-0.999999324916619	0.09492195841793599	0.1809674178246707	19070603.0	390133.625	12.585	12.695484676629306
-2.102388266842163	-0.9999996084615793	0.03471510704791688	0.12216431858254077	35147529.0	947523.425	12.09	12.095570165401615
-2.102388266842163	-0.9999996330540085	0.04867289275871696	0.12216431858254077	35147529.0	399209.8	12.11	12.126165577687528
-2.102388266842163	-0.9999996438478406	0.05733947650102447	0.12216431858254077	35147529.0	273174.125	12.1	12.106082844096543
-0.989179227834429	-0.9999988873910595	0.09766682917917682	0.37188179602112864	11677117.75	438916.0	11.28	11.427476452378468
-0.989179227834429	-0.9999988897903732	0.12102688221211277	0.37188179602112864	11677117.75	426789.5	11.405000000000001	11.50771883148986
-0.989179227834429	-0.99999893015435	0.13504989881581486	0.37188179602112864	11677117.75	266388.1875	11.52	11.53470939663417
-2.224555810791899	-0.9999993575602414	0.019219987182140047	0.10811543167858273	18741544.5	169449.025	11.35	11.41717429840668
-2.224555810791899	-0.9999993922325335	0.01683380746051038	0.10811543167858273	18741544.5	88476.275	11.450000000000001	11.491019126570155
-1.4529983334364085	-0.9999988106966041	0.056731281945797275	0.23386802149664263	10476790.57142857	257835.92857142858	11.25	11.284917541523033
-1.4529983334364085	-0.9999987826983218	0.11191566230237868	0.23386802149664263	10476790.57142857	345729.46428571426	11.26	11.301559675898497
-0.7136391262758837	-0.9999986272266684	0.11841922753514897	0.4898582936792173	9359481.0	380196.4166666667	10.9	11.02155474797006
-1.89135424103756	-0.999999555963337	0.03603338764110206	0.1508673596612039	30134571.6	647486.4	12.43	12.532776310452286
-2.135932035392045	-0.9999995859410672	0.043174005983360055	0.1181344335764791	32822322.6	798407.675	12.1	12.17472774752743
