-2.1628777826142014	-0.999996006747551	0.10423385961066976	0.11499371749215337	2926225.6	118794.35	9.03	9.030338088755348
-2.1628777826142014	-0.9999959746011884	0.1450280684933912	0.11499371749215337	2926225.6	130511.6	9.024999999999999	9.080034615496015
-2.1628777826142014	-0.9999961454803122	0.12186393364737744	0.11499371749215337	2926225.6	79156.45	9.08	9.090972270972271
-1.7913546793444348	-0.9999964294422538	0.0737814449466427	0.16673414530368344	3264368.6	115336.35	8.78	8.861363002059976
-2.0431519692961246	-0.9999958603736657	0.09436646941861934	0.12961950960782437	2799403.2	107847.55	9.040000000000001	9.086762215374327
-2.0431519692961246	-0.9999957303560609	0.10563782141012767	0.12961950960782437	2799403.2	155196.675	9.105	9.130571138545623
-0.6968784721085864	-0.999994874804738	0.12066540979153614	0.498137830534783	2386341.0	204937.16666666666	9.120000000000001	9.125439391849092
-0.23681074016874595	-0.9999945434017221	0.11802611366308727	0.7891406265070837	2128564.5	110714.75	8.97	9.06330711759355
-0.23681074016874595	-0.9999945224382595	0.11825786541932728	0.7891406265070837	2128564.5	115767.0	9.09	9.091246116096146
-2.1065790579433283	-0.999996155058358	0.10441077337884473	0.12165342471580437	3062817.3	130137.4	9.16	9.230959269471132
-1.6711864510501546	-0.9999962044854308	0.07319198864284582	0.18802385215215306	3055071.1	108614.225	9.06	9.080365872109818
-1.6711864510501546	-0.999996277189042	0.1054660753430745	0.18802385215215306	3055071.1	86980.625	9.075	9.076577812748631
-1.9711937151249639	-0.9999959629651448	0.0950758448367318	0.1392904837769111	2889325.8	116343.275	8.92	8.96396983021607
-1.9711937151249639	-0.9999960591710498	0.09659559649076069	0.1392904837769111	2889325.8	88108.775	9.045000000000002	9.08878322123612
-1.9711937151249639	-0.9999962230034765	0.09729233365597002	0.1392904837769111	2889325.8	54882.8	9.075	9.138526944902445
-1.1581346312508958	-0.9999951099808004	0.11181896410903311	0.31407149395033096	2491181.2	195227.1	9.1	9.114539621324985
-1.1581346312508958	-0.9999954706488994	0.10877081405156122	0.31407149395033096	2491181.2	79492.8	9.14	9.148841963245143
-1.1581346312508958	-0.9999955409874131	0.12778294068231297	0.31407149395033096	2491181.2	66715.55	9.13	9.148601430853336
-1.9318134386949515	-0.9999963013471774	0.07550646045629322	0.14488521964406129	3160793.4	119451.9	8.950000000000001	8.959971829953878
-1.8887940511022314	-0.9999963987759064	0.0689750603728173	0.15125410361472175	3221676.7	109313.0	8.88	8.93062945368171
-1.8887940511022314	-0.9999965125478925	0.08261274602696583	0.15125410361472175	3221676.7	75767.9	8.92	8.937131161376616
-1.8887940511022314	-0.9999966852172352	0.09361234382040728	0.15125410361472175	3221676.7	43439.975	8.93	8.938408883480378
-2.0757412459410842	-0.9999960194569918	0.10777170394817921	0.12546339378562968	2952989.1	127324.25	9.120000000000001	9.16468001091791
-2.0757412459410842	-0.9999960876174578	0.11742325383310705	0.12546339378562968	2952989.1	104111.05	9.21	9.223416428131454
-1.5992898009446623	-0.9999960692178017	0.08922544337822098	0.20203995563962218	3195459.6666666665	285116.30555555556	9.06	9.06200738562588
