-1.953687543039627	-0.9999979358024901	0.07757726288351766	0.1417503959557395	5824216.3	166429.45	10.19	10.230576263387276
-1.7521255078739437	-0.9999978007806681	0.0775906337468133	0.17340497782393605	5928945.0	460030.6	10.190000000000001	10.205009914992841
-1.61439224001968	-0.9999978275447894	0.07063595053199566	0.19901158497055682	5805254.222222222	300034.1111111111	9.98	10.220017267418273
-1.61439224001968	-0.9999979812734215	0.05003938207684861	0.19901158497055682	5805254.222222222	122910.63888888889	9.96	10.2978180257831
-1.9100366761520193	-0.999997865554523	0.08135290663010336	0.14807495567628579	5640743.2	169372.025	10.1	10.12803616617461
-2.1300799685398872	-0.9999980891494572	0.07502153831326072	0.11882779098750632	6210748.3	142600.85	10.120000000000001	10.145108512261077
-2.1300799685398872	-0.999998025303228	0.0894975204080013	0.11882779098750632	6210748.3	211999.65	10.200000000000001	10.259933594265775
-2.1300799685398872	-0.999998079681372	0.10521870342611273	0.11882779098750632	6210748.3	151237.85	10.290000000000001	10.390687379770807
-0.702755685010085	-0.9999980951945046	0.03859990682837331	0.4952187548674905	5878918.0	72997.58333333333	9.44	9.566319522396793
-0.702755685010085	-0.9999981363023702	0.020938656531045756	0.4952187548674905	5878918.0	57325.916666666664	9.57	10.011808171292879
-1.6873264121959193	-0.9999979977048701	0.07545573871660673	0.18501351320946818	5981309.8	158949.4	10.1	10.175178660827875
-1.6873264121959193	-0.9999980285001797	0.0520499830259267	0.18501351320946818	5981309.8	132209.575	10.235	10.280009183363692
-1.4327797533062236	-0.9999978504308719	0.08435238691041026	0.23864462619326277	5625334.285714285	178445.64285714287	10.16	10.163527693594279
-0.9765309254811686	-0.9999979287761324	0.0531424813967967	0.37661534197135627	5605215.0	110155.25	9.895	9.979712075993358
-0.9765309254811686	-0.9999980075437668	0.030496097506058934	0.37661534197135627	5605215.0	70836.625	9.965	9.970238321663269
-2.0319797041328473	-0.9999979324222102	0.06730072127275358	0.13107577287168864	5702852.4	132069.475	10.17	10.194680379300136
-2.0319797041328473	-0.9999979147350672	0.062089138240044195	0.13107577287168864	5702852.4	146086.075	10.200000000000001	10.273843593949037
-2.1874034399419315	-0.9999981336014281	0.06557265066071119	0.11220772478167752	6491292.0	182651.025	10.200000000000001	10.213079958913358
-1.3144956439941542	-0.9999978860390842	0.08300565444503782	0.2686097640288944	5699424.333333333	170818.08333333334	10.01	10.046161198447523
-1.3144956439941542	-0.9999979556473518	0.051182921951849064	0.2686097640288944	5699424.333333333	114877.83333333333	10.120000000000001	10.1402531485965
-1.3144956439941542	-0.9999980075260783	0.09888318746959499	0.2686097640288944	5699424.333333333	85471.875	10.14	10.147637952322158
-0.24304805903634732	-0.9999976490381544	0.027354725846859145	0.78423382334406	4660957.0	57395.125	9.700000000000001	9.792167836313054
-2.066926547588588	-0.9999979885058928	0.0709553230401784	0.12657420429351982	5874842.8	135564.7	10.040000000000001	10.05577181225566
