-1.4335636618733203	-0.9999971845246121	0.07637325385839118	0.2384576239322118	4200424.571428572	136787.60714285713	9.995000000000001	10.085686830470394
-1.170607918774714	-0.9999970416549367	0.08523079048230758	0.3101783207136355	3990336.2	133891.35	9.72	9.779397384250318
-1.170607918774714	-0.9999970682944156	0.0858739089298839	0.3101783207136355	3990336.2	120388.9	9.790000000000001	9.836510772769344
-1.170607918774714	-0.9999971382247917	0.12714240961715972	0.3101783207136355	3990336.2	91074.6	9.82	9.855159785067874
-0.9802999177111938	-0.9999972294187285	0.08661033145597269	0.37519855328369456	4302860.5	150454.8125	9.81	9.890420208049846
-2.0935154968688536	-0.9999974965969052	0.07360341349669867	0.12325307749114818	4787341.4	160273.825	9.0	9.034483176142873
-2.0935154968688536	-0.9999975836337234	0.07431819061050367	0.12325307749114818	4787341.4	105657.8	9.015	9.041430151746393
-2.1512891397455016	-0.9999972516630649	0.07214559428658726	0.11633409016583147	4319784.1	143231.175	9.0	9.03128022744376
-2.1512891397455016	-0.9999973531518113	0.07283219886490883	0.11633409016583147	4319784.1	92392.575	9.040000000000001	9.062795604041707
-2.1512891397455016	-0.9999975378365117	0.05546410178099681	0.11633409016583147	4319784.1	41605.625	9.07	9.090397379372076
-1.316318820896317	-0.9999968875074924	0.09147398451705187	0.2681204870661788	3985235.8333333335	243777.83333333334	9.86	9.860446890840862
-1.316318820896317	-0.9999970400668203	0.09299708411094462	0.2681204870661788	3985235.8333333335	132723.625	9.85	9.892089650719592
-1.316318820896317	-0.9999971048586872	0.1368152467726176	0.2681204870661788	3985235.8333333335	102519.79166666667	9.885000000000002	9.90859485576613
-1.6874882601093302	-0.9999971166614767	0.08191769589870807	0.1849835715814627	4131130.9	148961.35	9.950000000000001	10.0337655397892
-1.9080661551676017	-0.9999973166063879	0.07625629751049749	0.14836702815667976	4448213.1	152710.625	9.74	9.862322589914463
-2.203470802638424	-0.9999969987277919	0.07076491673458876	0.11041924908999777	3938779.8	136126.925	9.08	9.084538700162122
-2.123310373612056	-0.9999973756738394	0.0706163572212084	0.11963493593839863	4530739.7	145820.525	9.03	9.047184925893974
-1.9911745099292268	-0.9999975206622879	0.07365938788964395	0.13653496955802016	4865859.9	173529.725	9.450000000000001	9.46756171887208
-1.5313761334214029	-0.999997104984923	0.07772496844955844	0.21623789028474294	4090207.0	138857.53125	9.98	9.983402713988424
-1.614829040999904	-0.9999970762090465	0.07694469094409856	0.19892467549761902	4041691.0	135544.08333333334	9.96	9.974800827139392
-1.614829040999904	-0.9999971092828431	0.091282232232442	0.19892467549761902	4041691.0	118584.02777777778	9.955000000000002	9.985523676346425
-1.614829040999904	-0.999997170619474	0.13115665140457006	0.19892467549761902	4041691.0	92546.91666666667	9.96	9.976656228235703
