-1.6687678017664842	-0.9999885088862821	0.12228967328669829	0.188479166308142	943478.1	51102.8	6.15	6.195586374274074
-1.2545303009310076	-0.9999833110088927	0.10359245377903216	0.2852097795362007	614485.5	28427.375	6.36	6.395136363636364
-1.538847710173315	-0.9999869878142924	0.10535735146166207	0.2146282729684632	812972.8888888889	39282.27777777778	6.15	6.150251653533881
-1.894837211814694	-0.9999974367319531	0.08852478185846119	0.1503428070872063	4701967.3	171509.975	5.88	5.9186822016874245
-1.894837211814694	-0.9999974974419383	0.07300067146267766	0.1503428070872063	4701967.3	128918.85	6.105	6.114154593562939
-1.894837211814694	nan	nan	0.1503428070872063	4701967.3	nan	6.09	6.12671796344053
-0.6689158427129813	-0.9999791573652033	0.11453889264042541	0.5122636512090584	484635.6666666667	24368.416666666668	6.41	6.450691489361702
-0.6689158427129813	-0.9999791956152984	0.15752936011414773	0.5122636512090584	484635.6666666667	23920.833333333332	6.44	6.46167943107221
-1.8162461091328805	-0.999995324278032	0.08243048931346075	0.16263512095924815	2627567.2	216591.65	5.79	5.7943820574585825
-1.8572077154986915	-0.9999964054864944	0.070873615100772	0.1561079200845923	3370828.8	182861.475	5.77	5.814562850590198
-1.8572077154986915	-0.9999965651224911	0.06853433981972448	0.1561079200845923	3370828.8	106763.85	5.9	5.9239708642416655
-1.9962903242289631	-0.9999979754218199	0.08454235981387485	0.13583826563178028	6040750.8	204836.5	6.03	6.041934563826753
-1.7734361661608293	-0.9999940257724271	0.10784160849154727	0.16974870080340151	1860276.1	67083.8	5.38	5.51540290478752
