-1.985734161339018	-0.9999959100860031	0.09532166365766957	0.13727979159586606	2794053.2	91805.4	6.8500000000000005	6.900952569482936
-1.985734161339018	-0.9999958114814049	0.13039047646055593	0.13727979159586606	2794053.2	120926.175	6.9350000000000005	6.973688367340555
-1.985734161339018	-0.9999958867556573	0.1580859998073721	0.13727979159586606	2794053.2	97989.275	6.98	6.98400396432111
-0.938762950495323	-0.9999929635708588	0.09295365574413846	0.3911113603392722	1538121.75	50154.5625	6.97	6.974669721967616
-0.938762950495323	-0.9999927036084163	0.132020811292769	0.3911113603392722	1538121.75	74811.375	6.925	6.934597098104125
-0.6738849147592734	-0.9999934585197728	0.1221254348875145	0.5097244900814707	1694626.6666666667	65208.916666666664	6.88	6.913742763365205
-0.6738849147592734	-0.999993254455142	0.13800093847966297	0.5097244900814707	1694626.6666666667	92149.66666666667	6.86	6.919602298231439
-0.6738849147592734	-0.9999934974262791	0.16178842756183745	0.5097244900814707	1694626.6666666667	61048.166666666664	6.96	6.962977420589361
-1.9157366229747836	-0.9999949668529018	0.1195307579889473	0.1472333371721455	2505342.6	299465.5	6.78	6.791575392999523
-1.3754667512443144	-0.9999934252099603	0.06504879041598356	0.2527216101459112	1616650.857142857	41320.57142857143	6.78	6.822855628019039
-1.3754667512443144	-0.9999931231774196	0.1354245650711686	0.2527216101459112	1616650.857142857	67333.03571428571	6.83	6.836367363673637
-1.3754667512443144	-0.9999932804255489	0.1466589551124956	0.2527216101459112	1616650.857142857	52218.21428571428	6.8500000000000005	6.925379458680751
-1.7375465916714996	-0.99999222630074	0.11088715033853454	0.17595155250924774	1550742.8	171957.45	6.94	6.949089525741821
-2.129003860590274	-0.9999957303099134	0.07110138336986324	0.11895573134449418	2669427.0	89108.925	6.86	6.862745514636449
-2.04791506444948	-0.9999963022366645	0.078829836303014	0.1290035875619422	3115457.7	100731.65	7.01	7.131363792309945
-1.6819797497463165	-0.9999921846394583	0.10540983098088066	0.1860053672046436	1534660.7	161768.325	6.84	6.871535105704883
-0.22443317414341882	-0.9999938426372292	0.1330616300512812	0.7989689667015674	1861131.5	94812.0	6.92	6.921770329831289
-1.6203124861599907	-0.9999933110505195	0.07286624923319741	0.19783686814023108	1606533.9	46444.0	6.7700000000000005	6.822617330051769
-2.0177594979297186	-0.9999958443683399	0.09961460243871471	0.13295301312830635	2764217.7	97446.65	6.97	6.97389722150759
