-1.8716751829332374	-0.9999990438947084	0.04352952807758128	0.15386569262037372	13029876.6	257282.525	9.76	9.844278640985703
-1.8716751829332374	-0.999999038255465	0.06853831220347632	0.15386569262037372	13029876.6	276899.25	9.78	9.902048066189506
-2.001267101091283	-0.9999988834807825	0.04206348362957124	0.13516390834911718	11049598.2	227996.225	10.040000000000001	10.053659090909091
-1.9181419420236523	-0.9999989604267427	0.04370083674826842	0.146879619593969	12012306.9	265048.8	9.89	9.903442803908243
-1.9181419420236523	-0.9999989637402925	0.08248821915520817	0.146879619593969	12012306.9	254706.125	10.004999999999999	10.022807303725532
-1.9181419420236523	-0.9999989983782006	0.07844591703851027	0.146879619593969	12012306.9	168010.625	10.07	10.071613264232138
-2.1356387833471224	-0.99999816489448	0.06004390456677229	0.11816908182078707	6850323.6	288100.075	10.0	10.028710909867245
-2.1356387833471224	-0.9999982715879329	0.07069935287143202	0.11816908182078707	6850323.6	138714.725	10.085	10.110643793225181
-2.1356387833471224	-0.9999983815672183	0.05338413197788531	0.11816908182078707	6850323.6	65301.675	10.094999999999999	10.118161541446932
-1.5377382276341078	-0.9999988389929602	0.06566800624541715	0.2148665314371069	10894028.125	311153.03125	10.540000000000001	10.798918898018153
-1.5377382276341078	-0.9999988312779541	0.09097646725967264	0.2148665314371069	10894028.125	338435.1875	10.815000000000001	10.817142065333373
-0.9813808750526494	-0.9999984187817547	0.07664227699590158	0.3747931987779538	7762722.25	214176.0	10.24	10.279575279148553
-1.1741833226132548	-0.9999986341063276	0.05176672410906946	0.30907128817862484	8798562.4	165693.45	10.42	10.432243496878634
-1.1741833226132548	-0.9999985947690407	0.06413592150063173	0.30907128817862484	8798562.4	234218.1	10.4	10.405317788858683
-1.1741833226132548	-0.9999986067456915	0.17367357128321068	0.30907128817862484	8798562.4	210792.65	10.450000000000001	10.465976056684728
-2.0726265986423487	-0.9999985965933645	0.032544758038495325	0.12585477720042038	8405089.4	132687.325	9.98	10.087247454803599
-2.0726265986423487	-0.9999985202440973	0.06711120033582	0.12585477720042038	8405089.4	252073.675	10.055	10.066634123090482
-1.439332832205975	-0.9999986812199712	0.062096658948775287	0.2370858819937503	9309661.857142856	214784.7142857143	10.41	10.47892214558781
-1.439332832205975	-0.9999986338448064	0.08816189755777779	0.2370858819937503	9309661.857142856	333847.60714285716	10.485	10.576263047362268
-2.191924593389369	-0.9999977187764881	0.07856887149430891	0.11170156152303204	5416857.8	232596.175	10.1	10.101506181596113
-0.24313260841133624	-0.9999976636569468	0.04167391654583535	0.7841675196674578	4914727.5	97001.25	10.18	10.216317208831956
-1.6219923129109253	-0.9999989011662138	0.061401985517519554	0.19750481545038617	11508037.111111112	310337.8333333333	10.68	10.702952262143326
-1.6219923129109253	-0.9999988488150519	0.10055185378597488	0.19750481545038617	11508037.111111112	566865.5	10.745000000000001	10.791217278113029
-1.9613941098162297	-0.9999989008838277	0.0424211688361164	0.14066218563229416	11251471.7	234842.475	10.07	10.10407801834346
