-1.702188579603195	-0.9999971732929259	0.07900375715641482	0.18228414381528907	4057888.0	95841.425	5.66	5.664799555004082
-1.702188579603195	-0.9999971362723667	0.13775194061151186	0.18228414381528907	4057888.0	111377.1	5.795	5.844643072477795
-1.702188579603195	nan	nan	0.18228414381528907	4057888.0	nan	5.82	5.840373124921215
-0.6608501473393783	-0.9999973237764844	0.09913584315426978	0.5164121214291887	4369209.0	119727.25	5.8100000000000005	5.822698569314258
-1.8405463092691983	-0.9999967740227362	0.12234275626341568	0.1587306863704466	3935244.4	326115.175	5.6000000000000005	5.60255621577537
-1.7528905527978247	-0.9999972273660319	0.072626884475006	0.17327236595936116	4122028.6	91937.625	5.79	5.804828422546321
-1.980078011023326	-0.9999963988039787	0.09709085853523407	0.13805846680851477	3148715.7	84046.925	5.65	5.691747682568392
-1.980078011023326	-0.9999964268621813	0.14978027445933442	0.13805846680851477	3148715.7	76940.075	5.69	5.710370421182604
-1.980078011023326	nan	nan	0.13805846680851477	3148715.7	nan	5.69	5.700117115609838
-1.798402454418278	-0.9999971621097146	0.08036301774875611	0.1655631717764335	4147188.6	129218.3	5.72	5.7223462197676636
-1.520427966541745	-0.9999965427743466	0.1081842575646739	0.2186183056085876	3705403.777777778	366009.3888888889	5.3500000000000005	5.3505505617977525
-1.9486701677669538	-0.9999965890302224	0.11629721439915239	0.14246339809117906	3513040.7	159990.45	5.62	5.6318879232843875
-1.9486701677669538	-0.9999967848762589	0.15225549529986007	0.14246339809117906	3513040.7	80406.325	5.62	5.6619309029249685
-1.647972042848762	-0.9999968343634356	0.07165440239648203	0.1924397727866345	3598233.8	88493.925	5.36	5.367349984402329
-1.647972042848762	-0.9999967825579625	0.14275728946943866	0.1924397727866345	3598233.8	106627.775	5.4	5.508003369839932
-1.647972042848762	nan	nan	0.1924397727866345	3598233.8	nan	5.58	5.621439042267285
-1.87907319371666	-0.999996860807845	0.09332130452399935	0.1527315927810786	3625263.4	87586.925	5.65	5.690529187124932
-0.9212777545912999	-0.9999968025714555	0.10842040403601694	0.39801015673394186	3626456.75	108589.1875	5.86	5.866935525972331
