-1.809786797610919	-0.9999976538881149	0.06995201213443038	0.16368903197538837	5063751.3	144367.9	9.9	9.920577756532824
-1.752483834903353	-0.9999977259930537	0.06696699314712623	0.17334285326446672	5214511.9	141185.4	9.78	9.846963423036597
-1.9526167996525665	-0.999997806375951	0.07933265523208152	0.14190225554163716	5486175.0	168484.575	10.08	10.100031329583555
-2.098845258019779	-0.9999982548199815	0.07594652065613487	0.12259791550634715	6884352.5	165120.1	10.07	10.07142802376845
-2.2378970237905023	-0.9999982715525454	0.08185472069152135	0.1066826196532098	7167181.1	239927.425	10.25	10.34384105937537
-2.2378970237905023	-0.9999982982588176	0.07894900843695064	0.1066826196532098	7167181.1	198130.7	10.3	10.319741688778503
-1.1717544063890446	-0.9999978835975137	0.07832766403538474	0.3098229088872624	5788743.0	209254.25	9.91	9.910105060671603
-1.1717544063890446	-0.9999979365362883	0.07648155813572868	0.3098229088872624	5788743.0	154022.6	9.915	9.986007884963367
-0.9810516651169813	-0.9999979666199593	0.05410545538909957	0.3749166047349314	5765247.5	123368.5	9.88	9.954565777891808
-1.9086752023675009	-0.9999976723510587	0.09503602058143787	0.1482766931455588	5551582.5	409270.95	10.01	10.13274416446012
-1.9086752023675009	-0.9999977586744155	0.11824508139610726	0.1482766931455588	5551582.5	253444.45	10.025	10.180937849399612
-1.9086752023675009	-0.9999979282173351	0.12849491751140898	0.1482766931455588	5551582.5	98880.0	10.17	10.170835328475885
-1.5327160263194701	-0.999997639157942	0.07357096659366245	0.2159483486919375	5075078.875	159764.0625	9.91	10.024128459385587
-1.9929729585829146	-0.9999978274324374	0.08035957203648077	0.1362896390990791	5549145.0	172109.575	10.1	10.122674285714286
-1.9929729585829146	-0.9999977750727227	0.11248846896441293	0.1362896390990791	5549145.0	230139.225	10.105	10.116114488126994
-1.9929729585829146	-0.9999979252843519	0.1330923871493949	0.1362896390990791	5549145.0	99996.25	10.115	10.127168505582032
-2.186435216050624	-0.9999984402213753	0.08291531219818474	0.11231641959356582	7947262.4	241824.1	10.3	10.31263934450307
-1.6159612114022512	-0.9999977071215858	0.07517385321224097	0.1986995863114248	5230886.888888889	161745.83333333334	9.93	9.96166733597711
-1.6159612114022512	-0.9999977346267446	0.08960482952960312	0.1986995863114248	5230886.888888889	140070.91666666666	9.945	9.982855211842315
-2.212840666939526	-0.9999984418518841	0.07410482307241192	0.10938946769980969	7875557.5	213476.15	10.27	10.301336916744749
-2.158606452250206	-0.9999983502616703	0.08597886277543135	0.11548594413228414	7485832.2	230881.525	10.14	10.261520645420676
-2.1294677133882054	-0.9999982387931242	0.08127766674986789	0.11890056619092455	6899845.9	189482.275	10.145	10.18253900513374
-2.1294677133882054	-0.9999981755821907	0.09540261909309858	0.11890056619092455	6899845.9	293079.25	10.125	10.160562760775287
-1.8614693624580176	-0.9999974556313572	0.0938904683517844	0.15544405881754564	4770569.9	186854.05	9.9	9.945978109743546
