-0.6908101071894123	-0.9999940241318594	0.12777308026078638	0.5011699032276139	1919223.6666666667	95704.16666666667	8.41	8.42384854396994
-0.6908101071894123	-0.9999941046216118	0.10625156020153702	0.5011699032276139	1919223.6666666667	82005.16666666667	8.465	8.518732168220836
-2.0641425643028546	-0.9999950629669636	0.0722761399363506	0.12692707572885428	2283909.8	78883.35	8.55	8.57235110803324
-1.9199423860452915	-0.999994307836755	0.10644963353493915	0.14661540898055217	2005287.9	90618.625	8.67	8.689533946821594
-1.9199423860452915	-0.9999943139964746	0.14281249566207055	0.14661540898055217	2005287.9	89506.175	8.71	8.729192238420499
-1.148697941633068	-0.9999939188474637	0.12235528305777793	0.31704931745645476	1879015.2	91726.55	8.540000000000001	8.563390764955164
-1.148697941633068	-0.9999941047836498	0.09365278679542419	0.31704931745645476	1879015.2	64678.6	8.61	8.61701192823818
-1.148697941633068	-0.9999946305213161	0.08434629059417176	0.31704931745645476	1879015.2	24083.7	8.605	8.610080327610648
-0.23420143904588983	-0.999994079660427	0.10756542987589222	0.7912024207811751	1914461.0	83637.5	8.45	8.4838506007708
-1.9970981276172766	-0.9999951945994019	0.07820171127244009	0.1357285793289884	2365806.8	86563.875	8.700000000000001	8.793984840416789
-1.292731288264905	-0.9999935827168858	0.1222113185443146	0.27451996504723686	1771229.3333333333	86376.29166666667	8.6	8.63309059516555
-1.7218512113930284	-0.9999941349535724	0.11343620069421637	0.17873496525750465	1955912.9	95943.0	8.6	8.659895466549296
-1.7218512113930284	-0.9999943569256031	0.10209890731414674	0.17873496525750465	1955912.9	62152.475	8.59	8.616981132075471
-1.7218512113930284	-0.9999946222940285	0.11059318765029133	0.17873496525750465	1955912.9	36986.1	8.635000000000002	8.653198198198199
-1.6587056713259594	-0.9999937497137503	0.12069370077211261	0.1903852417729102	1822015.1	88265.5	8.49	8.536086633544658
-2.1759280177347087	-0.9999950976965473	0.051072935748810694	0.11350277219485204	2220583.6	53420.825	8.03	8.057407523707845
-2.0946199923471993	-0.9999947573712604	0.0869198030477418	0.1231170201755435	2268859.7	146500.225	8.5	8.501979256344033
-2.031828208247372	-0.9999950738452953	0.0763335194197705	0.1310956318162004	2295290.0	81384.6	8.555	8.566198096821603
