-1.329369304798556	-0.9999985301809304	0.07594720337526494	0.26464411845188845	8644743.666666666	329788.25	10.73	10.734704222360994
-1.7647827371357363	-0.99999830577544	0.06913137372265535	0.1712239830570673	7302463.4	236099.5	10.1	10.143879800301226
-1.7647827371357363	-0.9999984326102133	0.04340376285949396	0.1712239830570673	7302463.4	93507.4	10.15	10.165335720680394
-1.7647827371357363	-0.9999984009360218	0.10618859878787815	0.1712239830570673	7302463.4	117841.725	10.195	10.196226350364038
-1.9641285051308177	-0.9999975488201265	0.061708172025490435	0.14027808499178143	4759709.5	116645.6	10.35	10.362136334607946
-1.9641285051308177	-0.9999975809270937	0.06397629945792496	0.14027808499178143	4759709.5	100114.95	10.375	10.382723951785422
-0.24455606566958943	-0.9999984090867773	0.11764918743190732	0.7830520847951773	8059449.5	370230.875	10.66	10.761806559907326
-1.821584988184091	-0.999998130659056	0.058883563936597924	0.16176914544518595	6481465.6	182784.575	10.21	10.285332813025136
-1.821584988184091	-0.9999981369682708	0.0619872015628089	0.16176914544518595	6481465.6	175460.7	10.335	10.346338682589819
-1.5455399580892895	-0.9999984780110278	0.07113572277881602	0.2131967228429542	8222698.375	272352.53125	10.35	10.364541357159583
-2.076363477974442	-0.9999972243814553	0.05968717106264375	0.12538535072596632	4182259.9	110012.475	10.0	10.020760270786312
-2.076363477974442	-0.9999971048481544	0.0918288255423235	0.12538535072596632	4182259.9	181365.925	9.995000000000001	10.005712651420806
-0.987857207522253	-0.9999986134626805	0.08338981752131974	0.3723737564283712	9329591.0	414912.8125	10.92	11.206726349591571
-2.0043689678224217	-0.9999974286747192	0.06751857604893861	0.13474529749174563	4556133.5	122429.8	10.38	10.38665323541088
-2.0043689678224217	-0.9999973548742364	0.074723826494255	0.13474529749174563	4556133.5	171363.15	10.32	10.32311092950033
-1.9207090260017154	-0.9999977110895517	0.05693303475535308	0.14650305082442927	5097352.9	116701.625	10.265	10.316400539883016
