-1.1862494236459582	-0.9999988455297928	0.04617702249366017	0.3053644115370076	10052551.0	109684.3	10.83	10.861591355436067
-1.1862494236459582	-0.9999989153076189	0.027803622006782457	0.3053644115370076	10052551.0	54388.45	10.895	10.900876320696085
-1.5476580835467308	-0.999998962190906	0.044355525481648436	0.21274562334817249	11335515.125	128552.53125	10.040000000000001	10.073781064522265
-1.6298040955978552	-0.9999989493002178	0.05310382885078233	0.19596796135298167	11334046.555555556	148549.5	9.94	9.986711273058345
-1.6298040955978552	-0.9999989653126259	0.052626745634271284	0.19596796135298167	11334046.555555556	123894.63888888889	9.98	9.995146087288653
-2.000065399012246	-0.9999990995494199	0.06153137514922339	0.1353264327321773	14797544.1	611980.4	10.14	10.151046937860912
-2.000065399012246	-0.9999992145119259	0.06976338250822563	0.1353264327321773	14797544.1	111668.0	10.22	10.237190199580525
-0.7160899395177308	-0.9999987911805199	0.04895742578092427	0.48865921244870714	9494487.333333334	96481.91666666667	10.99	11.01362246964795
-1.917518523925318	-0.9999991880905227	0.04178409241333149	0.1469712155554238	14740633.1	157637.5	9.78	9.789945306333069
-1.917518523925318	-0.9999991684304012	0.0790159511572058	0.1469712155554238	14740633.1	210629.85	9.8	9.825577474266247
-1.917518523925318	nan	nan	0.1469712155554238	14740633.1	nan	9.84	9.883060614494346
-1.917518523925318	-0.9999992389193414	0.05309315407168329	0.1469712155554238	14740633.1	74518.1	9.91	9.925969423318314
-1.917518523925318	-0.9999992478068641	0.032648353454621956	0.1469712155554238	14740633.1	65367.975	9.925	9.971354290847172
-1.917518523925318	nan	nan	0.1469712155554238	14740633.1	nan	9.94	9.966053832160208
-1.917518523925318	-0.9999992185035722	0.042419089685762364	0.1469712155554238	14740633.1	100684.0	9.955000000000002	9.962138958263022
-1.960369947187822	-0.9999991983763511	0.04387364659986334	0.14080632038216237	15150102.9	188089.925	10.01	10.112266884441775
-1.872209726646424	-0.999999117547099	0.03953066300477402	0.15378346666035136	13475643.0	146036.725	9.4	9.429333189321177
-1.872209726646424	-0.9999990921282133	0.07738880663658229	0.15378346666035136	13475643.0	205695.3	9.46	9.511333259353789
-0.24952764854170317	-0.9999986386902966	0.061415665995766984	0.7791687376521114	8499353.0	105899.125	11.17	11.194108580239723
-0.9921375727872862	-0.9999987855622423	0.04346172996244526	0.37078326710172804	9544250.0	108108.25	11.03	11.087962726891984
-0.9921375727872862	-0.9999988544957841	0.02687804499874651	0.37078326710172804	9544250.0	55991.8125	11.105	11.14175012581682
-0.9921375727872862	-0.99999904756676	-0.014947357656654378	0.37078326710172804	9544250.0	-8867.5	11.145	11.147080430652311
-0.9921375727872862	-0.9999987314832833	0.06593098314979917	0.37078326710172804	9544250.0	181141.75	11.024999999999999	11.036266886284448
