-1.9267972041393948	-0.9999995238519649	-0.023985677982752696	0.14561382378626914	24131180.1	-97733.9	16.51	16.522336890074243
-2.1914802323439337	-0.9999995416834356	0.011917221886539034	0.1117512083754338	23318294.8	43789.0	16.51	16.58330131653628
-2.1914802323439337	-0.9999994806511485	0.06743697740920535	0.1117512083754338	23318294.8	181738.5	16.560000000000002	16.684919954134376
-2.1914802323439337	-0.9999994785981897	0.05819790522005068	0.1117512083754338	23318294.8	190650.25	16.71	16.771669143420397
-0.7528759294920295	-0.9999994754398884	0.0639046425539452	0.47101001143450644	25571429.333333332	669141.1666666666	17.48	17.831730011152114
-0.7528759294920295	-0.9999995417768772	0.027986726723520854	0.47101001143450644	25571429.333333332	122689.5	18.14	18.153141334835546
-0.7528759294920295	-0.9999994651183671	0.09275960185033962	0.47101001143450644	25571429.333333332	871252.1666666666	18.130000000000003	18.1485103733801
-0.27043560133409184	-0.9999991087151662	0.044030074875896656	0.7630470376252522	12852730.0	94412.875	17.43	17.496223003237194
-2.2577938473139487	-0.9999995308182523	0.02267422531617357	0.10458095198647284	24580029.3	101975.85	16.75	16.805404193049846
-2.2577938473139487	-0.9999995003556736	0.061481120074391354	0.10458095198647284	24580029.3	215618.85	16.759999999999998	16.831316127137246
-1.7991185767516884	-0.9999994911359441	-0.01901764896621821	0.16544465073438183	21935970.2	-70432.675	17.41	17.425654971584237
-2.287893072142611	-0.999999524096293	0.03401602847945022	0.10148004790957628	25357626.7	174169.25	16.98	17.026784311680572
-2.116499202499861	-0.9999993813806604	0.030760402485682115	0.12045257132435257	20133546.1	256529.025	16.42	16.458163426216643
-2.116499202499861	-0.9999994387542522	0.03510109701814487	0.12045257132435257	20133546.1	80809.9	16.58	16.619727760052776
-1.9804997060612244	-0.9999994350624559	0.017210571678654217	0.13800026051163758	21231834.3	161887.05	16.3	16.353454250385287
-2.2256504798737593	-0.999999547550191	0.02446181897963336	0.10799714581200448	25541253.1	104414.675	16.9	16.97586505258333
-2.2256504798737593	-0.999999521282012	0.05795262180922995	0.10799714581200448	25541253.1	204240.275	17.08	17.104836356540734
-1.7215210661171474	-0.9999994555036241	-0.023067501487624292	0.17879398350368064	20939780.777777776	-89466.86111111111	17.37	17.37663635037278
-1.7215210661171474	-0.9999994031664745	0.06057039787869366	0.17879398350368064	20939780.777777776	267683.19444444444	17.355	17.37444067488842
-1.7215210661171474	-0.9999994379251129	0.042716902235347465	0.17879398350368064	20939780.777777776	129277.58333333333	17.395000000000003	17.404333712715495
-1.7215210661171474	-0.9999994196392634	0.051642870470597645	0.17879398350368064	20939780.777777776	189590.41666666666	17.365000000000002	17.370382706150785
-1.7215210661171474	-0.9999993784184361	0.09636363820447501	0.17879398350368064	20939780.777777776	449449.80555555556	17.395000000000003	17.415246110215545
