-2.1107017640753645	-0.9999988817027575	0.033327114460164294	0.12115291583018782	10423813.9	115487.05	11.28	11.295730011587485
-2.1107017640753645	-0.9999988841332184	0.06715821690375659	0.12115291583018782	10423813.9	112597.95	11.265	11.334680718674653
-2.1107017640753645	nan	nan	0.12115291583018782	10423813.9	nan	11.3	11.327290625326992
-2.1107017640753645	-0.9999989526735156	0.051230449199897075	0.12115291583018782	10423813.9	55111.75	11.24	11.256109176155391
-2.1107017640753645	-0.9999989520924093	0.03878176522758493	0.12115291583018782	10423813.9	55446.6	11.3	11.365288359421896
-2.1107017640753645	-0.9999989426372492	0.035221602882803474	0.12115291583018782	10423813.9	61189.825	11.27	11.27665708405717
-1.5767275053093635	-0.9999993052281794	-0.01173238294150659	0.20665025474071844	15870873.875	-61489.375	11.65	11.838944770220303
-1.5767275053093635	-0.9999992351745112	0.02881944873390012	0.20665025474071844	15870873.875	186921.40625	11.91	11.971736195263375
-1.5767275053093635	-0.999999295118391	0.037323079866018606	0.20665025474071844	15870873.875	72191.1875	11.95	11.983528355102035
-1.5767275053093635	-0.9999992646796008	0.06311566431291292	0.20665025474071844	15870873.875	117028.03125	12.004999999999999	12.069594715822342
-1.356469275640005	-0.9999990486857859	0.030928850647197283	0.257568577063929	13426164.0	352391.4166666667	12.63	12.635623717771226
-1.9992739957028784	-0.9999992794754965	-0.0036078303503946844	0.1354335729088396	13542547.8	-17286.475	11.33	11.422990299787479
-1.9992739957028784	-0.9999991476460177	0.04557072603778511	0.1354335729088396	13542547.8	103056.725	11.38	11.40120680208243
-1.9992739957028784	-0.9999991241815785	0.03357781730478963	0.1354335729088396	13542547.8	141606.275	11.235	11.250522404893745
-1.9992739957028784	-0.9999991412728092	0.04083458103243662	0.1354335729088396	13542547.8	112346.725	11.265	11.267088432582867
-1.9992739957028784	-0.9999991801771951	0.027615833959044284	0.1354335729088396	13542547.8	66335.1	11.315000000000001	11.425552600396296
-1.6606957614606799	-0.9999993911278129	0.0027030503300910945	0.1900067347379414	15806709.666666666	15126.444444444445	11.8	11.840175971112576
-1.9089851425677977	-0.9999993101501181	-0.003988236996854929	0.14823074335879688	14331305.6	-19661.125	11.49	11.545497095259632
-1.9089851425677977	-0.9999991925349618	0.04376792928937665	0.14823074335879688	14331305.6	106087.425	11.67	11.700172813894168
-1.9089851425677977	-0.9999991992092014	0.03090110921963338	0.14823074335879688	14331305.6	96410.2	11.635000000000002	11.658604185883759
-1.9089851425677977	-0.9999992345689	0.0352728003798745	0.14823074335879688	14331305.6	58081.925	11.594999999999999	11.69561455728259
-1.9089851425677977	-0.999999208158196	0.05161601926809293	0.14823074335879688	14331305.6	84805.45	11.695	11.717321179749186
-1.2071705276736615	-0.9999991688355458	0.02787380199789662	0.2990422151772743	14059863.4	118901.45	12.38	12.585141515030084
-1.2071705276736615	-0.9999992224240098	0.01969655274344754	0.2990422151772743	14059863.4	55971.3	12.66	12.699634943414097
-1.2071705276736615	-0.999999135838669	0.05422592339320523	0.2990422151772743	14059863.4	189091.25	12.695	12.736071731459297
-1.2071705276736615	-0.9999991683201461	0.06737663501958974	0.2990422151772743	14059863.4	119766.2	12.55	12.767116583580258
-2.2296947359700297	-0.9999987523757595	0.027553651453909603	0.10756125970830344	9011009.2	76293.3	11.57	11.599602841372514
-0.25777578068018975	-0.9999991292852132	0.10620923801994288	0.7727684823066548	15011789.0	474959.375	13.43	13.561143309369614
-2.1729829158829257	-0.9999987916561479	0.03516090141486553	0.11383754214325065	9474467.6	93751.6	11.370000000000001	11.376366092859051
-2.1729829158829257	-0.9999987561346421	0.05603114770487113	0.11383754214325065	9474467.6	131262.5	11.370000000000001	11.399951238708102
-2.1729829158829257	-0.9999987476511752	0.09442936509838445	0.11383754214325065	9474467.6	142248.575	11.465	11.599524172074517
-2.1729829158829257	-0.9999988243851955	0.04619466226099062	0.11383754214325065	9474467.6	68755.35	11.665	11.693207600680658
-2.1729829158829257	-0.9999988225945591	0.044379799320567785	0.11383754214325065	9474467.6	69931.775	11.68	11.690990876513263
-1.7987395885268844	-0.9999994081752833	0.0022123439398664415	0.16550736419194728	15918568.6	12343.95	12.05	12.062220992958894
-1.7987395885268844	-0.9999992744803695	0.034284022321123486	0.16550736419194728	15918568.6	103696.575	12.094999999999999	12.162619247355487
-2.0390770575361135	-0.9999994373517678	0.00038176261343547723	0.13014877529497146	13325497.6	1802.65	11.43	11.461144201663805
-2.0390770575361135	-0.9999991310962486	0.049056100216388655	0.13014877529497146	13325497.6	106784.225	11.455000000000002	11.456304817788759
