-1.777189327516023	-0.9999995700134807	0.048094271336405287	0.16911280060393144	29400333.7	309200.1	7.8	7.823827323399129
-1.777189327516023	-0.9999996066144923	0.04118824329113892	0.16911280060393144	29400333.7	105414.525	7.91	7.988286319801684
-1.777189327516023	-0.9999995967712121	0.050235173259381774	0.16911280060393144	29400333.7	140794.1	7.99	8.044942205085446
-1.777189327516023	-0.9999996142240793	0.027357796664250585	0.16911280060393144	29400333.7	84282.45	8.21	8.218259112109173
-1.9172688132990505	-0.9999997124697467	0.04235565777842868	0.1470079204123092	45424900.5	470255.3	8.16	8.164041599505738
-1.4241120991464553	-0.999999344732068	0.06051019968331713	0.2407221057107539	19474431.85714286	348351.6785714286	7.7700000000000005	7.863862292047665
-1.8266968183658832	-0.9999996563395106	0.05542998648691066	0.16094431902741932	38490700.5	555559.6	8.22	8.641666560661474
-1.8266968183658832	-0.9999996651254461	0.06976603401084065	0.16094431902741932	38490700.5	396152.15	8.765	8.822639489333115
-2.058911510044453	-0.9999996920209939	0.04834633076342935	0.12759277779264203	45208998.6	1113948.6	8.120000000000001	8.194754670545501
-2.058911510044453	-0.9999997341099321	0.06290267952252719	0.12759277779264203	45208998.6	166145.25	8.175	8.195885656725986
-2.058911510044453	-0.9999997539343254	0.04005367452929415	0.12759277779264203	45208998.6	67803.425	8.21	8.231385104913956
-2.0272510424391137	-0.9999997188652536	0.03868557200829809	0.1316970536134005	45949642.5	407598.8	7.98	8.034463932812404
-2.0272510424391137	-0.9999997179700597	0.07688778573188998	0.1316970536134005	45949642.5	424714.55	8.05	8.073721276764616
-2.0272510424391137	-0.9999997401503413	0.053875849238122	0.1316970536134005	45949642.5	153275.525	8.184999999999999	8.20929611744841
-1.7238297267792613	-0.9999995071682232	0.04688008347640264	0.17838168497916176	25305235.5	260724.7	7.41	7.46395974447883
-0.2447509166587172	-0.9999990952202771	0.09830592066507775	0.7828995211859842	14388346.0	450575.75	9.86	9.904151652703565
-1.956459248571181	-0.9999997082220229	0.0479065358118258	0.141358049584651	45139343.8	524743.325	8.31	8.34025262124875
-1.956459248571181	-0.9999997342502239	0.0683976287802109	0.141358049584651	45139343.8	162066.875	8.344999999999999	8.35147309956064
-0.9773920916196503	-0.9999990237872745	0.0925959113648906	0.37629115320184825	13035041.5	336034.9375	9.31	9.353175042118137
-1.5158065134874434	-0.9999993806342905	0.062206487475028854	0.2196309780514727	20583515.0	344111.3125	7.7	7.727100210707799
