-1.2611589801354992	-0.9999979675133513	0.07156408561709941	0.28332546755112786	5347062.166666667	52460.375	6.8500000000000005	6.85758632933866
-1.2611589801354992	-0.9999978066228697	0.13522133020749566	0.28332546755112786	5347062.166666667	124009.79166666667	6.86	6.873618156776936
-1.468414225112693	-0.9999981158620047	0.09780108218932392	0.2302903844946972	6032209.625	86293.0	6.86	6.8672415100720166
-1.468414225112693	-0.9999980516102357	0.1394289995370937	0.2302903844946972	6032209.625	127145.53125	6.875	6.875731171207346
-1.468414225112693	-0.9999980956337903	0.1471920259939718	0.2302903844946972	6032209.625	97492.03125	6.890000000000001	6.908522402386286
-1.468414225112693	-0.999998099684494	0.13630882598929672	0.2302903844946972	6032209.625	95138.6875	6.91	6.927990804038895
-1.737139746470888	-0.9999983614223552	0.13681251050690124	0.1760231521179173	7238477.9	141605.6	6.86	6.886345216482909
-1.737139746470888	-0.999998369659577	0.13891942223458828	0.1760231521179173	7238477.9	133409.1	6.8950000000000005	6.895197087091563
-1.1205922805545507	-0.9999973014805207	0.13363431102167567	0.3260866026629096	4967854.4	663875.8	6.8100000000000005	6.816616727251971
-1.833281963889829	-0.9999985361671797	0.14042753977706643	0.1598879592242282	8206851.0	164958.925	6.92	6.932530198272341
-1.833281963889829	-0.9999984794630462	0.12110642904772408	0.1598879592242282	8206851.0	262712.725	6.925	6.934354207936837
-1.833281963889829	-0.999998542420001	0.1692693438912683	0.1598879592242282	8206851.0	156707.375	6.96	6.966426313674449
-0.6725090621526363	-0.9999976326492239	0.05297443497844461	0.5104262785178354	4490848.0	41414.583333333336	6.76	6.799258900376073
-0.6725090621526363	-0.9999974334537283	0.13729532911994513	0.5104262785178354	4490848.0	101311.91666666667	6.78	6.799115378755327
-0.6725090621526363	-0.9999975916823138	0.12288323870649222	0.5104262785178354	4490848.0	49780.0	6.815	6.81587940552017
-0.6725090621526363	-0.9999977996935225	0.06807139741436115	0.5104262785178354	4490848.0	19559.0	6.825	6.833131392116311
-1.3743783111869998	-0.9999980389779222	0.09196615327084369	0.2529968322239389	5735818.0	76730.35714285714	6.88	6.889660201345214
-1.3743783111869998	-0.9999979653111178	0.13135283943956969	0.2529968322239389	5735818.0	117078.10714285714	6.885	6.889450452798228
-1.6813966512834309	-0.999998258578602	0.1195426231348976	0.18611385827576357	6712772.2	119342.975	6.82	6.826528380164796
-1.6813966512834309	-0.9999982620518083	0.13487652296555888	0.18611385827576357	6712772.2	116592.675	6.835	6.837754958092804
-1.6813966512834309	-0.9999981336621703	0.12892199226278148	0.18611385827576357	6712772.2	276038.9	6.845000000000001	6.8519084052250205
-1.6813966512834309	-0.9999982634138613	0.15240991336242798	0.18611385827576357	6712772.2	115531.5	6.8500000000000005	6.86290449717813
-1.6813966512834309	-0.9999982770575443	0.11706255942916464	0.18611385827576357	6712772.2	105420.325	6.87	6.876027246127263
-1.6813966512834309	-0.9999982980301789	0.12105341532046508	0.18611385827576357	6712772.2	91576.025	6.865	6.86867146095573
-1.6813966512834309	-0.9999981933857925	0.14682417901938927	0.18611385827576357	6712772.2	184865.575	6.865	6.880192571037864
-1.7872829217048525	-0.9999983541707116	0.13859295231258503	0.16741443037168213	7644597.1	291180.425	6.86	6.878719466123621
-1.7872829217048525	-0.9999984287904065	0.11145687612461612	0.16741443037168213	7644597.1	164597.475	6.88	6.881652993006429
-1.7872829217048525	-0.9999984470249342	0.15969752169761	0.16741443037168213	7644597.1	143180.55	6.885	6.888057885504704
-1.7872829217048525	-0.9999983053761206	0.12979932899485314	0.16741443037168213	7644597.1	422825.325	6.890000000000001	6.891053776471489
-0.9364611082210562	-0.9999976048030025	0.0606605116790994	0.3920126739453617	4457811.75	43360.9375	6.8100000000000005	6.824248881105273
-0.9364611082210562	-0.9999974316637951	0.13602548735255643	0.3920126739453617	4457811.75	93821.4375	6.825	6.8270634629493765
