-1.4654254248836829	-0.9999987682829816	0.12931749524653433	0.23097970605769821	9991295.125	221116.21875	6.73	6.753789150115736
-1.828463381375963	-0.9999984598352873	0.11015600487929646	0.16066025173200632	8961783.8	987194.3	6.58	6.582456484773337
-1.9095172157290035	-0.9999987212379942	0.09999085999741104	0.1481518947370679	9383704.9	162676.55	6.49	6.491886896171853
-1.9095172157290035	-0.999998759988488	0.08603938592337311	0.1481518947370679	9383704.9	113084.8	6.49	6.514841456283673
-2.010278073675142	-0.9999985778890008	0.09964410825477583	0.13395142112546735	9690151.7	965566.525	6.34	6.341713742320689
-0.21968870940812857	-0.9999991755294211	0.1434663659511974	0.8027686534008902	15255160.5	289939.5	6.61	6.650445782179136
-0.21968870940812857	-0.9999991676911592	0.15202738539327829	0.8027686534008902	15255160.5	326766.75	6.675	6.687588710557465
-0.21968870940812857	-0.9999992111925801	0.11206178955776651	0.8027686534008902	15255160.5	168278.875	6.695	6.704966777475185
-0.21968870940812857	-0.9999992267774401	0.09078623633074658	0.8027686534008902	15255160.5	132670.875	6.715	6.72013624567474
-0.21968870940812857	-0.999999179347189	0.11474805687744569	0.8027686534008902	15255160.5	273535.5	6.715	6.721319208793356
-1.9452776708081543	-0.9999987135083231	0.10190581002145539	0.14294752547195724	9307740.0	158629.05	6.42	6.42373275344931
-1.9452776708081543	-0.999998637802774	0.09596179830937589	0.14294752547195724	9307740.0	320928.775	6.42	6.425129209701855
-1.3713585288390429	-0.999998738509616	0.1196800493958455	0.25376198230387464	10426437.57142857	515477.4285714286	6.75	6.750588542959156
-1.2582319622333353	-0.9999988580755005	0.13008784860444922	0.2841559811379098	10749634.5	214328.75	6.7	6.71762164879511
-0.933256486128128	-0.9999989447417823	0.13505158068686737	0.3932709414801398	11825926.25	262866.625	6.74	6.750729435671648
-0.933256486128128	-0.9999989152497014	0.16761874216820258	0.3932709414801398	11825926.25	372567.8125	6.745	6.747402608473276
-1.6779170202215077	-0.9999985576866005	0.13047684867912773	0.18676259386376076	8526274.5	219159.575	6.66	6.664148273525055
-1.6779170202215077	-0.9999985313131253	0.1129926028002585	0.18676259386376076	8526274.5	274422.4	6.66	6.66281986683198
-0.669511116643841	-0.9999989973840635	0.15322629218933373	0.5119588047543422	13374834.333333334	666516.75	6.74	6.7452385938996215
-0.669511116643841	-0.9999991163602515	0.10692388036306034	0.5119588047543422	13374834.333333334	135744.25	6.755	6.757852974046939
-0.669511116643841	-0.9999991309829338	0.09874417257922653	0.5119588047543422	13374834.333333334	111630.58333333333	6.745	6.749093430034129
-0.669511116643841	-0.9999990778269615	0.1200022598798462	0.5119588047543422	13374834.333333334	227273.0	6.75	6.7557653910695805
