0.0	-0.9999996488652728	0.11231891479083214	1.0	36618525.0	383860.0	6.97	6.973314771520283
0.0	-0.9999996088578559	0.11372209172605627	1.0	36618525.0	1661195.0	7.17	7.184494918225547
-1.4737254941542628	-0.9999989908355439	0.10641652478790498	0.22907049275928149	13583097.125	897687.875	6.91	6.914983218894994
-1.4737254941542628	-0.9999990336606501	0.12142281328416231	0.22907049275928149	13583097.125	501761.03125	6.96	6.962109205350118
-1.4737254941542628	-0.999999125266125	0.11827015380109951	0.22907049275928149	13583097.125	144580.0	6.95	6.9580196497255455
-1.7417244324053653	-0.9999985188125975	0.10446465293901853	0.17521798837004882	8764366.5	434376.5	7.0200000000000005	7.022825248729409
-1.5540350833970453	-0.9999990716500363	0.09083421051884581	0.21139326112969994	12931445.888888888	163554.44444444444	6.95	6.951207203706444
-1.5540350833970453	-0.9999990552848148	0.13767359263544424	0.21139326112969994	12931445.888888888	202102.11111111112	6.96	6.964308871816124
-1.5540350833970453	-0.9999991457712337	0.04121489693213628	0.21139326112969994	12931445.888888888	62717.583333333336	6.96	6.961196525885558
-1.5540350833970453	-0.9999989908708288	0.12052416719756669	0.21139326112969994	12931445.888888888	464862.5833333333	6.95	6.959539835580004
-1.5540350833970453	-0.9999990838630862	0.1093778281172988	0.21139326112969994	12931445.888888888	139660.22222222222	6.955	6.9609690321827
-1.5540350833970453	-0.9999990170570432	0.14630778329520072	0.21139326112969994	12931445.888888888	331330.1666666667	6.945	6.956688593769393
-1.685958641744035	-0.999998725828039	0.09843933278701217	0.18526674236623608	9533932.3	188690.6	6.96	6.980967332717012
-1.685958641744035	-0.9999985537205893	0.12672733106582162	0.18526674236623608	9533932.3	973573.85	6.985	6.986745819841004
-1.8801832501794349	-0.9999985624077884	0.08822171071472268	0.1525621461545033	8197554.9	131233.5	6.92	6.933753120467892
-1.8801832501794349	-0.9999985267316244	0.1260676599440964	0.1525621461545033	8197554.9	175815.9	6.9350000000000005	6.943000040593057
-2.105606909061229	-0.9999987798509986	0.0776714750078447	0.12177174746098893	9502102.7	108442.125	6.66	6.675916760203431
-1.380023089172099	-0.9999991573242462	0.09094883529548235	0.2515727443863075	14347212.285714285	178089.64285714287	6.92	6.930057355973554
-1.9551990411092997	-0.9999983767497027	0.11732561029855841	0.14153630234767506	8392875.1	825492.775	6.86	6.861224276935221
-1.9551990411092997	-0.9999985046514831	0.11034927488237732	0.14153630234767506	8392875.1	282171.35	6.86	6.865506359468083
-1.9551990411092997	-0.9999985471871853	0.1418055299510709	0.14153630234767506	8392875.1	197456.075	6.875	6.882426370310188
-1.791943366562595	-0.9999983818402903	0.11753582292590445	0.16663601992892307	8540117.6	1003769.75	6.93	6.930462510386404
-2.0207197580336898	-0.9999985300336798	0.09885262534900512	0.13256001959636474	8095809.3	147349.15	6.8500000000000005	6.855925700987967
-2.0207197580336898	-0.9999985199513102	0.13562143591133874	0.13256001959636474	8095809.3	159881.1	6.86	6.864518489103883
-2.0207197580336898	-0.9999984771197443	0.12986013552332037	0.13256001959636474	8095809.3	226147.725	6.865	6.865823285235721
