-1.4324251936300816	-0.9999972060939852	0.13620528603481674	0.23872925495672584	4071097.5	87051.25	5.29	5.303926125178115
-1.7441187300566205	-0.9999972494286901	0.13664912842426744	0.17479896618413057	4142349.5	88771.1	5.26	5.279760854273656
-1.0941440056227456	-0.9999973489950197	0.13158550343371034	0.33482609356909965	4263230.2	80969.85	5.28	5.286645663852897
-2.0528589583645505	-0.9999968942862629	0.10194903056928828	0.12836738147392585	3513872.0	54888.675	5.18	5.197347518658208
-1.7892189560860254	-0.9999971575110282	0.1334838313917824	0.1670906238300186	4020311.1	91828.6	5.28	5.285293402249924
-1.3407103402046885	-0.9999972341546938	0.1252516632896155	0.26165973512033414	4083203.8571428573	80297.82142857143	5.23	5.239913412627853
-1.3407103402046885	-0.9999973393329422	0.09323407404651221	0.26165973512033414	4083203.8571428573	52262.107142857145	5.26	5.270420747383678
-1.3407103402046885	-0.9999973889970699	0.11585195094639236	0.26165973512033414	4083203.8571428573	42669.25	5.27	5.2728339575530585
-1.3407103402046885	-0.9999973644320853	0.11171293591300298	0.26165973512033414	4083203.8571428573	47171.25	5.28	5.283947521554096
-1.3407103402046885	-0.9999973864051034	0.08710236786665777	0.26165973512033414	4083203.8571428573	43123.25	5.29	5.290725506407607
-1.3407103402046885	-0.9999970525584583	0.13524651424677972	0.26165973512033414	4083203.8571428573	168551.85714285713	5.285	5.288854198573956
-0.21065725214674688	-0.9999966929612484	0.12135257023836411	0.8100516627743005	3430867.0	84626.125	5.42	5.427761055492939
-0.21065725214674688	-0.9999967165493433	0.1381010393774352	0.8100516627743005	3430867.0	78047.25	5.42	5.445259989477196
-0.21065725214674688	-0.999996273482259	0.16124709626539574	0.8100516627743005	3430867.0	356890.375	5.455	5.456665505370801
-1.6948596676955194	-0.999997226273464	0.12884963685648698	0.18362499573853686	4091757.6	84914.9	5.24	5.248165586980566
-1.6948596676955194	-0.9999971290615038	0.09113339340340099	0.18362499573853686	4091757.6	126396.175	5.25	5.254298640166566
-1.6948596676955194	-0.9999969837248337	0.11114321352358834	0.18362499573853686	4091757.6	229088.225	5.25	5.252548516786538
-0.9141827051179039	-0.999997024117041	0.1321768991986812	0.4008441000826975	3799517.5	81381.8125	5.41	5.428623953403713
