-1.860622159093151	-0.9999980207674803	0.10138517801563174	0.15557580734824342	5835791.9	103816.425	4.84	4.871056735235567
-1.860622159093151	-0.9999979034643897	0.08592236450112894	0.15557580734824342	5835791.9	205857.75	4.89	4.891943928058641
-1.860622159093151	-0.9999981343972136	0.10480953642446393	0.15557580734824342	5835791.9	53490.05	4.9	4.906839325614463
-1.4262626151007505	-0.9999985824335085	0.10233783543409249	0.24020498521909994	9244937.625	491546.46875	5.12	5.125365333110887
-1.7369419543273106	-0.9999984035523207	0.0818516510600219	0.17605797155788627	7759969.4	239996.825	4.96	4.960409107108477
-1.7369419543273106	-0.9999985607295165	0.10374350501170555	0.17605797155788627	7759969.4	70875.55	4.96	4.97843141705919
-1.7369419543273106	-0.9999986189991371	0.07210946642330561	0.17605797155788627	7759969.4	45093.9	4.984999999999999	4.998097193702943
-1.8231895307065684	-0.9999981012826014	0.09054259859734967	0.1615097881030805	6078157.2	102815.675	4.83	4.832882981408261
-1.8951855897807726	-0.9999986454254787	0.11823480298646304	0.15029044008814268	8876704.8	166733.525	4.94	5.050695881510989
-1.8951855897807726	-0.9999986459316466	0.14731177785646898	0.15029044008814268	8876704.8	165986.05	5.09	5.153133310627556
-1.8951855897807726	-0.9999986888758878	0.1142030884646491	0.15029044008814268	8876704.8	113374.625	5.135	5.162765082774712
-1.8951855897807726	-0.9999986966541217	0.13737797093568935	0.15029044008814268	8876704.8	105810.725	5.1850000000000005	5.204251381150445
-1.8951855897807726	-0.9999987005703188	0.10007189427409403	0.15029044008814268	8876704.8	102195.6	5.22	5.223015699160277
-1.92876658975212	-0.9999989214105386	0.10817725160799797	0.1453273362115392	11308034.4	198138.525	5.2	5.202787871751708
-1.92876658975212	-0.9999989084634078	0.1425187733540773	0.1453273362115392	11308034.4	229378.55	5.225	5.261876820486698
-1.92876658975212	-0.9999988100959966	0.10922600380328064	0.1453273362115392	11308034.4	697650.8	5.275	5.276053098024053
-1.92876658975212	-0.9999989383927322	0.1571952178259073	0.1453273362115392	11308034.4	163519.15	5.255	5.264501362638422
-1.92876658975212	-0.9999989428094228	0.11228328661506183	0.1453273362115392	11308034.4	155552.875	5.275	5.289496444600521
-1.92876658975212	-0.9999989582112686	0.07733419802700015	0.1453273362115392	11308034.4	130688.925	5.295	5.298718802048094
-1.92876658975212	-0.9999989309171932	0.10888788376802142	0.1453273362115392	11308034.4	177943.175	5.275	5.275243297227889
-1.9600609598872485	-0.9999990307036395	0.12748119387078613	0.1408498344693049	14563741.4	1351304.25	5.38	5.389254878923314
-1.9600609598872485	-0.9999991339319771	0.16881143877458843	0.1408498344693049	14563741.4	300495.3	5.405	5.454879090901367
-1.9600609598872485	-0.9999991626295888	0.11927083455786984	0.1408498344693049	14563741.4	197845.375	5.47	5.476853351440163
-1.9600609598872485	-0.9999991794088956	0.0702391810453482	0.1408498344693049	14563741.4	154951.925	5.47	5.5022040766072395
-0.9063431050928653	-0.9999988202676011	0.09451531107330102	0.4039989075564382	10841317.25	358559.6875	5.08	5.2168768221748865
