-2.0478270843758613	-0.99999829566498	0.10270994976071739	0.1290149378063633	6922897.9	133109.825	5.855	5.884683744588586
-0.9287319461044666	-0.9999982019873254	0.083823285954019	0.39505434308858534	7079192.5	337214.625	6.24	6.242118650931203
-1.111607245305303	-0.9999983522632421	0.042093369668827076	0.3290297044187515	6638994.0	56347.7	6.22	6.221310777774424
-1.111607245305303	-0.9999981968196303	0.09862611656949341	0.3290297044187515	6638994.0	158149.7	6.22	6.2207910265226545
-1.7164077305940442	-0.9999981484270527	0.08985027620895934	0.1797105585115423	7013881.4	436572.95	5.7	5.70263357605212
-1.7164077305940442	-0.9999984631322293	0.07131527992992728	0.1797105585115423	7013881.4	48020.7	5.7	5.713736500547281
-1.7164077305940442	-0.9999983766257301	0.13078874509983246	0.1797105585115423	7013881.4	88092.55	5.725	5.738568651722337
-1.7164077305940442	-0.9999982971176112	0.16283996834675735	0.1797105585115423	7013881.4	153861.575	5.74	5.788920294792686
-1.6628007181224957	-0.9999983483766739	0.07289944877040136	0.1896071994456256	6859554.6	83232.1	5.71	5.713278286810143
-1.7655469128370591	-0.999998341077927	0.08855752514351739	0.17109318783136312	6996413.8	109808.825	5.8	5.8356005734857535
-1.7655469128370591	-0.999998405772102	0.07382634005514474	0.17109318783136312	6996413.8	69833.125	5.8500000000000005	5.8641832883324865
-1.7655469128370591	-0.9999982724853631	0.08713425748190777	0.17109318783136312	6996413.8	177442.45	5.865	5.865388239986529
-1.7655469128370591	-0.9999984791564728	0.0667360366549485	0.17109318783136312	6996413.8	41790.6	5.87	5.8737872689163995
-1.7655469128370591	-0.9999983696226808	0.1338038306450713	0.17109318783136312	6996413.8	89929.675	5.86	5.86634259933052
-1.3625613626578574	-0.9999983245732028	0.031383130355757315	0.25600421682697694	6351510.142857143	41834.07142857143	5.95	5.996420756837767
-1.3625613626578574	-0.999998179380629	0.12392751475555937	0.25600421682697694	6351510.142857143	105205.71428571429	5.975	5.993628297827365
-1.3625613626578574	-0.9999981048612558	0.11502035019675959	0.25600421682697694	6351510.142857143	168887.32142857142	5.985	6.004672734676176
-1.8520468164402288	-0.9999983092433682	0.07327793929254484	0.1569156598412133	6735634.5	88283.4	5.7700000000000005	5.784787921430666
-1.8520468164402288	-0.9999980614223543	0.0840411178825688	0.1569156598412133	6735634.5	468620.4	5.78	5.7833100274045295
-1.4555955162847953	-0.9999982853583697	0.03971913747063988	0.23326141156186794	6303439.375	49420.4375	6.04	6.057721945737678
-1.6028332259666074	-0.9999984608326282	0.04672656739458697	0.20132530910133897	7175860.0	62619.6	5.71	5.720076749363824
-1.9905547320195287	-0.9999980873840236	0.11089731673645038	0.13661961714469606	7098240.5	787175.825	5.72	5.72589831994239
-1.890319364669704	-0.9999983745264692	0.0930118807260331	0.15102356954141352	7166625.8	114594.125	5.8100000000000005	5.820300349803208
-1.890319364669704	-0.9999984515288846	0.07778581654680415	0.15102356954141352	7166625.8	65992.6	5.8500000000000005	5.850511327831958
-1.8107585561431405	-0.9999983183506348	0.08225482212228133	0.16353004302388147	6856259.9	101703.325	5.75	5.775637775020084
-1.8107585561431405	-0.9999983840061081	0.07141042268648458	0.16353004302388147	6856259.9	64838.75	5.815	5.816933789396531
-1.8107585561431405	-0.9999984173497671	0.0730827662775228	0.16353004302388147	6856259.9	51587.875	5.815	5.818470772442589
