-1.3527847643062136	-0.9999984555718839	0.08540987583564724	0.2585193418816209	7350787.571428572	85199.53571428571	5.8500000000000005	5.864925302584371
-1.3527847643062136	-0.9999984002781699	0.1253996448970155	0.2585193418816209	7350787.571428572	127926.03571428571	5.875	5.8751954670182815
-1.3527847643062136	-0.9999982962717231	0.12456635468662038	0.2585193418816209	7350787.571428572	274784.10714285716	5.88	5.880652877980765
-1.3527847643062136	-0.9999984256102793	0.14838619879879675	0.2585193418816209	7350787.571428572	106191.03571428571	5.885	5.887871475924012
-0.9220377173007454	-0.9999985540480857	0.07735149383569913	0.39770779876178747	7830395.0	82649.375	5.8	5.820876109336173
-0.9220377173007454	-0.9999986141303729	0.06194630276620659	0.39770779876178747	7830395.0	51631.5	5.825	5.840151970312776
-0.9220377173007454	-0.999998501545811	0.1389427991371017	0.39770779876178747	7830395.0	124676.8125	5.845000000000001	5.852874218051832
-2.0416772606169933	-0.9999977575017567	0.06555025407004526	0.12981080163896908	5189303.3	113209.425	5.42	5.43610586756077
-2.0416772606169933	-0.9999978613361723	0.13042272669380453	0.12981080163896908	5189303.3	66049.525	5.42	5.427113482769088
-2.0416772606169933	-0.9999977843265251	0.1070109803100144	0.12981080163896908	5189303.3	98498.0	5.44	5.452195016272351
-2.0416772606169933	-0.9999978318528254	0.12070772937654896	0.12981080163896908	5189303.3	76969.175	5.46	5.472669557675629
-2.0416772606169933	-0.9999978770615122	0.055408249466635195	0.12981080163896908	5189303.3	60873.625	5.46	5.461613642679721
-1.2414231710181516	-0.9999983811914198	0.09338065741728085	0.28897266762966906	7484040.333333333	182631.04166666666	5.8500000000000005	5.859300366568681
-1.5945352036260803	-0.9999983144975116	0.10291188443199441	0.20300286157196543	6814124.8	97266.9	5.89	5.891682027256545
-2.014315554178595	-0.9999980267716775	0.06813711624160687	0.13341168519411065	5718860.1	79586.85	5.43	5.431930530409709
-2.014315554178595	-0.9999979774834055	0.07690897106396231	0.13341168519411065	5718860.1	105501.45	5.4350000000000005	5.4371752022788
-1.8850298283638616	-0.999998076337386	0.09900323648978805	0.15182453068454405	6021157.4	107223.0	5.61	5.613511893624162
-1.8850298283638616	-0.9999981286254417	0.08796140560084653	0.15182453068454405	6021157.4	78262.825	5.62	5.631424960543888
-1.4456010889544866	-0.9999983846310744	0.09166428087583188	0.23560441477311406	7037254.375	86487.09375	5.88	5.882511496285815
