-1.7613235089802788	-0.9999983730474115	0.07365159411080197	0.1718173115177462	6878790.9	72508.05	5.53	5.552547616832875
-1.8853135004486699	-0.9999981704522215	0.11547109940122875	0.15178146841147086	6724223.4	220198.225	5.68	5.681304762308279
-1.8057682521843506	-0.9999981585326162	0.11464348030766741	0.1643481472415436	6892853.2	325449.075	5.57	5.570084848868951
-1.8057682521843506	-0.999998147103202	0.10281391658198247	0.1643481472415436	6892853.2	352125.45	5.625	5.628809390536067
-2.015039174218958	-0.9999976758702949	0.10861258442388921	0.13331518074557305	5741162.3	623562.475	5.7	5.7013306312540974
-1.5955635129158223	-0.9999983701835727	0.12253117774611051	0.2027942191364293	7565351.5	226416.1	5.8100000000000005	5.813657121682012
-1.5955635129158223	-0.9999983134250905	0.114423225991339	0.2027942191364293	7565351.5	347850.875	5.84	5.842233438320782
-1.9208327902635802	-0.999998206521078	0.09489782320742586	0.14648492010447384	6377192.9	92721.0	5.66	5.660830650972856
-1.9208327902635802	-0.999998155652839	0.14255386159195627	0.14648492010447384	6377192.9	128251.675	5.665	5.673469065032615
-1.9208327902635802	-0.9999981812734058	0.12742864490067343	0.14648492010447384	6377192.9	108919.15	5.675	5.683824113475177
-1.9208327902635802	-0.9999982960596969	0.10157654797028114	0.14648492010447384	6377192.9	52382.975	5.69	5.690659270998415
-1.9208327902635802	-0.9999982162931564	0.13581735022712074	0.14648492010447384	6377192.9	87119.075	5.695	5.699980995565633
-1.4472238029018896	-0.9999983349370227	0.11939996447405386	0.23522240623231094	7690465.625	364071.96875	5.91	5.9180969382062765
-1.656824234364128	-0.9999982198321012	0.09443174905702983	0.19074377677851279	6391677.2	87399.7	5.83	5.838629218677762
-1.656824234364128	-0.9999981718578244	0.1308920683543687	0.19074377677851279	6391677.2	118763.125	5.835	5.851500938086304
-2.043062899899598	-0.9999980229119849	0.09981933166543654	0.12963105525349744	5810141.9	97455.55	5.71	5.714302578467005
-2.043062899899598	-0.999998079553982	0.08064783420824621	0.12963105525349744	5810141.9	70126.05	5.72	5.735477588871715
-0.9220908174103576	-0.9999984064985387	0.11389043577188092	0.3976866809947623	8507306.75	771741.125	5.91	5.910203950785092
-0.9220908174103576	-0.9999987517828332	0.07028984760080717	0.3976866809947623	8507306.75	40902.3125	5.905	5.911208136938725
-0.9220908174103576	-0.9999986267240552	0.12462000586173405	0.3976866809947623	8507306.75	118524.0625	5.915	5.922953167115903
-0.9220908174103576	-0.9999985343981909	0.14910919808469844	0.3976866809947623	8507306.75	259969.6875	5.925	5.928218950822382
-1.3543085405115103	-0.9999983196732461	0.11917992282074008	0.25812571623471314	7753032.142857143	454805.5	5.9	5.904633947036649
-1.3543085405115103	-0.9999985762690268	0.10416765345164228	0.25812571623471314	7753032.142857143	62206.57142857143	5.92	5.92346137146142
-2.0695149052410162	-0.9999975160732382	0.12930045945317523	0.12624700861562815	5344744.8	583006.1	5.71	5.711165148842128
-2.0695149052410162	-0.9999979349770907	0.13649370050198267	0.12624700861562815	5344744.8	62131.25	5.71	5.721507499556
-2.0695149052410162	-0.9999978958036503	0.1425365705253149	0.12624700861562815	5344744.8	76602.075	5.725	5.725957155870819
-2.0695149052410162	-0.9999978427902894	0.1648172692969567	0.12624700861562815	5344744.8	101694.2	5.72	5.721916023566509
-1.5268147735901414	-0.9999984303800102	0.11946422392598932	0.21722648205883532	7874410.0	233240.88888888888	5.87	5.88184468767692
-1.846936700707467	-0.9999983123926361	0.08694591819101732	0.1577195693091023	6745966.7	87950.7	5.64	5.671083358966472
