-1.6531606837044386	-0.9999988660923559	0.11101175351269912	0.19144385787602727	10857093.9	222112.05	5.82	5.832602138932204
-1.6531606837044386	-0.9999987922979751	0.11384193095363443	0.19144385787602727	10857093.9	494910.525	5.845000000000001	5.847991797750269
-1.6531606837044386	-0.9999989077349996	0.13660428181461684	0.19144385787602727	10857093.9	141324.875	5.855	5.864086761921157
-1.6531606837044386	-0.9999988613259222	0.11726428059253952	0.19144385787602727	10857093.9	233908.925	5.87	5.870675081506296
-1.5919681551455704	-0.9999988462358153	0.1140454287608773	0.20352464919983454	10687728.4	226639.025	5.88	5.902242927742754
-1.5919681551455704	-0.9999989127871967	0.0986013622610986	0.20352464919983454	10687728.4	111282.375	5.915	5.916864639417167
-1.8456480730678322	-0.9999987361168557	0.11983632315453722	0.15792294211319077	10827953.1	877880.95	5.8500000000000005	5.8534027689126855
-1.8456480730678322	-0.9999989104909216	0.13212167609044279	0.15792294211319077	10827953.1	132872.55	5.84	5.855177847294636
-2.119827548706271	-0.9999979142834031	0.14217617291914963	0.12005232990602174	5553907.5	107351.925	5.87	5.876043050847458
-1.099654123545506	-0.9999979473579401	0.11280669093503824	0.3329862358813791	5658759.2	110790.7	5.74	5.7411494971606025
-1.099654123545506	-0.9999981550005287	0.04603039381511317	0.3329862358813791	5658759.2	34213.6	5.73	5.73775965504312
-1.3491746050236857	-0.9999983007700236	0.11875643341878013	0.2594543245861845	6930930.714285715	130253.46428571429	5.82	5.842618379686082
-0.9179364800727703	-0.999997959374972	0.13316167190671963	0.3993422421209369	5759028.0	127008.4375	5.73	5.7336477484678925
-0.9179364800727703	-0.9999979378643334	0.09667572842955782	0.3993422421209369	5759028.0	143758.5	5.745	5.750411065735514
-0.9179364800727703	-0.9999980078432738	0.1524001944774588	0.3993422421209369	5759028.0	96074.1875	5.74	5.740928327144277
-1.8036627006911718	-0.9999988543457359	0.11128607855518367	0.16469455529038252	10767618.1	227740.75	5.8500000000000005	5.8587964404609485
-1.8036627006911718	-0.9999988967228606	0.1253530023474564	0.16469455529038252	10767618.1	144301.475	5.8500000000000005	5.858869578567222
-1.8036627006911718	-0.9999988843932703	0.14565592853897705	0.16469455529038252	10767618.1	164789.0	5.8500000000000005	5.857844821600665
-1.8036627006911718	-0.9999987359823593	0.14764893301488033	0.16469455529038252	10767618.1	814604.5	5.865	5.866302250137196
-1.4420004071608234	-0.9999984188929897	0.11605910371956685	0.23645428042958996	7484898.625	137918.53125	5.8500000000000005	5.865655733761377
-1.4420004071608234	-0.9999982166208491	0.14008938691726505	0.23645428042958996	7484898.625	626817.40625	5.875	5.879582392641031
-1.4420004071608234	-0.9999984197385784	0.14561745241344798	0.23645428042958996	7484898.625	137048.375	5.8500000000000005	5.862524645954551
-1.4420004071608234	-0.9999983994117598	0.145670205581762	0.23645428042958996	7484898.625	159569.4375	5.865	5.900989457468042
-1.8843284299072665	-0.9999987891230052	0.11321484489585636	0.15193105753055489	10160781.7	220455.75	5.86	5.871108919546902
-1.8843284299072665	-0.9999986269461785	0.13895438196820642	0.15193105753055489	10160781.7	1145439.85	5.875	5.876601660323145
-0.6580881965913613	-0.9999981210277525	0.12731339666211114	0.5178403977807721	6250552.0	126071.66666666667	5.75	5.761651266995377
-2.070212606854249	-0.9999979662170484	0.1428467675824781	0.12615895659464177	5704608.1	109308.075	5.87	5.877922139744413
-2.070212606854249	-0.9999979183190127	0.16080295796276992	0.12615895659464177	5704608.1	143654.625	5.875	5.881024106985747
-1.5214455300507104	-0.999998510450227	0.13860530209130822	0.21839596074260478	9456616.555555556	1310737.1944444445	5.9	5.931942831176409
-2.0434756320340544	-0.999997951305287	0.13698744112776864	0.1295775633910354	5668455.5	110517.125	5.84	5.849059742224802
-2.0434756320340544	-0.9999979044903493	0.15950346496116205	0.1295775633910354	5668455.5	144104.825	5.855	5.8903592089204
-1.2374110124074296	-0.9999982607953486	0.12056309747573625	0.2901344007767794	6740595.0	123409.83333333333	5.73	5.748226864051833
-1.2374110124074296	-0.9999983660878012	0.07793530109117822	0.2901344007767794	6740595.0	60689.375	5.75	5.7628717039361845
-1.2374110124074296	-0.9999982263673345	0.15397859234741879	0.2901344007767794	6740595.0	155645.0	5.76	5.815969756545406
-1.2374110124074296	-0.9999982321989607	0.15119803535942156	0.2901344007767794	6740595.0	149645.45833333334	5.83	5.849825605698104
-1.2374110124074296	-0.9999983220694658	0.10580337744974815	0.2901344007767794	6740595.0	81653.33333333333	5.8500000000000005	5.850892989597466
-2.0154183764501323	-0.9999979270981545	0.12663823499187568	0.13326463691535723	5591486.5	108076.375	5.76	5.77760380190095
-2.0154183764501323	-0.9999977703929509	0.1369851125503605	0.13326463691535723	5591486.5	259578.35	5.79	5.815036279293307
-0.21325229815508648	-0.9999981792295535	0.1368722145788502	0.8079522666332143	6529058.5	145496.875	5.73	5.733704468848537
-0.21325229815508648	-0.9999981026879079	0.15195151328528125	0.8079522666332143	6529058.5	239823.25	5.735	5.7434234519902
