-2.054349954650481	-0.9999979556865141	0.1404962243478508	0.12817612879885845	5821566.0	147428.575	5.29	5.2989524775589505
-1.6949624534587364	-0.9999982795709633	0.11064602548369296	0.183606122673162	6781420.4	116651.25	5.28	5.291652984203564
-1.6949624534587364	-0.9999982734075887	0.14248793693008008	0.183606122673162	6781420.4	121630.225	5.29	5.301899334841939
-1.938346226216964	-0.9999979763784037	0.10559655493010733	0.1439418002235704	6099898.9	229551.525	5.3100000000000005	5.3168466108247525
-1.938346226216964	-0.9999982766511124	0.04859332519793033	0.1439418002235704	6099898.9	36762.25	5.325	5.326254708097928
-1.938346226216964	-0.9999980320822947	0.09707732573611876	0.1439418002235704	6099898.9	163422.3	5.325	5.356731254430185
-1.938346226216964	-0.9999980785709415	0.10296461685515228	0.1439418002235704	6099898.9	123070.775	5.37	5.378755989679322
-0.6491226360965807	-0.9999981213694373	0.1447942753813726	0.5225040018671686	6136327.333333333	101506.91666666667	5.28	5.281181792043889
-0.6491226360965807	-0.9999981316608665	0.14773685061839467	0.5225040018671686	6136327.333333333	95294.75	5.28	5.295435037371573
-0.6491226360965807	-0.9999981043055739	0.20138608471715486	0.5225040018671686	6136327.333333333	112712.16666666667	5.3100000000000005	5.318895130093795
-0.6491226360965807	-0.9999980316350173	0.21752067089172722	0.5225040018671686	6136327.333333333	176050.5	5.325	5.335159589134556
-0.6491226360965807	-0.9999978754079143	0.15456080777834028	0.5225040018671686	6136327.333333333	459176.6666666667	5.34	5.369838459427563
-0.2079958044709813	-0.9999974317615079	0.12522943379445348	0.8122104443572792	4424863.0	86171.25	5.22	5.238719346049046
-0.2079958044709813	-0.9999975806004481	0.13813566408875372	0.8122104443572792	4424863.0	44600.0	5.24	5.240192188901271
-0.2079958044709813	-0.9999974720928367	0.1960228199745478	0.8122104443572792	4424863.0	72087.0	5.235	5.241790620640561
-0.2079958044709813	-0.9999973092292701	0.21706940077646608	0.8122104443572792	4424863.0	148195.125	5.25	5.257592336757438
-0.2079958044709813	-0.9999974768033298	0.12101474117243743	0.8122104443572792	4424863.0	70600.0	5.26	5.265306621060347
-0.2079958044709813	-0.9999973783029826	0.19491769793472613	0.8122104443572792	4424863.0	109167.75	5.26	5.270806075502615
-0.2079958044709813	-0.9999973197876302	0.1699280185702717	0.8122104443572792	4424863.0	141430.75	5.2700000000000005	5.273329906846517
-1.9996249216191937	-0.9999980974909395	0.13088526745595677	0.13538605409644577	6307476.2	162758.775	5.36	5.365055131079288
-2.0278157584029533	-0.9999980737250751	0.1375741679249437	0.13162270318024863	6203173.0	154663.975	5.36	5.377433183460302
-1.8692140397066634	-0.9999978439060048	0.09990693404971719	0.1542448445097367	5810407.7	275896.625	5.28	5.2865395833549575
-1.640355537802577	-0.9999982665908959	0.10996378675892073	0.1939110873116893	6716909.0	113907.55	5.38	5.387915361718511
-1.089130779761703	-0.9999981765536317	0.1499964835757872	0.3365088669374687	6437995.8	125408.55	5.3500000000000005	5.360774846053675
-1.431148043660795	-0.9999980997846997	0.12933192424462203	0.23903434279735536	6131872.875	114906.03125	5.41	5.41388750053199
-1.7893559420332958	-0.999998139740294	0.09923374147100245	0.16706773633030186	6213317.6	104649.8	5.29	5.290742295494157
-1.7893559420332958	-0.9999981456854358	0.1293989620074613	0.16706773633030186	6213317.6	100854.625	5.295	5.3106657582764845
-1.3383584986644332	-0.9999980151409286	0.1411181087434033	0.26227584156318323	6223030.285714285	231383.9642857143	5.39	5.417493933513943
-1.9699082887521686	-0.9999981395756844	0.12429424847822694	0.13946964656385352	6438513.2	159270.65	5.4	5.413097444904852
-1.9699082887521686	-0.9999982160380814	0.1182711052589504	0.13946964656385352	6438513.2	97348.45	5.405	5.422931626126337
-1.5096787972646408	-0.9999980125337171	0.12265419853766148	0.22098094624556053	6295569.555555556	271638.80555555556	5.33	5.332298137091424
-1.5096787972646408	-0.9999981377996634	0.16578256836983724	0.22098094624556053	6295569.555555556	123451.5	5.36	5.407060995680113
