-1.9571835015146561	-0.9999982189709513	0.12629051774551273	0.14125570766634682	6705450.3	153675.0	5.86	5.864323351023503
-2.0182401911154995	-0.9999978386010564	0.1359817218472945	0.13288911887886204	5922810.4	362780.55	5.845000000000001	5.8459008233490986
-0.9201172182883571	-0.9999984115872808	0.16909602294122758	0.39847233010238464	7626555.25	182428.1875	5.91	5.931585388936805
-0.9201172182883571	-0.9999984476453818	0.1363532146766873	0.39847233010238464	7626555.25	138567.25	5.93	5.931010871952559
-1.5948339362762018	-0.9999983651279055	0.15303734483105766	0.20294222704635304	7450222.0	194883.05	5.88	5.9083862565329826
-1.5948339362762018	-0.9999984414200745	0.10490349973642998	0.20294222704635304	7450222.0	110388.075	5.91	5.911899617924551
-1.5948339362762018	-0.9999983069012154	0.11932777890820993	0.20294222704635304	7450222.0	300727.1	5.9	5.901643911943043
-1.5948339362762018	-0.9999984338399337	0.1475231221743003	0.20294222704635304	7450222.0	116801.55	5.895	5.9098062484863165
-1.5948339362762018	-0.9999984898984151	0.10697421225114845	0.20294222704635304	7450222.0	76924.45	5.915	5.916452442159383
-1.5948339362762018	-0.9999984382720886	0.11487524579605392	0.20294222704635304	7450222.0	113007.65	5.915	5.935392276935865
-1.4460604608454413	-0.9999983472802039	0.16829160985544708	0.2354962095826967	7416831.125	210646.96875	5.93	5.930064451039615
-1.4460604608454413	-0.9999984297925492	0.10142319615335653	0.2354962095826967	7416831.125	114228.34375	5.94	5.9471281791251895
-1.9886433535803651	-0.999998057801764	0.13785958871530482	0.1368809986551881	6172527.8	160856.25	5.83	5.832455740098558
-1.9886433535803651	-0.9999980151340523	0.12827859886124843	0.1368809986551881	6172527.8	209323.35	5.825	5.8314432370173765
-1.9886433535803651	-0.9999981956680066	0.14019875441436636	0.1368809986551881	6172527.8	68684.225	5.8500000000000005	5.85120743844945
-1.9886433535803651	-0.9999981643690287	0.1330998053556353	0.1368809986551881	6172527.8	83322.275	5.835	5.846001802343046
-1.1022523578917396	-0.9999983969606874	0.18509795743422403	0.33212218259903575	7770433.4	256865.1	5.91	5.952426580605516
-1.8486886493645063	-0.999998273302619	0.11186487087996387	0.15744349462641075	6800568.8	125808.525	5.93	5.937676148796499
-1.8486886493645063	-0.9999982932585264	0.10913787491410465	0.15744349462641075	6800568.8	109842.6	5.9350000000000005	5.935414495499763
-1.8486886493645063	-0.9999981275167724	0.13008611115661758	0.15744349462641075	6800568.8	339065.325	5.9350000000000005	5.935038502617632
-1.8486886493645063	-0.9999983575205047	0.13757390713227338	0.15744349462641075	6800568.8	70953.55	5.93	5.936924476081646
-1.8486886493645063	-0.9999983558145912	0.10055811529619756	0.15744349462641075	6800568.8	71781.5	5.9350000000000005	5.935981322895104
-2.0728555215606868	-0.9999976553586802	0.14118744953025797	0.12582596945503924	5029761.9	132320.2	5.84	5.853441860465116
-2.0728555215606868	-0.9999977134283274	0.12077048599227497	0.12582596945503924	5029761.9	98804.75	5.845000000000001	5.850271972956361
-1.3530943294618407	-0.999998405648763	0.17117543539407237	0.2584393256870706	7730617.571428572	225328.64285714287	5.94	5.949821280515891
-1.3530943294618407	-0.999998410851262	0.10093583284029768	0.2584393256870706	7730617.571428572	216446.0357142857	5.96	5.963606484942461
-0.6595752920032958	-0.9999984092024549	0.14334761625027356	0.5170708920071811	7260099.333333333	103708.41666666667	5.8500000000000005	5.862207356002775
-0.6595752920032958	-0.9999983659655433	0.1577801448657861	0.5170708920071811	7260099.333333333	141952.16666666666	5.865	5.869528149048198
-0.6595752920032958	-0.9999983649649116	0.11659851338502543	0.5170708920071811	7260099.333333333	142987.16666666666	5.875	5.902265428975107
-1.711260745442869	-0.9999984072023546	0.14983159071237684	0.18063791057411727	7686627.9	207572.925	5.93	5.949020824534616
-1.711260745442869	-0.9999984690609331	0.11038777843095197	0.18063791057411727	7686627.9	129023.675	5.95	5.966529865064306
-1.711260745442869	-0.9999984763606612	0.1299018107045756	0.18063791057411727	7686627.9	121983.425	5.96	5.961215502403704
-0.21481161919341457	-0.9999982919195229	0.11956134824381792	0.8066933914162712	6578911.5	75909.5	5.8500000000000005	5.86710597407477
-0.21481161919341457	-0.9999982661074003	0.13415778092610545	0.8066933914162712	6578911.5	89959.5	5.86	5.869901575028637
-1.7611442298525377	-0.999998351282469	0.15209211807598383	0.17184811753684145	7448058.7	215289.8	5.95	5.9605415522835035
-1.7611442298525377	-0.9999982484963537	0.1180680871702519	0.17184811753684145	7448058.7	462915.5	5.96	5.960675674552031
-1.7611442298525377	-0.9999983032935993	0.1255886591121409	0.17184811753684145	7448058.7	307787.725	5.965	5.965765302091445
