-2.0875100218228346	-0.9999953990946657	0.05993161524778465	0.12399549783446275	2293430.3	38247.35	10.91	10.917865484955257
-2.1511776868767885	-0.9999954125662589	0.03631604665272397	0.11634705665647249	2047410.0	11995.35	10.780000000000001	10.803729127891074
-2.1511776868767885	-0.9999949846813231	0.10914155707861167	0.11634705665647249	2047410.0	28807.15	10.8	10.832641739483844
-2.1511776868767885	-0.9999947453788227	0.0978678050139983	0.11634705665647249	2047410.0	47020.675	10.844999999999999	10.85142129598606
-0.9902483609510379	-0.9999964174391357	0.10102874430615147	0.37148441734074394	3049640.75	55575.9375	10.92	11.000344559214938
-1.7058804804709948	-0.9999964553559627	0.1067803293511298	0.18161240957764416	3043921.3	48513.475	11.02	11.139311288164699
-1.7710101523187127	-0.9999964608710042	0.1132742962118239	0.17016101343708662	3069134.0	52158.475	11.09	11.122742148119428
-1.5476404436645703	-0.9999965257751643	0.11734454928001371	0.21274937618899822	3136760.625	54056.9375	10.99	11.003086513632432
-1.5476404436645703	-0.9999965922684559	0.11892332938774763	0.21274937618899822	3136760.625	43880.0625	11.01	11.0123336515356
-1.5476404436645703	-0.9999964023591471	0.08417065736423127	0.21274937618899822	3136760.625	79612.4375	11.015	11.036265706506986
-1.5476404436645703	-0.9999965716558753	0.11783073740806863	0.21274937618899822	3136760.625	46811.0	11.0	11.05074569177297
-1.5476404436645703	-0.9999965577331282	0.09274395442144423	0.21274937618899822	3136760.625	48900.6875	11.07	11.108297968986726
-1.6323990692020938	-0.9999961603885916	0.09738005990201336	0.19546008890878408	3135696.6666666665	169371.66666666666	11.11	11.120967502671883
-1.6323990692020938	-0.9999965619769864	0.11905640411004134	0.19546008890878408	3135696.6666666665	48077.833333333336	11.155000000000001	11.159931832628281
-2.12040339593007	-0.9999955424760065	0.04196197631428929	0.11998321800599242	2162142.8	15332.625	10.85	10.861426558133884
-2.207691527218451	-0.9999949986001213	0.0450478463402659	0.10995418200171284	1921303.5	14900.35	10.75	10.830155782572039
-2.207691527218451	-0.9999946103556144	0.11740060416999867	0.10995418200171284	1921303.5	31417.2	10.85	10.86693496506082
-1.4490192777507276	-0.9999964941507804	0.11053820889687008	0.23480044923797927	3088064.285714286	50325.53571428572	10.8	10.838957006369426
-1.4490192777507276	-0.9999965543711247	0.11045825730202656	0.23480044923797927	3088064.285714286	41785.28571428572	10.85	10.878829074192115
-1.4490192777507276	-0.9999969160843268	0.04119217319230574	0.23480044923797927	3088064.285714286	13674.07142857143	10.870000000000001	10.878875880137546
-1.4490192777507276	-0.9999963406221152	0.09398946061897773	0.23480044923797927	3088064.285714286	80852.5	10.86	10.892897809021726
-1.4490192777507276	-0.9999962925628092	0.10866493072107286	0.23480044923797927	3088064.285714286	93788.14285714286	10.950000000000001	10.960017510869674
-0.7145991212487024	-0.9999964448757861	0.07837542451456915	0.4893882578320153	2972507.3333333335	38855.583333333336	10.82	10.866876144244277
-1.8290536463098073	-0.9999960442726564	0.09208350737491174	0.16056544760167576	3094214.6	206873.85	11.05	11.057694039534873
-1.8290536463098073	-0.9999965221292151	0.10821098444892005	0.16056544760167576	3094214.6	47157.925	11.015	11.049493976596418
-1.8290536463098073	-0.9999964792946382	0.11091585890587305	0.16056544760167576	3094214.6	53841.475	11.065000000000001	11.123671301359163
-1.8290536463098073	-0.9999965918126372	0.09250636219320381	0.16056544760167576	3094214.6	38011.225	11.105	11.113204236439103
-1.8816887289668793	-0.9999963842276397	0.10909814507585378	0.15233263988146079	2985449.3	48760.925	11.11	11.183355505493214
