-1.9630784679182345	-0.9999924312349557	0.09753777517958856	0.14042545956198318	1517321.2	97171.95	10.45	10.455036993631422
-1.9630784679182345	-0.9999933183424284	0.12706476777784084	0.14042545956198318	1517321.2	25290.425	10.46	10.483050811658924
-1.9630784679182345	-0.9999935720844882	0.09821224232621661	0.14042545956198318	1517321.2	17208.425	10.48	10.497347510917233
-1.6246122493117554	-0.9999922940822603	0.08945504686232612	0.19698804264658523	1382162.888888889	42226.77777777778	10.51	10.552350077960392
-1.9194275268434826	-0.9999934636329945	0.07655331259651386	0.1466909147087343	1490182.8	16989.025	10.38	10.39157594695058
-1.9194275268434826	-0.9999931834426153	0.11011879603848128	0.1466909147087343	1490182.8	25793.5	10.41	10.424906753982995
-1.9194275268434826	-0.9999934490570259	0.08689461398633877	0.1466909147087343	1490182.8	17362.1	10.440000000000001	10.451146904735365
-2.139434340452452	-0.9999940185549265	0.06030006130675859	0.11772141443365201	1593195.9	13760.275	10.38	10.38630561707268
-0.71115578196006	-0.9999917766181733	0.07300851227346201	0.49107629221730825	1222917.3333333333	23306.166666666668	10.34	10.340282543457334
-1.8198211284244759	-0.9999931345724535	0.08353617593800286	0.1620547353273906	1415896.0	16658.425	10.39	10.406653321349784
-1.8198211284244759	-0.9999928473561559	0.1100941543425368	0.1620547353273906	1415896.0	25018.225	10.405000000000001	10.417166367851625
-1.8198211284244759	-0.9999931800853893	0.07590014865397447	0.1620547353273906	1415896.0	15618.725	10.43	10.45950794871037
-1.6977331961487907	-0.9999931415521864	0.0736177582202159	0.18309810147393538	1432673.9	18506.275	10.48	10.503670795956143
-1.4423494918758923	-0.9999925942982235	0.08505617622993628	0.23637175225997878	1352195.7142857143	22335.071428571428	10.540000000000001	10.544964893222406
-2.041053096891702	-0.9999931948590101	0.07389351524374996	0.12989185012363388	1427455.9	16547.3	10.43	10.43252851446519
-2.1960588934830056	-0.99999436828522	0.06141760831355656	0.11124070705852286	1721149.7	16203.175	10.33	10.344286519337016
-2.1960588934830056	-0.9999942894977125	0.09356073822051827	0.11124070705852286	1721149.7	18556.5	10.33	10.343178542017387
-2.1960588934830056	-0.9999941652788796	0.06158135943997176	0.11124070705852286	1721149.7	22980.125	10.32	10.32229383229383
-1.3241256424140293	-0.9999922900220508	0.08817588503640132	0.26603546755553753	1300223.0	22576.083333333332	10.370000000000001	10.422901327663363
-1.3241256424140293	-0.9999920924717838	0.09060570221184729	0.26603546755553753	1300223.0	29188.083333333332	10.44	10.443000733351592
-1.3241256424140293	-0.9999928901058706	0.08701211777156354	0.26603546755553753	1300223.0	10345.958333333334	10.475000000000001	10.50005501927322
-1.3241256424140293	-0.9999921947801943	0.10466582468596396	0.26603546755553753	1300223.0	25552.416666666668	10.515	10.517844135226
-1.3241256424140293	-0.9999920086868761	0.12754105062965415	0.26603546755553753	1300223.0	32547.583333333332	10.540000000000001	10.540290365483854
-2.2221173382138857	-0.999994623592526	0.06714056480590468	0.10837938989062731	1807130.7	16577.65	10.3	10.320879489720088
-2.2221173382138857	-0.999993764578588	0.09236111643610587	0.10837938989062731	1807130.7	78292.625	10.33	10.36195691118235
-2.2221173382138857	-0.9999942923213614	0.1210761607411983	0.10837938989062731	1807130.7	30166.525	10.4	10.408608210494323
