-0.7240232195526617	-0.9999982143682479	0.047952099296973555	0.4847978788467752	6075592.333333333	51469.833333333336	11.27	11.288479590590386
-1.1927514914526307	-0.9999978109712927	0.06250920149405685	0.3033853523882053	4978676.0	54092.25	11.03	11.079818880199323
-1.1927514914526307	-0.9999978313314583	0.09158923634521138	0.3033853523882053	4978676.0	48877.75	11.09	11.187322058438458
-1.6378219994233358	-0.9999974331036935	0.05632194326607481	0.19440299135932554	4181316.888888889	45843.333333333336	10.620000000000001	10.744706126794528
-1.6378219994233358	-0.9999975987816893	0.025111703836381866	0.19440299135932554	4181316.888888889	22930.222222222223	10.745000000000001	10.77992164861865
-1.6378219994233358	-0.9999988911113072	-0.0001964842405646441	0.19440299135932554	4181316.888888889	-102.19444444444444	10.935	10.988969851849294
-1.933876742103178	-0.9999956881478986	0.048791200387614746	0.14458658566876348	2674704.4	102019.575	11.290000000000001	11.299786696390532
-1.933876742103178	-0.9999967327440845	0.0195467869320976	0.14458658566876348	2674704.4	6240.3	11.3	11.311260133212043
-1.933876742103178	-0.9999961463405866	0.12286178502956237	0.14458658566876348	2674704.4	29952.45	11.344999999999999	11.404291020638134
-1.933876742103178	-0.9999960679791744	0.11436734132754038	0.14458658566876348	2674704.4	36936.9	11.4	11.431390850475898
-0.9990009500285805	-0.9999979575796385	0.05358679069980844	0.36824715476817504	5299699.75	50221.3125	11.02	11.181917874807311
-0.9990009500285805	-0.9999978867008036	0.05105248954728252	0.36824715476817504	5299699.75	73118.5625	11.16	11.163217988112596
-0.9990009500285805	-0.9999982240378443	-0.011687975141572186	0.36824715476817504	5299699.75	-12234.125	11.190000000000001	11.214175870995827
-1.7106934962335516	-0.9999972900757768	0.06347734008172518	0.1807404063536397	4000868.3	51125.075	11.09	11.180050857717813
-1.8333156728893565	-0.9999963149325467	0.06841777096072395	0.1598825696519253	2922178.1	47496.075	11.200000000000001	11.228834825636191
-1.8333156728893565	-0.999997015997404	0.016048297396069947	0.1598825696519253	2922178.1	6121.875	11.22	11.268779489389207
-1.8859358810532207	-0.9999959710660107	0.07306699169207022	0.1516870319601576	2648904.4	43141.375	11.26	11.298338933771836
-1.8859358810532207	-0.9999964063719708	0.03163808782105315	0.1516870319601576	2648904.4	13617.4	11.34	11.40339365995536
-2.018521938411803	-0.9999961225226952	0.05093426510548775	0.13285168300288577	2781062.4	48217.9	11.27	11.301075014557144
-2.018521938411803	-0.999996363066762	0.05551851598760626	0.13285168300288577	2781062.4	24698.5	11.395	11.520927625384829
-2.018521938411803	-0.9999964832663254	0.06048050395360014	0.13285168300288577	2781062.4	17680.175	11.524999999999999	11.551456607290802
-2.018521938411803	-0.9999962946540827	0.11389552361145794	0.13285168300288577	2781062.4	29874.625	11.58	11.599974729558443
-2.018521938411803	-0.9999962032869628	0.11449548513976789	0.13285168300288577	2781062.4	38517.575	11.61	11.636662978620437
-2.018521938411803	-0.9999963386246912	0.077637864950454	0.13285168300288577	2781062.4	26435.825	11.64	11.675649505187273
-1.339093417858402	-0.999997661853031	0.05561938432831088	0.26208316082416316	4605595.666666667	47502.541666666664	11.06	11.090057920576097
