-1.278748100714714	-0.9999904026642725	0.03306992331366334	0.2783855931190956	992160.6666666666	13657.25	7.5200000000000005	7.571100673690102
-1.1373238060078361	-0.999989194043818	0.08793992378390496	0.3206760658576122	894041.2	15692.0	7.53	7.5747000331455085
-1.1373238060078361	-0.9999924295845648	0.0036971597234279406	0.3206760658576122	894041.2	868.8	7.615	7.617086330935252
-1.5672877083205194	-0.9999910682203399	0.06472804121691016	0.20861022751132133	1050583.888888889	11890.555555555555	7.390000000000001	7.394666059962587
-1.5672877083205194	-0.9999913327433205	0.037985084874767594	0.20861022751132133	1050583.888888889	9005.305555555555	7.3950000000000005	7.414099759114701
-1.5672877083205194	nan	nan	0.20861022751132133	1050583.888888889	nan	7.455	7.4568359375
-1.5672877083205194	-0.9999906331233119	0.12924271803090176	0.20861022751132133	1050583.888888889	18781.666666666668	7.5	7.513895471246337
-1.5672877083205194	-0.9999908083841997	0.07719576992633277	0.20861022751132133	1050583.888888889	15623.0	7.535	7.573066317757009
-1.5672877083205194	nan	nan	0.20861022751132133	1050583.888888889	nan	7.55	7.570707482993197
-1.9341013356433128	-0.9999933791936405	0.004529446596015594	0.14455411610199614	1042298.5	992.125	7.5200000000000005	7.52978999203418
-1.9341013356433128	-0.9999902749888064	0.07986397495582627	0.14455411610199614	1042298.5	25243.525	7.53	7.559156679674448
-1.9341013356433128	-0.9999901242435169	0.13608577871864036	0.14455411610199614	1042298.5	29538.575	7.58	7.583497718878992
-1.9341013356433128	-0.9999897883688629	0.11114344905441673	0.14455411610199614	1042298.5	41921.075	7.595000000000001	7.607290795220817
-2.067592046010677	-0.9999902051210549	0.029122622595708858	0.12648999738317607	890205.2	6119.825	7.67	7.688623720558577
-2.067592046010677	-0.9999875468415865	0.09569067453920953	0.12648999738317607	890205.2	65241.5	7.725	7.745456766165536
-1.852404556216331	-0.9999912780269051	0.02880297813758426	0.156859534907854	1074368.4	11737.3	7.48	7.494705482096323
-1.852404556216331	nan	nan	0.156859534907854	1074368.4	nan	7.54	7.541874224244932
-1.852404556216331	-0.9999905924959329	0.1221075136533773	0.156859534907854	1074368.4	24516.075	7.550000000000001	7.568442948263643
-1.852404556216331	-0.9999906958561621	0.0751929240833964	0.156859534907854	1074368.4	21939.25	7.555	7.564579753986027
-1.8067561385387318	-0.9999916211645765	0.020443142461018915	0.16418587011839103	1079470.4	8472.55	7.38	7.400146759675086
-0.22967899199262545	-0.9999892516301907	0.0757647395157566	0.7947886950930572	907509.5	17226.25	7.7700000000000005	7.785346269346269
-0.951207793968475	-0.9999899437317813	0.07931139138058947	0.38627420194785966	954193.75	14699.375	7.69	7.690331090013219
-1.9708600906369278	-0.9999924331598251	0.009333525671737525	0.13933696224599612	1013805.3	2144.875	7.58	7.5946932563350575
-1.9708600906369278	-0.9999905857007131	0.07927921176135273	0.13933696224599612	1013805.3	13963.4	7.61	7.620378305941066
-1.9708600906369278	-0.9999907612345313	0.08261675451296203	0.13933696224599612	1013805.3	11686.9	7.615	7.624916943521595
-1.9708600906369278	-0.9999895135262558	0.11267053957715437	0.13933696224599612	1013805.3	41407.55	7.595000000000001	7.59805584434873
-1.9708600906369278	-0.9999902518740362	0.11212537959340216	0.13933696224599612	1013805.3	19587.575	7.6000000000000005	7.612846924177395
