-0.9597893794634622	-0.9999969938799037	0.08785212337952615	0.38297353957354646	3437081.75	30707.0625	8.26	8.272098948040801
-0.9597893794634622	-0.9999967673027089	0.05391294564209469	0.38297353957354646	3437081.75	66905.0625	8.27	8.317062344244459
-0.9597893794634622	-0.9999967263800199	0.13358587862647625	0.38297353957354646	3437081.75	77009.6875	8.350000000000001	8.485102502048699
-1.4044786569051804	-0.9999970062722502	0.1217435192401972	0.24549501022451384	3633172.1428571427	52929.142857142855	8.08	8.100637448555098
-1.4044786569051804	-0.9999972347790754	0.06127164428677319	0.24549501022451384	3633172.1428571427	23074.428571428572	8.13	8.132448682434834
-1.8218459354982215	-0.9999968550649475	0.13032300510649364	0.16172693772840752	3533739.8	67061.625	8.39	8.418921080005035
-1.7706814001794398	-0.9999969789063847	0.12418852933942008	0.17021696343061105	3644435.1	60485.75	8.18	8.270026160091566
-1.7706814001794398	-0.9999971226409778	0.08179592496588611	0.17021696343061105	3644435.1	35822.1	8.315000000000001	8.320621412032969
-1.7706814001794398	-0.9999968791614454	0.0620152343636675	0.17021696343061105	3644435.1	87001.625	8.33	8.331069993175097
-1.9895158566198352	-0.9999967112659595	0.09368151645882203	0.1367616216537871	3315060.9	54303.025	8.5	8.539883423007943
-1.9895158566198352	-0.9999967456574148	0.0869219425689767	0.1367616216537871	3315060.9	48451.725	8.525	8.562360639210535
-1.1482090113378176	-0.9999968223062834	0.09855616480107192	0.3172043703747935	3286110.2	34276.75	8.24	8.295292705827123
-2.087719433240122	-0.9999963423368854	0.08594564674255134	0.12396953448013028	3211900.6	126505.675	8.58	8.60516699841941
-1.4990216906011848	-0.9999969072771641	0.125921321196095	0.22334855729383343	3504120.375	50881.4375	8.06	8.071202514925767
-1.4990216906011848	-0.9999970877805874	0.07086208557611204	0.22334855729383343	3504120.375	27030.75	8.085	8.12299302045728
-1.4990216906011848	-0.9999970343395693	0.08663795595121106	0.22334855729383343	3504120.375	32597.8125	8.14	8.164521197468268
-1.4990216906011848	-0.9999969100422269	0.09367449428160732	0.22334855729383343	3504120.375	50390.8125	8.17	8.176082155477031
-1.4990216906011848	-0.9999969670725998	0.04230866046948473	0.22334855729383343	3504120.375	41262.875	8.17	8.182376043429544
-1.4990216906011848	-0.9999970386228383	0.06672655405033345	0.22334855729383343	3504120.375	32112.1875	8.195	8.267847418066852
-1.8687340890783906	-0.9999969105399782	0.12505747709397158	0.15431889218796033	3631091.5	74466.05	8.48	8.526183902604766
-0.23477699911046243	-0.9999959123666938	0.05260005527169362	0.7907471672902122	2310886.0	12657.125	8.47	8.488692994842198
-0.23477699911046243	-0.9999956877070328	0.04834944792192266	0.7907471672902122	2310886.0	21272.5	8.46	8.485779111688082
-0.23477699911046243	-0.9999951234704066	0.2038562996069168	0.7907471672902122	2310886.0	78361.75	8.46	8.543545948813154
-0.23477699911046243	-0.9999954986884259	0.12889019377568997	0.7907471672902122	2310886.0	32925.0	8.515	8.518401546460472
-1.2906620159636644	-0.9999969268849478	0.11993949710621218	0.2750886097445012	3509139.0	48241.125	8.08	8.114612087886014
-2.1168585073469486	-0.9999965749628585	0.08886446025470764	0.12040929990591233	3177528.6	53270.325	8.5	8.543702296550087
-1.6517298423840068	-0.9999968623023887	0.11447102475198498	0.19171797972408497	3414483.2	44962.925	8.040000000000001	8.053538210574178
-1.6517298423840068	-0.9999970114651382	0.07349782415967569	0.19171797972408497	3414483.2	27018.175	8.07	8.094744871662714
-1.6517298423840068	-0.999996911538286	0.04677567643409937	0.19171797972408497	3414483.2	38005.05	8.1	8.102823317267182
-1.6517298423840068	-0.9999968801979662	0.08319263899826682	0.19171797972408497	3414483.2	42297.7	8.135000000000002	8.139678010557846
-1.6517298423840068	-0.9999969694088687	0.06336238051455277	0.19171797972408497	3414483.2	31190.55	8.13	8.147624147689859
-1.6517298423840068	-0.9999971149097071	0.04542379457362764	0.19171797972408497	3414483.2	18978.075	8.15	8.151510211557836
-1.6517298423840068	-0.999996951525593	0.06686149982848283	0.19171797972408497	3414483.2	33154.525	8.155000000000001	8.168583059126835
-2.0569367893721386	-0.9999965417751754	0.09540014539401306	0.12784498682782713	3154188.8	54604.725	8.56	8.566012692780129
