-1.6331493081232513	-0.999995079598139	0.1168269078771118	0.19531350213697818	2148498.4444444445	39005.194444444445	11.0	11.057722424170194
-1.4498118235264934	-0.9999948157378058	0.11716705957358907	0.23461443285677316	2293010.714285714	145446.25	11.08	11.096534445390377
-1.330883560891816	-0.9999942355102139	0.11804428725483831	0.2642436827406008	2159552.8333333335	254922.875	11.03	11.033290817170677
-1.7713154963845765	-0.9999953603270277	0.08964218729206073	0.17010906371306575	2207733.0	28088.725	10.85	10.889617828309369
-1.973447467474791	-0.9999960518444572	0.07956738368001069	0.13897691101219817	2594661.0	28115.875	11.15	11.16821481774899
-1.973447467474791	-0.9999959710648554	0.100163307778396	0.13897691101219817	2594661.0	34672.15	11.16	11.227605076955193
-1.973447467474791	-0.9999961931437006	0.04554659135240078	0.13897691101219817	2594661.0	19485.975	11.29	11.309123913781734
-0.2467967874811371	-0.9999942897184	0.1635260907155001	0.7812994472291184	1954851.5	70455.625	10.88	10.907812960366341
-1.8288914330251826	-0.9999955455339896	0.08564644249349745	0.16059149556293403	2278857.1	25618.05	10.89	10.915454184847283
-1.8288914330251826	-0.9999957150425199	0.05622585812652602	0.16059149556293403	2278857.1	17409.1	10.9	10.938227165692721
-1.8288914330251826	-0.999995242148353	0.0931825626700957	0.16059149556293403	2278857.1	51146.25	10.955000000000002	10.994136538541108
-1.8288914330251826	-0.999995486246556	0.10467554404396615	0.16059149556293403	2278857.1	29324.1	11.055	11.068635070460664
-1.8288914330251826	-0.9999956954228937	0.08412987531522405	0.16059149556293403	2278857.1	18205.175	11.05	11.061898710865561
-1.8288914330251826	-0.9999949625958094	0.14821794957459813	0.16059149556293403	2278857.1	96714.05	11.07	11.097721005093636
-1.88167270890186	-0.9999954851256387	0.07528655671165405	0.1523350802798039	2258591.6	26828.5	11.14	11.148132683984262
-0.9890713441968293	-0.9999953878337113	0.12781031945560364	0.37192191814626213	2368463.0	55477.1875	10.94	10.995606878976808
-0.9890713441968293	-0.9999950098844795	0.11042210168976066	0.37192191814626213	2368463.0	135794.3125	11.02	11.043193412740449
-0.9890713441968293	-0.9999955210261651	0.135881851248383	0.37192191814626213	2368463.0	40467.6875	11.085	11.097530787448193
-0.9890713441968293	-0.999995827012954	0.09324309220148251	0.37192191814626213	2368463.0	19604.5	11.08	11.097511293634497
-1.929589119750431	-0.9999951754154894	0.0664915060923192	0.1452078492654661	2194435.1	39624.875	11.07	11.092553492124386
