-1.8743051440790797	-0.999993860513388	0.09947723232456276	0.1534615634820064	1986140.4	197575.75	10.39	10.422417178807896
-2.005719343194567	-0.9999942651287886	0.09616881272717079	0.13456346356016324	1806432.9	31559.45	10.53	10.579410231005893
-1.921572380206341	-0.9999943531660082	0.08719138633820493	0.1463766213840572	1969804.3	67720.425	10.48	10.483367633006884
-1.921572380206341	-0.99999485992203	0.14082690619194976	0.1463766213840572	1969804.3	24956.95	10.52	10.533848709815116
-1.921572380206341	-0.9999951670702492	0.07435099193943501	0.1463766213840572	1969804.3	13627.6	10.53	10.535580670303975
-2.1413214765926547	-0.999995637818823	0.11261428957285441	0.11749946758582527	2532276.0	62707.15	10.57	10.773837438097651
-2.1413214765926547	-0.9999959120053544	0.10058349537077185	0.11749946758582527	2532276.0	31316.45	10.815000000000001	10.83220257470729
-2.1413214765926547	-0.9999959926005052	0.11055176032602365	0.11749946758582527	2532276.0	25534.925	10.795000000000002	10.828683795571031
-1.5424967438197228	-0.9999945716036962	0.13859947198962558	0.2138465143780859	1939207.25	37300.375	10.74	10.798467043879041
-1.5424967438197228	-0.9999943563471696	0.10025655337624863	0.2138465143780859	1939207.25	56624.375	10.8	10.813689762261726
-1.7643386110686545	-0.9999935949390583	0.10432746707614643	0.1713000449805438	1872400.0	161592.0	10.53	10.531315045963506
-1.7643386110686545	-0.999994682879539	0.132537910474046	0.1713000449805438	1872400.0	21072.6	10.485	10.493494736842106
-1.7643386110686545	-0.9999946803512061	0.1217338008134522	0.1713000449805438	1872400.0	21172.6	10.51	10.543699373444854
-1.7643386110686545	-0.9999945641090205	0.10026486085377151	0.1713000449805438	1872400.0	26321.05	10.56	10.574135917866995
-2.1710474768013905	-0.9999962064508872	0.12140007575592388	0.11405808112229662	3015679.6	92977.975	10.85	11.031557712436106
-0.9854358360286447	-0.9999946347081338	0.14332109646920294	0.37327650412985947	1927757.5	31037.4375	10.58	10.601917406158996
-1.443696837827148	-0.9999947285282006	0.1495322668040918	0.23605349218793573	2011564.0	40290.78571428572	10.700000000000001	10.75189061786842
-1.443696837827148	-0.9999949025953103	0.08429427696980367	0.23605349218793573	2011564.0	28387.964285714286	10.825	10.864983729474396
-2.19903966336592	-0.9999958656513719	0.10511579683133686	0.11090961780475055	3067912.1	322486.025	10.84	10.846756913216423
-0.24480190464385235	-0.9999949683320698	0.15882689331927968	0.7828596037344995	2081777.5	35411.25	10.43	10.470247864149352
-0.24480190464385235	-0.9999945570240807	0.1193855501394752	0.7828596037344995	2081777.5	83370.75	10.485	10.508864199822346
-0.24480190464385235	-0.9999946007344177	0.2364943376881612	0.7828596037344995	2081777.5	76119.25	10.57	10.571127362097215
-0.24480190464385235	-0.9999956436162878	0.050959176305879796	0.7828596037344995	2081777.5	8681.125	10.56	10.569033406334567
-0.24480190464385235	-0.9999952275059075	0.0826835158629556	0.7828596037344995	2081777.5	20644.875	10.565000000000001	10.572392263731833
-0.24480190464385235	-0.9999948184488415	0.1464943995784922	0.7828596037344995	2081777.5	48378.75	10.57	10.570897241379312
-1.325262077208707	-0.9999942757566097	0.1149632668786368	0.265733307318812	1985996.3333333333	86535.91666666667	10.58	10.586681954870953
-1.325262077208707	-0.9999946328166378	0.17092099893630544	0.265733307318812	1985996.3333333333	42581.833333333336	10.65	10.653929366760025
-1.325262077208707	-0.9999949057408892	0.14159608288606979	0.265733307318812	1985996.3333333333	24763.833333333332	10.66	10.665528145143364
-1.325262077208707	-0.9999946950210657	0.14074373149148336	0.265733307318812	1985996.3333333333	37633.208333333336	10.67	10.679000679662973
-1.325262077208707	-0.999994425615641	0.1649311288873679	0.265733307318812	1985996.3333333333	64259.916666666664	10.69	10.695584789092457
-1.6268096190452925	-0.9999944652840491	0.14024371126694327	0.19655566230751675	1894464.2222222222	35785.333333333336	10.69	10.736530592334496
-1.9652448540416347	-0.9999946960736348	0.10562796858061023	0.14012157308159376	1978188.9	36031.2	10.55	10.594625914634145
-1.9652448540416347	-0.9999948400646526	0.08833818106311479	0.14012157308159376	1978188.9	27100.025	10.620000000000001	10.62850285622932
