-1.3338016490336646	-0.9999959451229791	0.0038074911160560624	0.2634737203388817	2023952.6666666667	3665.0833333333335	10.950000000000001	11.14408793723439
-1.3338016490336646	-0.999994650119368	0.07199008274377422	0.2634737203388817	2023952.6666666667	50407.0	10.985	11.0125691800816
-1.3338016490336646	-0.9999952402026855	0.041269614951624	0.2634737203388817	2023952.6666666667	15268.375	11.05	11.08311038514443
-1.6344253358132355	-0.9999970422874064	-0.00033059161874656655	0.1950644356416911	1932365.4444444445	-302.5	10.67	10.757137545881932
-2.0109293471653458	-0.9999941421637498	0.05299694146526671	0.1338642105179742	1845913.8	49664.25	10.64	10.913086628662112
-2.0109293471653458	-0.9999944173996521	0.05242629723860607	0.1338642105179742	1845913.8	29880.625	10.93	11.022857368753954
-2.0109293471653458	nan	nan	0.1338642105179742	1845913.8	nan	11.14	11.158687061276417
-2.148792900872808	-0.9999947412606773	0.05774047193989265	0.11662485059668562	2080501.6	56432.35	10.86	10.862891651524993
-2.148792900872808	-0.9999947829092266	0.08011775612642587	0.11662485059668562	2080501.6	51748.275	10.91	10.971997239709784
-2.148792900872808	nan	nan	0.11662485059668562	2080501.6	nan	10.97	10.981305828117069
-0.7153969830179796	-0.9999951662994689	-0.030414883841032695	0.4889979493775603	2159108.3333333335	-34079.583333333336	10.98	11.086169473588175
-0.7153969830179796	-0.9999947146959312	0.11893946174961212	0.4889979493775603	2159108.3333333335	90357.83333333333	11.11	11.208722231409514
-1.9276009074210227	-0.9999944760291226	0.026209325382793604	0.14549684049446657	1801136.8	20939.225	10.49	10.571056804447668
-1.9276009074210227	-0.9999945252901441	0.03152686418076873	0.14549684049446657	1801136.8	19161.325	10.645	10.741099172413794
-1.971358070786544	-0.999994061565799	0.03614916949863707	0.1392675924785069	1735098.1	29843.8	10.69	10.747766260230605
-1.971358070786544	-0.9999942186021508	0.03694533330276994	0.1392675924785069	1735098.1	22725.625	10.675	10.679776238811941
-1.8808875088382861	-0.9999943385408182	0.016468852957466803	0.15245474076708737	1663827.1	12327.75	10.42	10.420323594093622
-0.9922385627464373	-0.9999946987823518	-0.02541361895257642	0.37074582360546987	1908185.5	-24727.375	11.27	11.29865823338366
-0.9922385627464373	-0.9999941441507733	0.1030569970293106	0.37074582360546987	1908185.5	71255.875	11.215	11.225265104808878
-2.049039541361549	-0.9999939921866456	0.056679567128618866	0.128858607534778	1815275.4	54492.45	11.01	11.02532343950899
-2.049039541361549	-0.9999940317679119	0.061411080208433236	0.128858607534778	1815275.4	50714.4	11.030000000000001	11.053804988224494
