-1.4736827706322002	-0.9999982966797855	0.03764291669688945	0.22908027966659686	6775492.571428572	102829.10714285714	12.86	13.119459657240945
-1.202580994062869	-0.9999984799749625	0.03039228227730132	0.3004178337841445	7460288.6	84104.35	12.43	12.47854044990611
-1.202580994062869	-0.999998341477521	0.09160826920193757	0.3004178337841445	7460288.6	236346.0	12.515	12.647099123912563
-1.202580994062869	-0.9999985209371903	0.040270127280444	0.3004178337841445	7460288.6	61958.45	12.785	12.81411004180033
-1.8019668834432527	-0.9999983707495266	0.03173932952669574	0.1649740841057865	6966291.5	84950.325	12.370000000000001	12.38892395838874
-2.082059054881514	-0.99999789791136	0.036454792590350206	0.12467323868737869	5357372.9	77781.575	11.9	12.03592443706646
-1.3531341990790373	-0.9999983518987267	0.033973515042911205	0.25842902201549	6923502.0	90275.5	12.76	12.800609062970917
-2.2627120894367234	-0.9999971496049124	0.05415075006118627	0.10406786033193588	4004190.5	90537.0	12.1	12.336645928774367
-2.179821534468233	-0.9999973300476243	0.05880999240989712	0.11306170645761777	4330630.4	105089.475	11.5	11.601662845313092
-2.179821534468233	-0.9999974067248654	0.05204185353499168	0.11306170645761777	4330630.4	75395.5	11.875	11.971251923661814
-2.044738378312889	-0.999997970961616	0.03773837546071253	0.12941404306911009	5597468.4	85602.225	11.93	11.960388553193768
-2.044738378312889	-0.9999979454284025	0.0580307747978691	0.12941404306911009	5597468.4	98754.225	11.875	11.907494724700724
-0.727567520574626	-0.9999986756351489	0.025239000715364904	0.48308265066739464	8528619.333333334	80417.83333333333	12.77	12.784479502232418
-0.2537798052840574	-0.9999985024587986	0.06424215580748226	0.775862624088852	8843937.5	564761.625	12.540000000000001	12.731120745001656
-2.23649047805939	-0.9999968389060846	0.04909066204490263	0.10683277921485614	3842861.7	188648.625	12.040000000000001	12.079960115812193
