-1.977622129964928	-0.9999935526915203	0.06721428624541306	0.13839793866272676	1656191.3	43388.65	11.405000000000001	11.463439363304214
-1.977622129964928	-0.999993200311871	0.12091634655388248	0.13839793866272676	1656191.3	77774.7	11.48	11.537549793597135
-1.977622129964928	-0.9999937364630567	0.11999404209974551	0.13839793866272676	1656191.3	32002.975	11.53	11.539659075811123
-1.6353378363835502	-0.9999945014292737	0.07324527332606862	0.19488652041913618	2026677.2222222222	69134.80555555556	11.22	11.366845497780995
-1.9335033010172191	-0.9999932438501689	0.06388597822562835	0.14464059032348156	1571335.6	40788.45	11.31	11.3398984272475
-1.9335033010172191	-0.9999929550449926	0.11172441481231454	0.14464059032348156	1571335.6	64213.775	11.35	11.37526247292218
-0.7155242256144557	-0.9999954271082857	0.06826960839238401	0.4889357319672462	2470017.3333333335	80427.33333333333	10.83	10.982453119005415
-0.7155242256144557	-0.9999951959777067	0.13267104889525713	0.4889357319672462	2470017.3333333335	142345.33333333334	10.955	10.965900678051952
-1.8327258181367412	-0.9999937063148535	0.06874168256665972	0.15997690496482597	1723688.1	51448.2	11.25	11.314940113364683
-1.8327258181367412	-0.9999935785775038	0.10768655493177069	0.15997690496482597	1723688.1	64120.15	11.33	11.368590721587337
-1.7088955631699592	-0.999994315305134	0.08448533296105647	0.18106565780870632	2058483.1	120793.775	11.200000000000001	11.218050406059357
-1.7088955631699592	-0.9999945070018429	0.12319711893147135	0.18106565780870632	2058483.1	81408.225	11.25	11.334476942155817
-1.7088955631699592	-0.9999948706783456	0.11730215574214198	0.18106565780870632	2058483.1	38507.025	11.385000000000002	11.401574477235808
-1.5506827817555517	-0.999994610306732	0.07051687414001807	0.21210310424534293	2054290.75	64342.875	11.15	11.18969792031121
-1.5506827817555517	-0.999994330867269	0.11677838884941912	0.21210310424534293	2054290.75	114237.875	11.200000000000001	11.212360532058128
-0.9912823628099925	-0.999994806346701	0.07801189710821568	0.3711005002823227	2181693.25	83361.875	11.01	11.041241122389417
-0.9912823628099925	-0.9999947922350312	0.14858802310704053	0.3711005002823227	2181693.25	85968.3125	11.02	11.029968644334357
-0.9912823628099925	-0.9999952003525433	0.10469065207072505	0.3711005002823227	2181693.25	35289.125	11.02	11.023223150705482
-2.2138492687952196	-0.9999908834971617	0.08237537955526354	0.10927919290072621	1145503.1	34301.8	11.35	11.394076072006472
-2.2138492687952196	-0.9999904645019817	0.13422757971239443	0.10927919290072621	1145503.1	55432.675	11.445	11.45243119089536
-1.331886496713138	-0.9999948374483667	0.0770567494373962	0.26397879613995606	2164767.8333333335	71375.625	11.03	11.050467754573639
-1.331886496713138	-0.9999946628742004	0.14414119811943737	0.26397879613995606	2164767.8333333335	104154.29166666667	11.075	11.2238050536355
-2.2402806982963224	-0.9999914183736651	0.09076098699803983	0.10642862585206664	1237793.2	41038.025	11.4	11.503129514313326
-2.2402806982963224	-0.9999911468128835	0.12441531048737971	0.10642862585206664	1237793.2	57434.325	11.495000000000001	11.5053334451925
