-2.1848398491775702	-0.9999923381781841	0.06496714571808061	0.11249574849834681	1367564.6	35525.575	10.97	10.99060987654321
-2.1848398491775702	-0.9999922324770955	0.09582300133449394	0.11249574849834681	1367564.6	41050.775	11.02	11.027699421965318
-1.7763843426004136	-0.9999944581252532	0.07985625863653778	0.16924898866476717	2000390.0	65244.4	11.19	11.203345126043873
-1.7763843426004136	-0.9999944676789638	0.09045631956614424	0.16924898866476717	2000390.0	64009.325	11.22	11.226363636363637
-1.7763843426004136	-0.9999947772966743	0.09798743560320054	0.16924898866476717	2000390.0	34455.175	11.235	11.288056381244607
-2.124864670707714	-0.9999926402208872	0.07197312139678624	0.11944913213948881	1453423.5	44216.5	10.96	10.975672942817294
-1.1869466253344154	-0.99999467725353	0.09757831350581951	0.3051515851537672	2316158.6	226006.85	11.370000000000001	11.381706549831796
-1.9351609447515177	-0.9999930238416246	0.07726499646858466	0.14440102636590896	1553777.8	50989.775	11.21	11.237765746530426
-2.2123366997154106	-0.9999922875993226	0.06254589342941634	0.10944461030005835	1344393.0	31839.6	11.01	11.037331376043712
-1.4546402639483782	-0.9999946621620072	0.08618355991446358	0.23348434153049302	2091706.142857143	70627.46428571429	11.22	11.314045815629042
-0.7153273426405948	-0.999995286871222	0.12172220402065113	0.48903200456508955	2450861.3333333335	103903.25	11.28	11.40671046045639
-0.7153273426405948	-0.9999952719790722	0.10538982862991951	0.48903200456508955	2450861.3333333335	107765.66666666667	11.395	11.416341394611244
-0.24741091897494646	-0.9999954094070904	0.10860871364677264	0.7808197739387923	2380203.5	55632.75	11.06	11.082401595717336
-0.24741091897494646	-0.9999949811105739	0.1278658855138443	0.7808197739387923	2380203.5	154194.75	11.16	11.285688213414245
-1.887129067749134	-0.999992699729798	0.08383442711647393	0.1515061489467428	1618891.9	135718.875	11.22	11.224986596857324
