-2.118570889438294	-0.9999973371430753	0.0697585682533827	0.12020328961163079	4397870.5	121892.125	13.14	13.14802048904948
-2.118570889438294	-0.9999973782414271	0.0677004041255005	0.12020328961163079	4397870.5	101736.85	13.365	13.413056990592427
-2.118570889438294	-0.9999975792949384	0.0800421916816671	0.12020328961163079	4397870.5	42020.95	13.455000000000002	13.484545796738914
-1.57019254558535	-0.9999971279229168	0.07868007103807068	0.20800512803186977	4054846.375	114213.25	12.68	12.753928575297941
-1.730647669717387	-0.99999690038271	0.07343392969972813	0.17716962540143247	3721087.2	102123.325	12.39	12.410188577964796
-1.730647669717387	-0.9999969876549264	0.05358934487256881	0.17716962540143247	3721087.2	73805.25	12.31	12.41435660579021
-2.184793832334262	-0.9999976262494198	0.07654378144069701	0.11250092531668784	5037057.0	155859.55	13.27	13.718244265131382
-1.1984227263488427	-0.9999972707912341	0.10514808943129038	0.3016696524578886	4369625.8	151087.5	11.870000000000001	12.20813194523274
-1.1984227263488427	-0.9999972866488975	0.05499500306978249	0.3016696524578886	4369625.8	140972.75	12.405000000000001	12.466083912963336
-2.215195931943225	-0.9999978373340366	0.07756257824350371	0.10913212968333566	5552053.1	163935.8	13.8	13.831612036382843
-2.215195931943225	-0.9999978614624959	0.07386326726989778	0.10913212968333566	5552053.1	143381.875	13.95	14.254609342240734
-2.244336170825416	-0.9999979732079373	0.07352965549941179	0.10599788150990337	5900291.4	156163.275	14.200000000000001	14.26890739646712
-2.244336170825416	-0.9999979563456088	0.07976613865082696	0.10599788150990337	5900291.4	172499.675	14.56	14.687938984394345
-1.9567632697010964	-0.9999967839200662	0.07144972638432487	0.14131508028281253	3584002.8	101359.575	12.63	12.760920416040316
-1.9567632697010964	-0.9999967903843392	0.08322389556224936	0.14131508028281253	3584002.8	99038.25	12.97	13.082868501423476
-1.9567632697010964	-0.9999969364135615	0.09352175596138826	0.14131508028281253	3584002.8	58681.825	13.0	13.020654026787268
-2.043354823030552	-0.9999971158575449	0.08387876996236396	0.12959321847296335	4087903.0	131937.95	13.01	13.143458028255084
-2.043354823030552	-0.9999971765387724	0.07191727426204196	0.12959321847296335	4087903.0	102952.8	13.285	13.318399480197414
-1.4692730138016268	-0.9999971461148867	0.08534671458643166	0.2300926986146715	4180188.714285714	151716.92857142858	12.56	12.561655298050558
-1.4692730138016268	-0.9999972941200065	0.04830559340456679	0.2300926986146715	4180188.714285714	81721.85714285714	12.605	12.708303888866848
-1.4692730138016268	-0.999997340387527	0.08938763433857254	0.2300926986146715	4180188.714285714	67350.60714285714	12.675	12.71103342267066
-0.25411958486535324	-0.9999969006765131	0.11404419153587826	0.7755990465929574	3928210.0	193840.0	12.31	12.444675722211594
-1.8549856974200463	-0.9999968021548551	0.06849093863967123	0.1564551803716787	3570654.6	90979.5	12.46	12.643800795272575
-1.0050747580184218	-0.9999970095839582	0.10476810571278385	0.36601727105530607	3973729.5	144798.375	12.4	12.42337958799092
-1.7962808077683599	-0.9999967475356025	0.06383309431910077	0.1659148112206018	3536107.0	98819.675	12.36	12.37794809289233
-1.7962808077683599	-0.9999968254368441	0.05635336829215183	0.1659148112206018	3536107.0	75025.375	12.425	12.567556276303163
