-1.89143018404079	-0.9999950389419265	0.020898736752275895	0.15085590277586242	1939219.2	15070.775	11.08	11.102752189213009
-1.89143018404079	-0.9999943575614773	0.08862024729903933	0.15085590277586242	1939219.2	56495.0	11.135000000000002	11.17861095327956
-1.9389601417061706	-0.9999950983265853	0.024194838276794774	0.14385345924259177	1998957.2	18000.95	11.200000000000001	11.231508858770653
-1.9389601417061706	-0.9999945098838406	0.08917539980751975	0.14385345924259177	1998957.2	58366.075	11.245000000000001	11.272097252452603
-2.1593141684881414	-0.9999956175886096	0.04364785475413791	0.11540424176882329	2431917.6	42516.175	11.08	11.143899453731464
-2.1593141684881414	-0.999995444065399	0.08554461244222662	0.11540424176882329	2431917.6	64837.675	11.254999999999999	11.290221552357945
-1.7157500096599763	-0.9999919170811186	0.05634480999837383	0.1798287967875806	1252242.1	24877.8	11.16	11.185300341614907
-1.55792673400619	-0.999991555684278	0.07292117300163088	0.21057219111132877	1221664.0	30214.6875	11.52	11.530129741727697
-1.55792673400619	-0.9999912256202931	0.09729991670452214	0.21057219111132877	1221664.0	45221.21875	11.504999999999999	11.520930730080787
-1.7797488763211389	-0.9999935478356519	0.05543341793728297	0.16868050161840137	1584782.7	27590.925	11.26	11.524086872885798
-1.7797488763211389	-0.9999930353204994	0.10792095993516541	0.16868050161840137	1584782.7	62161.275	11.575	11.681024364474863
-1.7797488763211389	-0.9999931149194718	0.14900255479762167	0.16868050161840137	1584782.7	54794.125	11.69	11.782692841175155
-2.1885772880499723	-0.9999948521214382	0.03912937476197282	0.11207608723259439	2032312.2	34963.775	11.25	11.262361524163568
-2.2161594162988503	-0.9999936984744208	0.07374944027038034	0.1090270332212183	1724573.8	52440.1	11.18	11.241724385001195
-0.24966481564426146	-0.9999934909261194	0.08660700299910218	0.779061868663586	1681508.0	56672.375	11.49	11.506825617108406
-0.24966481564426146	-0.9999932935901124	0.11490072680794476	0.779061868663586	1681508.0	78973.625	11.535	11.567219587053572
-0.24966481564426146	-0.9999940683962203	0.07909148534701338	0.779061868663586	1681508.0	21461.0	11.58	11.589548941952376
-1.339065681274859	-0.9999911544763144	0.07109645119794628	0.2620904302164622	1164478.0	29744.041666666668	11.51	11.524320336467095
-1.339065681274859	-0.9999904095400141	0.10731906139618644	0.2620904302164622	1164478.0	70817.79166666667	11.52	11.545651087274306
-1.982714836383176	-0.9999952620058314	0.03215429560549575	0.13769491027028802	2157789.2	27544.45	11.26	11.325567059890021
