-1.8049185061743525	-0.9999985450219467	0.04348936622732824	0.16448786077601493	8194975.111111111	150768.72222222222	28.75	29.42323041674633
-1.3034522992009352	-0.9999985282680683	0.008566801004814386	0.2715925539427237	6877986.8	24897.25	27.54	27.624557846568965
-1.5990986569799852	-0.9999985212169439	0.035677496427642896	0.20207857804886892	7780348.285714285	99253.96428571429	28.16	28.441423979870677
-1.5990986569799852	-0.9999984705082162	0.054084205856264854	0.20207857804886892	7780348.285714285	147262.5	28.900000000000002	28.940349841149143
-1.5990986569799852	-0.9999984335166426	0.1289148537537412	0.20207857804886892	7780348.285714285	196374.92857142858	28.94	28.965765945264227
-1.7102063955005362	-0.999998549234582	0.032030926714276854	0.1808284665834202	7920038.5	97744.0625	28.91	29.047218691183808
-1.7102063955005362	-0.9999985029867781	0.054132208240284446	0.1808284665834202	7920038.5	140983.09375	28.8	28.812650960765662
-2.273331509829581	-0.9999986584929033	0.03158515515545906	0.10296856723224505	8736230.2	122971.35	28.45	28.616218946972904
-1.4669765141833122	-0.9999984191959117	0.02367688141263501	0.23062171361809575	6935550.5	57741.375	27.7	27.85748336771147
-1.4669765141833122	-0.9999983197606318	0.04645845497851128	0.23062171361809575	6935550.5	115079.25	28.130000000000003	28.228513552477065
-1.4669765141833122	-0.9999982531901825	0.12081718725757452	0.23062171361809575	6935550.5	182605.29166666666	28.185000000000002	28.188852057661244
-0.29016100871915984	-0.9999985747409992	0.02589963942331497	0.7481431003183553	8266012.5	130770.75	27.94	27.989276970909
-0.29016100871915984	-0.9999985449107489	0.056900469105543985	0.7481431003183553	8266012.5	167339.5	28.025	28.16613268690304
-0.29016100871915984	-0.9999984415816596	0.16896292259493484	0.7481431003183553	8266012.5	393132.875	28.29	28.387229751846878
-2.2314366742366083	-0.9999986153585468	0.02959520205989179	0.10737405772849866	8391103.6	111152.775	28.12	28.120843354361114
-2.2314366742366083	-0.9999986188933987	0.04609331518891261	0.10737405772849866	8391103.6	107904.225	27.990000000000002	28.134628958383143
-2.2314366742366083	-0.9999986255375134	0.06847164078563299	0.10737405772849866	8391103.6	102052.975	28.295	28.431154756094884
-2.3118964713669667	-0.9999986627770054	0.0316801193247266	0.09907318382711555	8728489.3	117234.1	27.71	27.797255727136708
-2.3118964713669667	-0.9999987573315412	0.02066557623420558	0.09907318382711555	8728489.3	51359.175	27.655	27.796034115766673
-2.3118964713669667	-0.9999986700245271	0.06100224818157382	0.09907318382711555	8728489.3	110047.525	28.015	28.28588149605955
-2.474085722751739	-0.9999988657456509	0.03235724526900609	0.08423997375121413	10358840.6	126696.8	28.150000000000002	28.24045360531837
-2.474085722751739	-0.9999988846953256	0.034957736880866105	0.08423997375121413	10358840.6	104115.25	28.590000000000003	28.712119569090127
-2.474085722751739	-0.9999988253448522	0.07697170735014679	0.08423997375121413	10358840.6	192540.2	28.765	28.96097017171074
