-2.2982452113099994	-0.9999988472841198	0.05536777214567617	0.10043493126086588	10716544.9	231683.425	27.36	27.620670537466594
-1.950325645464378	-0.999998398806423	0.04889598870392341	0.14222774822330878	7373738.9	134158.325	27.0	27.09271893388716
-1.950325645464378	-0.9999983427349601	0.07627892870321414	0.14222774822330878	7373738.9	202852.575	27.125	27.33550671091433
-2.3348127564833856	-0.9999987683880538	0.05691248002709941	0.09682861135885383	10533258.8	430578.55	27.6	27.619312938261682
-2.3348127564833856	-0.9999988606664909	0.042599762021114956	0.09682861135885383	10533258.8	162899.475	27.615000000000002	27.69900227933073
-2.488186128184403	-0.9999987933062806	0.056300107310546785	0.08306049110160307	10384032.1	276604.15	27.68	27.743979178118188
-2.488186128184403	-0.999998813940042	0.07101087618862595	0.08306049110160307	10384032.1	223257.3	27.650000000000002	27.706771389410417
-2.488186128184403	-0.9999989118840864	0.05611824121850224	0.08306049110160307	10384032.1	80742.325	27.765	27.78376081920701
-2.125871176360577	-0.9999986585946503	0.04169517189936515	0.11932896639665512	8905482.3	154176.775	26.150000000000002	26.155858006984985
-1.7021396060447869	-0.9999982962076029	0.05820571100992399	0.1822930711370528	7040561.75	162048.25	26.96	27.246739594919035
-2.2179879134881153	-0.9999987264063687	0.05159541058019198	0.1088278597469814	9571041.5	196734.9	26.8	27.02171847523255
-2.4606368466832276	-0.9999988140368524	0.054372713042709186	0.08538055932357322	10550923.9	271849.325	27.330000000000002	27.571444116490106
-2.4606368466832276	-0.9999988313072297	0.07106659091727487	0.08538055932357322	10550923.9	226564.3	27.630000000000003	27.674867767723136
-2.4606368466832276	-0.9999989197345795	0.058940513740608706	0.08538055932357322	10550923.9	89124.275	27.775	27.792426752856375
-1.4605106386535358	-0.9999981774912106	0.05003009901289606	0.23211771618399288	6370663.0	110258.20833333333	26.41	26.57347965543009
-1.4605106386535358	-0.9999980692924129	0.09027098111997475	0.23211771618399288	6370663.0	219670.25	26.685000000000002	26.88273738892787
