-2.303367465420224	-0.9999980885380032	0.057589361150506266	0.09992179335473281	6235313.9	150025.25	27.25	27.488697223127257
-2.303367465420224	-0.9999981340207923	0.054835991949550834	0.09992179335473281	6235313.9	112979.0	27.475	27.492012925260248
-2.303367465420224	-0.9999982270960835	0.06285953347481063	0.09992179335473281	6235313.9	63233.95	27.455	27.536000336222944
-2.373655421200295	-0.9999981152830248	0.04470658658899661	0.09313963863870063	6157358.8	109630.35	27.425	27.57123477582344
-2.373655421200295	-0.9999980993430352	0.05934632162284035	0.09313963863870063	6157358.8	120936.225	27.48	27.615166362705313
-2.373655421200295	-0.9999981600852061	0.07068018916787999	0.09313963863870063	6157358.8	83200.075	27.655	27.696201961170665
-1.8821018890070367	-0.999998270908511	0.038784849806864696	0.15226971512174337	6707660.1	108896.025	26.830000000000002	27.044658079660636
-1.954075962828118	-0.9999983115503033	0.043098651606571496	0.14169534798847586	6910570.4	116791.075	27.11	27.20069047305648
-1.954075962828118	-0.9999983029829833	0.05410650262837651	0.14169534798847586	6910570.4	123914.55	27.355	27.5159160526042
-1.8008460993025597	-0.9999982242722321	0.03330156489202054	0.16515908809828186	6757658.666666667	162715.08333333334	26.8	26.804523612460336
-1.8008460993025597	-0.9999982951401648	0.048527539244285024	0.16515908809828186	6757658.666666667	100795.69444444444	26.840000000000003	26.879957281008053
-2.2648392456490183	-0.9999981668284404	0.05110058104160374	0.10384672701226973	6422159.0	129691.2	27.09	27.23367943630697
-2.2648392456490183	-0.99999819734193	0.0492655106548205	0.10384672701226973	6422159.0	106611.575	27.125	27.15697824648369
-2.2648392456490183	-0.9999983213852436	0.05012176668368849	0.10384672701226973	6422159.0	48065.025	27.125	27.19822181754152
-1.465310970087918	-0.9999982694805902	0.024592554840892927	0.23100614430574418	6432255.333333333	68263.33333333333	27.45	27.50747872131653
-1.465310970087918	-0.9999981998180414	0.05499975336443086	0.23100614430574418	6432255.333333333	106854.20833333333	27.735	27.75615114698963
-1.465310970087918	-0.9999982410335524	0.0771436156404672	0.23100614430574418	6432255.333333333	81970.04166666667	27.655	27.664896127362404
-2.13008049406256	-0.9999982659845915	0.05081823359880227	0.11882772854082434	6811303.6	134712.475	27.67	27.734611228938252
-2.13008049406256	-0.9999982623888719	0.061451176217440825	0.11882772854082434	6811303.6	138052.55	27.5	27.535757678372818
-2.13008049406256	-0.9999984519253946	0.034782666257790903	0.11882772854082434	6811303.6	37963.475	27.450000000000003	27.48818810642275
-2.436289541099569	-0.9999981669693722	0.03820904436413059	0.08748485895557055	6292188.7	102105.8	27.84	27.93867488695343
-2.436289541099569	-0.9999981183439816	0.0740625777868941	0.08748485895557055	6292188.7	138652.7	27.765	27.823201482189926
-2.018644572307515	-0.9999981917703281	0.049001015913616865	0.13283539188238944	7052765.0	345592.65	27.45	27.490313206504577
-0.29001228051245376	-0.9999980219104724	0.029919942024245992	0.7482543785749278	5677409.0	75388.5	27.75	27.77606163699033
-2.0769905171897483	-0.9999982728506446	0.05012913595351538	0.12530675383827677	6816295.5	129670.6	27.560000000000002	27.611129780675938
-2.0769905171897483	-0.9999982563906094	0.06371529786263849	0.12530675383827677	6816295.5	145066.85	27.61	27.66666149381886
