-1.3100930682790357	-0.9999986844649399	0.03802081902056178	0.2697949458649044	9127977.4	164089.65	29.39	29.632162054034566
-1.8958582888942248	-0.9999987252729928	0.013873874510145214	0.15018937383973405	8559944.8	54807.075	28.34	28.654279102644335
-2.0891689718604374	-0.9999989128080983	0.012342009181369667	0.12378996602930287	9983317.6	51728.425	27.54	27.99645167882279
-2.0891689718604374	-0.9999987581668142	0.07045144349077115	0.12378996602930287	9983317.6	242222.25	28.51	29.67516803154196
-2.1925809333352957	-0.9999990857433791	0.012219406182120448	0.11162827138043721	12289193.5	75770.425	30.17	30.406276538859323
-2.1925809333352957	-0.9999989568204801	0.06068503860083059	0.11162827138043721	12289193.5	369472.75	30.439999999999998	30.51181304955998
-2.143175960487823	-0.9999989712332419	0.021288937525426876	0.11728176863748432	11222242.7	103265.7	30.61	30.69640042700452
-2.2808190587207835	-0.9999992006746458	0.023688156580106284	0.10220046424371117	14991426.2	160014.675	30.6	31.48141654015736
-0.794275835810448	-0.9999988293169492	0.03464062509267228	0.45190837231789394	10169031.666666666	147961.33333333334	29.330000000000002	29.580377497848687
-2.3210163626093885	-0.9999992174227436	0.02594159773289921	0.0981737547472317	15455127.3	178943.525	31.75	31.99631009391997
-1.09594747651566	-0.9999987752984459	0.03334967242741432	0.3342227886401201	9746330.0	152716.5625	29.68	30.096199911067288
-1.9678036954783622	-0.9999986946420862	0.009460159521573948	0.1397634825380618	8016953.5	35065.225	28.18	28.425603481824346
