-2.2928285333065284	-0.9999987060667802	0.009103699627692865	0.10098043100828372	8525272.6	61766.55	34.86	34.863281426331696
-1.6444399324890702	-0.9999990181336326	0.02324410920105606	0.19312069313670335	12097860.0	144130.57142857142	37.65	38.121145241624795
-1.7579500511812243	-0.9999989769242165	0.027781081400027576	0.17239790872677963	11770882.125	169820.71875	37.39	37.762883274156906
-1.7579500511812243	-0.9999990500157381	-0.022939979654120042	0.17239790872677963	11770882.125	-71835.84375	37.925	37.93629627031049
-1.7579500511812243	-0.999999000695202	0.08271492475036836	0.17239790872677963	11770882.125	128372.46428571429	37.730000000000004	37.794608613903605
-0.80882051644549	-0.9999989054422095	0.04986600509974571	0.44538307855698356	11641994.666666666	342091.3333333333	39.03	39.289991813302365
-1.1175390054929264	-0.9999987741844336	0.052032622114004626	0.3270837562722114	10216747.0	274812.375	39.0	39.56442224568581
-0.30029725866809265	-0.9999990428874842	0.05622898770279323	0.7405980387712513	13505551.5	410992.375	38.77	38.928465610771426
-2.2472326137759824	-0.9999988801102255	0.004763654888563719	0.10569130889260671	9371739.6	36144.775	34.79	34.830182085419075
-2.2472326137759824	-0.9999990473146614	0.003306227636386178	0.10569130889260671	9371739.6	7541.575	34.845	35.07965559717753
-2.478549225357389	-0.9999983792655457	0.0031239653156171924	0.08386480631216364	5605347.6	8819.025	34.980000000000004	35.048150798141435
-2.478549225357389	-0.9999981250882255	0.028383330426278042	0.08386480631216364	5605347.6	36662.325	35.345	35.738992259978424
-1.8556039725237146	-0.9999989272588334	0.0276633168947133	0.1563584779262527	11180471.222222222	161740.02777777778	37.88	38.11805099506569
-2.335058036084588	-0.9999986766364377	0.006819367448669859	0.09680486418814206	7761613.1	28894.35	35.15	35.53736737256979
-2.335058036084588	-0.9999985701426883	0.023555462751151522	0.09680486418814206	7761613.1	66037.9	35.67	35.77808230093959
