-2.06055425699974	-0.9999986055006262	0.032469294128929134	0.1273833472132276	8192145.9	91485.1	34.4	34.86961549713082
-2.06055425699974	-0.9999987273412237	0.017105807197217018	0.1273833472132276	8192145.9	33717.65	35.84	35.84571022943993
-0.8052122265254726	-0.9999984093267543	0.0054865518683203255	0.44699305270985185	6212161.333333333	19564.416666666668	34.77	34.899016406261765
-2.225991508455697	-0.9999989082577687	0.03227760174287378	0.1079603219778617	10528576.5	98172.5	33.01	33.63748168639733
-2.225991508455697	-0.9999989776340263	0.021342426591461586	0.1079603219778617	10528576.5	47289.2	34.24	34.823674347941584
-1.4953197434578507	-0.9999982434594797	0.007558986841685353	0.22417691416814556	5719976.0	23093.958333333332	33.13	33.37520143577357
-1.4953197434578507	-0.9999983700344283	0.007263334883167718	0.22417691416814556	5719976.0	11195.583333333334	33.765	33.93396049291662
-1.630370071001084	-0.9999981172595376	0.009679355915349281	0.19585707968814234	5438251.571428572	27967.0	33.81	33.82238689816044
-2.392484387567126	-0.999999148007318	0.03193678123345541	0.09140232277359257	13967365.3	147279.325	36.39	36.48621369384236
-2.392484387567126	-0.9999991273896865	0.07050855729292076	0.09140232277359257	13967365.3	196430.1	37.025000000000006	37.03942198413257
-2.176255763136691	-0.9999988098860042	0.024516460682288237	0.11346557827855341	9844832.6	122573.35	34.35	34.40073378554754
-1.3288620285119515	-0.9999983040995178	0.006723741514908894	0.2647784001936605	5897033.6	22042.7	33.01	33.55186596228435
-1.8373384499128567	-0.9999983850705346	0.015126505135785834	0.15924068965992744	6601914.111111111	42684.97222222222	32.55	32.64065980829956
-1.8373384499128567	-0.9999987078616459	-0.0031492940571201007	0.15924068965992744	6601914.111111111	-5066.416666666667	32.47	32.63902507822563
-1.8373384499128567	nan	nan	0.15924068965992744	6601914.111111111	nan	33.42	33.48862460329511
-2.3546804110431037	-0.9999991107483654	0.036874316955663594	0.09492383829798293	13369520.4	145635.325	33.32	34.22353804226002
-2.3546804110431037	-0.9999990913259225	0.07552099613368843	0.09492383829798293	13369520.4	188816.575	35.59	36.04689845002442
-1.994466899860079	-0.9999985802190727	0.014284908084499668	0.13608618239560338	7484990.2	41234.15	32.08	33.07604110227519
-1.994466899860079	-0.9999986967779009	0.009120164802718034	0.13608618239560338	7484990.2	17232.4	33.17	33.87024206100132
-1.7426827300544614	-0.9999982799030795	0.01072744341885265	0.1750501578123727	5990055.625	29835.15625	33.0	33.07284395089955
