0.0	-0.9999994134874421	0.09274320811898519	1.0	23702118.0	1089891.75	25.98	26.612566998093477
0.0	-0.9999994379998808	0.09177897148036099	1.0	23702118.0	609620.25	26.87	26.98124372634937
-1.7016421940897237	-0.9999990186418144	0.08829465689062872	0.1823837684450541	13569009.875	606862.34375	27.09	27.710913061875463
-1.7016421940897237	-0.9999990793335858	0.06707601203674943	0.1823837684450541	13569009.875	266339.71875	28.045	28.21267700423988
-2.0169549079165403	-0.9999987673378028	0.062430124359655836	0.13306002884100496	10257605.0	309947.65	28.16	28.30331580962204
-1.9517020430922125	-0.9999988045858703	0.05763726849387112	0.14203212094938394	10955622.2	487235.825	27.87	28.32153056418656
-1.9517020430922125	-0.9999989042836837	0.051462815174965884	0.14203212094938394	10955622.2	163447.625	28.125	28.198828175186218
-0.28869936817538977	-0.9999993098572818	0.08056807829952171	0.7492374161596991	19734996.0	822383.875	26.88	27.128322046913063
-2.178351681447347	-0.9999988954231052	0.06056748220749116	0.11322801274135615	11567884.1	354199.175	29.19	29.69823593244021
-2.178351681447347	-0.999998964586459	0.05133564564641771	0.11322801274135615	11567884.1	159139.675	29.42	29.46540873410821
-2.128648841509339	-0.999998811449918	0.0606639991997447	0.11899797039629907	10662184.7	318869.55	28.22	29.26716670145699
-1.298144641584569	-0.9999990706778069	0.07705217158251827	0.2730379065554962	14278781.4	579306.35	26.44	26.62880671439982
-2.4409270322748404	-0.9999988777089819	0.042198638400187345	0.08708008798053431	10983642.6	225672.25	28.2	28.310854276283845
-1.5920283028877926	-0.9999989621587246	0.08003230370277077	0.20351240801984205	12694194.714285715	526790.0357142857	26.45	26.936692678921197
-0.7858454387085215	-0.9999992339907265	0.09158129424639305	0.45573424349766833	17826404.0	851870.3333333334	26.67	27.02946036637992
-0.7858454387085215	-0.999999296670814	0.05611603620815541	0.45573424349766833	17826404.0	278682.0	27.07	27.094894863266592
-2.266720774986226	-0.9999989278769518	0.052830822676335404	0.10365152005022463	11800384.6	312219.3	29.47	29.809643891090992
-2.266720774986226	-0.9999990072469805	0.03723877986424976	0.10365152005022463	11800384.6	122376.7	29.605	29.61166206043
-2.266720774986226	-0.9999990274295056	0.0594566577047729	0.10365152005022463	11800384.6	96441.85	29.505000000000003	29.626424670892575
-2.3779801011791806	-0.9999989357842349	0.034475267883044135	0.09273770924268068	11460681.0	198120.825	28.78	28.948303286838506
-2.0753724653268453	-0.9999987497131297	0.05205783730048396	0.12550967078556016	9919695.1	243399.75	27.8	28.20852036164956
