-1.464684355585064	-0.9999983190869252	0.0128497135638217	0.2311509414672775	6240142.833333333	35922.166666666664	26.51	26.762024713916272
-1.464684355585064	-0.9999983267825697	0.02257283286981231	0.2311509414672775	6240142.833333333	34237.833333333336	26.795	26.836978462182383
-1.464684355585064	-0.9999981657569512	0.07789218832769	0.2311509414672775	6240142.833333333	93519.75	26.855	26.932712058051564
-2.4046283624752185	-0.999998019718447	0.040725834612773334	0.09029904788940274	6288688.8	256112.1	27.59	27.612045639110402
-0.7881466061946031	-0.9999980875860208	0.025991254473078828	0.4546867283903391	5860932.333333333	73755.83333333333	27.5	27.69839867247122
-0.7881466061946031	-0.9999981458322748	0.03829299446181535	0.4546867283903391	5860932.333333333	52424.666666666664	27.590000000000003	27.605288299380167
-0.7881466061946031	-0.999998056067383	0.09763002040183022	0.4546867283903391	5860932.333333333	88720.5	27.6	27.687936350113986
-2.0156051097426584	-0.9999980885079225	0.025070453505354657	0.13323975429420784	5775432.9	62297.6	27.36	27.363580373976998
-2.0156051097426584	-0.9999980120566753	0.05782998203547956	0.13323975429420784	5775432.9	96879.475	27.495	27.697243366205893
-2.0156051097426584	-0.9999980337307975	0.07381363989226801	0.13323975429420784	5775432.9	85480.55	27.865000000000002	27.871344458888682
-1.7982300141291823	-0.9999982349137976	0.011271050790741125	0.16559172399934424	5840835.111111111	30017.75	25.900000000000002	26.159113931180315
-1.9510143850597113	-0.9999980830423327	0.02063684300114431	0.1421298240675449	5676133.3	53150.8	26.88	27.074491989886166
-1.9510143850597113	-0.9999980281759461	0.04824914242251884	0.1421298240675449	5676133.3	72571.125	27.16	27.3072320947212
-1.9510143850597113	-0.9999980029167311	0.0746418024036088	0.1421298240675449	5676133.3	83759.0	27.270000000000003	27.380125160226672
-2.1759366780965146	-0.9999978215758067	0.036295703200500566	0.11350178922403532	5157853.3	75809.525	26.94	26.99447540435982
-2.2622669005427634	-0.9999981010182991	0.044271253637252636	0.10411420050187298	6118209.8	111119.275	27.66	27.927812140979185
-1.8791629611697922	-0.9999981211270149	0.02005058165512982	0.1527178830703339	5794880.2	53520.775	26.41	26.6996689002875
-1.8791629611697922	-0.9999980860071004	0.04415155208470954	0.1527178830703339	5794880.2	65600.875	26.82	26.88262275832346
-2.3379222279326317	-0.9999980615409543	0.04417057130549089	0.09652799318040316	5988101.3	109938.9	27.810000000000002	28.039572939966128
-2.3379222279326317	-0.9999979447285126	0.07351772363857384	0.09652799318040316	5988101.3	221276.725	28.310000000000002	28.311246135725778
-2.220570890297867	-0.9999979519106822	0.035674905010187156	0.1085471226338109	5522770.3	81724.95	27.17	27.502248730141787
-2.127553337435972	-0.9999981389081044	0.021598532454465937	0.1191284045901412	5837387.1	52255.2	27.080000000000002	27.19046047408752
