-2.232626853721951	-0.9999971438344221	0.03887015813070203	0.10724633934670742	3859690.5	61322.3	12.02	12.133122935984002
-1.8510360819779819	-0.9999982824900607	0.05061540726002923	0.15707434008456758	6897570.6	139614.3	11.950000000000001	12.006742378810335
-2.1104161357937206	-0.9999973817798874	0.03849492471539801	0.12118752547186346	4228127.2	64225.275	12.370000000000001	12.373183397875087
-0.7161393175061043	-0.9999980382147999	0.12039515772312555	0.4886350840355074	6439644.333333333	306568.25	11.49	12.0845813711433
-0.24989939751976772	-0.9999955417637196	0.07764038068597777	0.7788791363029873	2711277.5	177639.25	11.450000000000001	11.45499745391811
-2.2049332322211215	-0.9999972715966273	0.03882324240419289	0.11025788673293031	4040963.8	61412.15	12.07	12.088043315690765
-2.0363006079302384	-0.9999978455563455	0.017521044564542582	0.13051062891256038	4833652.2	33316.275	12.05	12.29609147885734
-2.0363006079302384	-0.9999977690160935	0.05084249655328424	0.13051062891256038	4833652.2	48232.075	12.38	12.387202512613369
-2.0363006079302384	-0.9999977769372672	0.05365385364450877	0.13051062891256038	4833652.2	46420.225	12.33	12.347820038893204
-2.0363006079302384	-0.9999976719438893	0.066453107573079	0.13051062891256038	4833652.2	77110.95	12.35	12.37641578850516
-1.1928754532115433	-0.9999983487432484	0.08664691291840484	0.3033477465371868	7532905.4	252396.6	12.34	12.425009164030522
-1.1928754532115433	-0.9999984425216782	0.05864764053321247	0.3033477465371868	7532905.4	124533.35	12.36	12.380731269495007
-1.1928754532115433	-0.9999984796974842	0.07071281653035429	0.3033477465371868	7532905.4	94116.1	12.355	12.462177516377762
-1.1928754532115433	-0.999998364122219	0.11384757959513683	0.3033477465371868	7532905.4	224786.9	12.415	12.55776244236864
-1.9957700677605787	-0.9999978707534287	0.0222228322242903	0.13590895475477166	5031949.7	44991.975	12.0	12.181639949378658
-1.3438034898520914	-0.9999983906873683	0.07976326294147536	0.26085163283785023	7725425.833333333	250852.75	12.735	12.799996964089848
-1.951707272807537	-0.9999979842283088	0.029797271197646788	0.14203137816376682	5493038.2	64388.825	11.88	11.960946774724112
-1.652012754458527	-0.9999982590596876	0.056411417695779065	0.1916637480644758	6868325.777777778	155957.5	12.34	12.355395496112278
