-1.752256157688928	-0.9999950123215623	0.06685955515269776	0.17338232397555875	2071608.0	30714.25	7.055	7.143292453552513
-1.752256157688928	-0.9999949395567856	0.10960336303849556	0.17338232397555875	2071608.0	35711.45	7.29	7.300778174732056
-1.752256157688928	-0.9999952090211628	0.06847629579364481	0.17338232397555875	2071608.0	20434.525	7.305	7.308996657575819
-1.8906627105531069	-0.9999958312248717	0.08157855196373222	0.15097172512130808	2520564.9	36594.05	7.055	7.0667242740885525
-1.2778958162244636	-0.9999916252185259	0.04285668160131151	0.27862295797924624	1193985.5	22011.541666666668	7.3500000000000005	7.441804747520436
-1.2778958162244636	-0.9999911559829242	0.13949667746933964	0.27862295797924624	1193985.5	38545.791666666664	7.405	7.410032280168026
-1.2778958162244636	-0.9999910560561214	0.10715011178313948	0.27862295797924624	1193985.5	43430.458333333336	7.49	7.541008598009166
-1.3920575999986722	-0.9999912485724526	0.05244804310381185	0.24856333418101625	1155740.0	24694.464285714286	7.5600000000000005	7.573850929937258
-1.802666494132318	-0.9999952605098895	0.06491295212741152	0.16485870683741843	2174619.8	29928.175	7.28	7.320185009553442
-1.802666494132318	-0.9999951566067867	0.10601825920887312	0.16485870683741843	2174619.8	37515.6	7.24	7.241113952947643
-2.029892371260136	-0.9999971365993846	0.03577090170635113	0.1313496573858527	3565980.8	27195.175	6.68	6.73385335650296
-2.029892371260136	-0.9999970395306743	0.08790587071543278	0.1313496573858527	3565980.8	38443.725	6.78	6.7962081678956325
-2.029892371260136	-0.9999968539603066	0.06636232874729747	0.1313496573858527	3565980.8	74511.125	6.845000000000001	6.8536031702869
-1.8483898730942903	-0.9999955879911916	0.06484029937653558	0.1574905420344795	2350912.5	31959.2	7.2	7.242887443009356
-1.6981169043629223	-0.9999947078146072	0.05144149439307661	0.18302785870563326	1909065.6	24418.3	6.83	6.830340749742919
-1.6981169043629223	-0.9999945612259096	0.10488613462280864	0.18302785870563326	1909065.6	32303.975	6.805	6.808950865734237
-1.6981169043629223	-0.99999483758349	0.06888003648574613	0.18302785870563326	1909065.6	19059.85	6.745	6.791481462447247
-1.6981169043629223	-0.9999945226459814	0.09278255064429695	0.18302785870563326	1909065.6	34773.1	6.915	6.987118017368132
