-0.9597893794634622	-0.9999968561895398	0.0706515643571736	0.38297353957354646	3437081.75	49291.8125	8.26	8.263854095358418
-0.9597893794634622	-0.9999968572179991	0.055027559782882686	0.38297353957354646	3437081.75	49117.875	8.22	8.337709994382042
-0.9597893794634622	-0.9999966604786611	0.0822590713973794	0.38297353957354646	3437081.75	96586.8125	8.350000000000001	8.427094318474342
-1.4044786569051804	-0.9999969146556384	0.09350442847394043	0.24549501022451384	3633172.1428571427	73833.92857142857	8.08	8.110362799751252
-1.8218459354982215	-0.9999967443308568	0.09785391244565815	0.16172693772840752	3533739.8	99178.6	8.39	8.427426848368551
-1.8218459354982215	-0.9999965991920579	0.06540993576042499	0.16172693772840752	3533739.8	165638.725	8.375	8.391466172900003
-1.7706814001794398	-0.9999968618734261	0.1019918996111831	0.17021696343061105	3644435.1	92659.6	8.18	8.291086527244893
-1.7706814001794398	-0.9999968791614454	0.0620152343636675	0.17021696343061105	3644435.1	87001.625	8.33	8.331069993175097
-1.9895158566198352	-0.999996526512179	0.08891389953152673	0.1367616216537871	3315060.9	100189.0	8.5	8.551270777927574
-1.1482090113378176	-0.9999966915805987	0.0738663726814798	0.3172043703747935	3286110.2	52670.55	8.24	8.301581233216279
-2.087719433240122	-0.999996284592662	0.08682487457231264	0.12396953448013028	3211900.6	152285.525	8.58	8.624774714686097
-1.4990216906011848	-0.9999967940995312	0.09887865040694507	0.22334855729383343	3504120.375	75648.125	8.06	8.107115686175325
-1.4990216906011848	-0.9999969294681307	0.05941924714183383	0.22334855729383343	3504120.375	47074.75	8.14	8.162159956740032
-1.4990216906011848	-0.9999966534272863	0.06311425523153712	0.22334855729383343	3504120.375	123844.9375	8.17	8.218790083663167
-1.8687340890783906	-0.9999968102791851	0.09566672043543958	0.15431889218796033	3631091.5	107168.625	8.48	8.531174222105978
-1.8687340890783906	-0.9999970415882745	0.06299787150930863	0.15431889218796033	3631091.5	46269.675	8.52	8.520451836305975
-1.8687340890783906	-0.9999967915615741	0.0640346087983219	0.15431889218796033	3631091.5	114705.675	8.53	8.544519696189493
-0.23477699911046243	-0.9999954349696809	0.05768445636321435	0.7907471672902122	2310886.0	38148.375	8.47	8.487040653596804
-0.23477699911046243	-0.9999951027505937	0.15952449334240223	0.7907471672902122	2310886.0	82205.125	8.46	8.542343943785651
-1.2906620159636644	-0.9999968298477504	0.08796644923160477	0.2750886097445012	3509139.0	67811.70833333333	8.08	8.11551361753913
-2.1168585073469486	-0.9999963784337075	0.08937568410370755	0.12040929990591233	3177528.6	99470.9	8.5	8.531046112043475
-2.1168585073469486	-0.9999966087402551	0.0774906098218842	0.12040929990591233	3177528.6	47848.925	8.495000000000001	8.497013408806199
-1.6517298423840068	-0.9999967323956701	0.09422336704967942	0.19171797972408497	3414483.2	70064.1	8.040000000000001	8.075491137207845
-1.6517298423840068	-0.999996911538286	0.04677567643409937	0.19171797972408497	3414483.2	38005.05	8.1	8.102823317267182
-1.6517298423840068	-0.9999967206989835	0.07398959991492905	0.19171797972408497	3414483.2	72919.0	8.135000000000002	8.144499627603313
-1.6517298423840068	-0.9999968272581312	0.056643347654835405	0.19171797972408497	3414483.2	50678.35	8.15	8.162664469069997
-2.0569367893721386	-0.999996354449187	0.0882732775644483	0.12784498682782713	3154188.8	98592.0	8.56	8.568941863772618
-2.0569367893721386	-0.9999961828742105	0.08239305004152607	0.12784498682782713	3154188.8	169385.0	8.56	8.561947572180266
