-2.032515450214047	-0.9999951396771551	0.06483360687294096	0.13100556834761098	2229512.7	50824.4	11.85	11.915085142291803
-2.032515450214047	-0.9999948033910385	0.09425110362012283	0.13100556834761098	2229512.7	107569.925	11.925	11.943273060564161
-2.032515450214047	-0.9999952385490847	0.10044858660848124	0.13100556834761098	2229512.7	40769.55	11.895	11.925670195049126
-2.2504850720541723	-0.9999954087303669	0.04089973273464485	0.10534811074144312	2229412.2	27883.675	11.24	11.275444452059489
-2.2504850720541723	-0.9999954177197454	0.06311567481284965	0.10534811074144312	2229412.2	27330.4	11.25	11.277315760455775
-2.2504850720541723	-0.999995425727809	0.047904544483686674	0.10534811074144312	2229412.2	26846.775	11.295000000000002	11.333384278405605
-2.2504850720541723	-0.9999950864334913	0.09774324316011573	0.10534811074144312	2229412.2	57202.2	11.365	11.371548478062536
-1.4633180319533339	-0.9999966639748822	0.03758510367615933	0.23146698432034343	3158256.714285714	37646.57142857143	11.78	11.79696070467997
-1.4633180319533339	-0.9999965031507587	0.08906158549804018	0.23146698432034343	3158256.714285714	62563.142857142855	11.805	11.830114653157148
-1.9471074983049437	-0.999995712553205	0.04597707307046094	0.14268619532671037	2474750.7	40551.875	11.84	11.870587422544249
-1.9471074983049437	-0.9999955032415441	0.08202488024925073	0.14268619532671037	2474750.7	68073.375	11.89	11.894561087501055
-1.9471074983049437	-0.9999956824346055	0.08785275050939083	0.14268619532671037	2474750.7	43690.025	11.92	11.961544087521958
-0.7199239955116018	-0.9999969005968943	0.0595703125	0.48678925272210477	3486036.0	49247.333333333336	11.65	11.814009890043621
-1.562396510578992	-0.9999966049675809	0.049850057739936955	0.20963308083470475	3189570.875	50446.90625	11.9	12.039462444724185
-1.562396510578992	-0.999996503464369	0.09472558930248504	0.20963308083470475	3189570.875	69733.34375	12.085	12.148621078828272
-1.562396510578992	-0.9999965677649117	0.0910282656880528	0.20963308083470475	3189570.875	56802.71875	12.16	12.189993120134305
-1.562396510578992	-0.9999963651018544	0.12990720547481108	0.20963308083470475	3189570.875	108418.71875	12.15	12.18361705523692
-2.197814691599561	-0.9999954180170283	0.0528961615120422	0.11104556220220399	2310350.3	39575.3	11.200000000000001	11.24342135365168
-1.7880241766213036	-0.9999963050816557	0.04484376171896296	0.1672903795843923	2897746.3	44663.575	11.88	11.894534432055117
-1.7880241766213036	-0.9999959061799287	0.09137059375907339	0.1672903795843923	2897746.3	141895.325	11.895	11.903208371071633
-1.7880241766213036	-0.9999959361193966	0.10548504502444694	0.1672903795843923	2897746.3	130103.725	11.92	11.92853687423049
-0.9980024258566095	-0.9999968608563345	0.07106910010632685	0.36861504209509793	3575164.75	74827.625	11.75	12.076344398277937
-1.8992059196718452	-0.9999959754800889	0.04922088353334321	0.1496874358896145	2687639.4	49833.275	11.78	12.046220044929722
-1.7224627321777202	-0.9999965582101406	0.04593291079604254	0.17862569852414287	3117070.3	45628.1	12.07	12.132675007814779
-2.138295593844456	-0.9999952302292833	0.05703634829844299	0.11785554565126694	2243159.4	44326.3	10.950000000000001	10.983117587441377
-2.138295593844456	-0.9999954681137875	0.05880068092159652	0.11785554565126694	2243159.4	25996.175	11.11	11.11840663127601
-2.138295593844456	-0.9999950839916938	0.059498205407437436	0.11785554565126694	2243159.4	61535.775	11.1	11.10561171849053
-2.1686371780551132	-0.9999952175122562	0.05310265283178314	0.11433332675107127	2221886.0	41196.9	11.25	11.310662824477665
-2.1686371780551132	-0.9999952886545922	0.07577092862140633	0.11433332675107127	2221886.0	35173.35	11.305	11.319763619145453
-0.2511858962414613	-0.9999961194883832	0.09838993250378777	0.7778777535666987	3088151.5	160107.625	11.67	11.685224303268855
-2.2246364571591837	-0.9999954828927996	0.047959262693713194	0.10810671291334349	2325110.9	36415.425	11.0	11.029458654396375
-2.2246364571591837	-0.9999956467883034	0.055466014613884375	0.10810671291334349	2325110.9	24876.025	10.99	11.068658961337887
-2.2246364571591837	-0.9999958085714891	0.03154720130025237	0.10810671291334349	2325110.9	17076.825	11.105	11.108156723775982
-2.2246364571591837	-0.9999953270412326	0.08588866716177697	0.10810671291334349	2325110.9	52319.7	11.13	11.214629361085045
