-1.6830911929703025	-0.9999955669020818	0.08110914325193493	0.1857987476438642	2461627.777777778	54864.333333333336	14.15	14.152992580379225
-1.6830911929703025	-0.9999956978157313	0.08102885777498328	0.1857987476438642	2461627.777777778	39749.444444444445	14.16	14.166638378123526
-1.3719932831012163	-0.9999959035867099	0.08861874612640792	0.2536009569152121	2850128.0	117629.33333333333	14.3	14.318257931965448
-1.3719932831012163	-0.9999961062821222	0.10223194465954262	0.2536009569152121	2850128.0	66011.16666666667	14.42	14.430185117185006
-1.3719932831012163	-0.9999959646634743	0.11080709999555287	0.2536009569152121	2850128.0	98835.83333333333	14.39	14.41946144535422
-2.029547321430999	-0.9999938255758405	0.05794154968875846	0.13139498738279498	1788109.0	62350.525	13.77	13.772808635394455
-2.029547321430999	-0.9999944008577762	0.05889072256689556	0.13139498738279498	1788109.0	22288.625	13.790000000000001	13.806640641458191
-2.029547321430999	-0.9999942996209593	0.047869976392807344	0.13139498738279498	1788109.0	26711.825	13.81	13.821504947864781
-2.144855088783152	-0.9999932675490842	0.05828031699748552	0.11708500274505892	1596825.9	46654.775	13.85	13.883946328163676
-2.0706911559706884	-0.9999939209276011	0.05769105790404559	0.12609859778091284	1667206.4	25210.825	13.870000000000001	13.917952836703103
-2.1783220882548644	-0.9999936468779019	0.06018351942290287	0.11323136356931225	1595683.8	25274.075	13.85	13.896718455512747
-0.7376858880590885	-0.9999962706674708	0.10565451150929309	0.47821928901583505	3224002.6666666665	166603.5	14.26	14.284238392883928
-1.758245985489074	-0.9999954439432184	0.08246744430015508	0.17234689781929693	2391441.8	53934.525	13.91	13.979879163764606
-1.758245985489074	-0.9999955790663879	0.0822483173333676	0.17234689781929693	2391441.8	39041.475	13.965	13.984120554997904
-1.758245985489074	-0.9999954865875679	0.09682766681132916	0.17234689781929693	2391441.8	48705.275	14.004999999999999	14.012516973046125
-0.2614311054745272	-0.9999963714572883	0.09340603751291282	0.7699489188625221	3122597.5	83321.875	14.290000000000001	14.290570654017728
