-1.7676178013845003	-0.9999958781606183	0.05124128972201721	0.170739239528376	2599345.3	44983.975	10.82	10.825858708012202
-2.1178240187284727	-0.9999970294916654	0.060334230215685784	0.12029309946186441	3814667.4	83407.15	10.73	10.789427445465115
-2.1776285871444037	-0.9999970110503503	0.05455582658795971	0.1133099168809427	3764068.5	76925.925	10.69	10.730121646265646
-1.3283241795896896	-0.9999968807447442	0.003977905183548131	0.26492084927545145	2632154.6666666665	3677.875	10.64	10.654878098012693
-1.3283241795896896	-0.9999959554876804	0.08799769327384066	0.26492084927545145	2632154.6666666665	42014.0	10.65	10.708924773431173
-1.825412526853933	-0.9999958652202089	0.06180709125392997	0.1611511512382401	2618050.5	50263.9	10.83	10.849292089316842
-1.825412526853933	-0.9999956219626329	0.07300317920431776	0.1611511512382401	2618050.5	95026.625	10.82	10.873101484509998
-1.825412526853933	-0.9999960448443523	0.06598615915501006	0.1611511512382401	2618050.5	31406.35	10.8	10.808197194459497
-1.825412526853933	-0.9999956310498431	0.11003729473812156	0.1611511512382401	2618050.5	92792.525	10.855	10.979296184809806
-1.9704983913911045	-0.9999966939281109	0.08092493692750681	0.1393873694357275	3824052.1	309461.175	10.950000000000001	10.989392373331686
-1.7028289409805326	-0.9999961037383922	0.0386562476108697	0.18216745345587587	2695886.7	36455.675	10.84	10.862085949679361
-2.2312148986601454	-0.9999962932887801	0.041758428309310605	0.1073978733128084	2854153.7	39320.375	10.65	10.69092405487127
-2.2312148986601454	-0.9999965151892883	0.03521347635951356	0.1073978733128084	2854153.7	20871.45	10.715	10.72628874918708
-2.2312148986601454	-0.9999965979328168	0.03184896252538055	0.1073978733128084	2854153.7	16480.975	10.72	10.7487917875954
-2.011635639028707	-0.9999969633340011	0.07505644491368324	0.1337696966963906	3819609.9	108974.625	11.200000000000001	11.21097011103273
-2.2051517786656656	-0.9999968841639846	0.053303356179774886	0.11023379289670894	3602970.7	75075.725	10.69	10.696533006001092
-1.629291110752605	-0.9999961323884529	0.035482440074663585	0.19606851573654274	2703977.6666666665	34818.583333333336	10.8	10.853922033660341
-1.629291110752605	-0.9999961157612955	0.07039146552497992	0.19606851573654274	2703977.6666666665	36419.77777777778	10.835	10.860117042964694
-1.629291110752605	-0.9999962001692988	0.05891794544390652	0.19606851573654274	2703977.6666666665	28987.583333333332	10.875	10.878714344102763
