-1.602977482377304	-0.9999964367878754	0.07953025916440283	0.20129626872954592	3104973.0	63809.78125	15.25	15.251085271547774
-2.0424373805547726	-0.9999966524760806	0.04975121588186228	0.1297121673521973	3259474.4	54783.825	14.9	14.938871916947697
-2.083909780407091	-0.9999968600671438	0.05612876911396551	0.12444271612497741	3567636.0	73285.925	14.85	15.041671632086157
-2.083909780407091	-0.9999969266517379	0.07319108453934875	0.12444271612497741	3567636.0	57789.975	15.115	15.1249159212318
-0.26230036657102374	-0.9999959549640197	0.08972631656494563	0.7692799230292164	2904628.0	126667.0	14.81	14.819301135271536
-1.500088947679726	-0.99999653595415	0.07974167457433917	0.22311031412104984	3201136.0	65438.53571428572	14.93	15.04176090361714
-1.500088947679726	-0.9999965113177216	0.08046495658229882	0.22311031412104984	3201136.0	70808.35714285714	15.18	15.27011534561348
-1.500088947679726	-0.9999962748763216	0.09839567687999871	0.22311031412104984	3201136.0	150937.4642857143	15.254999999999999	15.25934616219404
-1.0241196689051695	-0.9999955288444184	0.07780194462943091	0.3591124641625216	2706871.25	180382.875	14.88	14.934068452691623
-1.0241196689051695	-0.9999959115102928	0.07992201056087483	0.3591124641625216	2706871.25	64023.125	14.86	14.977917859948144
-1.0241196689051695	-0.9999958214578472	0.11968314009063814	0.3591124641625216	2706871.25	81696.25	15.030000000000001	15.073244943897649
-1.8337334927498368	-0.9999963113778749	0.06961147673030253	0.15981578149266137	2952918.2	53754.4	14.81	14.88640204987243
