-1.6013736984044675	-0.9999945399633924	0.06484792152117373	0.20161936347696166	2059488.875	76486.65625	14.92	14.944444121629983
-1.376235123230874	-0.9999941489795326	0.07330874241549022	0.25252750052402484	2036140.1666666667	149266.875	14.84	14.84341447111375
-1.832143833804583	-0.9999946058267533	0.04559511575211495	0.16007003611482906	1908126.8	29517.325	14.96	14.974643603889835
-1.765045186765863	-0.9999947606607994	0.04748073400276619	0.1711790512824669	1981408.9	32249.0	14.94	14.970049018718546
-1.765045186765863	-0.9999946635189034	0.08621510568581434	0.1711790512824669	1981408.9	39094.05	14.965	14.972403559146068
-2.0411737125293405	-0.9999949808944429	0.0666348544838769	0.12987618408011117	2123997.1	42639.75	14.92	14.940472249015658
-2.1576120432889008	-0.9999960979402622	0.07914612169557203	0.1156008415080562	2882495.6	76700.0	15.0	15.313539047817997
-2.1576120432889008	-0.999996289646744	0.07412387616414155	0.1156008415080562	2882495.6	44137.025	15.38	15.39697689596734
-2.1576120432889008	-0.9999962182425605	0.09106535384830351	0.1156008415080562	2882495.6	54224.1	15.43	15.443900424315538
-1.9957150899777507	-0.9999948739721388	0.0638308067536719	0.13591642693317046	2063436.2	39230.35	14.91	14.91305514455633
-1.9957150899777507	-0.9999944261375708	0.08641676355798743	0.13591642693317046	2063436.2	98844.125	14.92	14.921032443128283
-1.9957150899777507	-0.9999948672671534	0.0941030321612358	0.13591642693317046	2063436.2	39776.9	14.915	14.91734061004094
-1.9957150899777507	-0.9999948150840128	0.07383218738468707	0.13591642693317046	2063436.2	44299.15	14.92	14.947849388186176
-2.283058493323515	-0.9999968477968316	0.054180526733462124	0.10197184906758004	3515202.9	64901.0	14.73	14.777278970776429
-2.283058493323515	nan	nan	0.10197184906758004	3515202.9	nan	14.790000000000001	14.80158449942206
-1.4991207107210893	-0.9999948417466756	0.055278430965143434	0.2233264423878381	2052005.5714285714	39527.0	14.9	14.977282201254734
-0.7397613043993295	-0.9999942295547032	0.08234056356284708	0.47722781410669285	2089160.6666666667	172022.66666666666	14.620000000000001	14.623131342141631
-1.9463932133974904	-0.9999948206844955	0.05753218146597513	0.14278815033065967	2026102.7	36090.95	14.85	14.954946189543529
