-1.6902696255559357	-0.9999959132562652	0.06999023875823981	0.18446977952024354	2716245.4	66209.8	7.4	7.429942863041483
-1.6902696255559357	-0.9999958329332347	0.12816199282407786	0.18446977952024354	2716245.4	82352.475	7.5	7.530316506674282
-1.6902696255559357	-0.9999961378575308	0.05501606491547261	0.18446977952024354	2716245.4	35972.1	7.5	7.531120919215866
-1.5569005163534229	-0.9999959329073179	0.06823387382096446	0.21078839492814164	2728343.5555555555	65934.09375	7.18	7.1982020666096265
-1.5569005163534229	-0.9999960636899369	0.1424055515695759	0.21078839492814164	2728343.5555555555	46146.875	7.285	7.290665844636251
-0.2230886608841419	-0.9999954276561213	0.11887537176751298	0.8000439135492601	2491066.0	88432.875	6.92	6.971480904261559
-0.2230886608841419	-0.9999954877697502	0.1745688172684041	0.8000439135492601	2491066.0	76134.0	7.0	7.006769920167062
-0.2230886608841419	-0.9999958047633608	0.05677228506620107	0.8000439135492601	2491066.0	34564.5	7.005	7.007070588235295
-2.0600085448831327	-0.9999927801859984	0.07312108422344643	0.12745288082019618	1516874.7	57041.575	7.28	7.310979312292593
-1.7464132694381764	-0.9999957128367951	0.06594870865273415	0.1743983428711208	2570191.1	61011.175	7.42	7.425632589314765
-1.7464132694381764	-0.9999956218222468	0.1281300412491145	0.1743983428711208	2570191.1	77090.9	7.45	7.452630621721121
-1.7464132694381764	-0.9999953928207334	0.09257281263138163	0.1743983428711208	2570191.1	138874.225	7.46	7.48521440757947
-1.9980979226023985	-0.9999939498629089	0.07290454924831628	0.1355929463899018	1810303.5	57100.425	7.36	7.370405183321674
-2.0883930658655734	-0.9999921628550396	0.08412586868792402	0.12388605267833197	1424483.2	70535.2	7.2700000000000005	7.273206485025896
-2.0300621317975702	-0.9999935728614556	0.07467611282180886	0.1313273612899753	1707583.4	58387.55	7.25	7.281103421184201
-2.0300621317975702	-0.9999939154950439	0.13903641476220074	0.1313273612899753	1707583.4	32525.15	7.24	7.276392941176471
-2.0300621317975702	-0.9999938794766913	0.0743221958927787	0.1313273612899753	1707583.4	34588.45	7.26	7.2693803232866605
-2.0300621317975702	-0.9999939663362559	0.07610803442519314	0.1313273612899753	1707583.4	29820.475	7.21	7.2342890741928585
-1.8869805368134158	-0.9999941360868361	0.07560577427032257	0.15152865396811754	1866960.5	56821.875	7.51	7.562736945990517
-0.6691809552857595	-0.9999965451438365	0.09446637344589788	0.5121278616750973	3508019.0	183449.66666666666	7.13	7.133084155875983
-0.6691809552857595	-0.9999964086323632	0.1087081889463174	0.5121278616750973	3508019.0	296138.5	7.13	7.349754836090351
-1.3816730773854347	-0.9999963621557735	0.06063290475348442	0.2511579945835116	3062684.4285714286	68978.79166666667	7.2700000000000005	7.282784884509335
-1.627225073042814	-0.9999959529507784	0.07407953665268671	0.19647401943247936	2763479.1	71964.05555555556	7.26	7.285210488009853
-1.627225073042814	-0.999996081078225	0.14965495897699288	0.19647401943247936	2763479.1	50505.555555555555	7.395	7.406102494942684
-1.627225073042814	-0.9999963150861173	0.043239218973292845	0.19647401943247936	2763479.1	26453.525	7.42	7.444880609511052
