-1.9230490527367625	-0.9999929873807314	0.10588241649021217	0.14616063056126924	1607057.7	78407.2	6.95	6.954244916154144
-1.2705086168857092	-0.9999944085529406	0.09397687289567988	0.28068882239167026	1974922.5	62483.55	7.19	7.197437979251241
-1.3838807359074878	-0.9999942265344998	0.09985277204910074	0.2506041350876535	1914615.2857142857	63193.041666666664	7.1000000000000005	7.107152161129701
-1.4777861813767226	-0.9999937809585391	0.10628704099637457	0.22814219517493284	1773168.125	61536.75	7.04	7.084816040688576
-1.4777861813767226	-0.9999942379992185	0.038318489825433066	0.22814219517493284	1773168.125	27363.34375	7.09	7.090028840403572
-0.6773274383015376	-0.999994828595421	0.10578094586466857	0.5079727684257823	2193385.0	84361.75	7.3100000000000005	7.366928168751799
-0.6773274383015376	-0.9999949840037439	0.1075016604786957	0.5079727684257823	2193385.0	59993.666666666664	7.385	7.431625319390293
-0.22467315500255983	-0.9999937705311325	0.10454795101662734	0.7987772524473071	1851368.0	102030.75	7.34	7.363813784614179
-2.0243168145826718	-0.9999933406984944	0.1014785483511366	0.13208405026724526	1585364.3	38460.725	7.07	7.093973636246046
-2.0243168145826718	-0.9999932793545919	0.11648487809650165	0.13208405026724526	1585364.3	42389.15	7.115	7.118473421172195
-2.0243168145826718	-0.9999929533905244	0.0840636252300878	0.13208405026724526	1585364.3	71070.6	7.11	7.13795301402938
-1.5581379574565202	-0.9999936894207213	0.10122246220886898	0.2105277180236235	1732798.7777777778	56103.09375	7.1000000000000005	7.105719306528182
-1.62802751646252	-0.9999938149927065	0.09415270446853467	0.19631642338785357	1838917.8	87003.925	7.09	7.129145896398802
-1.7454261390506907	-0.9999939401721739	0.10355947257078187	0.17457058177203633	1803826.3	55874.25	6.99	6.997403546841068
-1.7454261390506907	-0.999994113739992	0.08637189114679791	0.17457058177203633	1803826.3	40854.25	7.0600000000000005	7.083969637246501
-1.958762702410821	-0.9999932672065331	0.10772393472567583	0.14103281257060182	1574093.1	40055.4	6.8500000000000005	6.916603618850959
-1.958762702410821	-0.9999932179547228	0.11745105030399038	0.14103281257060182	1574093.1	43284.4	6.96	7.00653020358465
-1.958762702410821	-0.9999929927000334	0.07373899672792286	0.14103281257060182	1574093.1	61705.375	7.0200000000000005	7.021373918765456
